sensor_count	memory_rss%	net_receive	net_send	container_cpu%	timestamp	host_cpu	host_moving_avg_cpu	memory_active_anon%	name	memory%
2	15.97	19521508.844	19980030.277	2.85	2018-08-19T09:08:11.189197904Z	0	nan	15.97	kafka-001	89.33
7	15.97	25.533	15.595	3.79	2018-08-19T09:08:18.201259057Z	2.85	nan	15.97	kafka-001	89.34
11	15.97	47.094	47.566	4.59	2018-08-19T09:08:25.213542417Z	3.79	nan	15.97	kafka-001	89.34
15	15.97	62.867	45.974	4.9	2018-08-19T09:08:32.224373332Z	4.59	nan	15.97	kafka-001	89.34
19	15.97	80.213	56.444	5.77	2018-08-19T09:08:39.235597168Z	4.9	nan	15.97	kafka-001	89.34
22	15.97	96.816	104.281	7.02	2018-08-19T09:08:46.249041322Z	5.77	3.65	15.97	kafka-001	89.34
25	15.97	110.768	81.83	8.07	2018-08-19T09:08:53.261345858Z	7.02	4.82	15.97	kafka-001	89.34
29	15.97	126.727	142.452	8.48	2018-08-19T09:09:00.279681194Z	8.07	5.69	15.97	kafka-001	89.34
31	15.97	136.571	102.786	7.99	2018-08-19T09:09:07.29109779Z	8.48	6.47	15.97	kafka-001	89.34
34	15.97	147.357	109.937	8.4	2018-08-19T09:09:14.304497574Z	7.99	7.04	15.97	kafka-001	89.34
37	15.97	159.811	181.615	9.93	2018-08-19T09:09:21.318785697Z	8.4	7.62	15.97	kafka-001	89.34
40	15.97	169.638	129.026	10.97	2018-08-19T09:09:28.331765462Z	9.93	8.32	15.97	kafka-001	89.34
42	15.97	181.112	210.164	11.38	2018-08-19T09:09:35.343392864Z	10.97	8.97	15.97	kafka-001	89.34
44	15.97	189.153	146.434	10.8	2018-08-19T09:09:42.35511314Z	11.38	9.52	15.97	kafka-001	89.34
46	15.97	198.355	152.358	12.01	2018-08-19T09:09:49.366178503Z	10.8	9.91	15.97	kafka-001	89.34
48	15.97	209.162	243.863	12.7	2018-08-19T09:09:56.37858135Z	12.01	10.58	15.97	kafka-001	89.35
51	15.97	214.653	167.887	14.08	2018-08-19T09:10:03.390365124Z	12.7	11.3	15.97	kafka-001	89.35
53	15.97	223.276	261.851	14.77	2018-08-19T09:10:10.402369389Z	14.08	11.99	15.97	kafka-001	89.35
55	15.97	230.951	182.209	14.26	2018-08-19T09:10:17.414461218Z	14.77	12.62	15.97	kafka-001	89.35
57	15.97	236.795	186.634	14.05	2018-08-19T09:10:24.425505325Z	14.26	13.1	15.97	kafka-001	89.35
58	15.97	237.638	289.859	14.17	2018-08-19T09:10:31.437744552Z	14.05	13.65	15.97	kafka-001	89.35
60	15.97	247.863	195.156	16.63	2018-08-19T09:10:38.449223403Z	14.17	14.0	15.97	kafka-001	89.36
62	15.97	261.43	313.062	16.0	2018-08-19T09:10:45.462474512Z	16.63	14.66	15.97	kafka-001	89.36
64	15.97	264.603	211.024	15.77	2018-08-19T09:10:52.477468812Z	16.0	14.98	15.97	kafka-001	89.36
66	15.97	272.129	208.886	16.05	2018-08-19T09:10:59.489869213Z	15.77	15.15	15.97	kafka-001	89.36
68	15.97	282.038	339.861	13.77	2018-08-19T09:11:06.505480211Z	16.05	15.44	15.97	kafka-001	89.36
69	15.97	276.163	223.691	18.05	2018-08-19T09:11:13.51862629Z	13.77	15.4	15.97	kafka-001	89.36
71	15.97	299.202	360.852	15.06	2018-08-19T09:11:20.529928003Z	18.05	16.04	15.97	kafka-001	89.37
72	15.97	289.272	237.624	15.73	2018-08-19T09:11:27.542605648Z	15.06	15.78	15.97	kafka-001	89.37
74	15.97	305.712	243.636	16.72	2018-08-19T09:11:34.553947841Z	15.73	15.74	15.97	kafka-001	89.37
76	15.97	316.482	372.538	19.3	2018-08-19T09:11:41.564858705Z	16.72	15.9	15.97	kafka-001	89.37
77	15.97	320.613	252.954	20.11	2018-08-19T09:11:48.577605933Z	19.3	16.44	15.97	kafka-001	89.38
79	15.97	332.794	401.316	20.42	2018-08-19T09:11:55.587419337Z	20.11	17.5	15.97	kafka-001	89.38
80	15.97	339.127	268.228	18.33	2018-08-19T09:12:02.597994314Z	20.42	17.89	15.97	kafka-001	89.38
82	15.97	339.619	269.054	19.85	2018-08-19T09:12:09.609771417Z	18.33	18.43	15.97	kafka-001	89.38
83	15.97	343.232	417.581	19.25	2018-08-19T09:12:16.627604867Z	19.85	19.12	15.97	kafka-001	89.39
85	15.97	353.257	281.308	19.83	2018-08-19T09:12:23.646286618Z	19.25	19.54	15.97	kafka-001	89.39
87	15.97	359.318	435.76	20.96	2018-08-19T09:12:30.655314744Z	19.83	19.63	15.97	kafka-001	89.39
88	15.97	367.91	291.472	21.82	2018-08-19T09:12:37.666221994Z	20.96	19.77	15.97	kafka-001	89.39
89	15.97	376.126	297.302	21.84	2018-08-19T09:12:44.676060778Z	21.82	20.01	15.97	kafka-001	89.39
91	15.97	383.594	455.322	22.63	2018-08-19T09:12:51.688202573Z	21.84	20.59	15.97	kafka-001	89.4
92	15.97	385.031	305.924	22.61	2018-08-19T09:12:58.706276345Z	22.63	21.06	15.97	kafka-001	89.4
94	15.97	393.232	471.062	23.07	2018-08-19T09:13:05.71729557Z	22.61	21.62	15.97	kafka-001	89.4
95	15.97	393.653	313.996	20.74	2018-08-19T09:13:12.729738384Z	23.07	22.16	15.97	kafka-001	89.41
96	15.97	394.419	318.727	21.98	2018-08-19T09:13:19.743873159Z	20.74	22.12	15.97	kafka-001	89.41
98	15.97	395.362	492.738	23.61	2018-08-19T09:13:26.753346321Z	21.98	22.15	15.97	kafka-001	89.41
99	15.97	406.107	322.598	23.72	2018-08-19T09:13:33.766884072Z	23.61	22.44	15.97	kafka-001	89.41
100	15.97	407.45	499.004	25.03	2018-08-19T09:13:40.777623971Z	23.72	22.62	15.97	kafka-001	89.42
102	15.97	414.541	337.676	24.41	2018-08-19T09:13:47.791940073Z	25.03	23.03	15.97	kafka-001	89.42
103	15.97	423.827	342.716	24.97	2018-08-19T09:13:54.801966748Z	24.41	23.25	15.97	kafka-001	89.42
104	15.97	430.84	526.961	22.65	2018-08-19T09:14:01.812942176Z	24.97	23.95	15.97	kafka-001	89.43
105	15.97	432.941	349.306	24.99	2018-08-19T09:14:08.823770982Z	22.65	24.07	15.97	kafka-001	89.43
106	15.97	441.746	535.408	23.74	2018-08-19T09:14:15.836640619Z	24.99	24.3	15.97	kafka-001	89.43
108	15.97	439.267	354.661	22.4	2018-08-19T09:14:22.847974823Z	23.74	24.3	15.97	kafka-001	89.44
109	15.97	455.234	361.031	25.17	2018-08-19T09:14:29.862205335Z	22.4	23.86	15.97	kafka-001	89.44
110	15.97	455.865	542.884	26.84	2018-08-19T09:14:36.876274179Z	25.17	23.99	15.97	kafka-001	89.44
112	15.97	467.259	370.727	28.06	2018-08-19T09:14:43.890818133Z	26.84	24.3	15.97	kafka-001	89.45
113	15.97	470.414	567.911	27.62	2018-08-19T09:14:50.902615431Z	28.06	25.2	15.97	kafka-001	89.45
114	15.97	473.605	378.192	27.88	2018-08-19T09:14:57.914608098Z	27.62	25.64	15.97	kafka-001	89.45
115	15.97	472.901	380.838	23.52	2018-08-19T09:15:04.924151746Z	27.88	26.33	15.97	kafka-001	89.45
116	15.97	485.781	586.342	27.74	2018-08-19T09:15:11.933735814Z	23.52	26.52	15.97	kafka-001	89.46
117	15.97	476.936	384.612	29.34	2018-08-19T09:15:18.949987757Z	27.74	26.94	15.97	kafka-001	89.46
119	15.97	496.062	594.511	26.63	2018-08-19T09:15:25.959693396Z	29.34	27.36	15.97	kafka-001	89.47
120	15.97	484.407	390.758	28.93	2018-08-19T09:15:32.971340631Z	26.63	27.12	15.97	kafka-001	89.47
121	15.97	505.683	395.788	27.55	2018-08-19T09:15:39.981920261Z	28.93	27.34	15.97	kafka-001	89.47
122	15.97	511.512	621.162	29.55	2018-08-19T09:15:46.992019932Z	27.55	27.29	15.97	kafka-001	89.47
123	15.97	508.757	406.469	28.3	2018-08-19T09:15:54.006412434Z	29.55	28.29	15.97	kafka-001	89.48
124	15.97	517.358	629.243	30.63	2018-08-19T09:16:01.016515328Z	28.3	28.38	15.97	kafka-001	89.48
125	15.97	519.095	416.59	28.11	2018-08-19T09:16:08.029504454Z	30.63	28.6	15.97	kafka-001	89.49
126	15.97	523.426	642.037	30.77	2018-08-19T09:16:15.040016785Z	28.11	28.85	15.97	kafka-001	89.49
127	15.97	511.676	413.038	28.86	2018-08-19T09:16:22.050971591Z	30.77	29.15	15.97	kafka-001	89.49
128	15.97	524.429	416.0	31.09	2018-08-19T09:16:29.066015715Z	28.86	29.37	15.97	kafka-001	89.5
130	15.97	532.065	645.184	30.36	2018-08-19T09:16:36.079885401Z	31.09	29.63	15.97	kafka-001	89.5
131	15.97	537.349	432.172	30.84	2018-08-19T09:16:43.091115471Z	30.36	29.97	15.97	kafka-001	89.5
132	15.97	548.918	667.662	31.77	2018-08-19T09:16:50.10259722Z	30.84	30.01	15.97	kafka-001	89.51
133	15.97	550.435	440.946	32.82	2018-08-19T09:16:57.113806837Z	31.77	30.62	15.97	kafka-001	89.51
134	15.97	559.023	445.45	33.62	2018-08-19T09:17:04.125961414Z	32.82	30.96	15.97	kafka-001	89.52
135	15.97	563.778	684.183	32.69	2018-08-19T09:17:11.137568085Z	33.62	31.75	15.97	kafka-001	89.52
136	15.97	565.923	454.411	33.03	2018-08-19T09:17:18.149248662Z	32.69	32.02	15.97	kafka-001	89.53
137	15.97	562.974	685.601	32.98	2018-08-19T09:17:25.163700278Z	33.03	32.46	15.97	kafka-001	89.53
138	15.97	571.465	458.993	32.95	2018-08-19T09:17:32.177683714Z	32.98	32.82	15.97	kafka-001	89.53
139	15.97	573.825	460.691	33.45	2018-08-19T09:17:39.191566314Z	32.95	33.02	15.97	kafka-001	89.54
140	15.97	575.64	694.08	30.4	2018-08-19T09:17:46.203889889Z	33.45	33.12	15.97	kafka-001	89.54
141	15.97	568.7	464.171	33.48	2018-08-19T09:17:53.217961631Z	30.4	32.58	15.97	kafka-001	89.55
142	15.97	575.643	711.666	34.24	2018-08-19T09:18:00.227865609Z	33.48	32.72	15.97	kafka-001	89.55
143	15.97	581.02	469.556	33.28	2018-08-19T09:18:07.239617147Z	34.24	32.92	15.97	kafka-001	89.55
144	15.97	570.506	472.944	33.06	2018-08-19T09:18:14.250110226Z	33.28	32.97	15.97	kafka-001	89.28
145	15.97	599.472	738.778	34.21	2018-08-19T09:18:21.261391426Z	33.06	32.99	15.97	kafka-001	89.29
146	15.97	593.711	476.707	32.33	2018-08-19T09:18:28.271983896Z	34.21	33.11	15.97	kafka-001	89.29
147	15.97	600.848	741.116	34.85	2018-08-19T09:18:35.285068606Z	32.33	33.43	15.97	kafka-001	89.29
148	15.97	591.719	486.176	34.25	2018-08-19T09:18:42.296979411Z	34.85	33.66	15.97	kafka-001	89.3
149	15.97	610.923	492.9	34.64	2018-08-19T09:18:49.312082253Z	34.25	33.66	15.97	kafka-001	89.3
150	15.97	613.616	743.928	29.06	2018-08-19T09:18:56.323525581Z	34.64	33.89	15.97	kafka-001	89.31
151	15.97	614.853	500.246	35.35	2018-08-19T09:19:03.334968085Z	29.06	33.22	15.97	kafka-001	89.31
152	15.97	611.466	761.832	35.74	2018-08-19T09:19:10.346519822Z	35.35	33.41	15.97	kafka-001	89.31
153	15.97	621.798	504.476	37.31	2018-08-19T09:19:17.357770221Z	35.74	33.98	15.97	kafka-001	89.32
153	15.97	633.076	508.847	33.67	2018-08-19T09:19:24.371344828Z	37.31	34.39	15.97	kafka-001	89.33
154	15.97	641.52	779.98	37.14	2018-08-19T09:19:31.383616472Z	33.67	34.29	15.97	kafka-001	89.33
155	15.97	632.111	511.407	33.63	2018-08-19T09:19:38.394008365Z	37.14	34.71	15.97	kafka-001	89.33
156	15.97	634.636	787.816	37.79	2018-08-19T09:19:45.405213332Z	33.63	35.47	15.97	kafka-001	89.34
157	15.97	649.413	514.272	37.6	2018-08-19T09:19:52.417736974Z	37.79	35.88	15.97	kafka-001	89.34
158	15.97	649.335	518.392	37.65	2018-08-19T09:19:59.429577421Z	37.6	36.19	15.97	kafka-001	89.35
159	15.97	658.912	807.121	26.64	2018-08-19T09:20:06.442966784Z	37.65	36.25	15.97	kafka-001	89.35
160	15.97	649.241	526.138	39.35	2018-08-19T09:20:13.453336725Z	26.64	35.07	15.97	kafka-001	89.35
161	15.97	671.28	809.656	36.83	2018-08-19T09:20:20.464163168Z	39.35	35.44	15.97	kafka-001	89.36
162	15.97	662.371	533.045	37.99	2018-08-19T09:20:27.475600308Z	36.83	35.98	15.97	kafka-001	89.37
163	15.97	677.689	539.048	34.46	2018-08-19T09:20:34.486474088Z	37.99	36.01	15.97	kafka-001	89.37
164	15.97	678.874	818.551	39.55	2018-08-19T09:20:41.497214736Z	34.46	35.49	15.97	kafka-001	89.38
164	15.97	676.223	545.373	36.71	2018-08-19T09:20:48.510550465Z	39.55	35.8	15.97	kafka-001	89.38
165	15.97	678.048	835.292	40.05	2018-08-19T09:20:55.521171708Z	36.71	37.48	15.97	kafka-001	89.38
166	15.97	678.437	546.512	37.06	2018-08-19T09:21:02.533082806Z	40.05	37.6	15.97	kafka-001	89.39
167	15.97	686.295	548.903	38.53	2018-08-19T09:21:09.548701217Z	37.06	37.64	15.97	kafka-001	89.39
168	15.97	683.956	837.883	39.48	2018-08-19T09:21:16.561859376Z	38.53	37.73	15.97	kafka-001	89.4
169	15.97	675.217	541.991	39.52	2018-08-19T09:21:23.575099764Z	39.48	38.56	15.97	kafka-001	89.4
170	15.97	686.712	825.597	33.18	2018-08-19T09:21:30.589264254Z	39.52	38.56	15.97	kafka-001	89.41
171	15.97	684.703	549.184	39.23	2018-08-19T09:21:37.601376946Z	33.18	37.97	15.97	kafka-001	89.41
171	15.97	690.047	550.604	38.8	2018-08-19T09:21:44.61529469Z	39.23	37.83	15.97	kafka-001	89.42
172	15.97	696.792	841.973	39.24	2018-08-19T09:21:51.626767793Z	38.8	38.12	15.97	kafka-001	89.42
173	15.97	686.649	548.808	36.53	2018-08-19T09:21:58.639515581Z	39.24	38.24	15.97	kafka-001	89.43
174	15.97	693.798	840.644	41.53	2018-08-19T09:22:05.650473002Z	36.53	37.75	15.97	kafka-001	89.43
175	15.97	690.982	545.96	37.5	2018-08-19T09:22:12.662998249Z	41.53	38.08	15.97	kafka-001	89.44
176	15.97	689.858	545.332	40.33	2018-08-19T09:22:19.681249785Z	37.5	38.8	15.97	kafka-001	89.44
176	15.97	685.846	830.746	37.47	2018-08-19T09:22:26.691477388Z	40.33	38.99	15.97	kafka-001	89.45
177	15.97	691.125	549.383	41.86	2018-08-19T09:22:33.70241304Z	37.47	38.77	15.97	kafka-001	89.45
178	15.97	698.018	838.411	40.63	2018-08-19T09:22:40.714818589Z	41.86	39.2	15.97	kafka-001	89.46
179	15.97	698.305	550.235	39.89	2018-08-19T09:22:47.727264606Z	40.63	39.89	15.97	kafka-001	89.46
180	15.97	701.959	550.874	39.49	2018-08-19T09:22:54.738889598Z	39.89	39.61	15.97	kafka-001	89.47
180	15.97	704.442	837.155	40.05	2018-08-19T09:23:01.754297755Z	39.49	39.94	15.97	kafka-001	89.47
181	15.97	692.331	548.164	40.71	2018-08-19T09:23:08.766165598Z	40.05	39.9	15.97	kafka-001	89.48
182	15.97	699.293	833.799	41.28	2018-08-19T09:23:15.776861461Z	40.71	40.44	15.97	kafka-001	89.48
183	15.97	697.464	545.036	40.83	2018-08-19T09:23:22.788966403Z	41.28	40.34	15.97	kafka-001	89.49
184	15.97	702.844	550.064	40.46	2018-08-19T09:23:29.802350633Z	40.83	40.37	15.97	kafka-001	89.49
184	15.97	703.165	841.981	39.99	2018-08-19T09:23:36.813963645Z	40.46	40.47	15.97	kafka-001	89.49
185	15.97	702.361	550.82	40.93	2018-08-19T09:23:43.826649833Z	39.99	40.55	15.97	kafka-001	89.5
186	15.97	707.216	837.981	39.25	2018-08-19T09:23:50.838861938Z	40.93	40.7	15.97	kafka-001	89.5
186	15.97	701.832	548.549	39.74	2018-08-19T09:23:57.852004591Z	39.25	40.46	15.97	kafka-001	89.51
187	15.97	698.116	546.2	39.26	2018-08-19T09:24:04.868127506Z	39.74	40.2	15.97	kafka-001	89.51
187	15.97	702.768	840.528	39.79	2018-08-19T09:24:11.880066587Z	39.26	39.94	15.97	kafka-001	89.52
188	15.97	701.217	548.127	41.43	2018-08-19T09:24:18.893054982Z	39.79	39.83	15.97	kafka-001	89.52
188	15.97	702.734	835.581	40.82	2018-08-19T09:24:25.904306869Z	41.43	40.07	15.97	kafka-001	89.53
189	15.97	703.817	548.542	39.08	2018-08-19T09:24:32.919392516Z	40.82	40.05	15.97	kafka-001	89.53
190	15.97	701.573	551.174	39.64	2018-08-19T09:24:39.935840318Z	39.08	40.02	15.97	kafka-001	89.54
191	15.97	703.788	842.959	34.59	2018-08-19T09:24:46.94674536Z	39.64	40.0	15.97	kafka-001	89.54
191	15.97	692.705	546.24	40.98	2018-08-19T09:24:53.958881061Z	34.59	39.22	15.97	kafka-001	89.55
192	15.97	703.566	838.974	41.26	2018-08-19T09:25:00.971348482Z	40.98	39.42	15.97	kafka-001	89.55
193	15.97	705.786	549.642	38.36	2018-08-19T09:25:07.983017726Z	41.26	39.39	15.97	kafka-001	89.56
194	15.97	693.958	546.122	37.36	2018-08-19T09:25:14.99496318Z	38.36	38.98	15.97	kafka-001	89.28
195	15.97	708.788	839.466	40.39	2018-08-19T09:25:22.005520444Z	37.36	38.7	15.97	kafka-001	89.29
195	15.97	706.195	550.917	38.26	2018-08-19T09:25:29.015957101Z	40.39	38.82	15.97	kafka-001	89.3
196	15.97	703.028	838.136	40.61	2018-08-19T09:25:36.027931129Z	38.26	39.43	15.97	kafka-001	89.3
197	15.97	700.23	548.146	39.38	2018-08-19T09:25:43.038514194Z	40.61	39.37	15.97	kafka-001	89.3
198	15.97	702.697	838.344	40.04	2018-08-19T09:25:50.050965732Z	39.38	39.06	15.97	kafka-001	89.31
198	15.97	697.333	548.442	38.64	2018-08-19T09:25:57.061958951Z	40.04	39.34	15.97	kafka-001	89.31
199	15.97	702.115	545.518	41.45	2018-08-19T09:26:04.074533888Z	38.64	39.55	15.97	kafka-001	89.32
200	15.97	705.048	840.2	40.94	2018-08-19T09:26:11.086567085Z	41.45	39.73	15.97	kafka-001	89.32
200	15.97	702.947	549.873	40.13	2018-08-19T09:26:18.098239388Z	40.94	40.18	15.97	kafka-001	89.33
201	15.97	700.894	838.692	38.21	2018-08-19T09:26:25.112466291Z	40.13	40.1	15.97	kafka-001	89.33
202	15.97	705.155	551.51	40.23	2018-08-19T09:26:32.124030341Z	38.21	39.9	15.97	kafka-001	89.34
203	15.97	702.929	550.796	40.54	2018-08-19T09:26:39.134473988Z	40.23	39.93	15.97	kafka-001	89.34
203	15.97	710.926	839.832	40.97	2018-08-19T09:26:46.147835745Z	40.54	40.25	15.97	kafka-001	89.35
204	15.97	700.235	549.599	37.29	2018-08-19T09:26:53.158011578Z	40.97	40.17	15.97	kafka-001	89.35
205	15.97	700.55	838.246	42.07	2018-08-19T09:27:00.172660345Z	37.29	39.56	15.97	kafka-001	89.36
206	15.97	700.069	550.096	38.99	2018-08-19T09:27:07.18254724Z	42.07	39.89	15.97	kafka-001	89.36
206	15.97	700.593	550.361	39.18	2018-08-19T09:27:14.194538814Z	38.99	40.02	15.97	kafka-001	89.37
207	15.97	700.946	834.987	41.1	2018-08-19T09:27:21.206268156Z	39.18	39.84	15.97	kafka-001	89.37
208	15.97	700.677	546.132	41.08	2018-08-19T09:27:28.219523537Z	41.1	39.93	15.97	kafka-001	89.38
208	15.97	706.152	842.387	39.05	2018-08-19T09:27:35.233617267Z	41.08	39.95	15.97	kafka-001	89.38
209	15.97	698.229	545.504	38.59	2018-08-19T09:27:42.245403149Z	39.05	40.25	15.97	kafka-001	89.39
210	15.97	698.67	548.418	37.61	2018-08-19T09:27:49.258844609Z	38.59	39.67	15.97	kafka-001	89.39
211	15.97	701.527	837.701	37.93	2018-08-19T09:27:56.269864762Z	37.61	39.44	15.97	kafka-001	89.4
211	15.97	702.303	550.12	36.71	2018-08-19T09:28:03.281734359Z	37.93	39.23	15.97	kafka-001	89.4
212	15.97	705.455	839.83	38.84	2018-08-19T09:28:10.294254541Z	36.71	38.5	15.97	kafka-001	89.41
213	15.97	703.829	548.637	38.93	2018-08-19T09:28:17.308822996Z	38.84	38.12	15.97	kafka-001	89.41
213	15.97	700.972	547.118	40.22	2018-08-19T09:28:24.319570643Z	38.93	38.1	15.97	kafka-001	89.42
214	15.97	705.763	841.165	40.09	2018-08-19T09:28:31.330953425Z	40.22	38.37	15.97	kafka-001	89.42
215	15.97	705.124	548.004	41.25	2018-08-19T09:28:38.341404911Z	40.09	38.79	15.97	kafka-001	89.42
216	15.97	698.622	840.561	40.18	2018-08-19T09:28:45.351623452Z	41.25	39.34	15.97	kafka-001	89.43
216	15.97	704.041	551.936	39.22	2018-08-19T09:28:52.363653167Z	40.18	39.92	15.97	kafka-001	89.44
217	15.97	701.255	548.818	40.89	2018-08-19T09:28:59.37487471Z	39.22	39.98	15.97	kafka-001	89.44
218	15.97	707.04	841.311	39.56	2018-08-19T09:29:06.387023812Z	40.89	40.31	15.97	kafka-001	89.44
218	15.97	699.853	552.236	41.54	2018-08-19T09:29:13.401402869Z	39.56	40.2	15.97	kafka-001	89.45
219	15.97	703.444	840.415	40.9	2018-08-19T09:29:20.41617155Z	41.54	40.44	15.97	kafka-001	89.45
220	15.97	691.466	546.107	37.32	2018-08-19T09:29:27.424797914Z	40.9	40.38	15.97	kafka-001	89.46
220	15.97	700.286	544.757	38.97	2018-08-19T09:29:34.4369819Z	37.32	39.9	15.97	kafka-001	89.46
221	15.97	705.756	839.859	38.04	2018-08-19T09:29:41.445887571Z	38.97	39.86	15.97	kafka-001	89.47
222	15.97	703.917	551.09	36.8	2018-08-19T09:29:48.456409259Z	38.04	39.39	15.97	kafka-001	89.47
222	15.97	705.538	841.96	41.42	2018-08-19T09:29:55.468983593Z	36.8	38.93	15.97	kafka-001	89.48
223	15.97	705.645	549.157	26.03	2018-08-19T09:30:02.479764668Z	41.42	38.91	15.97	kafka-001	89.48
224	15.97	705.691	548.87	38.87	2018-08-19T09:30:09.488474701Z	26.03	36.43	15.97	kafka-001	89.49
225	15.97	698.396	839.545	39.36	2018-08-19T09:30:16.499348475Z	38.87	36.69	15.97	kafka-001	89.49
225	15.97	705.045	550.574	41.45	2018-08-19T09:30:23.510286038Z	39.36	36.75	15.97	kafka-001	89.5
226	15.97	703.057	835.181	41.4	2018-08-19T09:30:30.526560242Z	41.45	37.32	15.97	kafka-001	89.5
227	15.97	702.732	548.336	40.55	2018-08-19T09:30:37.539732667Z	41.4	38.09	15.97	kafka-001	89.51
227	15.97	702.063	549.526	40.75	2018-08-19T09:30:44.55178014Z	40.55	37.94	15.97	kafka-001	89.51
228	15.97	705.152	839.571	40.37	2018-08-19T09:30:51.5635899Z	40.75	40.4	15.97	kafka-001	89.52
229	15.97	704.917	550.471	38.45	2018-08-19T09:30:58.575974919Z	40.37	40.65	15.97	kafka-001	89.52
229	15.97	705.58	842.008	40.75	2018-08-19T09:31:05.588277663Z	38.45	40.49	15.97	kafka-001	89.53
230	15.97	697.729	545.29	39.81	2018-08-19T09:31:12.600838502Z	40.75	40.38	15.97	kafka-001	89.53
230	15.97	701.887	548.49	40.77	2018-08-19T09:31:19.61201622Z	39.81	40.11	15.97	kafka-001	89.54
231	15.97	705.494	840.935	41.15	2018-08-19T09:31:26.624518222Z	40.77	40.15	15.97	kafka-001	89.54
232	15.97	702.306	548.458	42.28	2018-08-19T09:31:33.635994326Z	41.15	40.22	15.97	kafka-001	89.55
232	15.97	706.804	840.604	41.44	2018-08-19T09:31:40.649846579Z	42.28	40.53	15.97	kafka-001	89.55
233	15.97	702.844	551.131	41.05	2018-08-19T09:31:47.663993498Z	41.44	41.03	15.97	kafka-001	89.56
234	15.97	703.183	549.623	39.69	2018-08-19T09:31:54.675203001Z	41.05	41.08	15.97	kafka-001	89.56
234	15.97	703.96	839.295	40.5	2018-08-19T09:32:01.686988052Z	39.69	41.06	15.97	kafka-001	89.57
235	15.97	704.533	547.563	38.43	2018-08-19T09:32:08.698125332Z	40.5	41.02	15.97	kafka-001	89.57
236	15.97	706.756	838.426	41.41	2018-08-19T09:32:15.713018087Z	38.43	40.56	15.97	kafka-001	89.3
236	15.97	702.511	545.662	40.01	2018-08-19T09:32:22.723298797Z	41.41	40.42	15.97	kafka-001	89.31
237	15.97	698.527	549.394	40.69	2018-08-19T09:32:29.736487158Z	40.01	40.18	15.97	kafka-001	89.31
238	15.97	703.198	840.782	40.85	2018-08-19T09:32:36.748739209Z	40.69	40.12	15.97	kafka-001	89.31
238	15.97	704.841	549.148	41.48	2018-08-19T09:32:43.760915273Z	40.85	40.31	15.97	kafka-001	89.32
239	15.97	706.388	839.93	36.87	2018-08-19T09:32:50.775253936Z	41.48	40.48	15.97	kafka-001	89.32
239	15.97	701.059	549.729	41.37	2018-08-19T09:32:57.787309838Z	36.87	40.22	15.97	kafka-001	89.33
240	15.97	698.085	546.394	35.55	2018-08-19T09:33:04.798861132Z	41.37	40.21	15.97	kafka-001	89.33
241	15.97	700.848	838.431	39.14	2018-08-19T09:33:11.812207205Z	35.55	39.47	15.97	kafka-001	89.34
241	15.97	695.525	548.391	39.33	2018-08-19T09:33:18.822970141Z	39.14	39.21	15.97	kafka-001	89.34
242	15.97	700.233	838.9	40.7	2018-08-19T09:33:25.836347309Z	39.33	38.96	15.97	kafka-001	89.35
243	15.97	699.721	550.507	40.13	2018-08-19T09:33:32.847564638Z	40.7	38.83	15.97	kafka-001	89.35
243	15.97	698.494	548.442	40.3	2018-08-19T09:33:39.860426522Z	40.13	39.37	15.97	kafka-001	89.36
244	15.97	702.056	841.96	40.45	2018-08-19T09:33:46.872694416Z	40.3	39.19	15.97	kafka-001	89.36
244	15.97	701.227	546.792	41.02	2018-08-19T09:33:53.883612761Z	40.45	40.01	15.97	kafka-001	89.37
245	15.97	706.73	840.859	38.08	2018-08-19T09:34:00.899237651Z	41.02	40.32	15.97	kafka-001	89.37
246	15.97	696.499	548.304	40.83	2018-08-19T09:34:07.910049474Z	38.08	40.11	15.97	kafka-001	89.38
246	15.97	696.757	547.519	38.95	2018-08-19T09:34:14.923988726Z	40.83	40.13	15.97	kafka-001	89.38
247	15.97	702.644	839.619	40.84	2018-08-19T09:34:21.935845895Z	38.95	39.94	15.97	kafka-001	89.39
247	15.97	705.269	547.836	38.61	2018-08-19T09:34:28.94712786Z	40.84	40.03	15.97	kafka-001	89.39
247	15.97	708.804	838.04	41.81	2018-08-19T09:34:35.958981669Z	38.61	39.72	15.97	kafka-001	89.4
247	15.97	704.827	550.6	35.47	2018-08-19T09:34:42.969988015Z	41.81	39.85	15.97	kafka-001	89.4
247	15.97	704.193	549.961	40.34	2018-08-19T09:34:49.981379376Z	35.47	39.42	15.97	kafka-001	89.41
247	15.97	708.386	843.809	37.91	2018-08-19T09:34:56.993849593Z	40.34	39.34	15.97	kafka-001	89.41
247	15.97	701.383	549.492	36.71	2018-08-19T09:35:04.003833288Z	37.91	39.16	15.97	kafka-001	89.42
247	15.97	699.862	835.405	40.81	2018-08-19T09:35:11.014717973Z	36.71	38.47	15.97	kafka-001	89.42
247	15.97	702.561	550.029	40.33	2018-08-19T09:35:18.027316168Z	40.81	38.84	15.97	kafka-001	89.43
247	15.97	694.247	829.475	40.38	2018-08-19T09:35:25.041024252Z	40.33	38.59	15.97	kafka-001	89.43
247	15.97	697.934	552.168	40.31	2018-08-19T09:35:32.053293346Z	40.38	39.41	15.97	kafka-001	89.44
247	15.97	700.863	549.19	41.7	2018-08-19T09:35:39.064743481Z	40.31	39.41	15.97	kafka-001	89.44
247	15.97	706.228	842.988	40.89	2018-08-19T09:35:46.078967213Z	41.7	40.04	15.97	kafka-001	89.44
