sensor_count	memory_rss%	net_receive	net_send	container_cpu%	timestamp	host_cpu	host_moving_avg_cpu	memory_active_anon%	name	memory%
3	15.97	19334984.802	19801653.753	2.95	2018-08-19T08:13:23.5422458Z	0	nan	15.97	kafka-001	89.41
7	15.97	30.413	27.55	3.69	2018-08-19T08:13:30.554450823Z	2.95	nan	15.97	kafka-001	89.41
12	15.97	49.013	33.765	3.99	2018-08-19T08:13:37.566223061Z	3.69	nan	15.97	kafka-001	89.41
16	15.97	67.147	45.813	4.09	2018-08-19T08:13:44.578956024Z	3.99	nan	15.97	kafka-001	89.41
20	15.97	85.18	90.18	6.46	2018-08-19T08:13:51.593068583Z	4.09	nan	15.97	kafka-001	89.41
23	15.97	98.301	72.831	6.98	2018-08-19T08:13:58.604606428Z	6.46	3.53	15.97	kafka-001	89.41
27	15.97	116.232	132.208	8.22	2018-08-19T08:14:05.618077614Z	6.98	4.69	15.97	kafka-001	89.41
30	15.97	128.625	96.476	7.92	2018-08-19T08:14:12.632373707Z	8.22	5.57	15.97	kafka-001	89.41
33	15.97	140.251	104.377	8.87	2018-08-19T08:14:19.644130815Z	7.92	6.28	15.97	kafka-001	89.42
35	15.97	154.54	173.8	9.24	2018-08-19T08:14:26.656125808Z	8.87	7.09	15.97	kafka-001	89.42
38	15.97	163.773	121.309	10.7	2018-08-19T08:14:33.66991291Z	9.24	7.95	15.97	kafka-001	89.42
41	15.97	175.432	203.578	11.51	2018-08-19T08:14:40.68572264Z	10.7	8.65	15.97	kafka-001	89.42
43	15.97	180.583	141.042	10.64	2018-08-19T08:14:47.69734884Z	11.51	9.41	15.97	kafka-001	89.42
45	15.97	189.509	148.908	11.14	2018-08-19T08:14:54.708073662Z	10.64	9.81	15.97	kafka-001	89.42
47	15.97	200.424	238.149	11.61	2018-08-19T08:15:01.720404376Z	11.14	10.35	15.97	kafka-001	89.42
49	15.97	198.149	159.867	11.47	2018-08-19T08:15:08.732332579Z	11.61	10.81	15.97	kafka-001	89.43
52	15.97	208.489	256.604	13.9	2018-08-19T08:15:15.744985859Z	11.47	11.18	15.97	kafka-001	89.43
54	15.97	219.332	168.624	10.81	2018-08-19T08:15:22.75926267Z	13.9	11.71	15.97	kafka-001	89.43
55	15.97	228.077	181.352	13.98	2018-08-19T08:15:29.769921204Z	10.81	11.6	15.97	kafka-001	89.43
57	15.97	238.084	287.36	14.06	2018-08-19T08:15:36.782482474Z	13.98	12.15	15.97	kafka-001	89.43
60	15.97	246.209	195.106	15.49	2018-08-19T08:15:43.794162401Z	14.06	12.64	15.97	kafka-001	89.43
62	15.97	250.108	306.038	14.68	2018-08-19T08:15:50.8123038Z	15.49	13.28	15.97	kafka-001	89.44
63	15.97	266.587	210.64	16.08	2018-08-19T08:15:57.8253542Z	14.68	13.82	15.97	kafka-001	89.44
65	15.97	269.197	209.354	15.69	2018-08-19T08:16:04.839300857Z	16.08	14.18	15.97	kafka-001	89.44
67	15.97	278.686	336.806	16.64	2018-08-19T08:16:11.852480273Z	15.69	15.0	15.97	kafka-001	89.44
69	15.97	285.041	227.036	17.86	2018-08-19T08:16:18.863579522Z	16.64	15.44	15.97	kafka-001	89.44
71	15.97	296.718	352.054	18.77	2018-08-19T08:16:25.878313798Z	17.86	16.07	15.97	kafka-001	89.45
72	15.97	298.889	239.282	17.54	2018-08-19T08:16:32.890839689Z	18.77	16.62	15.97	kafka-001	89.45
74	15.97	290.289	236.936	18.78	2018-08-19T08:16:39.902818893Z	17.54	17.1	15.97	kafka-001	89.45
76	15.97	318.906	373.822	18.61	2018-08-19T08:16:46.91450402Z	18.78	17.55	15.97	kafka-001	89.45
77	15.97	323.079	256.423	20.02	2018-08-19T08:16:53.925518482Z	18.61	18.03	15.97	kafka-001	89.45
79	15.97	329.996	400.64	20.14	2018-08-19T08:17:00.940539942Z	20.02	18.6	15.97	kafka-001	89.46
80	15.97	329.243	265.572	19.47	2018-08-19T08:17:07.95311207Z	20.14	18.98	15.97	kafka-001	89.46
81	15.97	332.541	269.564	19.33	2018-08-19T08:17:14.964130029Z	19.47	19.09	15.97	kafka-001	89.46
83	15.97	333.917	412.786	18.49	2018-08-19T08:17:21.974855946Z	19.33	19.39	15.97	kafka-001	89.46
84	15.97	339.462	270.044	18.6	2018-08-19T08:17:28.985342958Z	18.49	19.34	15.97	kafka-001	89.46
86	15.97	353.321	430.002	21.89	2018-08-19T08:17:35.999750409Z	18.6	19.34	15.97	kafka-001	89.47
87	15.97	354.52	288.32	20.31	2018-08-19T08:17:43.01022329Z	21.89	19.65	15.97	kafka-001	89.47
89	15.97	364.651	289.368	22.62	2018-08-19T08:17:50.021272785Z	20.31	19.68	15.97	kafka-001	89.47
90	15.97	376.318	456.088	22.11	2018-08-19T08:17:57.033312116Z	22.62	20.21	15.97	kafka-001	89.48
92	15.97	379.625	305.14	21.8	2018-08-19T08:18:04.044833181Z	22.11	20.67	15.97	kafka-001	89.48
93	15.97	379.16	462.324	22.8	2018-08-19T08:18:11.060364423Z	21.8	21.22	15.97	kafka-001	89.48
95	15.97	387.319	309.99	26.8	2018-08-19T08:18:18.072860692Z	22.8	21.92	15.97	kafka-001	89.48
96	15.97	392.98	479.45	22.6	2018-08-19T08:18:25.085197623Z	26.8	22.74	15.97	kafka-001	89.49
97	15.97	394.341	321.697	24.03	2018-08-19T08:18:32.096073932Z	22.6	23.12	15.97	kafka-001	89.49
99	15.97	404.943	327.932	23.97	2018-08-19T08:18:39.109533873Z	24.03	23.36	15.97	kafka-001	89.49
100	15.97	407.608	501.184	23.03	2018-08-19T08:18:46.125782484Z	23.97	23.67	15.97	kafka-001	89.22
102	15.97	419.497	336.812	25.34	2018-08-19T08:18:53.135460257Z	23.03	23.87	15.97	kafka-001	89.23
103	15.97	425.992	515.887	25.1	2018-08-19T08:19:00.146408508Z	25.34	24.3	15.97	kafka-001	89.23
104	15.97	419.511	343.812	25.9	2018-08-19T08:19:07.156722487Z	25.1	24.01	15.97	kafka-001	89.23
106	15.97	434.345	349.068	24.89	2018-08-19T08:19:14.167468978Z	25.9	24.56	15.97	kafka-001	89.23
107	15.97	428.036	531.464	23.14	2018-08-19T08:19:21.178684485Z	24.89	24.7	15.97	kafka-001	89.24
108	15.97	444.549	359.068	25.11	2018-08-19T08:19:28.1904791Z	23.14	24.57	15.97	kafka-001	89.24
110	15.97	448.734	554.463	26.96	2018-08-19T08:19:35.201337183Z	25.11	24.91	15.97	kafka-001	89.24
111	15.97	456.445	366.006	24.98	2018-08-19T08:19:42.213917303Z	26.96	25.18	15.97	kafka-001	89.25
112	15.97	458.305	368.34	26.15	2018-08-19T08:19:49.222947276Z	24.98	25.16	15.97	kafka-001	89.25
113	15.97	457.654	558.802	27.56	2018-08-19T08:19:56.240780877Z	26.15	25.2	15.97	kafka-001	89.25
114	15.97	462.183	376.278	24.96	2018-08-19T08:20:03.250463964Z	27.56	25.65	15.97	kafka-001	89.26
116	15.97	477.752	580.234	25.91	2018-08-19T08:20:10.262787307Z	24.96	25.95	15.97	kafka-001	89.26
117	15.97	474.839	385.649	28.19	2018-08-19T08:20:17.274897454Z	25.91	26.09	15.97	kafka-001	89.26
118	15.97	483.225	391.251	28.11	2018-08-19T08:20:24.286594065Z	28.19	26.29	15.97	kafka-001	89.27
119	15.97	489.808	596.008	28.34	2018-08-19T08:20:31.303306609Z	28.11	26.81	15.97	kafka-001	89.27
120	15.97	495.549	393.605	25.54	2018-08-19T08:20:38.316332963Z	28.34	27.18	15.97	kafka-001	89.27
121	15.97	501.884	610.575	29.56	2018-08-19T08:20:45.329870256Z	25.54	26.84	15.97	kafka-001	89.28
122	15.97	501.947	403.765	28.22	2018-08-19T08:20:52.340344769Z	29.56	27.61	15.97	kafka-001	89.28
124	15.97	514.729	408.004	30.56	2018-08-19T08:20:59.351036246Z	28.22	27.99	15.97	kafka-001	89.28
125	15.97	523.648	630.85	26.64	2018-08-19T08:21:06.36356094Z	30.56	28.39	15.97	kafka-001	89.29
126	15.97	522.341	415.644	31.25	2018-08-19T08:21:13.374762443Z	26.64	28.14	15.97	kafka-001	89.29
127	15.97	527.748	644.055	29.18	2018-08-19T08:21:20.386592311Z	31.25	28.63	15.97	kafka-001	89.29
128	15.97	531.748	426.353	30.85	2018-08-19T08:21:27.398525215Z	29.18	29.23	15.97	kafka-001	89.3
129	15.97	538.348	424.013	27.67	2018-08-19T08:21:34.409773655Z	30.85	29.45	15.97	kafka-001	89.3
130	15.97	544.078	654.227	30.07	2018-08-19T08:21:41.421455786Z	27.67	29.36	15.97	kafka-001	89.31
131	15.97	545.133	434.56	26.44	2018-08-19T08:21:48.433049935Z	30.07	29.28	15.97	kafka-001	89.31
132	15.97	543.202	669.159	31.57	2018-08-19T08:21:55.444127485Z	26.44	29.24	15.97	kafka-001	89.31
133	15.97	532.787	437.067	31.0	2018-08-19T08:22:02.455399006Z	31.57	29.3	15.97	kafka-001	89.32
134	15.97	545.699	443.517	32.22	2018-08-19T08:22:09.465892655Z	31.0	29.6	15.97	kafka-001	89.32
136	15.97	563.706	685.793	30.42	2018-08-19T08:22:16.476863822Z	32.22	29.83	15.97	kafka-001	89.33
137	15.97	563.74	449.662	32.95	2018-08-19T08:22:23.487674094Z	30.42	30.29	15.97	kafka-001	89.33
138	15.97	575.059	704.953	33.14	2018-08-19T08:22:30.499132141Z	32.95	30.77	15.97	kafka-001	89.33
139	15.97	578.087	456.594	33.0	2018-08-19T08:22:37.510784667Z	33.14	31.88	15.97	kafka-001	89.34
140	15.97	587.579	462.087	31.96	2018-08-19T08:22:44.521916802Z	33.0	32.12	15.97	kafka-001	89.34
141	15.97	590.988	712.736	33.98	2018-08-19T08:22:51.533350698Z	31.96	32.28	15.97	kafka-001	89.35
142	15.97	586.473	467.018	32.06	2018-08-19T08:22:58.547534846Z	33.98	32.57	15.97	kafka-001	89.35
143	15.97	599.408	725.541	35.12	2018-08-19T08:23:05.558579643Z	32.06	32.85	15.97	kafka-001	89.35
144	15.97	592.253	471.272	34.84	2018-08-19T08:23:12.569061162Z	35.12	33.21	15.97	kafka-001	89.36
145	15.97	598.571	480.055	34.69	2018-08-19T08:23:19.579692232Z	34.84	33.49	15.97	kafka-001	89.36
146	15.97	594.702	735.776	31.27	2018-08-19T08:23:26.590504909Z	34.69	33.77	15.97	kafka-001	89.37
147	15.97	607.248	488.694	36.58	2018-08-19T08:23:33.605291635Z	31.27	33.66	15.97	kafka-001	89.37
148	15.97	617.185	746.794	32.33	2018-08-19T08:23:40.617983179Z	36.58	34.09	15.97	kafka-001	89.37
149	15.97	620.627	496.947	35.3	2018-08-19T08:23:47.628433441Z	32.33	34.14	15.97	kafka-001	89.38
150	15.97	621.327	491.426	35.34	2018-08-19T08:23:54.640323542Z	35.3	34.17	15.97	kafka-001	89.38
151	15.97	628.122	767.223	35.37	2018-08-19T08:24:01.65396382Z	35.34	34.25	15.97	kafka-001	89.39
152	15.97	621.285	501.085	37.14	2018-08-19T08:24:08.670272555Z	35.37	34.36	15.97	kafka-001	89.39
153	15.97	626.157	769.969	35.68	2018-08-19T08:24:15.681277339Z	37.14	35.34	15.97	kafka-001	89.4
154	15.97	610.978	504.14	40.08	2018-08-19T08:24:22.691791708Z	35.68	35.19	15.97	kafka-001	89.4
155	15.97	636.279	513.865	36.69	2018-08-19T08:24:29.705552538Z	40.08	36.48	15.97	kafka-001	89.4
156	15.97	641.704	775.17	34.44	2018-08-19T08:24:36.71790866Z	36.69	36.72	15.97	kafka-001	89.41
157	15.97	633.566	514.362	36.97	2018-08-19T08:24:43.72901405Z	34.44	36.57	15.97	kafka-001	89.41
157	15.97	645.107	791.907	34.66	2018-08-19T08:24:50.740565098Z	36.97	36.83	15.97	kafka-001	89.42
158	15.97	651.181	521.352	38.12	2018-08-19T08:24:57.763376408Z	34.66	36.42	15.97	kafka-001	89.42
159	15.97	655.677	527.9	21.6	2018-08-19T08:25:04.77351843Z	38.12	36.83	15.97	kafka-001	89.43
160	15.97	652.658	803.936	37.97	2018-08-19T08:25:11.783593967Z	21.6	33.75	15.97	kafka-001	89.43
161	15.97	666.737	536.006	39.33	2018-08-19T08:25:18.799948691Z	37.97	33.96	15.97	kafka-001	89.44
162	15.97	674.69	812.82	39.01	2018-08-19T08:25:25.813055121Z	39.33	34.77	15.97	kafka-001	89.44
163	15.97	667.359	539.246	37.8	2018-08-19T08:25:32.823970433Z	39.01	35.11	15.97	kafka-001	89.45
164	15.97	675.347	541.945	39.19	2018-08-19T08:25:39.837728821Z	37.8	35.64	15.97	kafka-001	89.45
165	15.97	670.394	825.83	37.67	2018-08-19T08:25:46.848705062Z	39.19	35.82	15.97	kafka-001	89.46
165	15.97	665.739	544.832	38.26	2018-08-19T08:25:53.863401628Z	37.67	38.49	15.97	kafka-001	89.46
166	15.97	677.475	827.382	37.43	2018-08-19T08:26:00.876686152Z	38.26	38.54	15.97	kafka-001	89.47
167	15.97	671.164	543.495	40.17	2018-08-19T08:26:07.887681023Z	37.43	38.23	15.97	kafka-001	89.47
168	15.97	672.677	542.103	34.3	2018-08-19T08:26:14.899499349Z	40.17	38.42	15.97	kafka-001	89.48
169	15.97	684.9	834.8	38.58	2018-08-19T08:26:21.911362639Z	34.3	37.84	15.97	kafka-001	89.48
170	15.97	684.817	549.596	39.32	2018-08-19T08:26:28.92254395Z	38.58	37.73	15.97	kafka-001	89.49
171	15.97	689.644	843.7	40.51	2018-08-19T08:26:35.935472819Z	39.32	38.01	15.97	kafka-001	89.49
172	15.97	683.113	550.886	35.25	2018-08-19T08:26:42.946298212Z	40.51	38.38	15.97	kafka-001	89.49
172	15.97	685.071	546.402	39.02	2018-08-19T08:26:49.958264412Z	35.25	38.02	15.97	kafka-001	89.5
173	15.97	680.526	835.807	39.04	2018-08-19T08:26:56.969472409Z	39.02	37.83	15.97	kafka-001	89.51
174	15.97	689.255	552.395	39.29	2018-08-19T08:27:03.980709715Z	39.04	38.62	15.97	kafka-001	89.24
175	15.97	683.904	828.154	35.35	2018-08-19T08:27:10.991199988Z	39.29	38.74	15.97	kafka-001	89.24
176	15.97	681.721	543.143	40.07	2018-08-19T08:27:18.003377423Z	35.35	38.08	15.97	kafka-001	89.25
177	15.97	687.648	547.263	39.09	2018-08-19T08:27:25.016598705Z	40.07	38.0	15.97	kafka-001	89.25
178	15.97	696.423	833.554	39.93	2018-08-19T08:27:32.02742274Z	39.09	38.64	15.97	kafka-001	89.26
178	15.97	693.153	548.928	39.71	2018-08-19T08:27:39.0379469Z	39.93	38.79	15.97	kafka-001	89.26
179	15.97	696.666	839.617	39.37	2018-08-19T08:27:46.051809062Z	39.71	38.91	15.97	kafka-001	89.27
180	15.97	697.705	551.976	37.49	2018-08-19T08:27:53.063976644Z	39.37	38.92	15.97	kafka-001	89.27
181	15.97	698.7	839.058	41.0	2018-08-19T08:28:00.07617581Z	37.49	39.28	15.97	kafka-001	89.27
182	15.97	689.757	546.568	37.51	2018-08-19T08:28:07.087536009Z	41.0	39.43	15.97	kafka-001	89.28
183	15.97	696.843	548.15	41.46	2018-08-19T08:28:14.098597496Z	37.51	39.17	15.97	kafka-001	89.29
183	15.97	701.202	837.892	38.11	2018-08-19T08:28:21.112488909Z	41.46	39.42	15.97	kafka-001	89.29
184	15.97	696.855	546.99	40.69	2018-08-19T08:28:28.124410432Z	38.11	39.16	15.97	kafka-001	89.3
185	15.97	696.459	838.145	41.17	2018-08-19T08:28:35.136048267Z	40.69	39.38	15.97	kafka-001	89.3
186	15.97	699.168	544.862	40.44	2018-08-19T08:28:42.149401507Z	41.17	39.99	15.97	kafka-001	89.3
187	15.97	698.145	549.51	41.74	2018-08-19T08:28:49.159753828Z	40.44	39.9	15.97	kafka-001	89.31
187	15.97	699.282	840.976	40.33	2018-08-19T08:28:56.174177933Z	41.74	40.6	15.97	kafka-001	89.32
188	15.97	694.627	547.599	38.73	2018-08-19T08:29:03.185301626Z	40.33	40.41	15.97	kafka-001	89.32
189	15.97	703.664	839.456	40.99	2018-08-19T08:29:10.196416512Z	38.73	40.52	15.97	kafka-001	89.32
190	15.97	699.407	551.092	36.91	2018-08-19T08:29:17.208900641Z	40.99	40.57	15.97	kafka-001	89.33
191	15.97	695.838	547.8	40.26	2018-08-19T08:29:24.220738913Z	36.91	39.86	15.97	kafka-001	89.33
191	15.97	704.005	838.334	40.14	2018-08-19T08:29:31.23456978Z	40.26	39.83	15.97	kafka-001	89.34
192	15.97	701.585	550.48	40.63	2018-08-19T08:29:38.245406579Z	40.14	39.56	15.97	kafka-001	89.35
193	15.97	705.784	839.648	40.19	2018-08-19T08:29:45.256892421Z	40.63	39.61	15.97	kafka-001	89.35
194	15.97	697.301	550.305	39.05	2018-08-19T08:29:52.268916171Z	40.19	39.85	15.97	kafka-001	89.35
194	15.97	698.703	547.712	39.86	2018-08-19T08:29:59.280555711Z	39.05	39.53	15.97	kafka-001	89.36
195	15.97	697.03	837.156	26.69	2018-08-19T08:30:06.29704379Z	39.86	40.02	15.97	kafka-001	89.36
196	15.97	698.419	546.919	38.64	2018-08-19T08:30:13.306977482Z	26.69	37.76	15.97	kafka-001	89.37
197	15.97	700.552	840.292	41.51	2018-08-19T08:30:20.318540687Z	38.64	37.51	15.97	kafka-001	89.37
197	15.97	690.889	544.685	39.52	2018-08-19T08:30:27.331291536Z	41.51	37.66	15.97	kafka-001	89.38
198	15.97	693.821	548.477	38.46	2018-08-19T08:30:34.343276872Z	39.52	37.54	15.97	kafka-001	89.38
199	15.97	700.514	835.737	38.0	2018-08-19T08:30:41.35637591Z	38.46	37.45	15.97	kafka-001	89.39
200	15.97	700.887	551.006	41.16	2018-08-19T08:30:48.367158216Z	38.0	37.14	15.97	kafka-001	89.39
200	15.97	690.433	831.941	32.49	2018-08-19T08:30:55.378349288Z	41.16	39.55	15.97	kafka-001	89.4
201	15.97	694.248	550.174	40.24	2018-08-19T08:31:02.390323708Z	32.49	38.52	15.97	kafka-001	89.4
202	15.97	689.757	548.242	39.31	2018-08-19T08:31:09.40119487Z	40.24	38.31	15.97	kafka-001	89.4
203	15.97	698.234	839.262	39.92	2018-08-19T08:31:16.411941376Z	39.31	38.28	15.97	kafka-001	89.41
203	15.97	690.988	545.528	38.64	2018-08-19T08:31:23.421558472Z	39.92	38.52	15.97	kafka-001	89.42
204	15.97	697.549	837.731	40.8	2018-08-19T08:31:30.432288117Z	38.64	38.63	15.97	kafka-001	89.42
205	15.97	699.035	555.208	38.81	2018-08-19T08:31:37.441359775Z	40.8	38.57	15.97	kafka-001	89.42
206	15.97	702.905	539.416	40.27	2018-08-19T08:31:44.453218003Z	38.81	39.62	15.97	kafka-001	89.43
206	15.97	706.254	841.596	37.19	2018-08-19T08:31:51.466998876Z	40.27	39.62	15.97	kafka-001	89.44
207	15.97	695.554	544.443	36.47	2018-08-19T08:31:58.476796439Z	37.19	39.27	15.97	kafka-001	89.44
208	15.97	701.665	840.44	40.29	2018-08-19T08:32:05.48592004Z	36.47	38.7	15.97	kafka-001	89.44
208	15.97	691.071	546.853	36.56	2018-08-19T08:32:12.498548622Z	40.29	38.97	15.97	kafka-001	89.45
209	15.97	698.347	548.835	38.53	2018-08-19T08:32:19.508846527Z	36.56	38.26	15.97	kafka-001	89.45
210	15.97	702.598	842.953	39.32	2018-08-19T08:32:26.522302217Z	38.53	38.22	15.97	kafka-001	89.46
211	15.97	700.257	550.972	40.41	2018-08-19T08:32:33.535720875Z	39.32	38.06	15.97	kafka-001	89.46
211	15.97	700.435	839.836	40.77	2018-08-19T08:32:40.546770125Z	40.41	38.6	15.97	kafka-001	89.47
212	15.97	697.469	548.006	36.01	2018-08-19T08:32:47.557949648Z	40.77	39.31	15.97	kafka-001	89.47
213	15.97	700.038	547.886	38.03	2018-08-19T08:32:54.569522573Z	36.01	38.6	15.97	kafka-001	89.48
213	15.97	703.626	840.645	40.34	2018-08-19T08:33:01.584718046Z	38.03	38.84	15.97	kafka-001	89.48
214	15.97	696.089	544.959	41.15	2018-08-19T08:33:08.597099681Z	40.34	39.15	15.97	kafka-001	89.49
215	15.97	701.724	836.094	41.64	2018-08-19T08:33:15.608638915Z	41.15	39.45	15.97	kafka-001	89.49
216	15.97	702.283	552.285	40.62	2018-08-19T08:33:22.622364962Z	41.64	39.66	15.97	kafka-001	89.5
216	15.97	695.857	546.94	40.66	2018-08-19T08:33:29.63412384Z	40.62	39.63	15.97	kafka-001	89.5
217	15.97	702.362	841.928	39.87	2018-08-19T08:33:36.646945369Z	40.66	40.41	15.97	kafka-001	89.51
218	15.97	701.915	552.189	40.63	2018-08-19T08:33:43.655804818Z	39.87	40.71	15.97	kafka-001	89.51
218	15.97	704.261	838.31	36.54	2018-08-19T08:33:50.666785627Z	40.63	40.76	15.97	kafka-001	89.52
219	15.97	697.568	547.51	39.44	2018-08-19T08:33:57.675041397Z	36.54	39.99	15.97	kafka-001	89.25
220	15.97	702.787	551.783	39.78	2018-08-19T08:34:04.686174406Z	39.44	39.63	15.97	kafka-001	89.25
221	15.97	703.264	841.282	37.04	2018-08-19T08:34:11.697530547Z	39.78	39.49	15.97	kafka-001	89.26
221	15.97	698.551	549.519	41.54	2018-08-19T08:34:18.708139702Z	37.04	38.88	15.97	kafka-001	89.26
222	15.97	697.346	832.764	40.71	2018-08-19T08:34:25.718804613Z	41.54	39.16	15.97	kafka-001	89.27
223	15.97	702.235	551.518	36.07	2018-08-19T08:34:32.72952594Z	40.71	39.17	15.97	kafka-001	89.27
223	15.97	695.845	547.176	39.28	2018-08-19T08:34:39.739977273Z	36.07	39.1	15.97	kafka-001	89.28
224	15.97	706.044	840.061	40.35	2018-08-19T08:34:46.751126751Z	39.28	39.07	15.97	kafka-001	89.28
225	15.97	706.082	549.551	41.93	2018-08-19T08:34:53.76213345Z	40.35	39.16	15.97	kafka-001	89.28
225	15.97	708.091	839.504	41.3	2018-08-19T08:35:00.773825152Z	41.93	39.98	15.97	kafka-001	89.29
226	15.97	710.589	549.593	40.37	2018-08-19T08:35:07.786527471Z	41.3	39.94	15.97	kafka-001	89.3
227	15.97	701.497	548.394	40.26	2018-08-19T08:35:14.798306074Z	40.37	39.88	15.97	kafka-001	89.3
227	15.97	702.594	837.055	40.16	2018-08-19T08:35:21.810690589Z	40.26	40.58	15.97	kafka-001	89.31
228	15.97	707.259	550.29	40.76	2018-08-19T08:35:28.822535833Z	40.16	40.73	15.97	kafka-001	89.31
229	15.97	703.169	838.503	42.05	2018-08-19T08:35:35.834243664Z	40.76	40.8	15.97	kafka-001	89.31
229	15.97	707.294	547.912	38.29	2018-08-19T08:35:42.84522015Z	42.05	40.82	15.97	kafka-001	89.32
230	15.97	702.386	549.453	40.7	2018-08-19T08:35:49.858242551Z	38.29	40.31	15.97	kafka-001	89.33
231	15.97	700.611	836.662	39.07	2018-08-19T08:35:56.873484406Z	40.7	40.37	15.97	kafka-001	89.33
231	15.97	700.774	548.098	41.07	2018-08-19T08:36:03.883971816Z	39.07	40.17	15.97	kafka-001	89.33
232	15.97	699.875	836.78	41.35	2018-08-19T08:36:10.897923657Z	41.07	40.32	15.97	kafka-001	89.34
233	15.97	704.181	552.042	40.38	2018-08-19T08:36:17.90942771Z	41.35	40.42	15.97	kafka-001	89.34
233	15.97	705.464	548.965	38.69	2018-08-19T08:36:24.920437343Z	40.38	40.14	15.97	kafka-001	89.35
234	15.97	705.351	836.331	40.24	2018-08-19T08:36:31.933756169Z	38.69	40.21	15.97	kafka-001	89.35
235	15.97	704.442	549.913	37.39	2018-08-19T08:36:38.944336382Z	40.24	40.13	15.97	kafka-001	89.36
235	15.97	706.923	840.131	39.74	2018-08-19T08:36:45.954283933Z	37.39	39.85	15.97	kafka-001	89.36
236	15.97	698.881	550.115	39.6	2018-08-19T08:36:52.965200929Z	39.74	39.63	15.97	kafka-001	89.37
237	15.97	704.409	550.699	40.02	2018-08-19T08:36:59.976424475Z	39.6	39.34	15.97	kafka-001	89.37
237	15.97	704.938	840.153	39.72	2018-08-19T08:37:06.990281197Z	40.02	39.28	15.97	kafka-001	89.38
238	15.97	698.265	548.722	41.0	2018-08-19T08:37:14.002003157Z	39.72	39.45	15.97	kafka-001	89.38
238	15.97	699.042	834.795	41.19	2018-08-19T08:37:21.014242885Z	41.0	39.58	15.97	kafka-001	89.39
239	15.97	700.557	548.285	39.26	2018-08-19T08:37:28.027812578Z	41.19	40.21	15.97	kafka-001	89.39
240	15.97	705.286	842.627	38.45	2018-08-19T08:37:35.039766105Z	39.26	40.13	15.97	kafka-001	89.4
240	15.97	700.463	550.386	40.93	2018-08-19T08:37:42.055383904Z	38.45	39.94	15.97	kafka-001	89.4
241	15.97	695.215	543.378	42.21	2018-08-19T08:37:49.067762471Z	40.93	40.09	15.97	kafka-001	89.4
242	15.97	706.911	837.54	40.05	2018-08-19T08:37:56.078196353Z	42.21	40.51	15.97	kafka-001	89.41
242	15.97	697.514	547.504	40.66	2018-08-19T08:38:03.088100424Z	40.05	40.35	15.97	kafka-001	89.42
243	15.97	705.876	840.714	41.63	2018-08-19T08:38:10.100044074Z	40.66	40.26	15.97	kafka-001	89.42
244	15.97	705.445	553.653	38.96	2018-08-19T08:38:17.114326842Z	41.63	40.65	15.97	kafka-001	89.42
244	15.97	703.623	544.124	40.78	2018-08-19T08:38:24.128964094Z	38.96	40.74	15.97	kafka-001	89.43
245	15.97	703.702	837.456	35.43	2018-08-19T08:38:31.14261199Z	40.78	40.71	15.97	kafka-001	89.44
245	15.97	699.397	549.168	39.65	2018-08-19T08:38:38.155359588Z	35.43	39.58	15.97	kafka-001	89.44
246	15.97	696.854	835.685	36.27	2018-08-19T08:38:45.166547213Z	39.65	39.52	15.97	kafka-001	89.45
247	15.97	699.263	550.297	40.28	2018-08-19T08:38:52.182596486Z	36.27	38.79	15.97	kafka-001	89.45
247	15.97	704.199	550.027	37.11	2018-08-19T08:38:59.201402329Z	40.28	38.56	15.97	kafka-001	89.45
247	15.97	702.34	838.559	40.02	2018-08-19T08:39:06.214209583Z	37.11	38.25	15.97	kafka-001	89.46
247	15.97	696.65	546.29	41.09	2018-08-19T08:39:13.227196372Z	40.02	38.13	15.97	kafka-001	89.46
247	15.97	697.065	839.082	45.11	2018-08-19T08:39:20.239276806Z	41.09	39.07	15.97	kafka-001	89.47
247	15.97	698.803	547.604	36.23	2018-08-19T08:39:27.252110857Z	45.11	39.98	15.97	kafka-001	89.47
247	15.97	699.977	549.099	40.22	2018-08-19T08:39:34.26387262Z	36.23	39.97	15.97	kafka-001	89.48
247	15.97	698.404	840.02	37.1	2018-08-19T08:39:41.275722164Z	40.22	39.96	15.97	kafka-001	89.48
247	15.97	696.763	550.556	40.05	2018-08-19T08:39:48.288002847Z	37.1	39.96	15.97	kafka-001	89.49
247	15.97	700.826	839.23	40.26	2018-08-19T08:39:55.301163697Z	40.05	39.97	15.97	kafka-001	89.49
247	15.97	697.18	549.02	38.57	2018-08-19T08:40:02.314902511Z	40.26	39.83	15.97	kafka-001	89.5
247	15.97	696.249	550.453	39.77	2018-08-19T08:40:09.32675789Z	38.57	38.74	15.97	kafka-001	89.5
247	15.97	696.265	830.086	38.52	2018-08-19T08:40:16.337565333Z	39.77	39.33	15.97	kafka-001	89.51
