memory%	memory_active_anon%	host_moving_avg_cpu	memory_rss%	sensor_count	timestamp	net_send	host_cpu	net_receive	container_cpu%	name
87.02	37.96	nan	37.96	0	2018-08-08T21:08:08.638794961Z	25002.687	0	1314.008	1.28	cassandra-001
87.02	37.96	nan	37.96	3	2018-08-08T21:08:15.647205621Z	0.0	1.28	0.0	1.36	cassandra-001
87.02	37.96	nan	37.96	6	2018-08-08T21:08:22.658183262Z	0.0	1.36	0.0	1.82	cassandra-001
87.05	37.96	nan	37.96	9	2018-08-08T21:08:29.668320377Z	0.0	1.82	0.0	9.43	cassandra-001
87.1	37.96	nan	37.96	12	2018-08-08T21:08:36.678048237Z	0.342	9.43	0.282	16.86	cassandra-001
87.19	37.97	5.12	37.97	15	2018-08-08T21:08:43.685342957Z	0.0	16.86	0.0	23.21	cassandra-001
87.27	37.96	8.99	37.96	19	2018-08-08T21:08:50.692585355Z	0.0	23.21	0.0	27.51	cassandra-001
87.37	37.95	13.36	37.95	22	2018-08-08T21:08:57.702699402Z	0.0	27.51	0.0	28.19	cassandra-001
87.5	37.96	17.84	37.96	25	2018-08-08T21:09:04.70999545Z	0.342	28.19	0.282	26.13	cassandra-001
87.66	37.96	21.89	37.96	28	2018-08-08T21:09:11.716670174Z	0.0	26.13	0.0	30.56	cassandra-001
88.28	37.96	25.41	37.96	31	2018-08-08T21:09:18.728887398Z	0.0	30.56	0.0	37.66	cassandra-001
88.45	37.96	28.88	37.96	34	2018-08-08T21:09:25.736034327Z	0.0	37.66	0.0	47.86	cassandra-001
88.64	37.97	32.98	37.97	37	2018-08-08T21:09:32.744265881Z	0.342	47.86	0.282	48.95	cassandra-001
88.82	37.97	36.56	37.97	39	2018-08-08T21:09:39.764515605Z	0.0	48.95	0.0	32.0	cassandra-001
89.03	37.97	37.19	37.97	41	2018-08-08T21:09:46.772134124Z	0.0	32.0	0.0	44.27	cassandra-001
89.25	37.97	40.22	37.97	43	2018-08-08T21:09:53.780395379Z	0.0	44.27	0.0	54.76	cassandra-001
89.48	37.96	44.25	37.96	46	2018-08-08T21:10:00.790121092Z	0.342	54.76	0.282	52.97	cassandra-001
89.72	37.97	46.8	37.97	48	2018-08-08T21:10:07.80038818Z	0.0	52.97	0.0	55.28	cassandra-001
89.96	37.96	48.04	37.96	50	2018-08-08T21:10:14.80706886Z	0.0	55.28	0.0	47.04	cassandra-001
91.37	37.98	47.72	37.98	52	2018-08-08T21:10:21.815271544Z	0.0	47.04	0.0	76.77	cassandra-001
92.71	37.95	55.18	37.95	54	2018-08-08T21:10:28.822316202Z	0.0	76.77	0.0	105.3	cassandra-001
92.66	37.94	65.35	37.94	56	2018-08-08T21:10:35.829253644Z	0.342	105.3	0.282	81.96	cassandra-001
92.63	37.94	69.89	37.94	58	2018-08-08T21:10:42.838190255Z	0.0	81.96	0.0	88.93	cassandra-001
92.55	37.93	75.88	37.93	60	2018-08-08T21:10:49.846223191Z	0.0	88.93	0.0	84.91	cassandra-001
89.2	37.93	80.82	37.93	63	2018-08-08T21:10:56.855372819Z	59.629	84.91	3.031	111.95	cassandra-001
91.27	37.93	91.64	37.93	64	2018-08-08T21:11:03.864398032Z	0.0	111.95	0.0	109.39	cassandra-001
92.17	37.94	97.07	37.94	66	2018-08-08T21:11:10.875708093Z	0.0	109.39	0.0	121.36	cassandra-001
92.51	37.94	99.75	37.94	68	2018-08-08T21:11:17.884673813Z	0.0	121.36	0.0	82.24	cassandra-001
92.8	37.93	99.8	37.93	70	2018-08-08T21:11:24.896507337Z	59.761	82.24	2.965	57.52	cassandra-001
92.73	37.93	94.56	37.93	72	2018-08-08T21:11:31.903763154Z	0.0	57.52	0.0	107.07	cassandra-001
92.51	37.93	98.26	37.93	74	2018-08-08T21:11:38.912270259Z	0.0	107.07	0.0	107.99	cassandra-001
92.8	37.93	97.6	37.93	75	2018-08-08T21:11:45.919877057Z	0.0	107.99	0.0	169.27	cassandra-001
92.76	37.93	107.58	37.93	77	2018-08-08T21:11:52.925843975Z	0.342	169.27	0.282	83.93	cassandra-001
92.71	37.93	101.34	37.93	79	2018-08-08T21:11:59.93235374Z	0.0	83.93	0.0	112.42	cassandra-001
92.49	37.93	106.37	37.93	80	2018-08-08T21:12:06.94299405Z	0.0	112.42	0.0	109.3	cassandra-001
92.7	37.93	115.0	37.93	82	2018-08-08T21:12:13.949817235Z	59.431	109.3	2.833	118.76	cassandra-001
92.79	37.94	116.94	37.94	83	2018-08-08T21:12:20.958814851Z	0.0	118.76	0.0	187.32	cassandra-001
92.08	37.94	130.17	37.94	85	2018-08-08T21:12:27.965944086Z	0.0	187.32	0.0	78.29	cassandra-001
92.6	37.94	115.0	37.94	85	2018-08-08T21:12:34.972081184Z	0.0	78.29	0.0	118.53	cassandra-001
92.78	37.94	120.77	37.94	85	2018-08-08T21:12:41.979640568Z	59.761	118.53	3.031	119.7	cassandra-001
92.72	37.94	121.98	37.94	85	2018-08-08T21:12:48.987943568Z	59.695	119.7	2.899	74.01	cassandra-001
73.04	37.94	116.1	37.94	85	2018-08-08T21:12:55.994550649Z	0.0	74.01	0.0	129.06	cassandra-001
74.88	37.94	117.82	37.94	85	2018-08-08T21:13:03.00280504Z	59.431	129.06	3.097	116.16	cassandra-001
76.68	37.93	105.96	37.93	85	2018-08-08T21:13:10.01130905Z	0.0	116.16	0.0	112.63	cassandra-001
78.49	37.93	111.68	37.93	85	2018-08-08T21:13:17.017890087Z	0.0	112.63	0.0	121.1	cassandra-001
79.55	37.93	112.11	37.93	85	2018-08-08T21:13:24.024456516Z	0.0	121.1	0.0	79.39	cassandra-001
74.5	37.92	105.39	37.92	85	2018-08-08T21:13:31.03441575Z	0.342	79.39	0.282	91.91	cassandra-001
74.94	37.92	108.38	37.92	86	2018-08-08T21:13:38.041247601Z	0.0	91.91	0.0	81.41	cassandra-001
75.35	37.94	100.43	37.94	87	2018-08-08T21:13:45.050016064Z	59.629	81.41	2.965	78.5	cassandra-001
75.78	37.93	94.16	37.93	89	2018-08-08T21:13:52.058832514Z	59.563	78.5	2.899	74.55	cassandra-001
76.51	37.92	87.81	37.92	90	2018-08-08T21:13:59.067536486Z	0.0	74.55	0.0	101.68	cassandra-001
76.75	37.93	84.57	37.93	91	2018-08-08T21:14:06.074831788Z	0.0	101.68	0.0	87.81	cassandra-001
77.21	37.93	85.98	37.93	93	2018-08-08T21:14:13.08411328Z	0.0	87.81	0.0	78.69	cassandra-001
77.67	37.93	83.77	37.93	94	2018-08-08T21:14:20.093795666Z	0.171	78.69	0.075	81.71	cassandra-001
78.16	37.93	83.82	37.93	95	2018-08-08T21:14:27.103356765Z	0.171	81.71	0.207	90.06	cassandra-001
79.11	37.93	85.75	37.93	97	2018-08-08T21:14:34.112715171Z	0.0	90.06	0.0	83.1	cassandra-001
79.6	37.93	87.18	37.93	98	2018-08-08T21:14:41.120826903Z	0.0	83.1	0.0	75.59	cassandra-001
80.1	37.93	82.83	37.93	100	2018-08-08T21:14:48.127214523Z	0.0	75.59	0.0	72.02	cassandra-001
80.57	37.93	80.2	37.93	101	2018-08-08T21:14:55.135290545Z	0.342	72.02	0.282	103.79	cassandra-001
81.26	37.93	84.38	37.93	103	2018-08-08T21:15:02.143146128Z	0.0	103.79	0.0	131.93	cassandra-001
83.19	37.93	92.75	37.93	104	2018-08-08T21:15:09.153024788Z	59.629	131.93	3.163	138.45	cassandra-001
85.13	37.93	100.81	37.93	105	2018-08-08T21:15:16.160075116Z	0.0	138.45	0.0	124.74	cassandra-001
87.07	37.93	107.75	37.93	105	2018-08-08T21:15:23.16606086Z	0.0	124.74	0.0	129.37	cassandra-001
89.27	37.93	116.72	37.93	105	2018-08-08T21:15:30.173267813Z	0.0	129.37	0.0	68.22	cassandra-001
83.06	37.93	116.08	37.93	105	2018-08-08T21:15:37.180496368Z	0.342	68.22	0.282	86.88	cassandra-001
83.58	37.93	113.27	37.93	105	2018-08-08T21:15:44.188544844Z	0.0	86.88	0.0	85.54	cassandra-001
84.11	37.93	105.53	37.93	105	2018-08-08T21:15:51.197003952Z	0.0	85.54	0.0	81.41	cassandra-001
84.74	37.93	96.03	37.93	105	2018-08-08T21:15:58.20608527Z	0.0	81.41	0.0	97.38	cassandra-001
85.27	37.93	91.47	37.93	105	2018-08-08T21:16:05.214079846Z	0.342	97.38	0.282	83.03	cassandra-001
85.8	37.93	83.74	37.93	105	2018-08-08T21:16:12.222025622Z	0.042	83.03	0.042	104.9	cassandra-001
87.08	37.93	89.86	37.93	105	2018-08-08T21:16:19.231042957Z	0.0	104.9	0.0	156.51	cassandra-001
86.49	37.93	101.46	37.93	107	2018-08-08T21:16:26.237019238Z	0.0	156.51	0.0	88.64	cassandra-001
87.03	37.93	101.98	37.93	108	2018-08-08T21:16:33.24390018Z	0.0	88.64	0.0	98.05	cassandra-001
87.36	37.93	104.75	37.93	110	2018-08-08T21:16:40.251218938Z	0.384	98.05	0.324	70.8	cassandra-001
87.94	37.93	100.32	37.93	111	2018-08-08T21:16:47.257065859Z	59.761	70.8	2.965	103.18	cassandra-001
88.93	37.93	103.68	37.93	113	2018-08-08T21:16:54.263488505Z	0.0	103.18	0.0	121.75	cassandra-001
90.9	37.93	106.49	37.93	114	2018-08-08T21:17:01.27056894Z	0.0	121.75	0.0	122.81	cassandra-001
92.51	37.92	100.87	37.92	115	2018-08-08T21:17:08.276900623Z	0.0	122.81	0.0	117.14	cassandra-001
92.64	37.93	105.62	37.93	115	2018-08-08T21:17:15.283706557Z	59.629	117.14	3.031	146.08	cassandra-001
87.05	37.93	113.63	37.93	115	2018-08-08T21:17:22.289901517Z	0.0	146.08	0.0	76.79	cassandra-001
87.63	37.93	114.63	37.93	115	2018-08-08T21:17:29.296718588Z	0.0	76.79	0.0	89.43	cassandra-001
88.21	37.93	112.33	37.93	115	2018-08-08T21:17:36.30506848Z	59.761	89.43	3.097	98.72	cassandra-001
88.87	37.93	108.5	37.93	115	2018-08-08T21:17:43.312940044Z	0.0	98.72	0.0	83.34	cassandra-001
89.43	37.93	101.92	37.93	115	2018-08-08T21:17:50.322895985Z	0.0	83.34	0.0	86.16	cassandra-001
89.99	37.93	96.75	37.93	115	2018-08-08T21:17:57.332091019Z	0.0	86.16	0.0	76.07	cassandra-001
91.84	37.93	85.08	37.93	115	2018-08-08T21:18:04.339539132Z	59.695	76.07	2.899	155.37	cassandra-001
90.82	37.93	98.18	37.93	116	2018-08-08T21:18:11.348806834Z	59.761	155.37	3.163	87.29	cassandra-001
91.41	37.96	97.82	37.96	118	2018-08-08T21:18:18.35753358Z	0.0	87.29	0.0	98.4	cassandra-001
91.96	37.93	97.77	37.93	119	2018-08-08T21:18:25.369354675Z	0.0	98.4	0.0	93.36	cassandra-001
91.95	37.93	99.44	37.93	121	2018-08-08T21:18:32.377172461Z	0.0	93.36	0.0	125.35	cassandra-001
92.58	37.93	105.97	37.93	122	2018-08-08T21:18:39.384632918Z	0.0	125.35	0.0	148.19	cassandra-001
92.62	37.93	117.99	37.93	123	2018-08-08T21:18:46.395229662Z	0.342	148.19	0.282	135.78	cassandra-001
92.63	37.93	114.73	37.93	125	2018-08-08T21:18:53.403556756Z	0.0	135.78	0.0	153.04	cassandra-001
91.85	37.93	125.69	37.93	125	2018-08-08T21:19:00.411923925Z	0.0	153.04	0.0	78.17	cassandra-001
88.72	37.93	122.31	37.93	125	2018-08-08T21:19:07.419553866Z	0.0	78.17	0.0	127.98	cassandra-001
91.68	37.93	128.08	37.93	125	2018-08-08T21:19:14.42564524Z	0.342	127.98	0.282	196.13	cassandra-001
92.14	37.93	139.88	37.93	125	2018-08-08T21:19:21.43203629Z	0.0	196.13	0.0	133.39	cassandra-001
92.53	37.93	137.41	37.93	125	2018-08-08T21:19:28.43998246Z	0.0	133.39	0.0	129.74	cassandra-001
92.6	37.93	136.41	37.93	125	2018-08-08T21:19:35.448297306Z	0.0	129.74	0.0	130.2	cassandra-001
92.62	37.94	132.6	37.94	125	2018-08-08T21:19:42.455631483Z	0.342	130.2	0.282	117.61	cassandra-001
92.8	37.97	139.17	37.97	125	2018-08-08T21:19:49.464326807Z	0.0	117.61	0.0	126.31	cassandra-001
92.78	37.96	138.9	37.96	125	2018-08-08T21:19:56.472010686Z	0.0	126.31	0.0	141.87	cassandra-001
91.72	37.97	129.85	37.97	125	2018-08-08T21:20:03.479005491Z	0.0	141.87	0.0	119.75	cassandra-001
91.96	37.98	127.58	37.98	125	2018-08-08T21:20:10.487301146Z	59.761	119.75	2.899	138.35	cassandra-001
92.66	37.98	129.01	37.98	125	2018-08-08T21:20:17.496633071Z	0.0	138.35	0.0	140.84	cassandra-001
