host_cpu	timestamp	memory%	host_moving_avg_cpu	net_receive	memory_active_anon%	memory_rss%	name	container_cpu%	sensor_count	net_send
0	2018-08-18T05:02:23.451011934Z	69.67	nan	23.323	37.59	37.62	cassandra-001	3.05	1	196.628
3.05	2018-08-18T05:02:30.458053017Z	69.67	nan	0.0	37.62	37.62	cassandra-001	1.57	4	0.0
1.57	2018-08-18T05:02:37.464497232Z	69.81	nan	0.282	37.74	37.76	cassandra-001	1.6	7	0.342
1.6	2018-08-18T05:02:44.472482673Z	69.81	nan	0.0	37.73	37.73	cassandra-001	24.77	11	0.0
24.77	2018-08-18T05:02:51.482165779Z	69.94	nan	0.0	37.79	37.79	cassandra-001	48.03	15	0.0
48.03	2018-08-18T05:02:58.488342869Z	70.14	13.17	0.0	37.9	37.9	cassandra-001	45.54	18	0.0
45.54	2018-08-18T05:03:05.495525251Z	70.02	20.76	0.282	37.66	37.66	cassandra-001	33.0	21	0.342
33.0	2018-08-18T05:03:12.505188326Z	70.12	25.75	0.0	37.65	37.65	cassandra-001	39.26	25	0.0
39.26	2018-08-18T05:03:19.511990913Z	70.28	32.03	0.0	37.67	37.67	cassandra-001	32.96	27	0.0
32.96	2018-08-18T05:03:26.51864276Z	70.52	37.26	0.0	37.76	37.76	cassandra-001	42.12	30	0.0
42.12	2018-08-18T05:03:33.526260428Z	70.74	40.15	0.282	37.82	37.82	cassandra-001	44.87	33	0.342
44.87	2018-08-18T05:03:40.533337132Z	70.92	39.62	0.0	37.82	37.82	cassandra-001	54.95	35	0.0
54.95	2018-08-18T05:03:47.540531645Z	71.08	41.19	0.0	37.79	37.79	cassandra-001	42.25	38	0.0
42.25	2018-08-18T05:03:54.548010517Z	71.29	42.73	0.0	37.79	37.79	cassandra-001	41.02	40	0.0
41.02	2018-08-18T05:04:01.554660395Z	72.04	43.03	0.0	37.82	37.82	cassandra-001	53.76	43	0.0
53.76	2018-08-18T05:04:08.564090939Z	72.24	46.5	0.282	37.8	37.8	cassandra-001	51.89	45	0.342
51.89	2018-08-18T05:04:15.572452863Z	72.56	48.12	0.0	37.87	37.87	cassandra-001	48.8	47	0.0
48.8	2018-08-18T05:04:22.580426972Z	72.8	48.78	0.0	37.86	37.86	cassandra-001	59.6	49	0.0
59.6	2018-08-18T05:04:29.588491508Z	73.1	49.55	0.0	37.91	37.91	cassandra-001	54.93	51	0.0
54.93	2018-08-18T05:04:36.59468476Z	73.39	51.67	0.282	37.93	37.93	cassandra-001	58.15	53	0.342
58.15	2018-08-18T05:04:43.601455045Z	73.66	54.52	0.0	37.93	37.93	cassandra-001	68.01	54	0.0
68.01	2018-08-18T05:04:50.608600852Z	73.95	56.9	0.0	37.93	37.93	cassandra-001	79.49	56	0.0
79.49	2018-08-18T05:04:57.616055015Z	74.6	61.5	0.0	37.93	37.93	cassandra-001	96.17	58	0.0
96.17	2018-08-18T05:05:04.625372054Z	76.29	69.39	0.282	37.91	37.92	cassandra-001	111.32	60	0.342
111.32	2018-08-18T05:05:11.639189322Z	78.02	78.01	0.0	37.92	37.92	cassandra-001	96.47	62	0.0
96.47	2018-08-18T05:05:18.646003424Z	79.74	84.94	0.0	37.92	37.92	cassandra-001	105.9	63	0.0
105.9	2018-08-18T05:05:25.652420504Z	75.21	92.89	0.0	37.93	37.93	cassandra-001	84.81	65	0.0
84.81	2018-08-18T05:05:32.659008776Z	75.55	95.69	0.282	37.93	37.93	cassandra-001	63.14	67	0.342
63.14	2018-08-18T05:05:39.667622314Z	77.21	92.97	0.0	37.95	37.95	cassandra-001	89.67	68	0.0
89.67	2018-08-18T05:05:46.679120625Z	76.77	91.88	0.0	37.96	37.96	cassandra-001	70.99	70	0.0
70.99	2018-08-18T05:05:53.685753197Z	77.12	85.16	0.0	37.95	37.95	cassandra-001	74.15	72	0.0
74.15	2018-08-18T05:06:00.692614687Z	77.49	81.44	0.0	37.94	37.94	cassandra-001	65.66	73	0.0
65.66	2018-08-18T05:06:07.702592843Z	77.87	74.74	0.282	37.94	37.94	cassandra-001	73.46	75	0.342
73.46	2018-08-18T05:06:14.708714652Z	78.72	72.85	0.0	37.97	37.97	cassandra-001	121.03	76	0.0
121.03	2018-08-18T05:06:21.7149572Z	78.35	82.49	0.0	37.95	37.95	cassandra-001	72.61	78	0.0
72.61	2018-08-18T05:06:28.722483589Z	78.74	79.65	0.0	37.94	37.94	cassandra-001	71.49	79	0.0
71.49	2018-08-18T05:06:35.729577722Z	79.15	79.73	0.282	37.94	37.94	cassandra-001	74.68	80	0.342
74.68	2018-08-18T05:06:42.736800825Z	79.56	79.82	0.0	37.94	37.94	cassandra-001	68.09	82	0.0
68.09	2018-08-18T05:06:49.743757599Z	81.0	80.23	0.0	37.94	37.94	cassandra-001	170.99	83	0.0
170.99	2018-08-18T05:06:56.751294481Z	80.11	96.48	0.0	37.94	37.94	cassandra-001	85.18	84	0.0
85.18	2018-08-18T05:07:03.758416983Z	80.52	90.51	0.282	37.93	37.93	cassandra-001	81.39	86	0.342
81.39	2018-08-18T05:07:10.765078415Z	80.96	91.97	0.0	37.92	37.92	cassandra-001	80.26	87	0.0
80.26	2018-08-18T05:07:17.77181052Z	81.38	93.43	0.0	37.91	37.91	cassandra-001	82.79	88	0.0
82.79	2018-08-18T05:07:24.777673368Z	82.21	94.78	0.0	37.94	37.94	cassandra-001	114.41	90	0.0
114.41	2018-08-18T05:07:31.783677593Z	84.06	102.5	0.141	37.92	37.92	cassandra-001	112.36	91	0.171
112.36	2018-08-18T05:07:38.790019128Z	85.93	92.73	0.141	37.92	37.92	cassandra-001	115.85	92	0.171
115.85	2018-08-18T05:07:45.796528834Z	87.81	97.84	0.0	37.92	37.92	cassandra-001	119.64	94	0.0
119.64	2018-08-18T05:07:52.803629167Z	89.02	104.22	0.0	37.91	37.91	cassandra-001	87.85	95	0.0
87.85	2018-08-18T05:07:59.809976778Z	83.96	105.48	0.0	37.92	37.92	cassandra-001	101.88	96	0.0
101.88	2018-08-18T05:08:06.818638381Z	84.47	108.66	0.282	37.93	37.93	cassandra-001	80.83	98	0.342
80.83	2018-08-18T05:08:13.825190605Z	84.92	103.07	0.0	37.92	37.92	cassandra-001	73.28	99	0.0
73.28	2018-08-18T05:08:20.83438225Z	86.14	96.56	0.0	37.92	37.92	cassandra-001	158.13	100	0.0
158.13	2018-08-18T05:08:27.840695944Z	86.02	103.6	0.0	37.91	37.91	cassandra-001	95.98	101	0.0
95.98	2018-08-18T05:08:34.847317575Z	86.56	99.66	0.282	37.93	37.93	cassandra-001	126.06	102	0.342
126.06	2018-08-18T05:08:41.853424081Z	87.07	106.03	0.0	37.93	37.93	cassandra-001	84.7	104	0.0
84.7	2018-08-18T05:08:48.85955202Z	88.89	103.16	0.0	37.92	37.92	cassandra-001	122.76	105	0.0
122.76	2018-08-18T05:08:55.867716416Z	87.82	110.15	0.0	37.92	37.92	cassandra-001	79.48	106	0.0
79.48	2018-08-18T05:09:02.873685042Z	88.39	111.18	0.282	37.94	37.94	cassandra-001	105.02	107	0.342
105.02	2018-08-18T05:09:09.883733495Z	88.91	102.33	0.0	37.92	37.92	cassandra-001	103.15	108	0.0
103.15	2018-08-18T05:09:16.890312908Z	89.49	103.53	0.0	37.92	37.92	cassandra-001	134.4	110	0.0
134.4	2018-08-18T05:09:23.897124207Z	91.49	104.92	0.0	37.96	37.96	cassandra-001	119.79	111	0.0
119.79	2018-08-18T05:09:30.903435682Z	92.15	110.77	0.0	37.96	37.96	cassandra-001	143.14	112	0.0
143.14	2018-08-18T05:09:37.911333437Z	92.06	114.16	0.282	37.86	37.86	cassandra-001	153.57	113	0.342
153.57	2018-08-18T05:09:44.917647749Z	90.76	126.51	0.0	37.86	37.86	cassandra-001	109.31	114	0.0
109.31	2018-08-18T05:09:51.926205679Z	87.66	127.23	0.0	37.86	37.86	cassandra-001	129.18	115	0.0
129.18	2018-08-18T05:09:58.934104345Z	89.65	131.56	0.0	37.86	37.86	cassandra-001	138.27	117	0.0
138.27	2018-08-18T05:10:05.941685061Z	91.0	132.21	0.282	37.87	37.87	cassandra-001	121.74	118	0.342
121.74	2018-08-18T05:10:12.947921135Z	92.22	132.54	0.0	37.86	37.86	cassandra-001	134.49	119	0.0
134.49	2018-08-18T05:10:19.954932687Z	92.13	131.09	0.0	37.89	37.89	cassandra-001	127.94	120	0.0
127.94	2018-08-18T05:10:26.961331848Z	92.19	126.82	0.0	37.89	37.89	cassandra-001	134.36	121	0.0
134.36	2018-08-18T05:10:33.970282143Z	92.31	131.0	0.282	37.89	37.89	cassandra-001	144.42	122	0.342
144.42	2018-08-18T05:10:40.976687902Z	92.2	133.54	0.0	37.88	37.88	cassandra-001	123.2	123	0.0
123.2	2018-08-18T05:10:47.983765016Z	92.33	131.02	0.0	37.89	37.89	cassandra-001	156.28	124	0.0
156.28	2018-08-18T05:10:54.990361395Z	92.19	136.78	0.0	37.89	37.89	cassandra-001	149.92	125	0.0
149.92	2018-08-18T05:11:01.998430337Z	92.14	139.35	0.141	37.91	37.91	cassandra-001	131.85	126	0.171
131.85	2018-08-18T05:11:09.005294456Z	92.02	140.0	0.141	37.89	37.89	cassandra-001	132.13	128	0.171
132.13	2018-08-18T05:11:16.011794974Z	92.02	139.63	0.0	37.9	37.9	cassandra-001	106.82	129	0.0
106.82	2018-08-18T05:11:23.018621419Z	91.66	133.37	0.0	37.9	37.9	cassandra-001	97.31	130	0.0
97.31	2018-08-18T05:11:30.029077726Z	92.39	129.05	0.0	37.89	37.89	cassandra-001	162.04	131	0.0
162.04	2018-08-18T05:11:37.03681327Z	91.72	130.01	0.282	37.92	37.92	cassandra-001	136.19	132	0.342
136.19	2018-08-18T05:11:44.043981212Z	92.23	127.72	0.0	37.91	37.91	cassandra-001	138.85	133	0.0
138.85	2018-08-18T05:11:51.050597188Z	92.51	128.89	0.0	37.91	37.91	cassandra-001	119.64	134	0.0
119.64	2018-08-18T05:11:58.058544651Z	92.63	126.81	0.0	37.92	37.92	cassandra-001	205.55	135	0.0
205.55	2018-08-18T05:12:05.066115755Z	71.79	143.26	0.282	37.92	37.92	cassandra-001	103.53	136	0.342
103.53	2018-08-18T05:12:12.072744826Z	72.46	144.3	0.0	37.92	37.92	cassandra-001	102.78	137	0.0
102.78	2018-08-18T05:12:19.078582739Z	74.45	134.42	0.0	37.92	37.92	cassandra-001	124.14	138	0.0
124.14	2018-08-18T05:12:26.084521068Z	75.59	132.42	0.0	37.92	37.92	cassandra-001	123.09	139	0.0
123.09	2018-08-18T05:12:33.090578186Z	77.6	129.79	0.282	37.92	37.92	cassandra-001	84.83	140	0.342
84.83	2018-08-18T05:12:40.097239171Z	80.94	123.99	0.0	37.92	37.92	cassandra-001	210.69	141	0.0
210.69	2018-08-18T05:12:47.10404774Z	80.68	124.84	0.0	37.92	37.92	cassandra-001	55.82	141	0.0
55.82	2018-08-18T05:12:54.110092165Z	76.25	116.89	0.0	37.92	37.92	cassandra-001	97.08	141	0.0
97.08	2018-08-18T05:13:01.116384395Z	78.24	115.94	0.0	37.92	37.92	cassandra-001	128.44	141	0.0
128.44	2018-08-18T05:13:08.124888289Z	77.76	116.66	0.282	37.92	37.92	cassandra-001	110.7	141	0.342
110.7	2018-08-18T05:13:15.130917802Z	78.45	114.59	0.0	37.92	37.92	cassandra-001	99.81	141	0.0
99.81	2018-08-18T05:13:22.137284169Z	78.45	117.09	0.0	37.92	37.92	cassandra-001	113.25	141	0.0
113.25	2018-08-18T05:13:29.143708024Z	79.15	100.85	0.0	37.92	37.92	cassandra-001	116.37	141	0.0
116.37	2018-08-18T05:13:36.149951504Z	79.82	110.94	0.282	37.92	37.92	cassandra-001	103.93	141	0.342
103.93	2018-08-18T05:13:43.155657718Z	80.67	112.08	0.0	37.93	37.93	cassandra-001	145.0	141	0.0
145.0	2018-08-18T05:13:50.162256129Z	82.78	114.84	0.0	37.92	37.92	cassandra-001	142.26	141	0.0
142.26	2018-08-18T05:13:57.169535594Z	84.88	120.1	0.0	37.92	37.92	cassandra-001	153.86	141	0.0
153.86	2018-08-18T05:14:04.17603613Z	86.67	129.11	0.282	37.92	37.92	cassandra-001	139.85	141	0.342
