host_cpu	memory_rss%	container_cpu%	name	host_moving_avg_cpu	memory_active_anon%	timestamp	net_send	memory%	sensor_count	net_receive
0	15.93	1.63	kafka-001	nan	15.93	2018-08-18T02:30:32.297658146Z	18679938.547	89.11	1	18156052.974
1.63	15.93	1.58	kafka-001	nan	15.93	2018-08-18T02:30:39.309946147Z	1.44	89.1	4	2.607
1.58	15.93	1.82	kafka-001	nan	15.93	2018-08-18T02:30:46.322685349Z	1.76	89.1	7	3.218
1.82	15.93	2.51	kafka-001	nan	15.93	2018-08-18T02:30:53.340261715Z	1.842	89.1	11	3.039
2.51	15.93	1.77	kafka-001	nan	15.93	2018-08-18T02:31:00.349209217Z	1.632	89.1	15	3.032
1.77	15.93	1.55	kafka-001	1.55	15.93	2018-08-18T02:31:07.362981791Z	1.232	89.1	19	2.065
1.55	15.93	1.53	kafka-001	1.81	15.93	2018-08-18T02:31:14.374602114Z	1.88	89.1	22	2.867
1.53	15.93	1.63	kafka-001	1.79	15.93	2018-08-18T02:31:21.386513785Z	1.972	89.11	26	3.096
1.63	15.93	2.63	kafka-001	1.8	15.93	2018-08-18T02:31:28.397049381Z	1.298	89.11	28	2.131
2.63	15.93	1.6	kafka-001	1.94	15.93	2018-08-18T02:31:35.409184712Z	1.51	89.1	31	2.634
1.6	15.93	1.58	kafka-001	1.78	15.93	2018-08-18T02:31:42.422364736Z	1.31	89.1	34	2.297
1.58	15.93	1.42	kafka-001	1.75	15.93	2018-08-18T02:31:49.434965567Z	1.274	89.11	36	2.107
1.42	15.93	1.64	kafka-001	1.73	15.93	2018-08-18T02:31:56.445274441Z	1.51	89.1	39	2.634
1.64	15.93	2.29	kafka-001	1.75	15.93	2018-08-18T02:32:03.45885855Z	1.31	89.1	41	2.297
2.29	15.93	1.93	kafka-001	1.86	15.93	2018-08-18T02:32:10.467497546Z	1.424	89.1	43	2.49
1.93	15.93	1.3	kafka-001	1.74	15.93	2018-08-18T02:32:17.477775609Z	1.274	89.1	45	2.107
1.3	15.93	1.48	kafka-001	1.69	15.93	2018-08-18T02:32:24.48855742Z	1.442	89.1	47	2.429
1.48	15.93	1.4	kafka-001	1.68	15.93	2018-08-18T02:32:31.499357261Z	1.972	89.1	49	3.096
1.4	15.93	2.54	kafka-001	1.67	15.93	2018-08-18T02:32:38.51550233Z	1.694	89.1	52	2.527
2.54	15.93	1.88	kafka-001	1.82	15.93	2018-08-18T02:32:45.528588882Z	1.718	89.1	53	3.176
1.88	15.93	1.6	kafka-001	1.76	15.93	2018-08-18T02:32:52.544320496Z	1.352	89.1	55	2.339
1.6	15.93	1.34	kafka-001	1.7	15.93	2018-08-18T02:32:59.555858528Z	1.232	89.1	57	2.065
1.34	15.93	1.67	kafka-001	1.71	15.93	2018-08-18T02:33:06.571114291Z	1.51	89.1	59	2.634
1.67	15.93	2.46	kafka-001	1.74	15.93	2018-08-18T02:33:13.584928212Z	1.31	89.1	61	2.297
2.46	15.93	1.91	kafka-001	1.92	15.93	2018-08-18T02:33:20.596421446Z	1.466	89.1	63	2.532
1.91	15.93	1.35	kafka-001	1.81	15.93	2018-08-18T02:33:27.60793557Z	1.232	89.11	64	2.065
1.35	15.93	1.59	kafka-001	1.72	15.93	2018-08-18T02:33:34.619634352Z	1.533	89.1	66	2.473
1.59	15.93	1.65	kafka-001	1.72	15.93	2018-08-18T02:33:41.63335713Z	1.774	89.11	68	2.898
1.65	15.93	2.72	kafka-001	1.77	15.93	2018-08-18T02:33:48.650900185Z	1.736	89.1	69	2.569
2.72	15.93	1.91	kafka-001	1.95	15.93	2018-08-18T02:33:55.663824898Z	1.84	89.1	71	2.964
1.91	15.93	1.75	kafka-001	1.86	15.93	2018-08-18T02:34:02.676553636Z	1.396	89.1	72	2.441
1.75	15.93	1.35	kafka-001	1.83	15.93	2018-08-18T02:34:09.68987766Z	1.146	89.1	74	1.921
1.35	15.93	1.68	kafka-001	1.83	15.93	2018-08-18T02:34:16.702255774Z	1.51	89.1	76	2.634
1.68	15.93	2.19	kafka-001	1.84	15.93	2018-08-18T02:34:23.716047846Z	1.352	89.1	77	2.339
2.19	15.93	2.05	kafka-001	1.93	15.93	2018-08-18T02:34:30.729559476Z	1.51	89.11	79	2.634
2.05	15.93	1.38	kafka-001	1.82	15.93	2018-08-18T02:34:37.741049196Z	1.146	89.1	80	1.921
1.38	15.93	1.48	kafka-001	1.73	15.93	2018-08-18T02:34:44.752447777Z	1.31	89.1	81	2.297
1.48	15.93	1.62	kafka-001	1.69	15.93	2018-08-18T02:34:51.765238299Z	1.638	89.1	83	2.82
1.62	15.93	2.56	kafka-001	1.73	15.93	2018-08-18T02:34:58.776998544Z	1.542	89.1	84	2.317
2.56	15.93	1.5	kafka-001	1.88	15.93	2018-08-18T02:35:05.790216322Z	2.116	89.1	85	3.24
1.5	15.93	1.83	kafka-001	1.77	15.93	2018-08-18T02:35:12.801505252Z	1.528	89.1	87	2.495
1.83	15.93	1.54	kafka-001	1.73	15.93	2018-08-18T02:35:19.813906537Z	1.146	89.1	88	1.921
1.54	15.93	1.87	kafka-001	1.76	15.93	2018-08-18T02:35:26.825388791Z	1.51	89.1	90	2.634
1.87	15.93	2.32	kafka-001	1.82	15.93	2018-08-18T02:35:33.836841674Z	1.532	89.1	91	2.539
2.32	15.93	2.2	kafka-001	1.94	15.93	2018-08-18T02:35:40.849723924Z	1.69	89.1	92	2.834
2.2	15.93	1.58	kafka-001	1.88	15.93	2018-08-18T02:35:47.860799754Z	1.146	89.1	94	1.921
1.58	15.93	1.62	kafka-001	1.89	15.93	2018-08-18T02:35:54.872733002Z	1.49	89.1	95	2.497
1.62	15.93	1.61	kafka-001	1.86	15.93	2018-08-18T02:36:01.884183269Z	1.776	89.1	96	2.978
1.61	15.93	2.58	kafka-001	1.87	15.93	2018-08-18T02:36:08.895531061Z	1.254	89.1	97	2.029
2.58	15.93	1.97	kafka-001	1.99	15.93	2018-08-18T02:36:15.910526693Z	2.238	89.1	99	3.44
1.97	15.93	1.68	kafka-001	1.93	15.93	2018-08-18T02:36:22.920835273Z	1.952	89.1	100	2.959
1.68	15.93	1.43	kafka-001	1.84	15.93	2018-08-18T02:36:29.932009698Z	1.29	89.1	101	1.987
1.43	15.93	1.64	kafka-001	1.82	15.93	2018-08-18T02:36:36.945764641Z	1.69	89.1	102	2.834
1.64	15.93	2.31	kafka-001	1.82	15.93	2018-08-18T02:36:43.958541074Z	1.49	89.1	104	2.497
2.31	15.93	2.36	kafka-001	1.94	15.93	2018-08-18T02:36:50.971008146Z	2.148	89.1	105	3.96
2.36	15.93	1.71	kafka-001	1.9	15.93	2018-08-18T02:36:57.98577416Z	0.966	89.1	106	1.721
1.71	15.93	1.55	kafka-001	1.86	15.93	2018-08-18T02:37:04.996566749Z	1.49	89.1	107	2.497
1.55	15.93	1.57	kafka-001	1.83	15.93	2018-08-18T02:37:12.007410309Z	1.596	89.1	109	2.778
1.57	15.93	2.51	kafka-001	1.86	15.93	2018-08-18T02:37:19.018271458Z	1.052	89.1	110	1.865
2.51	15.93	1.69	kafka-001	2.0	15.93	2018-08-18T02:37:26.028737207Z	1.684	89.1	111	2.808
1.69	15.93	1.85	kafka-001	1.9	15.93	2018-08-18T02:37:33.043002776Z	2.304	89.1	112	3.567
1.85	15.93	1.75	kafka-001	1.81	15.93	2018-08-18T02:37:40.054521523Z	1.82	89.1	113	2.886
1.75	15.93	1.62	kafka-001	1.82	15.93	2018-08-18T02:37:47.068007136Z	1.052	89.11	114	1.865
1.62	15.93	2.3	kafka-001	1.83	15.93	2018-08-18T02:37:54.080742944Z	1.49	89.11	116	2.497
2.3	15.93	1.65	kafka-001	1.95	15.93	2018-08-18T02:38:01.093121776Z	1.51	89.1	117	2.634
1.65	15.93	1.76	kafka-001	1.81	15.93	2018-08-18T02:38:08.104325484Z	1.008	89.1	117	1.763
1.76	15.93	1.76	kafka-001	1.82	15.93	2018-08-18T02:38:15.116148907Z	1.682	89.1	117	2.922
1.76	15.93	1.9	kafka-001	1.81	15.93	2018-08-18T02:38:23.128629246Z	1.576	89.1	117	2.641
1.9	15.93	1.76	kafka-001	1.83	15.93	2018-08-18T02:38:31.14145314Z	2.183	89.1	117	3.496
1.76	15.93	2.17	kafka-001	1.86	15.93	2018-08-18T02:38:39.152833992Z	1.612	89.1	118	2.895
2.17	15.93	1.61	kafka-001	1.83	15.93	2018-08-18T02:38:47.166741985Z	2.44	89.1	118	3.956
1.61	15.93	1.81	kafka-001	1.83	15.93	2018-08-18T02:38:55.183661529Z	2.23	89.1	118	3.528
1.81	15.93	2.03	kafka-001	1.84	15.93	2018-08-18T02:39:03.195226987Z	1.576	89.1	118	2.641
2.03	15.93	1.75	kafka-001	1.88	15.93	2018-08-18T02:39:11.207534443Z	1.596	89.1	118	2.778
1.75	15.93	1.83	kafka-001	1.86	15.93	2018-08-18T02:39:19.220251854Z	1.266	89.1	118	2.195
1.83	15.93	1.64	kafka-001	1.87	15.93	2018-08-18T02:39:27.232435255Z	1.596	89.1	118	2.778
1.64	15.93	1.72	kafka-001	1.78	15.93	2018-08-18T02:39:35.246224577Z	1.768	89.1	118	3.066
1.72	15.93	2.54	kafka-001	1.8	15.93	2018-08-18T02:39:43.267396493Z	1.576	89.1	118	2.641
2.54	15.93	1.82	kafka-001	1.92	15.93	2018-08-18T02:39:51.278467809Z	1.596	89.1	118	2.778
1.82	15.93	1.59	kafka-001	1.88	15.93	2018-08-18T02:39:59.290509114Z	1.662	89.1	118	2.591
1.59	15.93	1.55	kafka-001	1.86	15.93	2018-08-18T02:40:07.301152932Z	2.124	89.1	118	3.306
1.55	15.93	1.33	kafka-001	1.81	15.93	2018-08-18T02:40:14.319923931Z	1.622	89.11	119	2.629
1.33	15.93	1.59	kafka-001	1.76	15.93	2018-08-18T02:40:21.332852297Z	1.51	89.11	121	2.634
1.59	15.93	2.49	kafka-001	1.74	15.93	2018-08-18T02:40:28.34636722Z	1.052	89.1	122	1.865
2.49	15.93	1.75	kafka-001	1.73	15.93	2018-08-18T02:40:35.35891885Z	1.596	89.1	123	2.778
1.75	15.93	1.46	kafka-001	1.72	15.93	2018-08-18T02:40:42.372644959Z	1.446	89.1	124	2.395
1.46	15.93	1.51	kafka-001	1.7	15.93	2018-08-18T02:40:49.384390616Z	1.052	89.1	125	1.865
1.51	15.93	1.63	kafka-001	1.69	15.93	2018-08-18T02:40:56.396833762Z	1.51	89.1	126	2.634
1.63	15.93	2.45	kafka-001	1.74	15.93	2018-08-18T02:41:03.407554167Z	1.49	89.1	127	2.497
2.45	15.93	1.97	kafka-001	1.88	15.93	2018-08-18T02:41:10.418204226Z	1.49	89.1	128	2.556
1.97	15.93	1.46	kafka-001	1.8	15.93	2018-08-18T02:41:17.428314434Z	1.556	89.1	129	2.369
1.46	15.93	1.41	kafka-001	1.75	15.93	2018-08-18T02:41:24.441559681Z	2.018	89.1	130	3.025
1.41	15.93	1.7	kafka-001	1.74	15.93	2018-08-18T02:41:31.452642552Z	1.51	89.1	131	2.634
1.7	15.93	2.29	kafka-001	1.77	15.93	2018-08-18T02:41:38.465061882Z	1.052	89.1	132	1.865
2.29	15.93	1.88	kafka-001	1.88	15.93	2018-08-18T02:41:45.475746889Z	1.596	89.1	133	2.778
1.88	15.93	1.48	kafka-001	1.79	15.93	2018-08-18T02:41:52.487760072Z	1.49	89.11	134	2.497
1.48	15.93	1.59	kafka-001	1.7	15.93	2018-08-18T02:41:59.498326182Z	1.008	89.1	135	1.763
1.59	15.93	1.51	kafka-001	1.73	15.93	2018-08-18T02:42:06.507449152Z	1.51	89.1	136	2.634
1.51	15.93	2.57	kafka-001	1.74	15.93	2018-08-18T02:42:13.518368721Z	1.49	89.1	137	2.497
2.57	15.93	2.02	kafka-001	1.89	15.93	2018-08-18T02:42:20.527846302Z	1.424	89.1	138	2.49
2.02	15.93	1.44	kafka-001	1.84	15.93	2018-08-18T02:42:27.538863749Z	1.25	89.1	139	2.063
1.44	15.93	1.56	kafka-001	1.77	15.93	2018-08-18T02:42:34.547706515Z	1.952	89.1	140	2.959
1.56	15.93	1.63	kafka-001	1.78	15.93	2018-08-18T02:42:41.559145527Z	1.948	89.1	141	3.072
1.63	15.93	2.59	kafka-001	1.79	15.93	2018-08-18T02:42:48.569233473Z	1.052	89.1	141	1.865
2.59	15.93	1.78	kafka-001	1.97	15.93	2018-08-18T02:42:55.582942627Z	1.596	89.1	141	2.778
1.78	15.93	1.55	kafka-001	1.84	15.93	2018-08-18T02:43:02.594625369Z	1.842	89.1	141	3.039
1.55	15.93	1.58	kafka-001	1.76	15.93	2018-08-18T02:43:09.609464619Z	1.354	89.1	141	2.463
1.58	15.93	1.81	kafka-001	1.78	15.93	2018-08-18T02:43:16.620013228Z	1.904	89.11	141	3.218
1.81	15.93	2.42	kafka-001	1.82	15.93	2018-08-18T02:43:23.63221051Z	1.49	89.11	141	2.497
2.42	15.93	2.22	kafka-001	1.96	15.93	2018-08-18T02:43:30.643129181Z	1.789	89.11	141	3.208
2.22	15.93	1.49	kafka-001	1.89	15.93	2018-08-18T02:43:37.656369499Z	1.44	89.11	141	2.607
1.49	15.93	1.65	kafka-001	1.85	15.93	2018-08-18T02:43:44.669327606Z	2.028	89.11	141	3.369
1.65	15.93	1.64	kafka-001	1.86	15.93	2018-08-18T02:43:51.680403565Z	2.18	89.11	141	3.638
1.64	15.93	2.57	kafka-001	1.87	15.93	2018-08-18T02:43:58.689221316Z	1.538	89.11	141	2.371
2.57	15.93	1.98	kafka-001	2.0	15.93	2018-08-18T02:44:05.700136011Z	1.596	89.11	141	2.778
