name	memory%	timestamp	host_moving_avg_cpu	sensor_count	net_send	host_cpu	net_receive	memory_rss%	memory_active_anon%	container_cpu%
kafka-001	89.14	2018-08-18T04:38:32.285286463Z	nan	2	18681462.309	0	18158554.686	15.95	15.95	1.78
kafka-001	89.14	2018-08-18T04:38:39.296373789Z	nan	7	1.396	1.78	2.505	15.95	15.95	1.56
kafka-001	89.14	2018-08-18T04:38:46.30744547Z	nan	11	2.106	1.56	3.918	15.95	15.95	1.77
kafka-001	89.14	2018-08-18T04:38:53.319647599Z	nan	15	1.31	1.77	2.297	15.95	15.95	2.47
kafka-001	89.14	2018-08-18T04:39:00.331617686Z	nan	18	1.674	2.47	3.074	15.95	15.95	1.81
kafka-001	89.14	2018-08-18T04:39:07.342821472Z	1.57	21	1.44	1.81	2.607	15.95	15.95	1.53
kafka-001	89.13	2018-08-18T04:39:14.352174309Z	1.82	25	2.226	1.53	3.567	15.95	15.95	1.48
kafka-001	89.13	2018-08-18T04:39:21.363614075Z	1.77	27	2.568	1.48	4.38	15.95	15.95	1.62
kafka-001	89.13	2018-08-18T04:39:28.374968792Z	1.78	30	1.548	1.62	2.715	15.95	15.95	2.63
kafka-001	89.13	2018-08-18T04:39:35.388511631Z	1.92	33	1.718	2.63	3.176	15.95	15.95	1.89
kafka-001	89.13	2018-08-18T04:39:42.400975868Z	1.83	36	1.784	1.89	3.183	15.95	15.95	1.49
kafka-001	89.13	2018-08-18T04:39:49.411744391Z	1.77	38	1.008	1.49	1.763	15.95	15.95	1.35
kafka-001	89.13	2018-08-18T04:39:56.425064912Z	1.74	40	2.316	1.35	3.918	15.95	15.95	1.59
kafka-001	89.13	2018-08-18T04:40:03.436034975Z	1.76	42	1.698	1.59	3.039	15.95	15.95	1.83
kafka-001	89.13	2018-08-18T04:40:10.445223503Z	1.8	44	1.632	1.83	3.032	15.95	15.95	2.01
kafka-001	89.13	2018-08-18T04:40:17.456987077Z	1.69	46	1.482	2.01	2.649	15.95	15.95	1.47
kafka-001	89.13	2018-08-18T04:40:24.465954399Z	1.62	48	1.83	1.47	3.171	15.95	15.95	1.49
kafka-001	89.13	2018-08-18T04:40:31.477376805Z	1.62	50	2.18	1.49	3.638	15.95	15.95	1.58
kafka-001	89.13	2018-08-18T04:40:38.488572845Z	1.66	52	1.944	1.58	3.111	15.95	15.95	2.5
kafka-001	89.13	2018-08-18T04:40:45.501980144Z	1.81	54	1.804	2.5	3.32	15.95	15.95	1.79
kafka-001	89.13	2018-08-18T04:40:52.513670799Z	1.81	56	1.698	1.79	3.039	15.95	15.95	1.65
kafka-001	89.13	2018-08-18T04:40:59.525300107Z	1.75	58	1.288	1.65	2.463	15.95	15.95	1.49
kafka-001	89.13	2018-08-18T04:41:06.533934259Z	1.75	59	1.76	1.49	3.218	15.95	15.95	1.74
kafka-001	89.13	2018-08-18T04:41:13.543304622Z	1.79	61	1.698	1.74	3.039	15.95	15.95	2.43
kafka-001	89.14	2018-08-18T04:41:20.556855176Z	1.93	63	2.02	2.43	3.774	15.95	15.95	2.36
kafka-001	89.14	2018-08-18T04:41:27.567922381Z	1.91	64	1.639	2.36	2.825	15.95	15.95	1.44
kafka-001	89.13	2018-08-18T04:41:34.577335458Z	1.85	66	1.698	1.44	3.039	15.95	15.95	1.57
kafka-001	89.13	2018-08-18T04:41:41.591144952Z	1.84	68	1.982	1.57	3.44	15.95	15.95	1.61
kafka-001	89.13	2018-08-18T04:41:48.60142623Z	1.86	69	1.58	1.61	2.393	15.95	15.95	2.54
kafka-001	89.13	2018-08-18T04:41:55.613218385Z	1.99	71	2.498	2.54	4.368	15.95	15.95	2.12
kafka-001	89.13	2018-08-18T04:42:02.62341943Z	1.94	72	1.698	2.12	3.039	15.95	15.95	1.63
kafka-001	89.13	2018-08-18T04:42:09.63396771Z	1.82	74	1.44	1.63	2.607	15.95	15.95	1.46
kafka-001	89.13	2018-08-18T04:42:16.643948642Z	1.82	75	1.632	1.46	3.032	15.95	15.95	1.67
kafka-001	89.13	2018-08-18T04:42:23.655888241Z	1.84	76	1.31	1.67	2.297	15.95	15.95	2.34
kafka-001	89.13	2018-08-18T04:42:30.670332278Z	1.96	78	1.718	2.34	3.176	15.95	15.95	2.05
kafka-001	89.14	2018-08-18T04:42:37.681718072Z	1.88	79	1.146	2.05	1.921	15.95	15.95	1.53
kafka-001	89.14	2018-08-18T04:42:44.693842908Z	1.78	80	1.74	1.53	3.081	15.95	15.95	1.63
kafka-001	89.14	2018-08-18T04:42:51.705472983Z	1.78	82	1.718	1.63	3.176	15.95	15.95	1.51
kafka-001	89.14	2018-08-18T04:42:58.716861641Z	1.79	83	1.448	1.51	2.261	15.95	15.95	2.61
kafka-001	89.14	2018-08-18T04:43:05.733477141Z	1.94	85	2.542	2.61	3.848	15.95	15.95	1.87
kafka-001	89.14	2018-08-18T04:43:12.745007322Z	1.87	86	1.83	1.87	3.171	15.95	15.95	1.7
kafka-001	89.14	2018-08-18T04:43:19.758249918Z	1.81	87	1.44	1.7	2.607	15.95	15.95	1.4
kafka-001	89.14	2018-08-18T04:43:26.770275742Z	1.79	89	1.674	1.4	3.074	15.95	15.95	1.7
kafka-001	89.14	2018-08-18T04:43:33.781235139Z	1.8	90	1.698	1.7	3.039	15.95	15.95	2.1
kafka-001	89.14	2018-08-18T04:43:40.795826402Z	1.9	91	1.718	2.1	3.176	15.95	15.95	1.96
kafka-001	89.14	2018-08-18T04:43:47.807911446Z	1.79	92	1.146	1.96	1.921	15.95	15.95	1.38
kafka-001	89.13	2018-08-18T04:43:54.820103443Z	1.71	94	1.698	1.38	3.039	15.95	15.95	1.54
kafka-001	89.13	2018-08-18T04:44:01.831580231Z	1.68	95	1.596	1.54	2.778	15.95	15.95	1.63
kafka-001	89.13	2018-08-18T04:44:08.84343922Z	1.72	96	1.42	1.63	2.529	15.95	15.95	2.44
kafka-001	89.13	2018-08-18T04:44:15.858725389Z	1.84	98	2.1	2.44	3.282	15.95	15.95	2.05
kafka-001	89.13	2018-08-18T04:44:22.871627415Z	1.83	99	2.16	2.05	3.501	15.95	15.95	1.71
kafka-001	89.14	2018-08-18T04:44:29.883739214Z	1.79	100	1.506	1.71	2.673	15.95	15.95	1.56
kafka-001	89.14	2018-08-18T04:44:36.897804517Z	1.82	101	1.424	1.56	2.49	15.95	15.95	1.7
kafka-001	89.14	2018-08-18T04:44:43.910527698Z	1.85	103	1.31	1.7	2.297	15.95	15.95	2.34
kafka-001	89.14	2018-08-18T04:44:50.922255701Z	1.97	104	1.718	2.34	3.176	15.95	15.95	2.04
kafka-001	89.14	2018-08-18T04:44:57.933953436Z	1.9	105	1.44	2.04	2.607	15.95	15.95	1.66
kafka-001	89.14	2018-08-18T04:45:04.944596158Z	1.83	106	1.266	1.66	2.195	15.95	15.95	1.58
kafka-001	89.14	2018-08-18T04:45:11.955619708Z	1.81	107	1.804	1.58	3.32	15.95	15.95	1.55
kafka-001	89.14	2018-08-18T04:45:18.967333568Z	1.81	109	1.232	1.55	2.065	15.95	15.95	2.44
kafka-001	89.14	2018-08-18T04:45:25.978835327Z	1.93	110	2.205	2.44	3.682	15.95	15.95	2.05
kafka-001	89.14	2018-08-18T04:45:32.989229421Z	1.89	111	1.886	2.05	2.959	15.95	15.95	1.59
kafka-001	89.14	2018-08-18T04:45:40.000059479Z	1.81	112	1.514	1.59	2.554	15.95	15.95	1.42
kafka-001	89.14	2018-08-18T04:45:47.012862552Z	1.77	113	1.358	1.42	2.197	15.95	15.95	1.69
kafka-001	89.13	2018-08-18T04:45:54.024494955Z	1.79	114	1.466	1.69	2.539	15.95	15.95	2.21
kafka-001	89.13	2018-08-18T04:46:01.037925935Z	1.9	116	1.51	2.21	2.634	15.95	15.95	1.74
kafka-001	89.13	2018-08-18T04:46:08.051066049Z	1.78	117	1.052	1.74	1.865	15.95	15.95	1.57
kafka-001	89.13	2018-08-18T04:46:15.063385509Z	1.7	118	1.984	1.57	3.52	15.95	15.95	2.13
kafka-001	89.13	2018-08-18T04:46:22.076008256Z	1.79	119	1.224	2.13	2.153	15.95	15.95	1.46
kafka-001	89.13	2018-08-18T04:46:29.088444113Z	1.8	120	1.232	1.46	2.065	15.95	15.95	2.33
kafka-001	89.13	2018-08-18T04:46:36.101102376Z	1.91	121	1.51	2.33	2.634	15.95	15.95	1.53
kafka-001	89.13	2018-08-18T04:46:43.112699012Z	1.79	122	1.682	1.53	2.669	15.95	15.95	1.93
kafka-001	89.13	2018-08-18T04:46:50.123159256Z	1.82	123	1.82	1.93	2.952	15.95	15.95	1.62
kafka-001	89.14	2018-08-18T04:46:57.135088989Z	1.83	124	1.43	1.62	2.329	15.95	15.95	1.67
kafka-001	89.14	2018-08-18T04:47:04.146010609Z	1.76	125	1.31	1.67	2.297	15.95	15.95	2.03
kafka-001	89.14	2018-08-18T04:47:11.15885235Z	1.85	126	1.51	2.03	2.634	15.95	15.95	1.76
kafka-001	89.14	2018-08-18T04:47:18.170679787Z	1.76	127	1.232	1.76	2.065	15.95	15.95	1.93
kafka-001	89.14	2018-08-18T04:47:25.181970938Z	1.82	128	1.638	1.93	2.82	15.95	15.95	1.92
kafka-001	89.14	2018-08-18T04:47:32.19349403Z	1.82	129	1.31	1.92	2.297	15.95	15.95	1.64
kafka-001	89.14	2018-08-18T04:47:39.205832686Z	1.82	130	1.564	1.64	2.463	15.95	15.95	1.95
kafka-001	89.14	2018-08-18T04:47:46.21882742Z	1.87	131	1.718	1.95	3.176	15.95	15.95	1.61
kafka-001	89.14	2018-08-18T04:47:53.230954483Z	1.8	132	1.532	1.61	2.539	15.95	15.95	2.31
kafka-001	89.13	2018-08-18T04:48:00.243059587Z	1.89	133	2.482	2.31	4.236	15.95	15.95	2.0
kafka-001	89.13	2018-08-18T04:48:07.255621995Z	1.9	134	1.902	2.0	3.069	15.95	15.95	1.61
kafka-001	89.13	2018-08-18T04:48:14.267214338Z	1.85	135	1.442	1.61	2.429	15.95	15.95	1.58
kafka-001	89.13	2018-08-18T04:48:21.278761112Z	1.84	136	2.148	1.58	3.96	15.95	15.95	1.83
kafka-001	89.13	2018-08-18T04:48:28.290754812Z	1.82	137	1.052	1.83	1.865	15.95	15.95	2.54
kafka-001	89.13	2018-08-18T04:48:35.303085047Z	1.98	138	1.596	2.54	2.778	15.95	15.95	1.85
kafka-001	89.14	2018-08-18T04:48:42.314351122Z	1.9	139	1.49	1.85	2.497	15.95	15.95	1.59
kafka-001	89.14	2018-08-18T04:48:49.326983943Z	1.83	140	1.008	1.59	1.763	15.95	15.95	1.52
kafka-001	89.13	2018-08-18T04:48:56.346862194Z	1.82	141	1.718	1.52	3.176	15.95	15.95	1.54
kafka-001	89.14	2018-08-18T04:49:03.35853907Z	1.81	141	1.698	1.54	3.039	15.95	15.95	2.51
kafka-001	89.14	2018-08-18T04:49:10.370602035Z	1.92	141	1.698	2.51	3.098	15.95	15.95	1.75
kafka-001	89.14	2018-08-18T04:49:17.381807104Z	1.79	141	1.736	1.75	2.569	15.95	15.95	1.48
kafka-001	89.13	2018-08-18T04:49:24.393357354Z	1.73	141	1.838	1.48	2.825	15.95	15.95	1.42
kafka-001	89.14	2018-08-18T04:49:31.408139769Z	1.7	141	1.444	1.42	2.634	15.95	15.95	1.89
kafka-001	89.14	2018-08-18T04:49:38.421231489Z	1.76	141	1.232	1.89	2.065	15.95	15.95	2.39
kafka-001	89.14	2018-08-18T04:49:45.434392696Z	1.91	141	1.846	2.39	3.362	15.95	15.95	1.99
kafka-001	89.13	2018-08-18T04:49:52.444952842Z	1.82	141	1.698	1.99	3.039	15.95	15.95	1.55
kafka-001	89.14	2018-08-18T04:49:59.45699155Z	1.79	141	1.354	1.55	2.463	15.95	15.95	1.54
kafka-001	89.14	2018-08-18T04:50:06.471037213Z	1.8	141	1.76	1.54	3.218	15.95	15.95	1.43
kafka-001	89.14	2018-08-18T04:50:13.482933456Z	1.8	141	1.49	1.43	2.497	15.95	15.95	2.48
