net_receive	host_cpu	sensor_count	timestamp	memory%	net_send	memory_active_anon%	container_cpu%	host_moving_avg_cpu	name	memory_rss%
2633140.008	0	2	2018-08-17T14:03:42.631355637Z	76.51	530138.508	38.1	1.19	nan	cassandra-001	38.1
3.575	1.19	6	2018-08-17T14:03:49.637768704Z	76.5	59.822	38.1	16.19	nan	cassandra-001	38.1
23.685	16.19	10	2018-08-17T14:03:56.643999252Z	76.5	62.119	38.1	5.9	nan	cassandra-001	38.1
13.895	5.9	14	2018-08-17T14:04:03.653117036Z	76.5	1.368	38.1	1.2	nan	cassandra-001	38.1
38.383	1.2	17	2018-08-17T14:04:10.659801995Z	76.51	4.528	38.1	4.58	nan	cassandra-001	38.1
23.605	4.58	21	2018-08-17T14:04:17.669752431Z	76.51	2.236	38.1	1.18	4.84	cassandra-001	38.1
26.973	1.18	24	2018-08-17T14:04:24.676811602Z	76.51	3.515	38.1	1.25	5.04	cassandra-001	38.1
62.366	1.25	27	2018-08-17T14:04:31.683822016Z	76.5	7.9	38.09	1.08	5.05	cassandra-001	38.09
35.218	1.08	29	2018-08-17T14:04:38.68977578Z	76.5	4.094	38.09	1.12	2.53	cassandra-001	38.09
76.558	1.12	32	2018-08-17T14:04:45.699385743Z	76.5	9.004	38.09	10.49	1.74	cassandra-001	38.09
41.956	10.49	35	2018-08-17T14:04:52.707545441Z	76.5	4.646	38.09	1.21	3.28	cassandra-001	38.09
45.333	1.21	37	2018-08-17T14:04:59.719312204Z	76.5	5.133	38.09	1.07	2.72	cassandra-001	38.09
96.835	1.07	40	2018-08-17T14:05:06.726101763Z	76.5	11.506	38.09	1.11	2.7	cassandra-001	38.09
50.414	1.11	42	2018-08-17T14:05:13.735134409Z	76.51	4.432	38.09	1.26	2.68	cassandra-001	38.09
109.684	1.26	44	2018-08-17T14:05:20.743413377Z	76.51	13.838	38.09	8.99	2.71	cassandra-001	38.09
57.955	8.99	47	2018-08-17T14:05:27.750363811Z	76.51	5.987	38.09	1.11	4.02	cassandra-001	38.09
59.877	1.11	49	2018-08-17T14:05:34.757200487Z	76.51	6.792	38.09	1.05	2.46	cassandra-001	38.09
125.499	1.05	51	2018-08-17T14:05:41.765161585Z	76.51	13.226	38.09	1.12	2.43	cassandra-001	38.09
64.84	1.12	53	2018-08-17T14:05:48.772398198Z	76.51	6.83	38.09	1.13	2.44	cassandra-001	38.09
135.723	1.13	55	2018-08-17T14:05:55.780096744Z	76.51	16.799	38.09	9.1	2.44	cassandra-001	38.09
68.159	9.1	57	2018-08-17T14:06:02.78854822Z	76.51	5.31	38.09	1.18	3.75	cassandra-001	38.09
68.257	1.18	59	2018-08-17T14:06:09.795338543Z	76.51	7.052	38.09	1.15	2.45	cassandra-001	38.09
150.076	1.15	61	2018-08-17T14:06:16.80239718Z	76.51	16.122	38.09	1.08	2.46	cassandra-001	38.09
77.957	1.08	62	2018-08-17T14:06:23.812197615Z	76.51	8.647	38.09	2.6	2.46	cassandra-001	38.09
160.631	2.6	64	2018-08-17T14:06:30.818326582Z	76.51	17.914	38.09	11.85	2.71	cassandra-001	38.09
81.681	11.85	66	2018-08-17T14:06:37.826745557Z	76.51	8.382	38.09	1.03	4.49	cassandra-001	38.09
82.643	1.03	68	2018-08-17T14:06:44.836666486Z	76.51	9.398	38.09	1.1	3.15	cassandra-001	38.09
175.251	1.1	70	2018-08-17T14:06:51.843302714Z	76.51	19.19	38.09	1.07	3.14	cassandra-001	38.09
87.795	1.07	71	2018-08-17T14:06:58.849724141Z	76.51	9.079	38.09	1.23	3.12	cassandra-001	38.09
180.795	1.23	73	2018-08-17T14:07:05.856649983Z	76.51	20.864	38.09	12.46	3.15	cassandra-001	38.09
94.227	12.46	75	2018-08-17T14:07:12.865538221Z	76.51	10.53	38.09	1.23	4.79	cassandra-001	38.09
94.421	1.23	76	2018-08-17T14:07:19.873974018Z	76.48	11.018	38.06	1.33	3.02	cassandra-001	38.06
198.365	1.33	78	2018-08-17T14:07:26.880760619Z	76.48	21.175	38.05	0.96	3.07	cassandra-001	38.05
100.271	0.96	80	2018-08-17T14:07:33.889664302Z	76.48	11.096	38.05	1.16	3.05	cassandra-001	38.05
205.118	1.16	81	2018-08-17T14:07:40.896042786Z	76.48	24.21	38.05	10.97	3.06	cassandra-001	38.05
104.954	10.97	83	2018-08-17T14:07:47.907473261Z	76.48	11.2	38.05	1.17	4.69	cassandra-001	38.05
104.447	1.17	84	2018-08-17T14:07:54.915088037Z	76.48	10.407	38.05	1.17	2.8	cassandra-001	38.05
211.723	1.17	86	2018-08-17T14:08:01.924184236Z	76.48	22.266	38.05	1.12	2.79	cassandra-001	38.05
109.862	1.12	87	2018-08-17T14:08:08.93186179Z	76.48	12.558	38.05	1.43	2.76	cassandra-001	38.05
224.942	1.43	89	2018-08-17T14:08:15.938374984Z	76.48	25.194	38.05	14.32	2.84	cassandra-001	38.05
112.911	14.32	90	2018-08-17T14:08:22.948867037Z	76.48	11.91	38.05	1.15	5.03	cassandra-001	38.05
114.322	1.15	92	2018-08-17T14:08:29.959493506Z	76.48	13.097	38.05	1.16	3.39	cassandra-001	38.05
234.599	1.16	93	2018-08-17T14:08:36.966176531Z	76.48	25.864	38.05	0.99	3.39	cassandra-001	38.05
119.314	0.99	94	2018-08-17T14:08:43.972761962Z	76.49	11.948	38.05	1.13	3.36	cassandra-001	38.05
243.175	1.13	96	2018-08-17T14:08:50.979762059Z	76.49	23.314	38.05	11.5	3.36	cassandra-001	38.05
124.276	11.5	97	2018-08-17T14:08:57.988170358Z	76.48	12.857	38.05	0.89	5.04	cassandra-001	38.05
124.78	0.89	99	2018-08-17T14:09:04.998478065Z	76.49	12.052	38.05	1.25	2.8	cassandra-001	38.05
250.651	1.25	100	2018-08-17T14:09:12.00593491Z	76.49	24.182	38.05	1.15	2.82	cassandra-001	38.05
124.547	1.15	101	2018-08-17T14:09:19.011828045Z	76.49	12.394	38.05	1.18	2.82	cassandra-001	38.05
260.144	1.18	102	2018-08-17T14:09:26.020320163Z	76.49	29.485	38.05	11.38	2.85	cassandra-001	38.05
128.719	11.38	104	2018-08-17T14:09:33.028318361Z	76.49	12.736	38.05	1.16	4.56	cassandra-001	38.05
131.616	1.16	105	2018-08-17T14:09:40.035297983Z	76.49	13.158	38.05	1.02	2.84	cassandra-001	38.05
263.047	1.02	106	2018-08-17T14:09:47.042161409Z	76.49	26.724	38.05	1.16	2.86	cassandra-001	38.05
134.264	1.16	108	2018-08-17T14:09:54.049393546Z	76.49	12.734	38.05	1.97	2.84	cassandra-001	38.05
274.745	1.97	109	2018-08-17T14:10:01.056150563Z	76.49	29.309	38.05	13.84	2.98	cassandra-001	38.05
139.212	13.84	110	2018-08-17T14:10:08.063282934Z	76.49	14.278	38.05	1.09	5.09	cassandra-001	38.05
138.29	1.09	111	2018-08-17T14:10:15.069317255Z	76.5	13.842	38.05	1.11	3.37	cassandra-001	38.05
280.138	1.11	112	2018-08-17T14:10:22.075637324Z	76.5	29.623	38.05	1.04	3.37	cassandra-001	38.05
139.994	1.04	114	2018-08-17T14:10:29.085361213Z	76.5	14.857	38.05	1.09	3.37	cassandra-001	38.05
287.895	1.09	115	2018-08-17T14:10:36.092710768Z	76.5	30.374	38.05	6.12	3.36	cassandra-001	38.05
146.483	6.12	116	2018-08-17T14:10:43.099201229Z	76.5	16.48	38.05	1.18	4.05	cassandra-001	38.05
275.864	1.18	117	2018-08-17T14:10:50.107015379Z	76.5	28.425	38.05	10.33	1.94	cassandra-001	38.05
164.235	10.33	118	2018-08-17T14:10:57.116315549Z	76.5	15.64	38.05	1.16	3.48	cassandra-001	38.05
145.273	1.16	119	2018-08-17T14:11:04.12429935Z	76.5	11.806	38.05	1.09	3.49	cassandra-001	38.05
301.777	1.09	121	2018-08-17T14:11:11.133705757Z	76.5	28.112	38.05	2.18	3.5	cassandra-001	38.05
151.192	2.18	122	2018-08-17T14:11:18.14167117Z	76.5	13.996	38.05	1.15	3.68	cassandra-001	38.05
304.576	1.15	123	2018-08-17T14:11:25.149401548Z	76.51	28.743	38.05	12.99	2.85	cassandra-001	38.05
156.127	12.99	124	2018-08-17T14:11:32.158565081Z	76.5	15.698	38.05	1.06	4.82	cassandra-001	38.05
154.869	1.06	125	2018-08-17T14:11:39.165327143Z	76.5	16.054	38.05	1.07	3.27	cassandra-001	38.05
318.795	1.07	126	2018-08-17T14:11:46.173173015Z	76.5	35.79	38.05	2.74	3.26	cassandra-001	38.05
158.933	2.74	127	2018-08-17T14:11:53.181156967Z	76.51	16.766	38.05	1.02	3.53	cassandra-001	38.05
325.964	1.02	128	2018-08-17T14:12:00.188863644Z	76.51	35.641	38.06	29.54	3.34	cassandra-001	38.06
159.323	29.54	129	2018-08-17T14:12:07.195239522Z	76.5	16.712	38.05	1.12	8.07	cassandra-001	38.05
163.454	1.12	130	2018-08-17T14:12:14.201648266Z	76.51	15.326	38.05	1.07	6.09	cassandra-001	38.05
333.033	1.07	132	2018-08-17T14:12:21.208169842Z	76.51	36.934	38.05	1.17	6.09	cassandra-001	38.05
166.478	1.17	133	2018-08-17T14:12:28.215040241Z	76.5	20.921	38.05	1.07	6.11	cassandra-001	38.05
341.969	1.07	134	2018-08-17T14:12:35.223228399Z	76.51	40.404	38.05	12.22	5.83	cassandra-001	38.05
171.073	12.22	135	2018-08-17T14:12:42.230788332Z	76.51	19.02	38.05	1.06	7.7	cassandra-001	38.05
167.828	1.06	136	2018-08-17T14:12:49.236413422Z	76.51	21.422	38.05	1.01	2.95	cassandra-001	38.05
341.035	1.01	137	2018-08-17T14:12:56.243845121Z	76.51	33.075	38.05	1.26	2.93	cassandra-001	38.05
173.138	1.26	138	2018-08-17T14:13:03.254035318Z	76.51	16.194	38.05	1.1	2.96	cassandra-001	38.05
345.282	1.1	139	2018-08-17T14:13:10.260947807Z	76.51	31.846	38.05	12.63	2.95	cassandra-001	38.05
175.785	12.63	140	2018-08-17T14:13:17.268245346Z	76.51	15.784	38.05	1.13	4.88	cassandra-001	38.05
177.046	1.13	141	2018-08-17T14:13:24.275279721Z	76.51	16.179	38.05	2.08	3.03	cassandra-001	38.05
353.328	2.08	142	2018-08-17T14:13:31.281199742Z	76.52	33.718	38.05	1.1	3.2	cassandra-001	38.05
181.04	1.1	143	2018-08-17T14:13:38.28968488Z	76.51	15.73	38.05	1.04	3.22	cassandra-001	38.05
350.803	1.04	144	2018-08-17T14:13:45.298922395Z	76.52	33.914	38.05	18.12	3.18	cassandra-001	38.05
177.79	18.12	145	2018-08-17T14:13:52.308528175Z	76.52	18.422	38.05	1.12	6.02	cassandra-001	38.05
180.337	1.12	146	2018-08-17T14:13:59.315557629Z	76.52	17.761	38.05	1.19	4.1	cassandra-001	38.05
363.786	1.19	147	2018-08-17T14:14:06.32419921Z	76.52	31.272	38.05	1.14	4.11	cassandra-001	38.05
184.298	1.14	148	2018-08-17T14:14:13.331236224Z	76.52	15.53	38.05	1.05	3.95	cassandra-001	38.05
373.294	1.05	149	2018-08-17T14:14:20.3390511Z	76.52	37.844	38.05	16.5	3.94	cassandra-001	38.05
188.76	16.5	150	2018-08-17T14:14:27.345177798Z	76.52	16.743	38.05	1.11	6.52	cassandra-001	38.05
190.714	1.11	151	2018-08-17T14:14:34.354491833Z	76.52	20.756	38.05	1.1	3.68	cassandra-001	38.05
376.358	1.1	152	2018-08-17T14:14:41.36218448Z	76.53	35.228	38.05	1.17	3.68	cassandra-001	38.05
190.482	1.17	153	2018-08-17T14:14:48.37374862Z	76.52	15.33	38.05	0.99	3.68	cassandra-001	38.05
384.189	0.99	154	2018-08-17T14:14:55.3809118Z	76.53	35.041	38.05	15.38	3.65	cassandra-001	38.05
192.474	15.38	155	2018-08-17T14:15:02.388412815Z	76.53	15.646	38.05	1.01	6.04	cassandra-001	38.05
191.175	1.01	156	2018-08-17T14:15:09.395607695Z	76.54	15.672	38.05	5.09	3.46	cassandra-001	38.05
382.284	5.09	157	2018-08-17T14:15:16.405168678Z	76.53	38.96	38.05	1.17	4.12	cassandra-001	38.05
195.796	1.17	157	2018-08-17T14:15:23.4142156Z	76.54	22.324	38.05	1.21	4.13	cassandra-001	38.05
397.927	1.21	158	2018-08-17T14:15:30.426358868Z	76.54	38.377	38.05	37.64	4.14	cassandra-001	38.05
203.585	37.64	159	2018-08-17T14:15:37.436962037Z	76.54	23.894	38.05	1.22	10.25	cassandra-001	38.05
205.332	1.22	160	2018-08-17T14:15:44.445815079Z	76.54	23.894	38.05	1.27	7.89	cassandra-001	38.05
412.411	1.27	161	2018-08-17T14:15:51.453348355Z	76.54	46.414	38.05	1.07	7.93	cassandra-001	38.05
203.817	1.07	162	2018-08-17T14:15:58.462782112Z	76.54	23.655	38.05	1.1	7.26	cassandra-001	38.05
411.579	1.1	163	2018-08-17T14:16:05.473398325Z	76.54	41.872	38.05	18.81	7.25	cassandra-001	38.05
209.468	18.81	164	2018-08-17T14:16:12.483320244Z	76.54	24.13	38.05	1.05	10.18	cassandra-001	38.05
210.792	1.05	165	2018-08-17T14:16:19.492127356Z	76.54	23.1	38.05	1.09	4.09	cassandra-001	38.05
419.839	1.09	166	2018-08-17T14:16:26.498371494Z	76.54	46.001	38.05	1.1	4.06	cassandra-001	38.05
211.736	1.1	166	2018-08-17T14:16:33.505672274Z	76.55	24.67	38.05	1.08	4.04	cassandra-001	38.05
414.229	1.08	167	2018-08-17T14:16:40.513801694Z	76.55	43.756	38.05	17.44	4.04	cassandra-001	38.05
210.176	17.44	168	2018-08-17T14:16:47.520833727Z	76.55	21.99	38.05	1.05	6.76	cassandra-001	38.05
214.3	1.05	169	2018-08-17T14:16:54.526999751Z	76.55	23.837	38.05	2.08	3.8	cassandra-001	38.05
429.984	2.08	170	2018-08-17T14:17:01.535665222Z	76.55	45.404	38.05	1.36	3.97	cassandra-001	38.05
217.052	1.36	171	2018-08-17T14:17:08.544535313Z	76.55	24.246	38.05	1.02	4.02	cassandra-001	38.05
432.755	1.02	172	2018-08-17T14:17:15.551826998Z	76.55	46.762	38.05	17.89	4.0	cassandra-001	38.05
216.689	17.89	172	2018-08-17T14:17:22.558433752Z	76.55	23.374	38.05	1.2	6.81	cassandra-001	38.05
219.966	1.2	173	2018-08-17T14:17:29.568066158Z	76.55	24.931	38.05	1.06	4.1	cassandra-001	38.05
443.896	1.06	174	2018-08-17T14:17:36.57960738Z	76.55	51.248	38.05	1.12	4.1	cassandra-001	38.05
222.965	1.12	175	2018-08-17T14:17:43.589179322Z	76.56	25.472	38.05	1.11	3.94	cassandra-001	38.05
438.138	1.11	176	2018-08-17T14:17:50.595048382Z	76.56	44.99	38.05	18.01	3.9	cassandra-001	38.05
222.548	18.01	177	2018-08-17T14:17:57.603123184Z	76.56	21.603	38.05	1.22	6.73	cassandra-001	38.05
223.301	1.22	178	2018-08-17T14:18:04.609386249Z	76.56	22.382	38.05	1.16	3.95	cassandra-001	38.05
446.216	1.16	178	2018-08-17T14:18:11.615861687Z	76.56	43.008	38.05	1.23	3.95	cassandra-001	38.05
221.389	1.23	179	2018-08-17T14:18:18.623184634Z	76.56	21.088	38.05	0.94	3.97	cassandra-001	38.05
450.877	0.94	180	2018-08-17T14:18:25.630815683Z	76.57	45.567	38.05	19.86	3.94	cassandra-001	38.05
226.808	19.86	181	2018-08-17T14:18:32.63764599Z	76.57	25.034	38.05	1.26	7.07	cassandra-001	38.05
233.065	1.26	182	2018-08-17T14:18:39.646133305Z	76.57	27.238	38.05	1.18	4.28	cassandra-001	38.05
458.188	1.18	182	2018-08-17T14:18:46.654327079Z	76.57	48.1	38.05	1.13	4.27	cassandra-001	38.05
235.99	1.13	183	2018-08-17T14:18:53.662082502Z	76.57	29.772	38.05	1.14	4.27	cassandra-001	38.05
474.612	1.14	184	2018-08-17T14:19:00.671005406Z	76.57	58.447	38.05	16.93	4.25	cassandra-001	38.05
233.944	16.93	185	2018-08-17T14:19:07.679119458Z	76.57	23.95	38.05	1.08	6.92	cassandra-001	38.05
232.994	1.08	186	2018-08-17T14:19:14.688209885Z	76.58	25.23	38.05	1.09	3.79	cassandra-001	38.05
468.746	1.09	186	2018-08-17T14:19:21.699578456Z	76.58	49.76	38.05	1.27	3.76	cassandra-001	38.05
236.414	1.27	187	2018-08-17T14:19:28.708481039Z	76.57	24.767	38.05	1.07	3.77	cassandra-001	38.05
474.195	1.07	188	2018-08-17T14:19:35.71533274Z	76.58	45.112	38.05	17.45	3.76	cassandra-001	38.05
233.601	17.45	189	2018-08-17T14:19:42.722714858Z	76.58	19.83	38.05	1.21	6.48	cassandra-001	38.05
236.643	1.21	190	2018-08-17T14:19:49.730123871Z	76.58	19.46	38.05	1.07	3.86	cassandra-001	38.05
474.269	1.07	190	2018-08-17T14:19:56.736152524Z	76.58	39.381	38.05	1.14	3.86	cassandra-001	38.05
239.013	1.14	191	2018-08-17T14:20:03.743424282Z	76.59	18.694	38.05	1.17	3.87	cassandra-001	38.05
482.376	1.17	192	2018-08-17T14:20:10.750029785Z	76.59	45.954	38.05	18.72	3.85	cassandra-001	38.05
243.03	18.72	193	2018-08-17T14:20:17.755517571Z	76.59	23.894	38.05	1.16	6.79	cassandra-001	38.05
243.063	1.16	194	2018-08-17T14:20:24.764907228Z	76.59	22.441	38.05	1.87	4.08	cassandra-001	38.05
480.921	1.87	194	2018-08-17T14:20:31.776941391Z	76.6	42.85	38.05	1.12	4.19	cassandra-001	38.05
244.002	1.12	195	2018-08-17T14:20:38.785283746Z	76.59	21.834	38.05	1.13	4.2	cassandra-001	38.05
483.776	1.13	196	2018-08-17T14:20:45.793556022Z	76.6	47.944	38.05	21.15	4.19	cassandra-001	38.05
245.404	21.15	197	2018-08-17T14:20:52.801106837Z	76.6	24.196	38.05	1.2	7.52	cassandra-001	38.05
245.295	1.2	197	2018-08-17T14:20:59.808529401Z	76.6	25.951	38.05	1.18	4.6	cassandra-001	38.05
501.893	1.18	198	2018-08-17T14:21:06.817493535Z	76.6	47.85	38.05	1.36	4.61	cassandra-001	38.05
249.374	1.36	199	2018-08-17T14:21:13.827387785Z	76.6	21.212	38.05	1.08	4.52	cassandra-001	38.05
500.045	1.08	200	2018-08-17T14:21:20.83749394Z	76.6	44.588	38.06	21.35	4.52	cassandra-001	38.06
245.998	21.35	200	2018-08-17T14:21:27.845231158Z	76.6	19.389	38.06	1.18	7.89	cassandra-001	38.06
252.95	1.18	201	2018-08-17T14:21:34.852277337Z	76.61	23.244	38.06	1.0	4.56	cassandra-001	38.06
504.274	1.0	202	2018-08-17T14:21:41.858182625Z	76.61	46.408	38.06	0.96	4.52	cassandra-001	38.06
253.978	0.96	203	2018-08-17T14:21:48.864134015Z	76.6	21.712	38.06	1.17	4.49	cassandra-001	38.06
510.521	1.17	203	2018-08-17T14:21:55.872290108Z	76.61	51.409	38.06	18.94	4.46	cassandra-001	38.06
256.834	18.94	204	2018-08-17T14:22:02.878802637Z	76.61	27.414	38.06	1.18	7.43	cassandra-001	38.06
256.464	1.18	205	2018-08-17T14:22:09.885513632Z	76.61	29.816	38.06	1.18	4.07	cassandra-001	38.06
520.339	1.18	206	2018-08-17T14:22:16.895938781Z	76.61	51.804	38.06	1.14	4.07	cassandra-001	38.06
258.362	1.14	206	2018-08-17T14:22:23.904057668Z	76.62	26.872	38.06	1.13	4.09	cassandra-001	38.06
522.671	1.13	207	2018-08-17T14:22:30.910564527Z	76.62	50.429	38.06	20.58	4.12	cassandra-001	38.06
256.454	20.58	208	2018-08-17T14:22:37.916786719Z	76.61	20.72	38.06	1.0	7.36	cassandra-001	38.06
261.474	1.0	209	2018-08-17T14:22:44.925042712Z	76.62	22.528	38.06	1.04	4.37	cassandra-001	38.06
525.603	1.04	209	2018-08-17T14:22:51.932388502Z	76.62	49.372	38.06	1.07	4.34	cassandra-001	38.06
264.234	1.07	210	2018-08-17T14:22:58.939302097Z	76.62	26.289	38.06	1.13	4.33	cassandra-001	38.06
528.298	1.13	211	2018-08-17T14:23:05.946484455Z	76.62	55.918	38.06	18.58	4.32	cassandra-001	38.06
263.931	18.58	211	2018-08-17T14:23:12.95406379Z	76.62	24.652	38.06	1.15	7.23	cassandra-001	38.06
264.662	1.15	212	2018-08-17T14:23:19.961028729Z	76.62	30.196	38.06	1.03	3.99	cassandra-001	38.06
536.165	1.03	213	2018-08-17T14:23:26.967539651Z	76.62	59.691	38.06	1.25	4.0	cassandra-001	38.06
267.997	1.25	214	2018-08-17T14:23:33.974142225Z	76.63	25.496	38.06	1.08	4.03	cassandra-001	38.06
539.272	1.08	214	2018-08-17T14:23:40.980826761Z	76.63	55.11	38.06	21.88	4.04	cassandra-001	38.06
274.341	21.88	215	2018-08-17T14:23:47.987173991Z	76.63	30.01	38.06	1.18	7.49	cassandra-001	38.06
264.95	1.18	216	2018-08-17T14:23:54.994511552Z	76.63	22.221	38.06	2.05	4.59	cassandra-001	38.06
540.517	2.05	216	2018-08-17T14:24:02.000855374Z	76.64	42.872	38.06	1.03	4.74	cassandra-001	38.06
266.705	1.03	217	2018-08-17T14:24:09.00882992Z	76.63	23.528	38.06	1.5	4.74	cassandra-001	38.06
544.428	1.5	218	2018-08-17T14:24:16.017099747Z	76.64	49.418	38.06	23.95	4.79	cassandra-001	38.06
275.721	23.95	218	2018-08-17T14:24:23.026796663Z	76.64	26.748	38.06	1.26	8.6	cassandra-001	38.06
276.118	1.26	219	2018-08-17T14:24:30.034215969Z	76.64	28.107	38.06	1.08	5.16	cassandra-001	38.06
555.847	1.08	220	2018-08-17T14:24:37.041657037Z	76.64	59.752	38.06	1.34	5.14	cassandra-001	38.06
277.193	1.34	221	2018-08-17T14:24:44.054505769Z	76.64	28.978	38.06	1.26	5.03	cassandra-001	38.06
554.591	1.26	221	2018-08-17T14:24:51.062455346Z	76.65	57.19	38.06	19.6	5.06	cassandra-001	38.06
277.721	19.6	222	2018-08-17T14:24:58.069761378Z	76.64	26.667	38.06	1.08	8.08	cassandra-001	38.06
278.894	1.08	223	2018-08-17T14:25:05.076261037Z	76.65	25.136	38.06	1.04	4.27	cassandra-001	38.06
561.605	1.04	223	2018-08-17T14:25:12.084430796Z	76.65	56.436	38.05	1.13	4.23	cassandra-001	38.06
282.769	1.13	224	2018-08-17T14:25:19.091499517Z	76.65	30.508	38.06	1.23	4.24	cassandra-001	38.06
569.731	1.23	225	2018-08-17T14:25:26.103213883Z	76.65	60.579	38.06	19.33	4.22	cassandra-001	38.06
283.335	19.33	225	2018-08-17T14:25:33.11202356Z	76.66	28.844	38.06	1.21	7.23	cassandra-001	38.06
432.942	1.21	226	2018-08-17T14:25:40.120696511Z	76.65	44.493	38.06	10.6	4.17	cassandra-001	38.06
418.617	10.6	227	2018-08-17T14:25:47.127479349Z	76.65	44.401	38.06	1.05	5.76	cassandra-001	38.06
284.479	1.05	227	2018-08-17T14:25:54.133768235Z	76.66	29.292	38.06	1.16	5.76	cassandra-001	38.06
579.005	1.16	228	2018-08-17T14:26:01.139340694Z	76.66	62.477	38.06	7.85	5.76	cassandra-001	38.06
287.597	7.85	229	2018-08-17T14:26:08.147749065Z	76.66	25.886	38.06	1.13	6.87	cassandra-001	38.06
520.166	1.13	229	2018-08-17T14:26:15.155426001Z	76.66	38.734	38.06	17.4	3.83	cassandra-001	38.06
334.405	17.4	230	2018-08-17T14:26:22.163587017Z	76.67	30.594	38.06	1.08	6.53	cassandra-001	38.06
287.122	1.08	231	2018-08-17T14:26:29.171570133Z	76.66	25.449	38.06	1.2	4.94	cassandra-001	38.06
588.111	1.2	231	2018-08-17T14:26:36.177617461Z	76.67	59.822	38.06	2.97	4.97	cassandra-001	38.06
293.387	2.97	232	2018-08-17T14:26:43.184005643Z	76.67	30.716	38.06	1.14	5.27	cassandra-001	38.06
594.998	1.14	233	2018-08-17T14:26:50.192755846Z	76.67	66.566	38.06	20.46	4.15	cassandra-001	38.06
292.802	20.46	233	2018-08-17T14:26:57.199154677Z	76.67	30.741	38.06	1.13	7.37	cassandra-001	38.06
293.576	1.13	234	2018-08-17T14:27:04.20766939Z	76.68	32.22	38.06	1.08	4.66	cassandra-001	38.06
591.033	1.08	235	2018-08-17T14:27:11.21641394Z	76.68	61.192	38.06	1.1	4.66	cassandra-001	38.06
297.878	1.1	235	2018-08-17T14:27:18.22341423Z	76.68	32.932	38.06	1.06	4.65	cassandra-001	38.06
595.785	1.06	236	2018-08-17T14:27:25.230244267Z	76.68	60.161	38.06	23.82	4.33	cassandra-001	38.06
298.677	23.82	236	2018-08-17T14:27:32.239334374Z	76.68	31.638	38.06	1.08	8.11	cassandra-001	38.06
296.797	1.08	237	2018-08-17T14:27:39.245605783Z	76.68	30.648	38.06	1.06	4.88	cassandra-001	38.06
599.812	1.06	238	2018-08-17T14:27:46.254498915Z	76.68	61.612	38.06	3.51	4.87	cassandra-001	38.06
297.978	3.51	238	2018-08-17T14:27:53.261906531Z	76.69	31.558	38.06	1.05	5.27	cassandra-001	38.06
609.376	1.05	239	2018-08-17T14:28:00.269150104Z	76.69	65.293	38.06	21.01	5.26	cassandra-001	38.06
299.637	21.01	240	2018-08-17T14:28:07.279665818Z	76.69	29.406	38.06	1.12	8.59	cassandra-001	38.06
300.794	1.12	240	2018-08-17T14:28:14.286858802Z	76.69	32.706	38.06	1.26	4.8	cassandra-001	38.06
604.976	1.26	241	2018-08-17T14:28:21.294583234Z	76.69	67.642	38.06	1.15	4.83	cassandra-001	38.06
309.147	1.15	242	2018-08-17T14:28:28.303276729Z	76.69	37.549	38.06	1.12	4.85	cassandra-001	38.06
614.194	1.12	242	2018-08-17T14:28:35.311685103Z	76.7	71.614	38.06	21.82	4.45	cassandra-001	38.06
309.736	21.82	243	2018-08-17T14:28:42.32127032Z	76.7	35.82	38.06	1.23	7.91	cassandra-001	38.06
307.962	1.23	243	2018-08-17T14:28:49.330497749Z	76.69	34.526	38.06	1.16	4.62	cassandra-001	38.06
617.754	1.16	244	2018-08-17T14:28:56.340208474Z	76.7	69.777	38.06	1.24	4.62	cassandra-001	38.06
312.026	1.24	245	2018-08-17T14:29:03.348996842Z	76.7	35.74	38.06	1.3	4.62	cassandra-001	38.06
623.896	1.3	245	2018-08-17T14:29:10.356466066Z	76.7	69.46	38.06	21.14	4.64	cassandra-001	38.06
311.715	21.14	246	2018-08-17T14:29:17.364756043Z	76.7	35.7	38.06	1.25	7.98	cassandra-001	38.06
315.565	1.25	247	2018-08-17T14:29:24.374310105Z	76.71	36.095	38.06	2.57	4.55	cassandra-001	38.06
620.295	2.57	247	2018-08-17T14:29:31.383277762Z	76.71	58.872	38.06	1.06	4.78	cassandra-001	38.06
304.408	1.06	248	2018-08-17T14:29:38.39126615Z	76.71	32.32	38.06	1.2	4.76	cassandra-001	38.06
617.025	1.2	248	2018-08-17T14:29:45.400384175Z	76.71	60.732	38.06	25.75	4.75	cassandra-001	38.06
308.891	25.75	249	2018-08-17T14:29:52.408979783Z	76.71	28.254	38.06	1.06	8.83	cassandra-001	38.06
312.39	1.06	250	2018-08-17T14:29:59.415966833Z	76.71	25.481	38.06	1.18	5.48	cassandra-001	38.06
623.17	1.18	250	2018-08-17T14:30:06.425209717Z	76.72	67.938	38.06	1.14	5.47	cassandra-001	38.06
311.94	1.14	251	2018-08-17T14:30:13.435137947Z	76.72	25.006	38.05	1.2	5.23	cassandra-001	38.06
627.973	1.2	251	2018-08-17T14:30:20.447785971Z	76.72	51.912	38.06	22.52	5.25	cassandra-001	38.06
315.869	22.52	252	2018-08-17T14:30:27.455634417Z	76.72	33.387	38.06	1.39	8.81	cassandra-001	38.06
316.13	1.39	253	2018-08-17T14:30:34.464546245Z	76.73	30.206	38.06	1.31	4.75	cassandra-001	38.06
640.453	1.31	253	2018-08-17T14:30:41.474179279Z	76.73	62.418	38.06	1.26	4.79	cassandra-001	38.06
310.784	1.26	254	2018-08-17T14:30:48.481698766Z	76.73	30.43	38.06	1.13	4.8	cassandra-001	38.06
641.655	1.13	255	2018-08-17T14:30:55.489601339Z	76.73	64.119	38.06	21.82	4.8	cassandra-001	38.06
320.54	21.82	255	2018-08-17T14:31:02.496806382Z	76.73	30.68	38.06	1.18	8.24	cassandra-001	38.06
322.292	1.18	256	2018-08-17T14:31:09.50684774Z	76.73	30.35	38.05	1.81	4.68	cassandra-001	38.05
646.961	1.81	256	2018-08-17T14:31:16.513278398Z	76.74	68.052	38.05	1.03	4.75	cassandra-001	38.05
321.414	1.03	257	2018-08-17T14:31:23.523023575Z	76.74	30.442	38.05	1.1	4.7	cassandra-001	38.05
635.434	1.1	257	2018-08-17T14:31:30.532535522Z	76.74	57.345	38.05	27.16	4.68	cassandra-001	38.05
322.788	27.16	258	2018-08-17T14:31:37.542767304Z	76.74	30.996	38.05	1.01	9.02	cassandra-001	38.05
323.447	1.01	259	2018-08-17T14:31:44.549412309Z	76.74	27.656	38.05	1.01	5.55	cassandra-001	38.05
645.846	1.01	259	2018-08-17T14:31:51.556054776Z	76.75	56.592	38.05	1.13	5.52	cassandra-001	38.05
321.939	1.13	260	2018-08-17T14:31:58.562849958Z	76.74	28.315	38.05	0.96	5.41	cassandra-001	38.05
649.86	0.96	260	2018-08-17T14:32:05.56964125Z	76.75	61.158	38.05	24.73	5.39	cassandra-001	38.05
324.858	24.73	261	2018-08-17T14:32:12.576450818Z	76.75	32.196	38.06	1.15	9.33	cassandra-001	38.06
328.382	1.15	262	2018-08-17T14:32:19.582741472Z	76.75	36.05	38.06	1.1	5.0	cassandra-001	38.06
667.484	1.1	262	2018-08-17T14:32:26.589099914Z	76.76	71.703	38.06	1.07	5.01	cassandra-001	38.06
333.144	1.07	263	2018-08-17T14:32:33.595909898Z	76.76	33.634	38.06	1.04	5.02	cassandra-001	38.06
670.961	1.04	263	2018-08-17T14:32:40.601822034Z	76.76	71.584	38.06	22.13	5.01	cassandra-001	38.06
337.262	22.13	264	2018-08-17T14:32:47.607489586Z	76.76	39.204	38.06	1.14	8.54	cassandra-001	38.06
335.323	1.14	265	2018-08-17T14:32:54.615817073Z	76.76	35.507	38.06	2.06	4.6	cassandra-001	38.06
668.665	2.06	265	2018-08-17T14:33:01.623263576Z	76.76	68.124	38.06	1.03	4.76	cassandra-001	38.06
335.89	1.03	266	2018-08-17T14:33:08.631439752Z	76.76	36.55	38.06	1.07	4.74	cassandra-001	38.06
666.962	1.07	266	2018-08-17T14:33:15.638627515Z	76.77	71.146	38.06	25.69	4.74	cassandra-001	38.06
335.52	25.69	267	2018-08-17T14:33:22.645011319Z	76.77	34.53	38.06	1.04	8.85	cassandra-001	38.06
337.357	1.04	267	2018-08-17T14:33:29.65358717Z	76.77	41.195	38.06	1.14	5.34	cassandra-001	38.06
677.192	1.14	268	2018-08-17T14:33:36.659436083Z	76.77	67.026	38.06	0.96	5.34	cassandra-001	38.06
334.346	0.96	269	2018-08-17T14:33:43.670294696Z	76.77	32.074	38.06	1.14	5.15	cassandra-001	38.06
675.386	1.14	269	2018-08-17T14:33:50.680194656Z	76.77	74.272	38.06	27.19	5.17	cassandra-001	38.06
339.998	27.19	270	2018-08-17T14:33:57.688816668Z	76.77	30.687	38.06	1.22	9.53	cassandra-001	38.06
337.966	1.22	270	2018-08-17T14:34:04.694525442Z	76.78	26.318	38.06	1.11	5.45	cassandra-001	38.06
678.792	1.11	271	2018-08-17T14:34:11.701717166Z	76.78	58.708	38.06	1.12	5.46	cassandra-001	38.06
340.57	1.12	272	2018-08-17T14:34:18.709257255Z	76.78	30.37	38.06	1.03	5.46	cassandra-001	38.06
673.293	1.03	272	2018-08-17T14:34:25.717625558Z	76.79	63.841	38.06	94.58	5.47	cassandra-001	38.06
339.082	94.58	273	2018-08-17T14:34:32.723858148Z	76.79	30.528	38.05	43.65	21.04	cassandra-001	38.05
340.18	43.65	273	2018-08-17T14:34:39.730709154Z	76.77	26.7	38.04	1.04	23.78	cassandra-001	38.04
683.054	1.04	274	2018-08-17T14:34:46.737585735Z	76.78	58.864	38.04	1.18	23.75	cassandra-001	38.04
342.656	1.18	274	2018-08-17T14:34:53.74510732Z	76.78	38.236	38.04	1.21	23.77	cassandra-001	38.04
691.372	1.21	275	2018-08-17T14:35:00.751440091Z	76.83	72.577	38.05	65.11	23.78	cassandra-001	38.05
349.011	65.11	276	2018-08-17T14:35:07.763063092Z	76.86	36.612	38.05	1.18	34.46	cassandra-001	38.05
342.489	1.18	276	2018-08-17T14:35:14.772043865Z	76.87	30.54	38.05	1.17	18.89	cassandra-001	38.05
687.996	1.17	277	2018-08-17T14:35:21.780628757Z	76.87	72.154	38.05	1.1	11.81	cassandra-001	38.05
346.942	1.1	277	2018-08-17T14:35:28.789928668Z	76.87	34.367	38.05	1.08	11.82	cassandra-001	38.05
694.394	1.08	278	2018-08-17T14:35:35.798435655Z	76.87	73.064	38.05	24.2	11.81	cassandra-001	38.05
346.528	24.2	278	2018-08-17T14:35:42.806898472Z	76.88	37.218	38.05	1.16	15.64	cassandra-001	38.05
348.213	1.16	279	2018-08-17T14:35:49.814519182Z	76.87	39.132	38.05	1.17	4.98	cassandra-001	38.05
696.837	1.17	279	2018-08-17T14:35:56.822353554Z	76.82	64.601	37.99	1.12	4.98	cassandra-001	37.99
350.488	1.12	280	2018-08-17T14:36:03.8289166Z	76.82	32.954	37.99	1.2	4.97	cassandra-001	37.99
706.598	1.2	280	2018-08-17T14:36:10.839011297Z	76.82	72.362	37.99	32.23	4.99	cassandra-001	37.99
354.14	32.23	281	2018-08-17T14:36:17.84676951Z	76.82	41.428	37.99	1.2	10.18	cassandra-001	37.99
353.817	1.2	282	2018-08-17T14:36:24.853363385Z	76.83	43.671	37.99	2.4	6.35	cassandra-001	37.99
704.232	2.4	282	2018-08-17T14:36:31.866998595Z	76.83	85.046	37.99	1.14	6.55	cassandra-001	37.99
356.732	1.14	283	2018-08-17T14:36:38.872883447Z	76.83	38.972	37.99	1.09	6.55	cassandra-001	37.99
707.756	1.09	283	2018-08-17T14:36:45.879309718Z	76.83	69.456	37.99	27.45	6.54	cassandra-001	37.99
356.508	27.45	284	2018-08-17T14:36:52.885457112Z	76.83	33.52	37.99	1.02	10.92	cassandra-001	37.99
358.723	1.02	284	2018-08-17T14:36:59.892942171Z	76.85	36.357	37.98	1.22	5.72	cassandra-001	38.0
710.116	1.22	285	2018-08-17T14:37:06.900922609Z	76.85	66.036	38.0	1.13	5.72	cassandra-001	38.0
358.217	1.13	285	2018-08-17T14:37:13.910628007Z	76.86	32.186	38.01	1.15	5.51	cassandra-001	38.01
716.858	1.15	286	2018-08-17T14:37:20.919166777Z	76.86	71.922	38.01	26.6	5.51	cassandra-001	38.01
361.451	26.6	287	2018-08-17T14:37:27.926078261Z	76.86	35.947	38.01	1.08	9.76	cassandra-001	38.01
359.683	1.08	287	2018-08-17T14:37:34.934694601Z	76.86	34.918	38.01	1.11	5.37	cassandra-001	38.01
714.22	1.11	288	2018-08-17T14:37:41.941854447Z	76.87	66.522	38.02	1.06	5.38	cassandra-001	38.02
360.54	1.06	288	2018-08-17T14:37:48.948684332Z	76.9	31.116	38.02	1.22	5.35	cassandra-001	38.05
712.245	1.22	289	2018-08-17T14:37:55.962177954Z	76.91	56.383	38.02	26.14	5.37	cassandra-001	38.05
359.145	26.14	289	2018-08-17T14:38:02.969248276Z	76.91	29.98	38.05	1.11	9.53	cassandra-001	38.05
361.368	1.11	290	2018-08-17T14:38:09.977094588Z	76.91	29.98	38.05	1.19	5.29	cassandra-001	38.05
724.266	1.19	290	2018-08-17T14:38:16.98637304Z	76.91	65.992	38.05	1.14	5.3	cassandra-001	38.05
369.515	1.14	291	2018-08-17T14:38:23.994948993Z	76.91	37.398	38.05	1.17	5.31	cassandra-001	38.05
729.381	1.17	291	2018-08-17T14:38:31.00222519Z	76.92	62.822	38.05	29.14	5.33	cassandra-001	38.05
358.189	29.14	292	2018-08-17T14:38:38.012043069Z	76.92	34.388	38.05	1.27	9.98	cassandra-001	38.05
367.226	1.27	292	2018-08-17T14:38:45.02283723Z	76.93	32.83	38.06	1.24	5.84	cassandra-001	38.06
728.52	1.24	293	2018-08-17T14:38:52.030342206Z	76.94	66.254	38.06	1.09	5.86	cassandra-001	38.06
368.685	1.09	294	2018-08-17T14:38:59.036857161Z	76.95	30.915	38.05	1.08	5.84	cassandra-001	38.07
727.433	1.08	294	2018-08-17T14:39:06.043461035Z	76.95	67.124	38.07	27.1	5.83	cassandra-001	38.07
368.755	27.1	295	2018-08-17T14:39:13.053300606Z	76.95	32.75	38.07	1.22	10.15	cassandra-001	38.07
369.456	1.22	295	2018-08-17T14:39:20.070304515Z	76.95	34.268	38.07	1.07	5.5	cassandra-001	38.07
738.752	1.07	296	2018-08-17T14:39:27.077493498Z	76.96	61.961	38.07	1.22	5.47	cassandra-001	38.07
368.921	1.22	296	2018-08-17T14:39:34.085268725Z	76.96	29.938	38.07	1.14	5.46	cassandra-001	38.07
749.313	1.14	297	2018-08-17T14:39:41.091994735Z	76.96	76.098	38.07	25.48	5.47	cassandra-001	38.07
375.666	25.48	297	2018-08-17T14:39:48.098213786Z	76.96	42.728	38.07	1.29	9.54	cassandra-001	38.07
378.274	1.29	298	2018-08-17T14:39:55.104255959Z	76.97	42.107	38.07	2.19	5.24	cassandra-001	38.07
761.487	2.19	298	2018-08-17T14:40:02.112236488Z	76.97	87.528	38.08	1.22	5.4	cassandra-001	38.08
379.3	1.22	299	2018-08-17T14:40:09.119736946Z	76.98	44.668	38.08	4.73	5.42	cassandra-001	38.08
758.9	4.73	299	2018-08-17T14:40:16.126622861Z	76.98	85.534	38.08	45.35	6.01	cassandra-001	38.08
380.756	45.35	300	2018-08-17T14:40:23.135751996Z	76.98	40.549	38.08	1.06	13.38	cassandra-001	38.08
543.963	1.06	300	2018-08-17T14:40:30.141914458Z	76.98	51.019	38.08	14.02	9.31	cassandra-001	38.08
597.597	14.02	301	2018-08-17T14:40:37.148032925Z	76.98	68.132	38.08	1.12	11.43	cassandra-001	38.08
383.769	1.12	301	2018-08-17T14:40:44.156683738Z	76.99	42.436	38.08	1.14	11.25	cassandra-001	38.08
774.277	1.14	302	2018-08-17T14:40:51.164045648Z	76.99	87.248	38.08	18.98	11.24	cassandra-001	38.08
383.43	18.98	302	2018-08-17T14:40:58.175246817Z	76.99	45.207	38.08	1.15	13.61	cassandra-001	38.08
709.51	1.15	303	2018-08-17T14:41:05.18185183Z	76.99	77.421	38.08	21.01	6.24	cassandra-001	38.08
443.542	21.01	303	2018-08-17T14:41:12.188788834Z	77.0	51.416	38.08	1.17	9.57	cassandra-001	38.08
386.517	1.17	304	2018-08-17T14:41:19.196099394Z	76.99	41.894	38.08	1.2	7.43	cassandra-001	38.08
772.098	1.2	304	2018-08-17T14:41:26.206019515Z	77.0	83.166	38.08	2.41	7.44	cassandra-001	38.08
389.017	2.41	305	2018-08-17T14:41:33.213642206Z	77.0	44.652	38.08	1.18	7.65	cassandra-001	38.08
767.735	1.18	305	2018-08-17T14:41:40.223317162Z	77.0	79.536	38.08	30.91	4.69	cassandra-001	38.08
387.252	30.91	306	2018-08-17T14:41:47.229576905Z	77.0	36.27	38.08	1.09	9.65	cassandra-001	38.08
386.122	1.09	306	2018-08-17T14:41:54.236349831Z	77.01	35.438	38.08	1.14	6.33	cassandra-001	38.08
773.008	1.14	307	2018-08-17T14:42:01.24417014Z	77.01	73.713	38.08	1.25	6.32	cassandra-001	38.08
384.168	1.25	308	2018-08-17T14:42:08.252700554Z	77.01	43.252	38.08	1.1	6.33	cassandra-001	38.08
771.946	1.1	308	2018-08-17T14:42:15.259887993Z	77.01	67.852	38.08	27.04	6.11	cassandra-001	38.08
389.459	27.04	308	2018-08-17T14:42:22.271627266Z	77.02	37.206	38.08	1.13	10.42	cassandra-001	38.08
391.405	1.13	309	2018-08-17T14:42:29.277810975Z	77.01	47.211	38.08	1.1	5.46	cassandra-001	38.08
790.87	1.1	310	2018-08-17T14:42:36.284474947Z	77.02	93.274	38.08	1.14	5.46	cassandra-001	38.08
397.637	1.14	310	2018-08-17T14:42:43.292808928Z	77.02	47.66	38.08	1.2	5.46	cassandra-001	38.08
799.553	1.2	311	2018-08-17T14:42:50.303338439Z	77.02	94.712	38.08	34.13	5.45	cassandra-001	38.08
401.094	34.13	311	2018-08-17T14:42:57.310558816Z	77.02	47.263	38.08	1.26	10.96	cassandra-001	38.08
390.214	1.26	312	2018-08-17T14:43:04.316293033Z	77.03	44.544	38.08	1.15	6.66	cassandra-001	38.08
785.715	1.15	312	2018-08-17T14:43:11.323214087Z	77.03	83.24	38.08	1.07	6.66	cassandra-001	38.08
396.588	1.07	313	2018-08-17T14:43:18.33159923Z	77.03	47.936	38.08	1.04	6.66	cassandra-001	38.08
799.395	1.04	313	2018-08-17T14:43:25.337726684Z	76.64	96.201	38.08	29.66	6.64	cassandra-001	38.08
399.451	29.66	314	2018-08-17T14:43:32.344414586Z	76.62	47.104	38.07	1.16	11.38	cassandra-001	38.07
401.945	1.16	314	2018-08-17T14:43:39.351069772Z	76.62	46.51	38.07	1.14	5.89	cassandra-001	38.07
800.99	1.14	315	2018-08-17T14:43:46.357920624Z	76.63	86.55	38.07	2.5	5.87	cassandra-001	38.07
399.858	2.5	315	2018-08-17T14:43:53.365164259Z	76.63	41.322	38.07	1.2	6.09	cassandra-001	38.07
798.205	1.2	316	2018-08-17T14:44:00.374436894Z	76.64	83.725	38.07	28.64	6.12	cassandra-001	38.07
399.111	28.64	316	2018-08-17T14:44:07.381483552Z	76.63	34.814	38.07	1.18	10.72	cassandra-001	38.07
402.005	1.18	317	2018-08-17T14:44:14.388322682Z	76.64	42.364	38.07	1.25	5.97	cassandra-001	38.07
792.969	1.25	317	2018-08-17T14:44:21.395176207Z	76.64	74.26	38.07	1.26	5.98	cassandra-001	38.07
391.164	1.26	318	2018-08-17T14:44:28.401804834Z	76.63	41.505	38.06	1.05	6.0	cassandra-001	38.06
804.45	1.05	318	2018-08-17T14:44:35.40854649Z	76.63	79.592	38.06	28.62	5.76	cassandra-001	38.06
394.198	28.62	318	2018-08-17T14:44:42.415942782Z	76.64	38.654	38.06	1.1	10.33	cassandra-001	38.06
404.842	1.1	319	2018-08-17T14:44:49.423924579Z	76.63	40.238	38.06	1.09	5.74	cassandra-001	38.06
801.251	1.09	319	2018-08-17T14:44:56.439843288Z	76.64	73.307	38.06	1.33	5.73	cassandra-001	38.06
392.389	1.33	320	2018-08-17T14:45:03.447835281Z	76.64	32.872	38.06	1.22	5.74	cassandra-001	38.06
807.73	1.22	320	2018-08-17T14:45:10.455474107Z	76.65	78.072	38.06	30.88	5.73	cassandra-001	38.06
411.346	30.88	321	2018-08-17T14:45:17.464137186Z	76.65	45.372	38.06	1.21	10.71	cassandra-001	38.06
407.525	1.21	321	2018-08-17T14:45:24.472899546Z	76.65	43.748	38.06	1.22	6.14	cassandra-001	38.06
807.937	1.22	322	2018-08-17T14:45:31.481131828Z	76.66	83.377	38.06	1.19	6.16	cassandra-001	38.06
409.866	1.19	322	2018-08-17T14:45:38.491361613Z	76.65	44.566	38.06	1.27	6.17	cassandra-001	38.06
805.73	1.27	323	2018-08-17T14:45:45.501353133Z	76.66	88.076	38.06	30.7	6.16	cassandra-001	38.06
410.84	30.7	323	2018-08-17T14:45:52.511533717Z	76.66	43.47	38.06	1.36	11.08	cassandra-001	38.06
404.729	1.36	324	2018-08-17T14:45:59.517643042Z	76.66	39.628	38.06	1.14	6.16	cassandra-001	38.06
806.632	1.14	324	2018-08-17T14:46:06.523650833Z	76.66	65.318	38.06	1.14	6.15	cassandra-001	38.06
404.168	1.14	325	2018-08-17T14:46:13.531675889Z	76.67	31.814	38.06	1.21	6.13	cassandra-001	38.06
816.228	1.21	325	2018-08-17T14:46:20.541991744Z	76.67	70.082	38.06	30.07	6.14	cassandra-001	38.06
409.482	30.07	326	2018-08-17T14:46:27.550245924Z	76.67	38.413	38.06	1.21	10.94	cassandra-001	38.06
415.452	1.21	326	2018-08-17T14:46:34.560035494Z	76.67	44.802	38.06	1.27	6.02	cassandra-001	38.06
821.511	1.27	327	2018-08-17T14:46:41.568551658Z	76.68	81.948	38.06	1.25	6.01	cassandra-001	38.06
408.433	1.25	327	2018-08-17T14:46:48.580331337Z	76.68	45.884	38.06	1.21	6.02	cassandra-001	38.06
826.138	1.21	328	2018-08-17T14:46:55.588805688Z	76.69	83.095	38.06	43.81	6.04	cassandra-001	38.06
416.48	43.81	328	2018-08-17T14:47:02.596262402Z	76.69	49.012	38.06	1.21	13.14	cassandra-001	38.06
419.415	1.21	329	2018-08-17T14:47:09.603684766Z	76.68	47.626	38.06	1.51	8.33	cassandra-001	38.06
834.28	1.51	329	2018-08-17T14:47:16.610007365Z	76.69	95.41	38.06	1.31	8.38	cassandra-001	38.06
417.761	1.31	330	2018-08-17T14:47:23.616294267Z	76.69	44.88	38.06	1.18	8.38	cassandra-001	38.06
839.727	1.18	330	2018-08-17T14:47:30.622676024Z	76.69	87.515	38.06	29.71	8.37	cassandra-001	38.06
418.877	29.71	331	2018-08-17T14:47:37.6307887Z	76.69	41.936	38.06	1.26	13.12	cassandra-001	38.06
418.831	1.26	331	2018-08-17T14:47:44.639463516Z	76.7	41.408	38.06	1.18	6.03	cassandra-001	38.06
839.025	1.18	331	2018-08-17T14:47:51.646017124Z	76.7	85.112	38.06	1.13	6.02	cassandra-001	38.06
424.711	1.13	332	2018-08-17T14:47:58.652208598Z	76.7	44.311	38.06	1.17	5.96	cassandra-001	38.06
838.648	1.17	332	2018-08-17T14:48:05.657605798Z	76.7	77.904	38.06	27.45	5.94	cassandra-001	38.06
417.089	27.45	333	2018-08-17T14:48:12.665090932Z	76.7	39.546	38.06	1.09	10.32	cassandra-001	38.06
417.52	1.09	333	2018-08-17T14:48:19.675998491Z	76.7	41.816	38.06	1.23	5.55	cassandra-001	38.06
823.955	1.23	334	2018-08-17T14:48:26.684522886Z	76.71	76.147	38.06	1.02	5.54	cassandra-001	38.06
415.33	1.02	334	2018-08-17T14:48:33.692456755Z	76.71	41.248	38.06	1.1	5.51	cassandra-001	38.06
828.06	1.1	335	2018-08-17T14:48:40.700777229Z	76.71	71.54	38.06	27.84	5.51	cassandra-001	38.06
416.781	27.84	335	2018-08-17T14:48:47.708258353Z	76.71	37.446	38.06	1.19	9.95	cassandra-001	38.06
417.693	1.19	336	2018-08-17T14:48:54.716516402Z	76.72	32.694	38.06	1.09	5.58	cassandra-001	38.06
850.946	1.09	336	2018-08-17T14:49:01.72384727Z	76.72	85.583	38.06	1.29	5.58	cassandra-001	38.06
422.808	1.29	337	2018-08-17T14:49:08.732861025Z	76.72	46.25	38.06	1.08	5.59	cassandra-001	38.06
838.52	1.08	337	2018-08-17T14:49:15.740295756Z	76.72	87.378	38.06	34.74	5.6	cassandra-001	38.06
419.054	34.74	337	2018-08-17T14:49:22.747122743Z	76.72	43.108	38.06	1.1	11.2	cassandra-001	38.06
418.439	1.1	338	2018-08-17T14:49:29.755116088Z	76.72	40.071	38.06	1.07	6.75	cassandra-001	38.06
850.458	1.07	338	2018-08-17T14:49:36.762713573Z	76.73	76.764	38.06	1.1	6.73	cassandra-001	38.06
425.393	1.1	339	2018-08-17T14:49:43.774211145Z	76.73	39.966	38.06	1.16	6.73	cassandra-001	38.06
853.714	1.16	339	2018-08-17T14:49:50.780575122Z	76.74	79.852	38.06	33.06	6.71	cassandra-001	38.06
430.321	33.06	340	2018-08-17T14:49:57.787295654Z	76.74	41.945	38.06	1.18	12.04	cassandra-001	38.06
425.107	1.18	340	2018-08-17T14:50:04.794628477Z	76.74	42.526	38.06	1.15	6.44	cassandra-001	38.06
858.685	1.15	341	2018-08-17T14:50:11.802969252Z	76.75	83.336	38.06	1.17	6.45	cassandra-001	38.06
429.408	1.17	341	2018-08-17T14:50:18.810949004Z	76.75	44.598	38.06	1.09	6.47	cassandra-001	38.06
858.633	1.09	342	2018-08-17T14:50:25.824676241Z	76.75	83.889	38.06	29.71	6.47	cassandra-001	38.06
432.766	29.71	342	2018-08-17T14:50:32.83053785Z	76.75	46.076	38.06	1.18	11.23	cassandra-001	38.06
430.986	1.18	343	2018-08-17T14:50:39.837038019Z	76.75	43.238	38.06	1.11	5.91	cassandra-001	38.06
864.906	1.11	343	2018-08-17T14:50:46.846731933Z	76.75	90.792	38.06	1.21	5.9	cassandra-001	38.06
431.311	1.21	344	2018-08-17T14:50:53.855997721Z	76.76	39.766	38.06	1.12	5.91	cassandra-001	38.06
874.133	1.12	344	2018-08-17T14:51:00.863209581Z	76.76	89.299	38.06	28.75	5.9	cassandra-001	38.06
437.958	28.75	344	2018-08-17T14:51:07.873862029Z	76.76	42.564	38.06	1.12	10.51	cassandra-001	38.06
437.33	1.12	345	2018-08-17T14:51:14.882049364Z	76.76	43.752	38.06	1.12	5.75	cassandra-001	38.06
860.961	1.12	345	2018-08-17T14:51:21.890510906Z	76.77	82.408	38.06	1.23	5.74	cassandra-001	38.06
438.584	1.23	346	2018-08-17T14:51:28.896901872Z	76.77	45.005	38.06	1.06	5.76	cassandra-001	38.06
873.286	1.06	346	2018-08-17T14:51:35.903479663Z	76.77	86.262	38.06	48.84	5.73	cassandra-001	38.06
437.102	48.84	347	2018-08-17T14:51:42.912131426Z	76.78	41.89	38.06	1.08	13.69	cassandra-001	38.06
440.181	1.08	347	2018-08-17T14:51:49.926690829Z	76.78	44.992	38.06	1.05	9.07	cassandra-001	38.06
882.461	1.05	348	2018-08-17T14:51:56.93379595Z	76.78	93.375	38.06	1.19	9.06	cassandra-001	38.06
444.745	1.19	348	2018-08-17T14:52:03.940712988Z	76.78	45.48	38.06	1.18	9.07	cassandra-001	38.06
889.098	1.18	349	2018-08-17T14:52:10.95000695Z	76.79	95.764	38.06	25.7	9.07	cassandra-001	38.06
437.251	25.7	349	2018-08-17T14:52:17.956743777Z	76.79	47.024	38.06	1.04	13.17	cassandra-001	38.06
434.161	1.04	349	2018-08-17T14:52:24.965066758Z	76.79	40.199	38.06	1.15	5.21	cassandra-001	38.06
873.754	1.15	350	2018-08-17T14:52:31.975067523Z	76.79	80.477	38.06	1.13	5.22	cassandra-001	38.06
438.826	1.13	350	2018-08-17T14:52:38.985577406Z	76.47	39.024	38.06	0.94	5.23	cassandra-001	38.06
874.964	0.94	351	2018-08-17T14:52:45.994450204Z	76.47	73.956	38.06	30.73	5.19	cassandra-001	38.06
439.686	30.73	351	2018-08-17T14:52:53.003622104Z	76.47	36.806	38.06	1.15	10.11	cassandra-001	38.06
449.983	1.15	352	2018-08-17T14:53:00.010582259Z	76.47	50.441	38.06	1.16	6.02	cassandra-001	38.06
893.626	1.16	352	2018-08-17T14:53:07.017654156Z	76.48	101.292	38.06	1.22	6.04	cassandra-001	38.06
451.525	1.22	353	2018-08-17T14:53:14.02544932Z	76.48	52.936	38.06	1.06	6.05	cassandra-001	38.06
888.912	1.06	353	2018-08-17T14:53:21.03170014Z	76.48	86.494	38.06	29.49	6.04	cassandra-001	38.06
446.292	29.49	353	2018-08-17T14:53:28.038274111Z	76.49	44.751	38.07	1.1	10.8	cassandra-001	38.07
442.926	1.1	354	2018-08-17T14:53:35.045229624Z	76.49	49.728	38.07	1.06	5.86	cassandra-001	38.07
887.858	1.06	354	2018-08-17T14:53:42.051532248Z	76.49	101.95	38.06	1.08	5.85	cassandra-001	38.06
450.158	1.08	355	2018-08-17T14:53:49.062800124Z	76.49	48.698	38.06	1.15	5.83	cassandra-001	38.06
903.95	1.15	355	2018-08-17T14:53:56.069363508Z	76.49	101.817	38.06	30.11	5.82	cassandra-001	38.06
450.562	30.11	356	2018-08-17T14:54:03.077587839Z	76.5	45.556	38.06	1.06	10.66	cassandra-001	38.06
446.597	1.06	356	2018-08-17T14:54:10.086516826Z	76.49	41.926	38.06	1.15	5.93	cassandra-001	38.06
894.423	1.15	357	2018-08-17T14:54:17.095338447Z	76.5	79.812	38.06	1.4	5.93	cassandra-001	38.06
445.738	1.4	357	2018-08-17T14:54:24.104230402Z	76.5	33.768	38.06	1.19	5.99	cassandra-001	38.06
888.548	1.19	357	2018-08-17T14:54:31.112266114Z	76.51	74.755	38.06	29.11	6.01	cassandra-001	38.06
446.479	29.11	358	2018-08-17T14:54:38.121959569Z	76.5	34.586	38.06	1.14	10.67	cassandra-001	38.06
565.938	1.14	358	2018-08-17T14:54:45.131684624Z	76.51	47.604	38.06	7.55	5.84	cassandra-001	38.06
769.325	7.55	359	2018-08-17T14:54:52.138368112Z	76.51	70.95	38.06	1.03	6.92	cassandra-001	38.06
450.618	1.03	359	2018-08-17T14:54:59.146453788Z	76.51	44.577	38.06	1.23	6.9	cassandra-001	38.06
903.812	1.23	360	2018-08-17T14:55:06.153628018Z	76.51	82.278	38.06	21.57	6.87	cassandra-001	38.06
452.689	21.57	360	2018-08-17T14:55:13.165674569Z	76.52	44.498	38.06	1.18	10.27	cassandra-001	38.06
777.628	1.18	361	2018-08-17T14:55:20.173947514Z	76.52	72.486	38.06	22.16	5.62	cassandra-001	38.06
578.747	22.16	361	2018-08-17T14:55:27.181205403Z	76.52	64.611	38.06	1.22	9.12	cassandra-001	38.06
459.014	1.22	361	2018-08-17T14:55:34.190639805Z	76.52	50.2	38.06	1.27	8.06	cassandra-001	38.06
930.651	1.27	362	2018-08-17T14:55:41.198049169Z	76.53	108.848	38.06	5.44	8.1	cassandra-001	38.06
466.083	5.44	362	2018-08-17T14:55:48.206703376Z	76.53	54.978	38.06	1.25	8.81	cassandra-001	38.06
800.685	1.25	363	2018-08-17T14:55:55.213601269Z	76.53	82.672	38.06	22.76	5.42	cassandra-001	38.06
580.27	22.76	363	2018-08-17T14:56:02.222391424Z	76.54	60.019	38.06	1.18	9.02	cassandra-001	38.06
462.667	1.18	364	2018-08-17T14:56:09.231407772Z	76.53	50.516	38.06	1.34	5.52	cassandra-001	38.06
921.699	1.34	364	2018-08-17T14:56:16.239256007Z	76.54	93.402	38.06	4.07	5.54	cassandra-001	38.06
461.908	4.07	364	2018-08-17T14:56:23.245837914Z	76.54	47.506	38.06	1.11	6.01	cassandra-001	38.06
919.719	1.11	365	2018-08-17T14:56:30.252917084Z	76.55	95.671	38.06	32.23	5.28	cassandra-001	38.06
462.842	32.23	365	2018-08-17T14:56:37.260154282Z	76.54	49.05	38.06	1.19	10.45	cassandra-001	38.06
461.659	1.19	366	2018-08-17T14:56:44.267950547Z	76.55	45.024	38.06	1.3	6.85	cassandra-001	38.06
920.148	1.3	366	2018-08-17T14:56:51.280030239Z	76.55	93.638	38.06	1.07	6.87	cassandra-001	38.06
464.44	1.07	367	2018-08-17T14:56:58.28737118Z	76.55	45.221	38.06	1.16	6.83	cassandra-001	38.06
926.644	1.16	367	2018-08-17T14:57:05.295348609Z	76.56	96.0	38.06	34.16	6.34	cassandra-001	38.06
461.393	34.16	367	2018-08-17T14:57:12.306948651Z	76.56	45.868	38.06	1.09	11.85	cassandra-001	38.06
465.877	1.09	368	2018-08-17T14:57:19.313077678Z	76.56	46.462	38.06	1.12	6.66	cassandra-001	38.06
920.198	1.12	368	2018-08-17T14:57:26.320185661Z	76.57	87.603	38.06	1.92	6.65	cassandra-001	38.06
468.409	1.92	369	2018-08-17T14:57:33.328059069Z	76.57	45.432	38.06	1.14	6.75	cassandra-001	38.06
931.732	1.14	369	2018-08-17T14:57:40.334362848Z	76.57	89.966	38.06	30.89	6.76	cassandra-001	38.06
464.391	30.89	370	2018-08-17T14:57:47.34312333Z	76.57	44.798	38.06	1.31	11.72	cassandra-001	38.06
469.536	1.31	370	2018-08-17T14:57:54.352662315Z	76.58	52.454	38.06	1.22	6.24	cassandra-001	38.06
939.826	1.22	370	2018-08-17T14:58:01.362942485Z	76.58	96.353	38.06	1.09	6.27	cassandra-001	38.06
472.275	1.09	371	2018-08-17T14:58:08.370094052Z	76.58	48.586	38.06	1.11	6.26	cassandra-001	38.06
932.958	1.11	371	2018-08-17T14:58:15.379852259Z	76.58	105.738	38.06	34.04	6.13	cassandra-001	38.06
467.775	34.04	372	2018-08-17T14:58:22.38783648Z	76.59	47.028	38.06	1.08	11.61	cassandra-001	38.06
463.934	1.08	372	2018-08-17T14:58:29.398089658Z	76.58	40.731	38.06	1.17	6.64	cassandra-001	38.06
928.787	1.17	373	2018-08-17T14:58:36.406148124Z	76.59	78.202	38.06	1.18	6.62	cassandra-001	38.06
469.249	1.18	373	2018-08-17T14:58:43.413793928Z	76.59	42.896	38.06	1.03	6.61	cassandra-001	38.06
941.487	1.03	373	2018-08-17T14:58:50.42212468Z	76.6	87.428	38.06	33.15	6.6	cassandra-001	38.06
465.121	33.15	374	2018-08-17T14:58:57.429974152Z	76.6	43.621	38.06	1.28	11.94	cassandra-001	38.06
466.895	1.28	374	2018-08-17T14:59:04.437083896Z	76.6	44.73	38.06	1.3	6.48	cassandra-001	38.06
940.916	1.3	375	2018-08-17T14:59:11.449128377Z	76.6	92.76	38.06	1.21	6.52	cassandra-001	38.06
470.21	1.21	375	2018-08-17T14:59:18.457690034Z	76.6	41.522	38.06	1.1	6.52	cassandra-001	38.06
936.284	1.1	376	2018-08-17T14:59:25.464761102Z	76.61	82.054	38.06	32.48	6.51	cassandra-001	38.06
474.692	32.48	376	2018-08-17T14:59:32.472272988Z	76.61	44.861	38.06	1.1	11.75	cassandra-001	38.06
474.831	1.1	376	2018-08-17T14:59:39.483502894Z	76.61	48.148	38.06	1.16	6.41	cassandra-001	38.06
949.707	1.16	377	2018-08-17T14:59:46.492223814Z	76.62	93.458	38.06	1.19	6.39	cassandra-001	38.06
476.663	1.19	377	2018-08-17T14:59:53.501292359Z	76.62	49.494	38.06	1.11	6.37	cassandra-001	38.06
941.193	1.11	378	2018-08-17T15:00:00.509018445Z	76.62	82.527	38.06	36.32	6.36	cassandra-001	38.06
475.984	36.32	378	2018-08-17T15:00:07.524773261Z	76.62	44.966	38.06	1.26	12.23	cassandra-001	38.06
474.203	1.26	378	2018-08-17T15:00:14.53308256Z	76.63	45.56	38.06	1.08	7.02	cassandra-001	38.06
965.846	1.08	379	2018-08-17T15:00:21.542523064Z	76.63	111.712	38.06	1.21	7.02	cassandra-001	38.06
481.906	1.21	379	2018-08-17T15:00:28.551992894Z	76.63	52.291	38.06	1.19	7.03	cassandra-001	38.06
964.542	1.19	380	2018-08-17T15:00:35.559474447Z	76.64	113.348	38.06	47.0	7.03	cassandra-001	38.06
484.963	47.0	380	2018-08-17T15:00:42.568110392Z	76.64	54.39	38.06	1.21	14.68	cassandra-001	38.06
482.009	1.21	381	2018-08-17T15:00:49.578188955Z	76.64	53.202	38.06	1.38	8.82	cassandra-001	38.06
972.427	1.38	381	2018-08-17T15:00:56.587069205Z	76.64	115.181	38.06	2.02	8.84	cassandra-001	38.06
487.135	2.02	381	2018-08-17T15:01:03.597172314Z	76.64	55.868	38.06	1.21	9.0	cassandra-001	38.06
979.064	1.21	382	2018-08-17T15:01:10.603269462Z	76.64	111.472	38.06	31.26	9.0	cassandra-001	38.06
486.274	31.26	382	2018-08-17T15:01:17.611397465Z	76.65	52.792	38.06	1.42	14.01	cassandra-001	38.06
490.976	1.42	383	2018-08-17T15:01:24.618475459Z	76.65	54.508	38.06	1.29	6.42	cassandra-001	38.06
981.429	1.29	383	2018-08-17T15:01:31.624991944Z	76.65	115.747	38.06	1.15	6.43	cassandra-001	38.06
486.467	1.15	383	2018-08-17T15:01:38.632919908Z	76.66	54.798	38.06	1.21	6.39	cassandra-001	38.06
981.598	1.21	384	2018-08-17T15:01:45.643936789Z	76.66	119.562	38.06	33.73	6.26	cassandra-001	38.06
484.965	33.73	384	2018-08-17T15:01:52.654330628Z	76.66	58.718	38.06	1.22	11.68	cassandra-001	38.06
497.131	1.22	385	2018-08-17T15:01:59.660657791Z	76.66	58.559	38.06	1.12	6.67	cassandra-001	38.06
974.769	1.12	385	2018-08-17T15:02:06.667603257Z	76.67	94.956	38.06	1.18	6.62	cassandra-001	38.06
476.437	1.18	386	2018-08-17T15:02:13.676089948Z	76.67	36.7	38.06	1.08	6.6	cassandra-001	38.06
972.324	1.08	386	2018-08-17T15:02:20.683294978Z	76.67	95.272	38.06	38.34	6.59	cassandra-001	38.06
484.965	38.34	386	2018-08-17T15:02:27.693107173Z	76.68	47.589	38.06	1.23	12.78	cassandra-001	38.06
490.413	1.23	387	2018-08-17T15:02:34.703642896Z	76.68	50.058	38.06	1.19	7.36	cassandra-001	38.06
968.68	1.19	387	2018-08-17T15:02:41.71102263Z	76.68	89.054	38.06	1.17	7.36	cassandra-001	38.06
482.608	1.17	388	2018-08-17T15:02:48.717572239Z	76.68	48.5	38.06	1.04	7.36	cassandra-001	38.06
975.755	1.04	388	2018-08-17T15:02:55.723893446Z	76.69	86.598	38.06	38.5	7.34	cassandra-001	38.06
486.927	38.5	388	2018-08-17T15:03:02.730408006Z	76.69	51.469	38.06	1.18	13.58	cassandra-001	38.06
489.413	1.18	389	2018-08-17T15:03:09.739054762Z	76.69	44.566	38.06	1.4	7.39	cassandra-001	38.06
972.445	1.4	389	2018-08-17T15:03:16.746008854Z	76.7	81.106	38.06	1.07	7.41	cassandra-001	38.06
489.103	1.07	390	2018-08-17T15:03:23.753073042Z	76.7	43.074	38.06	1.06	7.39	cassandra-001	38.06
984.243	1.06	390	2018-08-17T15:03:30.762290808Z	76.7	91.361	38.06	35.42	7.38	cassandra-001	38.06
493.905	35.42	390	2018-08-17T15:03:37.772074812Z	76.7	50.822	38.06	1.1	13.11	cassandra-001	38.06
487.309	1.1	391	2018-08-17T15:03:44.778651421Z	76.7	52.934	38.06	1.16	6.87	cassandra-001	38.06
971.935	1.16	391	2018-08-17T15:03:51.78873633Z	76.7	100.574	38.06	1.3	6.87	cassandra-001	38.06
493.421	1.3	392	2018-08-17T15:03:58.795324432Z	76.71	50.425	38.06	1.08	6.85	cassandra-001	38.06
992.201	1.08	392	2018-08-17T15:04:05.802194497Z	76.71	95.32	38.06	33.58	6.85	cassandra-001	38.06
491.942	33.58	393	2018-08-17T15:04:12.809011285Z	76.71	46.056	38.06	1.21	12.27	cassandra-001	38.06
508.066	1.21	393	2018-08-17T15:04:19.815359306Z	76.72	60.642	38.06	1.1	6.57	cassandra-001	38.06
1010.606	1.1	393	2018-08-17T15:04:26.823538937Z	76.72	117.613	38.06	2.14	6.57	cassandra-001	38.06
497.113	2.14	394	2018-08-17T15:04:33.831377777Z	76.72	60.338	38.06	1.16	6.73	cassandra-001	38.06
986.467	1.16	394	2018-08-17T15:04:40.841035495Z	76.73	107.713	38.06	59.15	6.71	cassandra-001	38.06
502.818	59.15	395	2018-08-17T15:04:47.849352856Z	76.73	51.85	38.06	1.06	16.39	cassandra-001	38.06
494.519	1.06	395	2018-08-17T15:04:54.856425103Z	76.73	47.362	38.06	1.21	10.97	cassandra-001	38.06
984.976	1.21	395	2018-08-17T15:05:01.863452147Z	76.73	97.191	38.06	1.38	10.97	cassandra-001	38.06
497.011	1.38	396	2018-08-17T15:05:08.872758236Z	76.73	52.932	38.06	1.29	11.02	cassandra-001	38.06
990.933	1.29	396	2018-08-17T15:05:15.88180445Z	76.74	84.796	38.06	39.31	10.88	cassandra-001	38.06
498.873	39.31	397	2018-08-17T15:05:22.890304778Z	76.74	45.104	38.06	1.17	17.23	cassandra-001	38.06
493.351	1.17	397	2018-08-17T15:05:29.897753363Z	76.74	39.533	38.06	1.19	7.57	cassandra-001	38.06
990.343	1.19	397	2018-08-17T15:05:36.905347241Z	76.75	82.816	38.06	1.06	7.59	cassandra-001	38.06
498.924	1.06	397	2018-08-17T15:05:43.912670676Z	76.75	45.566	38.06	1.18	7.57	cassandra-001	38.06
988.631	1.18	397	2018-08-17T15:05:50.919426748Z	76.75	81.628	38.06	31.89	7.53	cassandra-001	38.06
492.531	31.89	397	2018-08-17T15:05:57.929331683Z	76.75	39.863	38.06	1.21	12.63	cassandra-001	38.06
498.779	1.21	397	2018-08-17T15:06:04.937685525Z	76.75	51.77	38.06	1.37	6.28	cassandra-001	38.06
1012.03	1.37	397	2018-08-17T15:06:11.944202894Z	76.76	119.314	38.06	1.38	6.32	cassandra-001	38.06
504.24	1.38	397	2018-08-17T15:06:18.956720543Z	76.76	58.766	38.06	1.05	6.35	cassandra-001	38.06
1013.319	1.05	397	2018-08-17T15:06:25.96545906Z	76.77	119.353	38.06	35.83	6.35	cassandra-001	38.06
507.64	35.83	397	2018-08-17T15:06:32.975126591Z	76.76	61.142	38.06	1.23	12.12	cassandra-001	38.06
508.427	1.23	397	2018-08-17T15:06:39.98338696Z	76.77	59.558	38.06	1.09	7.01	cassandra-001	38.06
1009.537	1.09	397	2018-08-17T15:06:46.989688066Z	76.77	118.588	38.06	1.16	6.99	cassandra-001	38.06
