net_receive	host_cpu	sensor_count	timestamp	memory%	net_send	memory_active_anon%	container_cpu%	host_moving_avg_cpu	name	memory_rss%
3044520.382	0	2	2018-08-17T15:58:41.897705477Z	76.81	571389.409	38.12	1.09	nan	cassandra-001	38.12
4.524	1.09	7	2018-08-17T15:58:48.905711653Z	76.81	0.724	38.12	1.12	nan	cassandra-001	38.12
21.414	1.12	11	2018-08-17T15:58:55.917040771Z	76.82	2.936	38.12	5.01	nan	cassandra-001	38.12
16.233	5.01	15	2018-08-17T15:59:02.923866342Z	76.82	2.383	38.12	1.07	nan	cassandra-001	38.12
20.657	1.07	19	2018-08-17T15:59:09.932168654Z	76.82	2.884	38.12	1.4	nan	cassandra-001	38.12
51.125	1.4	22	2018-08-17T15:59:16.940943261Z	76.82	6.016	38.12	1.13	1.62	cassandra-001	38.12
29.688	1.13	26	2018-08-17T15:59:23.94721941Z	76.82	3.264	38.12	1.06	1.8	cassandra-001	38.12
66.684	1.06	29	2018-08-17T15:59:30.954774303Z	76.82	7.013	38.12	5.18	1.8	cassandra-001	38.12
38.029	5.18	32	2018-08-17T15:59:37.963658011Z	76.82	4.37	38.12	1.19	2.48	cassandra-001	38.12
40.109	1.19	34	2018-08-17T15:59:44.973259957Z	76.82	3.894	38.12	1.12	1.84	cassandra-001	38.12
88.494	1.12	37	2018-08-17T15:59:51.984029023Z	76.82	8.868	38.12	1.2	1.85	cassandra-001	38.12
45.695	1.2	39	2018-08-17T15:59:58.993183473Z	76.82	5.581	38.12	2.68	1.81	cassandra-001	38.12
103.666	2.68	42	2018-08-17T16:00:06.000785643Z	76.82	11.042	38.12	6.81	2.07	cassandra-001	38.12
52.861	6.81	44	2018-08-17T16:00:13.009840186Z	76.82	4.946	38.12	1.03	3.03	cassandra-001	38.12
54.939	1.03	46	2018-08-17T16:00:20.018287262Z	76.82	4.272	38.12	1.21	2.34	cassandra-001	38.12
116.635	1.21	48	2018-08-17T16:00:27.027490146Z	76.82	11.486	38.12	1.17	2.34	cassandra-001	38.12
61.769	1.17	50	2018-08-17T16:00:34.036834653Z	76.82	7.385	38.12	1.17	2.35	cassandra-001	38.12
125.66	1.17	52	2018-08-17T16:00:41.052548988Z	76.82	12.116	38.12	9.38	2.35	cassandra-001	38.12
63.985	9.38	54	2018-08-17T16:00:48.062814994Z	76.82	5.1	38.12	1.14	3.46	cassandra-001	38.12
66.821	1.14	56	2018-08-17T16:00:55.071964384Z	76.82	6.578	38.12	1.17	2.52	cassandra-001	38.12
145.156	1.17	58	2018-08-17T16:01:02.079866646Z	76.83	16.559	38.12	1.14	2.54	cassandra-001	38.12
74.919	1.14	60	2018-08-17T16:01:09.088781811Z	76.82	8.49	38.12	1.18	2.53	cassandra-001	38.12
151.147	1.18	62	2018-08-17T16:01:16.095172793Z	76.83	14.88	38.12	3.91	2.53	cassandra-001	38.12
79.471	3.91	64	2018-08-17T16:01:23.101645516Z	76.83	7.34	38.12	1.08	2.99	cassandra-001	38.12
153.783	1.08	66	2018-08-17T16:01:30.108084047Z	76.83	13.345	38.12	10.58	1.6	cassandra-001	38.12
82.444	10.58	67	2018-08-17T16:01:37.117091698Z	76.83	6.098	38.12	1.24	3.18	cassandra-001	38.12
85.333	1.24	69	2018-08-17T16:01:44.123871705Z	76.83	8.5	38.12	1.24	3.19	cassandra-001	38.12
176.583	1.24	71	2018-08-17T16:01:51.132038741Z	76.83	18.12	38.12	1.13	3.2	cassandra-001	38.12
90.438	1.13	73	2018-08-17T16:01:58.140572696Z	76.83	9.0	38.12	1.17	3.2	cassandra-001	38.12
178.338	1.17	74	2018-08-17T16:02:05.148068073Z	76.83	17.879	38.12	9.39	2.74	cassandra-001	38.12
90.525	9.39	76	2018-08-17T16:02:12.154597677Z	76.83	8.378	38.12	1.14	4.12	cassandra-001	38.12
96.041	1.14	77	2018-08-17T16:02:19.16567683Z	76.83	9.658	38.12	1.04	2.55	cassandra-001	38.12
197.245	1.04	79	2018-08-17T16:02:26.173110714Z	76.83	20.186	38.12	1.17	2.52	cassandra-001	38.12
102.148	1.17	80	2018-08-17T16:02:33.182258273Z	76.83	11.953	38.12	1.13	2.51	cassandra-001	38.12
200.495	1.13	82	2018-08-17T16:02:40.191582703Z	76.83	20.87	38.12	9.09	2.51	cassandra-001	38.12
101.132	9.09	83	2018-08-17T16:02:47.203269534Z	76.83	10.672	38.12	1.17	3.83	cassandra-001	38.12
105.576	1.17	85	2018-08-17T16:02:54.211620152Z	76.83	11.094	38.12	1.28	2.46	cassandra-001	38.12
214.469	1.28	86	2018-08-17T16:03:01.218745429Z	76.91	22.437	38.12	1.03	2.48	cassandra-001	38.12
107.087	1.03	87	2018-08-17T16:03:08.227082805Z	76.91	12.162	38.12	1.12	2.48	cassandra-001	38.12
222.827	1.12	89	2018-08-17T16:03:15.235122444Z	76.91	24.138	38.12	9.56	2.47	cassandra-001	38.12
110.776	9.56	90	2018-08-17T16:03:22.244013407Z	76.91	9.93	38.12	1.03	3.87	cassandra-001	38.12
112.669	1.03	91	2018-08-17T16:03:29.256021875Z	76.91	9.731	38.12	2.07	2.53	cassandra-001	38.12
229.798	2.07	93	2018-08-17T16:03:36.26858557Z	76.91	19.33	38.12	1.18	2.68	cassandra-001	38.12
110.275	1.18	94	2018-08-17T16:03:43.276068975Z	76.91	10.232	38.12	1.05	2.66	cassandra-001	38.12
234.834	1.05	95	2018-08-17T16:03:50.283326721Z	76.91	23.578	38.12	9.3	2.67	cassandra-001	38.12
120.04	9.3	97	2018-08-17T16:03:57.290529473Z	76.91	11.432	38.12	1.04	4.03	cassandra-001	38.12
122.726	1.04	98	2018-08-17T16:04:04.297347852Z	76.91	12.091	38.12	1.16	2.61	cassandra-001	38.12
250.785	1.16	99	2018-08-17T16:04:11.30601737Z	76.91	27.812	38.12	1.23	2.63	cassandra-001	38.12
126.533	1.23	101	2018-08-17T16:04:18.315402824Z	76.91	11.932	38.12	1.12	2.49	cassandra-001	38.12
246.577	1.12	102	2018-08-17T16:04:25.325565013Z	76.91	26.82	38.12	10.57	2.48	cassandra-001	38.12
128.703	10.57	103	2018-08-17T16:04:32.331992031Z	76.91	12.419	38.12	1.07	4.07	cassandra-001	38.12
130.627	1.07	104	2018-08-17T16:04:39.340430841Z	76.91	12.076	38.12	1.08	2.7	cassandra-001	38.12
261.337	1.08	106	2018-08-17T16:04:46.349082281Z	76.92	26.012	38.12	3.45	2.7	cassandra-001	38.12
131.915	3.45	107	2018-08-17T16:04:53.356089847Z	76.91	13.87	38.12	1.05	3.09	cassandra-001	38.12
274.448	1.05	108	2018-08-17T16:05:00.363184321Z	76.92	32.609	38.12	13.22	3.06	cassandra-001	38.12
133.889	13.22	110	2018-08-17T16:05:07.3738622Z	76.92	15.994	38.12	1.17	5.07	cassandra-001	38.12
137.971	1.17	111	2018-08-17T16:05:14.381544867Z	76.92	16.654	38.12	1.13	3.51	cassandra-001	38.12
281.128	1.13	112	2018-08-17T16:05:21.388812721Z	76.92	29.096	38.12	1.14	3.52	cassandra-001	38.12
140.866	1.14	113	2018-08-17T16:05:28.395246748Z	76.92	15.544	38.12	1.13	3.53	cassandra-001	38.12
287.078	1.13	114	2018-08-17T16:05:35.409474258Z	76.92	33.251	38.12	13.28	3.14	cassandra-001	38.12
142.685	13.28	115	2018-08-17T16:05:42.418115448Z	76.92	15.094	38.12	1.06	5.18	cassandra-001	38.12
141.838	1.06	117	2018-08-17T16:05:49.42458856Z	76.92	15.16	38.12	1.1	3.15	cassandra-001	38.12
295.523	1.1	118	2018-08-17T16:05:56.431045084Z	76.92	29.87	38.12	1.06	3.14	cassandra-001	38.12
150.762	1.06	119	2018-08-17T16:06:03.439346032Z	76.92	15.805	38.12	1.17	3.13	cassandra-001	38.12
301.289	1.17	120	2018-08-17T16:06:10.448416501Z	76.93	30.026	38.12	11.7	3.13	cassandra-001	38.12
153.041	11.7	121	2018-08-17T16:06:17.460062779Z	76.93	16.94	38.12	1.13	4.89	cassandra-001	38.12
152.831	1.13	122	2018-08-17T16:06:24.466784672Z	76.92	16.636	38.12	1.21	2.87	cassandra-001	38.12
304.297	1.21	123	2018-08-17T16:06:31.472935222Z	76.93	24.809	38.12	1.06	2.89	cassandra-001	38.12
153.698	1.06	125	2018-08-17T16:06:38.48058838Z	76.93	17.902	38.12	1.28	2.89	cassandra-001	38.12
307.567	1.28	126	2018-08-17T16:06:45.486907741Z	76.93	29.626	38.12	12.38	2.92	cassandra-001	38.12
158.447	12.38	127	2018-08-17T16:06:52.495728023Z	76.93	15.71	38.12	1.22	4.79	cassandra-001	38.12
159.156	1.22	128	2018-08-17T16:06:59.504097858Z	76.93	14.587	38.12	1.78	3.05	cassandra-001	38.12
321.129	1.78	129	2018-08-17T16:07:06.510491294Z	76.93	30.402	38.12	1.1	3.15	cassandra-001	38.12
162.314	1.1	130	2018-08-17T16:07:13.516463923Z	76.93	15.854	38.12	1.09	3.14	cassandra-001	38.12
322.34	1.09	131	2018-08-17T16:07:20.524523552Z	76.94	30.202	38.12	14.55	3.14	cassandra-001	38.12
163.696	14.55	132	2018-08-17T16:07:27.532294875Z	76.94	16.328	38.12	1.17	5.35	cassandra-001	38.12
167.303	1.17	133	2018-08-17T16:07:34.538382835Z	76.93	18.479	38.12	1.22	3.48	cassandra-001	38.12
340.451	1.22	134	2018-08-17T16:07:41.546187065Z	76.94	36.562	38.12	1.26	3.48	cassandra-001	38.12
169.605	1.26	136	2018-08-17T16:07:48.554117015Z	76.94	16.142	38.12	0.99	3.4	cassandra-001	38.12
339.244	0.99	136	2018-08-17T16:07:55.560239291Z	76.94	33.828	38.12	14.53	3.38	cassandra-001	38.12
173.541	14.53	138	2018-08-17T16:08:02.568528138Z	76.94	17.355	38.12	1.05	5.62	cassandra-001	38.12
174.091	1.05	139	2018-08-17T16:08:09.57769447Z	76.94	16.986	38.12	1.35	3.37	cassandra-001	38.12
341.265	1.35	140	2018-08-17T16:08:16.584329435Z	76.94	37.878	38.12	1.3	3.4	cassandra-001	38.12
172.45	1.3	141	2018-08-17T16:08:23.592027944Z	76.94	16.404	38.12	1.12	3.41	cassandra-001	38.12
357.24	1.12	142	2018-08-17T16:08:30.60018096Z	76.94	36.767	38.12	13.88	3.39	cassandra-001	38.12
178.777	13.88	143	2018-08-17T16:08:37.607942748Z	76.94	15.796	38.12	1.18	5.54	cassandra-001	38.12
173.755	1.18	144	2018-08-17T16:08:44.6140464Z	76.94	15.294	38.12	1.07	3.31	cassandra-001	38.12
356.956	1.07	145	2018-08-17T16:08:51.620560358Z	76.94	28.832	38.12	1.18	3.32	cassandra-001	38.12
178.751	1.18	146	2018-08-17T16:08:58.627464781Z	76.95	13.828	38.12	1.16	3.29	cassandra-001	38.12
363.311	1.16	147	2018-08-17T16:09:05.635435241Z	76.95	32.803	38.12	17.18	3.26	cassandra-001	38.12
180.585	17.18	148	2018-08-17T16:09:12.644271098Z	76.95	15.134	38.12	1.13	5.94	cassandra-001	38.12
183.396	1.13	149	2018-08-17T16:09:19.651541598Z	76.95	16.744	38.12	1.26	3.82	cassandra-001	38.12
372.001	1.26	150	2018-08-17T16:09:26.65855302Z	76.95	36.946	38.12	1.12	3.83	cassandra-001	38.12
189.752	1.12	151	2018-08-17T16:09:33.666137537Z	76.95	19.079	38.12	1.28	3.84	cassandra-001	38.12
381.745	1.28	152	2018-08-17T16:09:40.673252777Z	76.95	39.228	38.12	29.69	3.85	cassandra-001	38.12
190.11	29.69	152	2018-08-17T16:09:47.687770655Z	76.95	16.32	38.11	1.26	8.61	cassandra-001	38.11
190.805	1.26	153	2018-08-17T16:09:54.695327034Z	76.95	17.904	38.11	1.14	5.96	cassandra-001	38.11
380.763	1.14	154	2018-08-17T16:10:01.703013323Z	76.95	36.783	38.11	1.14	5.96	cassandra-001	38.11
191.299	1.14	155	2018-08-17T16:10:08.710381014Z	76.95	21.718	38.11	1.17	5.94	cassandra-001	38.11
392.475	1.17	156	2018-08-17T16:10:15.718802696Z	76.96	38.366	38.11	15.57	5.95	cassandra-001	38.11
195.138	15.57	157	2018-08-17T16:10:22.728267035Z	76.96	18.602	38.11	1.23	8.33	cassandra-001	38.11
198.629	1.23	158	2018-08-17T16:10:29.736007471Z	76.96	20.845	38.11	2.41	3.58	cassandra-001	38.11
395.872	2.41	159	2018-08-17T16:10:36.745012368Z	76.96	46.878	38.11	1.15	3.78	cassandra-001	38.11
198.367	1.15	160	2018-08-17T16:10:43.752576108Z	76.96	20.264	38.11	1.12	3.78	cassandra-001	38.11
406.884	1.12	161	2018-08-17T16:10:50.758887067Z	76.96	41.174	38.11	14.25	3.77	cassandra-001	38.11
200.043	14.25	162	2018-08-17T16:10:57.765428694Z	76.96	18.006	38.11	1.03	5.95	cassandra-001	38.11
196.819	1.03	163	2018-08-17T16:11:04.773582103Z	76.96	18.863	38.11	1.16	3.53	cassandra-001	38.11
403.622	1.16	164	2018-08-17T16:11:11.783233906Z	76.96	35.364	38.11	1.21	3.52	cassandra-001	38.11
206.058	1.21	164	2018-08-17T16:11:18.791535186Z	76.96	21.12	38.11	1.04	3.32	cassandra-001	38.11
411.12	1.04	165	2018-08-17T16:11:25.799739498Z	76.97	43.256	38.11	14.96	3.3	cassandra-001	38.11
211.767	14.96	166	2018-08-17T16:11:32.807373889Z	76.96	22.505	38.11	1.12	5.61	cassandra-001	38.11
206.603	1.12	167	2018-08-17T16:11:39.815993268Z	76.97	22.096	38.11	1.28	3.42	cassandra-001	38.11
420.388	1.28	168	2018-08-17T16:11:46.826292298Z	76.97	42.33	38.11	1.17	3.46	cassandra-001	38.11
209.608	1.17	169	2018-08-17T16:11:53.839271075Z	76.97	18.518	38.11	1.02	3.46	cassandra-001	38.11
421.528	1.02	170	2018-08-17T16:12:00.84865959Z	76.97	40.731	38.11	21.28	3.43	cassandra-001	38.11
210.39	21.28	171	2018-08-17T16:12:07.857518427Z	76.97	20.946	38.11	1.17	6.8	cassandra-001	38.11
214.661	1.17	171	2018-08-17T16:12:14.863949858Z	76.97	22.464	38.11	1.09	4.51	cassandra-001	38.11
429.134	1.09	172	2018-08-17T16:12:21.873286549Z	76.97	40.65	38.11	1.24	4.5	cassandra-001	38.11
218.702	1.24	173	2018-08-17T16:12:28.88024602Z	76.98	22.621	38.11	2.04	4.49	cassandra-001	38.11
437.568	2.04	174	2018-08-17T16:12:35.891363435Z	76.98	41.454	38.11	19.86	4.64	cassandra-001	38.11
221.372	19.86	175	2018-08-17T16:12:42.899325321Z	76.98	23.426	38.11	0.93	7.78	cassandra-001	38.11
222.953	0.93	176	2018-08-17T16:12:49.905739525Z	76.98	24.31	38.12	1.09	4.39	cassandra-001	38.12
448.198	1.09	176	2018-08-17T16:12:56.912936281Z	76.98	54.322	38.12	1.14	4.37	cassandra-001	38.12
219.598	1.14	177	2018-08-17T16:13:03.920738021Z	76.98	25.167	38.12	1.2	4.38	cassandra-001	38.12
451.623	1.2	178	2018-08-17T16:13:10.93122705Z	76.99	52.446	38.12	15.9	4.38	cassandra-001	38.12
230.077	15.9	179	2018-08-17T16:13:17.941004331Z	76.99	28.546	38.12	1.15	6.69	cassandra-001	38.12
225.668	1.15	180	2018-08-17T16:13:24.948420185Z	76.99	24.546	38.12	1.05	3.57	cassandra-001	38.12
444.732	1.05	181	2018-08-17T16:13:31.955532138Z	76.99	53.064	38.12	1.3	3.59	cassandra-001	38.12
226.681	1.3	181	2018-08-17T16:13:38.964522769Z	76.99	26.182	38.12	1.15	3.62	cassandra-001	38.12
458.269	1.15	182	2018-08-17T16:13:45.973018571Z	76.99	51.796	38.12	21.72	3.62	cassandra-001	38.12
229.13	21.72	183	2018-08-17T16:13:52.983519187Z	76.99	26.34	38.12	1.23	7.04	cassandra-001	38.12
235.864	1.23	184	2018-08-17T16:13:59.991687459Z	77.0	28.319	38.12	1.4	4.6	cassandra-001	38.12
464.892	1.4	185	2018-08-17T16:14:07.001259798Z	77.0	46.818	38.12	1.17	4.64	cassandra-001	38.12
232.945	1.17	185	2018-08-17T16:14:14.010693114Z	76.99	22.59	38.12	1.24	4.66	cassandra-001	38.12
470.809	1.24	186	2018-08-17T16:14:21.021672419Z	77.0	53.588	38.12	18.72	4.65	cassandra-001	38.12
231.525	18.72	187	2018-08-17T16:14:28.034166973Z	77.0	23.078	38.12	1.17	7.58	cassandra-001	38.12
238.323	1.17	188	2018-08-17T16:14:35.04266076Z	77.0	24.793	38.12	1.16	4.16	cassandra-001	38.12
471.216	1.16	189	2018-08-17T16:14:42.053407689Z	77.0	43.99	38.12	1.22	4.14	cassandra-001	38.12
237.072	1.22	189	2018-08-17T16:14:49.059496963Z	77.0	24.12	38.12	1.0	4.11	cassandra-001	38.12
482.352	1.0	190	2018-08-17T16:14:56.065992969Z	77.0	54.126	38.12	15.62	4.08	cassandra-001	38.12
243.839	15.62	191	2018-08-17T16:15:03.073207696Z	77.0	29.161	38.12	1.09	6.48	cassandra-001	38.12
258.882	1.09	192	2018-08-17T16:15:10.081626706Z	77.01	28.682	38.12	5.51	3.54	cassandra-001	38.12
476.575	5.51	192	2018-08-17T16:15:17.088786667Z	77.01	58.854	38.12	1.02	4.27	cassandra-001	38.12
245.826	1.02	193	2018-08-17T16:15:24.103121009Z	77.01	24.818	38.12	1.25	4.24	cassandra-001	38.12
489.439	1.25	194	2018-08-17T16:15:31.109163244Z	77.01	51.443	38.11	9.84	4.25	cassandra-001	38.11
246.678	9.84	195	2018-08-17T16:15:38.119483582Z	77.01	28.104	38.11	1.12	5.72	cassandra-001	38.11
461.509	1.12	195	2018-08-17T16:15:45.12933573Z	77.01	52.34	38.11	13.98	3.3	cassandra-001	38.11
279.783	13.98	196	2018-08-17T16:15:52.136645703Z	77.01	30.664	38.11	1.22	5.45	cassandra-001	38.11
244.385	1.22	197	2018-08-17T16:15:59.14482326Z	77.01	25.687	38.11	2.21	4.74	cassandra-001	38.11
490.041	2.21	198	2018-08-17T16:16:06.154306097Z	77.01	50.754	38.11	1.39	4.94	cassandra-001	38.11
246.83	1.39	198	2018-08-17T16:16:13.165555883Z	77.01	23.72	38.11	1.15	4.96	cassandra-001	38.11
493.734	1.15	199	2018-08-17T16:16:20.172526906Z	77.02	48.324	38.11	21.6	3.51	cassandra-001	38.11
250.293	21.6	200	2018-08-17T16:16:27.179814072Z	77.02	25.858	38.11	1.05	6.93	cassandra-001	38.11
251.164	1.05	201	2018-08-17T16:16:34.186543367Z	77.02	27.903	38.11	1.16	4.77	cassandra-001	38.11
506.365	1.16	201	2018-08-17T16:16:41.193580337Z	77.02	47.834	38.11	1.03	4.76	cassandra-001	38.11
253.686	1.03	202	2018-08-17T16:16:48.205279904Z	77.02	29.012	38.11	1.16	4.56	cassandra-001	38.11
500.694	1.16	203	2018-08-17T16:16:55.2122966Z	77.02	56.584	38.11	18.93	4.53	cassandra-001	38.11
250.91	18.93	204	2018-08-17T16:17:02.220640714Z	77.02	29.367	38.11	1.23	7.49	cassandra-001	38.11
257.13	1.23	204	2018-08-17T16:17:09.226933778Z	77.02	24.14	38.11	0.97	4.09	cassandra-001	38.11
510.961	0.97	205	2018-08-17T16:17:16.234044044Z	77.03	48.042	38.11	3.97	4.08	cassandra-001	38.11
254.701	3.97	206	2018-08-17T16:17:23.240893886Z	77.02	25.618	38.11	1.12	4.55	cassandra-001	38.11
522.286	1.12	207	2018-08-17T16:17:30.249180492Z	77.03	58.851	38.11	24.0	4.56	cassandra-001	38.11
258.191	24.0	207	2018-08-17T16:17:37.25631668Z	77.03	24.086	38.11	1.08	8.37	cassandra-001	38.11
262.464	1.08	208	2018-08-17T16:17:44.265198519Z	77.03	26.198	38.11	1.21	5.4	cassandra-001	38.11
529.379	1.21	209	2018-08-17T16:17:51.272309801Z	77.03	55.22	38.11	1.09	5.39	cassandra-001	38.11
263.889	1.09	209	2018-08-17T16:17:58.27961171Z	77.03	23.214	38.11	1.3	5.41	cassandra-001	38.11
524.535	1.3	210	2018-08-17T16:18:05.289211379Z	77.04	50.387	38.11	35.67	4.97	cassandra-001	38.11
257.414	35.67	211	2018-08-17T16:18:12.300935403Z	77.04	22.184	38.11	1.3	10.72	cassandra-001	38.11
266.963	1.3	212	2018-08-17T16:18:19.312385609Z	77.04	27.49	38.11	1.27	6.94	cassandra-001	38.11
531.586	1.27	212	2018-08-17T16:18:26.321752258Z	77.05	53.356	38.11	1.35	6.97	cassandra-001	38.11
261.899	1.35	213	2018-08-17T16:18:33.328270839Z	77.04	23.727	38.11	1.13	7.0	cassandra-001	38.11
532.361	1.13	214	2018-08-17T16:18:40.335831662Z	77.05	51.124	38.11	20.42	7.0	cassandra-001	38.11
266.427	20.42	215	2018-08-17T16:18:47.346000775Z	77.05	30.208	38.11	1.18	10.19	cassandra-001	38.11
276.126	1.18	215	2018-08-17T16:18:54.354269712Z	77.05	33.112	38.11	1.28	4.44	cassandra-001	38.11
544.401	1.28	216	2018-08-17T16:19:01.363468208Z	77.05	54.699	38.11	1.23	4.44	cassandra-001	38.11
272.023	1.23	217	2018-08-17T16:19:08.370596806Z	77.05	30.392	38.11	1.19	4.43	cassandra-001	38.11
545.557	1.19	217	2018-08-17T16:19:15.378943893Z	77.06	59.952	38.11	20.53	4.4	cassandra-001	38.11
266.559	20.53	218	2018-08-17T16:19:22.389857724Z	77.05	27.316	38.11	1.08	7.64	cassandra-001	38.11
275.395	1.08	219	2018-08-17T16:19:29.398708167Z	77.06	31.935	38.11	2.24	4.41	cassandra-001	38.11
550.799	2.24	219	2018-08-17T16:19:36.408778871Z	77.06	62.168	38.11	1.29	4.59	cassandra-001	38.11
278.512	1.29	220	2018-08-17T16:19:43.41560449Z	77.06	30.14	38.11	1.08	4.59	cassandra-001	38.11
557.098	1.08	221	2018-08-17T16:19:50.422421427Z	77.06	57.032	38.11	20.77	4.57	cassandra-001	38.11
276.252	20.77	221	2018-08-17T16:19:57.431590146Z	77.06	26.232	38.11	1.07	7.83	cassandra-001	38.11
273.675	1.07	222	2018-08-17T16:20:04.440574886Z	77.06	21.347	38.11	1.23	4.59	cassandra-001	38.11
555.503	1.23	223	2018-08-17T16:20:11.449161679Z	77.07	46.972	38.11	1.05	4.61	cassandra-001	38.11
276.407	1.05	223	2018-08-17T16:20:18.457373354Z	77.07	22.126	38.11	1.2	4.41	cassandra-001	38.11
561.501	1.2	224	2018-08-17T16:20:25.466042522Z	77.07	52.066	38.11	21.52	4.4	cassandra-001	38.11
274.635	21.52	225	2018-08-17T16:20:32.475781381Z	77.07	23.445	38.11	1.06	7.81	cassandra-001	38.11
277.527	1.06	226	2018-08-17T16:20:39.48305224Z	77.07	21.848	38.11	1.01	4.52	cassandra-001	38.11
556.172	1.01	226	2018-08-17T16:20:46.492147293Z	77.08	47.286	38.11	2.72	4.51	cassandra-001	38.11
281.485	2.72	227	2018-08-17T16:20:53.502541834Z	77.07	26.164	38.11	1.21	4.76	cassandra-001	38.11
568.141	1.21	228	2018-08-17T16:21:00.513643859Z	77.08	46.743	38.11	24.34	4.79	cassandra-001	38.11
284.43	24.34	228	2018-08-17T16:21:07.520875366Z	77.08	25.688	38.11	1.23	8.64	cassandra-001	38.11
284.467	1.23	229	2018-08-17T16:21:14.531229402Z	77.08	23.642	38.11	1.44	5.26	cassandra-001	38.11
576.781	1.44	230	2018-08-17T16:21:21.540773417Z	77.08	55.124	38.11	1.14	5.32	cassandra-001	38.11
288.591	1.14	230	2018-08-17T16:21:28.548827559Z	77.09	26.704	38.11	1.18	5.35	cassandra-001	38.11
579.395	1.18	231	2018-08-17T16:21:35.557484183Z	77.09	54.753	38.11	23.09	5.09	cassandra-001	38.11
291.015	23.09	232	2018-08-17T16:21:42.568463158Z	77.09	25.898	38.11	1.17	8.74	cassandra-001	38.11
291.294	1.17	232	2018-08-17T16:21:49.576974791Z	77.09	27.218	38.11	1.15	4.87	cassandra-001	38.11
581.347	1.15	233	2018-08-17T16:21:56.583637154Z	77.09	54.818	38.11	1.2	4.86	cassandra-001	38.11
291.053	1.2	234	2018-08-17T16:22:03.590246673Z	77.09	25.857	38.11	1.0	4.82	cassandra-001	38.11
582.827	1.0	234	2018-08-17T16:22:10.596844263Z	77.1	62.288	38.11	23.6	4.8	cassandra-001	38.11
293.35	23.6	235	2018-08-17T16:22:17.60267011Z	77.1	29.21	38.11	1.0	8.53	cassandra-001	38.11
295.403	1.0	235	2018-08-17T16:22:24.608965688Z	77.1	27.718	38.11	1.2	4.85	cassandra-001	38.11
594.266	1.2	236	2018-08-17T16:22:31.617826415Z	77.1	61.045	38.11	1.18	4.86	cassandra-001	38.11
297.855	1.18	237	2018-08-17T16:22:38.629068277Z	77.1	33.882	38.11	1.09	4.86	cassandra-001	38.11
597.341	1.09	237	2018-08-17T16:22:45.635121908Z	77.11	54.656	38.11	25.55	4.84	cassandra-001	38.11
300.224	25.55	238	2018-08-17T16:22:52.641247085Z	77.1	31.598	38.11	1.22	8.94	cassandra-001	38.11
297.532	1.22	239	2018-08-17T16:22:59.648075248Z	77.11	29.287	38.11	1.95	5.21	cassandra-001	38.11
607.609	1.95	239	2018-08-17T16:23:06.654699672Z	77.11	75.154	38.11	1.1	5.36	cassandra-001	38.11
304.779	1.1	240	2018-08-17T16:23:13.663277769Z	77.11	37.392	38.11	1.13	5.35	cassandra-001	38.11
612.507	1.13	241	2018-08-17T16:23:20.669474045Z	77.11	62.626	38.11	21.56	5.34	cassandra-001	38.11
296.023	21.56	241	2018-08-17T16:23:27.676453642Z	77.11	22.396	38.11	1.18	8.75	cassandra-001	38.11
299.685	1.18	242	2018-08-17T16:23:34.684466884Z	77.11	21.577	38.11	1.18	4.69	cassandra-001	38.11
600.526	1.18	242	2018-08-17T16:23:41.693001758Z	77.12	61.252	38.11	1.08	4.68	cassandra-001	38.11
304.521	1.08	243	2018-08-17T16:23:48.702670365Z	77.12	31.398	38.11	1.13	4.54	cassandra-001	38.11
614.217	1.13	244	2018-08-17T16:23:55.709713942Z	77.12	63.64	38.11	24.32	4.54	cassandra-001	38.11
305.943	24.32	244	2018-08-17T16:24:02.718736804Z	77.12	30.631	38.11	1.12	8.41	cassandra-001	38.11
308.676	1.12	245	2018-08-17T16:24:09.72562552Z	77.12	31.978	38.11	1.62	5.0	cassandra-001	38.11
613.984	1.62	246	2018-08-17T16:24:16.732138447Z	77.12	61.83	38.11	1.22	5.07	cassandra-001	38.11
306.684	1.22	246	2018-08-17T16:24:23.739896371Z	77.12	29.364	38.11	1.18	5.08	cassandra-001	38.11
628.521	1.18	247	2018-08-17T16:24:30.748110271Z	77.13	69.115	38.11	21.66	5.1	cassandra-001	38.11
312.979	21.66	247	2018-08-17T16:24:37.755980612Z	77.13	36.874	38.11	1.16	8.52	cassandra-001	38.11
317.417	1.16	248	2018-08-17T16:24:44.763233382Z	77.13	38.128	38.11	1.07	4.66	cassandra-001	38.11
630.843	1.07	249	2018-08-17T16:24:51.770975546Z	77.13	73.404	38.11	1.02	4.65	cassandra-001	38.12
316.556	1.02	249	2018-08-17T16:24:58.778696633Z	77.14	36.662	38.12	1.2	4.55	cassandra-001	38.12
638.561	1.2	250	2018-08-17T16:25:05.785325973Z	77.14	73.627	38.12	21.84	4.55	cassandra-001	38.12
317.124	21.84	250	2018-08-17T16:25:12.793762079Z	77.14	36.49	38.12	1.18	7.99	cassandra-001	38.12
317.461	1.18	251	2018-08-17T16:25:19.801450867Z	77.14	35.302	38.12	1.27	4.58	cassandra-001	38.12
636.849	1.27	252	2018-08-17T16:25:26.809432793Z	77.14	69.006	38.12	1.3	4.6	cassandra-001	38.12
322.497	1.3	252	2018-08-17T16:25:33.818833505Z	77.14	37.545	38.12	1.15	4.63	cassandra-001	38.12
631.737	1.15	253	2018-08-17T16:25:40.827018658Z	77.15	69.982	38.12	25.82	4.66	cassandra-001	38.12
315.339	25.82	253	2018-08-17T16:25:47.833439464Z	77.15	30.034	38.12	1.16	8.76	cassandra-001	38.12
314.158	1.16	254	2018-08-17T16:25:54.841688607Z	77.15	28.12	38.12	1.23	5.31	cassandra-001	38.12
630.966	1.23	255	2018-08-17T16:26:01.848505612Z	77.15	65.109	38.12	1.28	5.32	cassandra-001	38.12
321.296	1.28	255	2018-08-17T16:26:08.855136036Z	77.16	32.396	38.09	1.15	5.32	cassandra-001	38.12
644.61	1.15	256	2018-08-17T16:26:15.861772825Z	77.16	66.904	38.12	25.79	5.3	cassandra-001	38.12
321.239	25.79	257	2018-08-17T16:26:22.868484736Z	77.16	36.184	38.12	1.36	9.4	cassandra-001	38.12
328.198	1.36	257	2018-08-17T16:26:29.875576806Z	77.16	35.827	38.12	2.12	5.33	cassandra-001	38.12
647.837	2.12	258	2018-08-17T16:26:36.888758475Z	77.16	70.242	38.12	1.18	5.49	cassandra-001	38.12
325.59	1.18	258	2018-08-17T16:26:43.89768924Z	77.16	33.213	38.12	1.22	5.48	cassandra-001	38.12
644.054	1.22	259	2018-08-17T16:26:50.90411811Z	77.17	61.78	38.12	41.21	5.47	cassandra-001	38.12
322.289	41.21	259	2018-08-17T16:26:57.913283086Z	77.17	33.754	38.11	1.35	12.15	cassandra-001	38.11
326.861	1.35	260	2018-08-17T16:27:04.92280527Z	77.16	34.717	38.11	1.09	8.07	cassandra-001	38.11
653.53	1.09	261	2018-08-17T16:27:11.928981747Z	77.17	57.198	38.11	1.11	8.03	cassandra-001	38.11
324.01	1.11	261	2018-08-17T16:27:18.937926032Z	77.17	33.41	38.11	1.12	7.86	cassandra-001	38.11
655.388	1.12	262	2018-08-17T16:27:25.948731069Z	77.17	61.804	38.11	25.98	7.85	cassandra-001	38.11
331.341	25.98	262	2018-08-17T16:27:32.956798707Z	77.17	33.343	38.11	1.2	11.98	cassandra-001	38.11
325.156	1.2	263	2018-08-17T16:27:39.964378754Z	77.17	30.664	38.11	1.28	5.31	cassandra-001	38.11
663.365	1.28	264	2018-08-17T16:27:46.977188741Z	77.18	63.624	38.11	1.21	5.3	cassandra-001	38.11
328.102	1.21	264	2018-08-17T16:27:53.984687103Z	77.17	29.766	38.11	1.11	5.32	cassandra-001	38.11
669.415	1.11	265	2018-08-17T16:28:00.996226823Z	77.18	66.949	38.11	21.76	5.32	cassandra-001	38.11
335.729	21.76	265	2018-08-17T16:28:08.003437014Z	77.18	33.118	38.11	1.16	8.76	cassandra-001	38.11
333.972	1.16	266	2018-08-17T16:28:15.012137355Z	77.18	31.534	38.11	1.12	4.62	cassandra-001	38.11
671.142	1.12	267	2018-08-17T16:28:22.019001304Z	77.18	65.43	38.11	1.09	4.61	cassandra-001	38.11
335.306	1.09	267	2018-08-17T16:28:29.025014457Z	77.19	31.956	38.11	1.09	4.57	cassandra-001	38.11
673.496	1.09	268	2018-08-17T16:28:36.030676622Z	77.19	68.359	38.11	25.03	4.55	cassandra-001	38.11
333.841	25.03	268	2018-08-17T16:28:43.038189444Z	77.19	36.034	38.11	1.07	8.54	cassandra-001	38.11
337.628	1.07	269	2018-08-17T16:28:50.044947699Z	77.19	35.11	38.11	1.18	5.09	cassandra-001	38.11
679.49	1.18	269	2018-08-17T16:28:57.053690103Z	77.2	73.414	38.11	1.16	5.1	cassandra-001	38.11
339.799	1.16	270	2018-08-17T16:29:04.063590829Z	77.2	35.703	38.11	1.14	5.1	cassandra-001	38.11
677.802	1.14	270	2018-08-17T16:29:11.072847235Z	77.2	70.72	38.11	25.97	5.11	cassandra-001	38.11
338.758	25.97	271	2018-08-17T16:29:18.079912104Z	77.2	34.04	38.11	1.24	9.26	cassandra-001	38.11
407.527	1.24	272	2018-08-17T16:29:25.087984102Z	77.2	41.638	38.11	5.61	5.29	cassandra-001	38.11
626.14	5.61	272	2018-08-17T16:29:32.096523232Z	77.2	62.605	38.11	1.35	6.05	cassandra-001	38.11
346.854	1.35	273	2018-08-17T16:29:39.104552726Z	77.21	35.148	38.11	1.16	6.08	cassandra-001	38.11
689.789	1.16	273	2018-08-17T16:29:46.112676866Z	77.21	70.322	38.11	27.2	6.08	cassandra-001	38.11
342.333	27.2	274	2018-08-17T16:29:53.119211509Z	77.21	33.128	38.11	1.12	10.42	cassandra-001	38.11
473.719	1.12	274	2018-08-17T16:30:00.128206244Z	77.21	52.49	38.11	9.61	6.28	cassandra-001	38.11
558.665	9.61	275	2018-08-17T16:30:07.1374861Z	77.21	56.977	38.11	1.27	7.67	cassandra-001	38.11
348.816	1.27	276	2018-08-17T16:30:14.144296805Z	77.22	36.348	38.11	1.34	6.95	cassandra-001	38.11
684.916	1.34	276	2018-08-17T16:30:21.152537579Z	77.22	58.334	38.11	15.56	6.95	cassandra-001	38.11
348.449	15.56	277	2018-08-17T16:30:28.159778139Z	77.22	32.744	38.11	1.24	9.35	cassandra-001	38.11
685.666	1.24	277	2018-08-17T16:30:35.167506654Z	77.22	67.194	38.11	20.17	5.02	cassandra-001	38.11
360.921	20.17	278	2018-08-17T16:30:42.174816534Z	77.23	37.729	38.11	1.13	8.2	cassandra-001	38.12
349.968	1.13	278	2018-08-17T16:30:49.184196725Z	77.23	38.076	38.12	1.19	6.79	cassandra-001	38.12
707.729	1.19	279	2018-08-17T16:30:56.192330004Z	77.31	79.188	38.12	1.66	6.77	cassandra-001	38.12
354.636	1.66	279	2018-08-17T16:31:03.200981907Z	77.3	41.903	38.12	1.15	6.82	cassandra-001	38.12
649.618	1.15	280	2018-08-17T16:31:10.213944803Z	77.31	70.523	38.12	31.97	4.42	cassandra-001	38.12
419.865	31.97	280	2018-08-17T16:31:17.220721166Z	77.31	45.221	38.12	1.04	9.54	cassandra-001	38.12
359.375	1.04	281	2018-08-17T16:31:24.2312237Z	77.31	41.296	38.12	1.08	6.36	cassandra-001	38.12
712.427	1.08	282	2018-08-17T16:31:31.238812575Z	77.31	80.703	38.12	0.83	6.35	cassandra-001	38.12
361.159	0.83	282	2018-08-17T16:31:38.246128262Z	77.32	42.51	38.12	1.08	6.29	cassandra-001	38.12
712.282	1.08	283	2018-08-17T16:31:45.253540135Z	77.32	69.034	38.12	26.06	6.19	cassandra-001	38.12
352.339	26.06	283	2018-08-17T16:31:52.260137542Z	77.32	32.53	38.12	1.23	10.34	cassandra-001	38.12
357.339	1.23	284	2018-08-17T16:31:59.266664264Z	77.32	37.018	38.12	1.05	5.22	cassandra-001	38.12
712.611	1.05	284	2018-08-17T16:32:06.272907414Z	77.32	70.603	38.12	1.05	5.22	cassandra-001	38.12
351.953	1.05	285	2018-08-17T16:32:13.280308057Z	77.32	29.005	38.12	1.0	5.22	cassandra-001	38.12
712.39	1.0	285	2018-08-17T16:32:20.28749774Z	77.33	59.29	38.12	25.15	5.24	cassandra-001	38.12
350.226	25.15	286	2018-08-17T16:32:27.2968061Z	77.33	27.632	38.12	1.0	9.26	cassandra-001	38.12
361.837	1.0	286	2018-08-17T16:32:34.304710849Z	77.33	35.155	38.12	1.31	5.08	cassandra-001	38.12
713.672	1.31	287	2018-08-17T16:32:41.314557801Z	77.33	58.814	38.12	1.1	5.09	cassandra-001	38.12
356.905	1.1	287	2018-08-17T16:32:48.32145735Z	77.33	28.146	38.12	1.14	5.1	cassandra-001	38.12
719.905	1.14	288	2018-08-17T16:32:55.328369608Z	77.34	65.162	38.12	27.15	5.12	cassandra-001	38.12
361.589	27.15	289	2018-08-17T16:33:02.338566698Z	77.34	33.821	38.12	1.09	9.47	cassandra-001	38.12
358.135	1.09	289	2018-08-17T16:33:09.345189854Z	77.34	30.218	38.12	1.03	5.46	cassandra-001	38.12
718.339	1.03	290	2018-08-17T16:33:16.352416689Z	77.34	61.346	38.12	2.66	5.47	cassandra-001	38.12
363.548	2.66	290	2018-08-17T16:33:23.360444007Z	77.34	36.976	38.12	1.29	5.69	cassandra-001	38.12
730.597	1.29	291	2018-08-17T16:33:30.368855344Z	77.35	73.977	38.12	29.27	5.73	cassandra-001	38.12
363.942	29.27	291	2018-08-17T16:33:37.384649588Z	77.35	40.196	38.12	1.17	10.41	cassandra-001	38.12
365.593	1.17	292	2018-08-17T16:33:44.392879506Z	77.35	33.16	38.12	1.0	6.08	cassandra-001	38.12
733.919	1.0	292	2018-08-17T16:33:51.398947992Z	77.35	75.402	38.12	1.0	6.07	cassandra-001	38.12
370.844	1.0	293	2018-08-17T16:33:58.406542558Z	77.35	37.714	38.12	1.1	6.06	cassandra-001	38.12
738.368	1.1	293	2018-08-17T16:34:05.413416527Z	77.36	70.807	38.12	26.75	5.8	cassandra-001	38.12
370.413	26.75	294	2018-08-17T16:34:12.419993922Z	77.36	36.09	38.12	1.18	10.05	cassandra-001	38.12
370.623	1.18	294	2018-08-17T16:34:19.428177471Z	77.36	40.538	38.12	1.29	5.37	cassandra-001	38.12
744.182	1.29	295	2018-08-17T16:34:26.438766776Z	77.36	72.298	38.12	1.39	5.39	cassandra-001	38.12
374.985	1.39	295	2018-08-17T16:34:33.448190946Z	77.36	38.887	38.12	1.07	5.45	cassandra-001	38.12
747.393	1.07	296	2018-08-17T16:34:40.456572944Z	77.37	74.726	38.12	26.31	5.46	cassandra-001	38.12
375.347	26.31	296	2018-08-17T16:34:47.463266666Z	77.37	38.412	38.12	1.08	9.66	cassandra-001	38.12
373.151	1.08	297	2018-08-17T16:34:54.471836316Z	77.36	36.96	38.11	1.17	5.39	cassandra-001	38.11
735.583	1.17	297	2018-08-17T16:35:01.483744717Z	77.37	68.335	38.11	1.15	5.38	cassandra-001	38.11
365.34	1.15	298	2018-08-17T16:35:08.490203397Z	77.37	29.528	38.11	1.18	5.36	cassandra-001	38.11
753.29	1.18	298	2018-08-17T16:35:15.497648429Z	77.37	75.08	38.11	28.15	5.33	cassandra-001	38.11
378.848	28.15	299	2018-08-17T16:35:22.504993381Z	77.37	38.2	38.11	1.3	9.84	cassandra-001	38.11
372.071	1.3	299	2018-08-17T16:35:29.514358321Z	77.37	28.194	38.11	1.2	5.67	cassandra-001	38.11
750.945	1.2	300	2018-08-17T16:35:36.520885116Z	77.38	72.201	38.11	1.24	5.69	cassandra-001	38.11
372.588	1.24	300	2018-08-17T16:35:43.530350355Z	77.38	30.002	38.11	1.25	5.7	cassandra-001	38.11
753.812	1.25	301	2018-08-17T16:35:50.537846547Z	77.38	65.706	38.11	28.47	5.72	cassandra-001	38.11
382.95	28.47	302	2018-08-17T16:35:57.546719757Z	77.38	37.09	38.11	1.2	10.27	cassandra-001	38.11
381.507	1.2	302	2018-08-17T16:36:04.554134856Z	77.38	38.581	38.11	1.17	5.78	cassandra-001	38.11
758.645	1.17	303	2018-08-17T16:36:11.562064804Z	77.38	74.958	38.11	1.26	5.76	cassandra-001	38.11
379.873	1.26	303	2018-08-17T16:36:18.573338238Z	77.39	36.654	38.11	1.17	5.76	cassandra-001	38.11
767.412	1.17	304	2018-08-17T16:36:25.581365903Z	77.39	78.112	38.11	26.44	5.75	cassandra-001	38.11
384.449	26.44	304	2018-08-17T16:36:32.588499757Z	77.39	40.217	38.11	1.22	9.95	cassandra-001	38.11
380.521	1.22	305	2018-08-17T16:36:39.5984172Z	77.4	36.706	38.11	1.09	5.41	cassandra-001	38.11
761.2	1.09	305	2018-08-17T16:36:46.606331019Z	77.4	70.534	38.11	3.06	5.39	cassandra-001	38.11
383.803	3.06	306	2018-08-17T16:36:53.61432337Z	77.4	39.834	38.11	1.21	5.71	cassandra-001	38.11
770.748	1.21	306	2018-08-17T16:37:00.620686175Z	77.4	81.119	38.11	27.79	5.7	cassandra-001	38.11
384.324	27.79	307	2018-08-17T16:37:07.629795807Z	77.41	41.246	38.11	1.26	10.14	cassandra-001	38.11
393.29	1.26	307	2018-08-17T16:37:14.636284291Z	77.4	43.556	38.11	1.28	5.94	cassandra-001	38.11
769.092	1.28	308	2018-08-17T16:37:21.646286586Z	77.41	76.01	38.11	1.26	5.95	cassandra-001	38.11
384.639	1.26	308	2018-08-17T16:37:28.656928932Z	77.41	44.374	38.11	1.23	5.98	cassandra-001	38.11
774.705	1.23	309	2018-08-17T16:37:35.665246783Z	77.41	72.009	38.11	27.03	5.67	cassandra-001	38.11
386.831	27.03	309	2018-08-17T16:37:42.673946082Z	77.41	36.48	38.11	1.14	9.97	cassandra-001	38.11
385.731	1.14	310	2018-08-17T16:37:49.685085828Z	77.42	33.602	38.11	1.17	5.53	cassandra-001	38.11
769.681	1.17	310	2018-08-17T16:37:56.695668583Z	77.42	75.48	38.11	1.21	5.52	cassandra-001	38.11
388.326	1.21	311	2018-08-17T16:38:03.703359267Z	77.42	33.865	38.11	1.14	5.51	cassandra-001	38.11
773.891	1.14	311	2018-08-17T16:38:10.71413462Z	77.42	64.444	38.11	29.09	5.49	cassandra-001	38.11
385.529	29.09	312	2018-08-17T16:38:17.722360319Z	77.43	33.39	38.12	1.09	10.13	cassandra-001	38.12
395.065	1.09	312	2018-08-17T16:38:24.73208286Z	77.43	46.854	38.12	1.34	5.81	cassandra-001	38.12
800.894	1.34	313	2018-08-17T16:38:31.745651502Z	77.43	96.109	38.12	1.15	5.84	cassandra-001	38.12
400.497	1.15	313	2018-08-17T16:38:38.752598565Z	77.43	44.966	38.12	1.03	5.84	cassandra-001	38.12
795.539	1.03	313	2018-08-17T16:38:45.759660791Z	77.44	82.196	38.12	30.91	5.81	cassandra-001	38.12
396.807	30.91	314	2018-08-17T16:38:52.767243436Z	77.44	38.788	38.12	1.04	10.77	cassandra-001	38.12
393.224	1.04	314	2018-08-17T16:38:59.775768237Z	77.44	34.392	38.12	1.13	6.09	cassandra-001	38.12
783.246	1.13	315	2018-08-17T16:39:06.783037575Z	77.44	76.281	38.12	1.16	6.1	cassandra-001	38.12
396.598	1.16	315	2018-08-17T16:39:13.790528389Z	77.44	39.698	38.12	1.21	6.07	cassandra-001	38.12
796.919	1.21	316	2018-08-17T16:39:20.800250898Z	77.44	85.336	38.12	30.25	6.08	cassandra-001	38.12
402.311	30.25	316	2018-08-17T16:39:27.807315989Z	77.45	42.43	38.12	1.0	10.95	cassandra-001	38.12
402.083	1.0	317	2018-08-17T16:39:34.813901561Z	77.45	42.073	38.12	1.19	5.96	cassandra-001	38.12
803.651	1.19	317	2018-08-17T16:39:41.82152166Z	77.45	84.384	38.12	1.06	5.99	cassandra-001	38.12
406.309	1.06	318	2018-08-17T16:39:48.830435057Z	77.45	44.898	38.12	1.08	5.98	cassandra-001	38.12
802.037	1.08	318	2018-08-17T16:39:55.837373219Z	77.46	76.252	38.12	96.15	5.96	cassandra-001	38.12
402.537	96.15	319	2018-08-17T16:40:02.843878126Z	77.45	36.515	38.11	6.85	21.79	cassandra-001	38.11
399.54	6.85	319	2018-08-17T16:40:09.853241453Z	77.44	35.314	38.09	4.96	17.89	cassandra-001	38.09
793.404	4.96	320	2018-08-17T16:40:16.860814558Z	77.44	69.704	38.09	0.91	18.55	cassandra-001	38.09
405.836	0.91	320	2018-08-17T16:40:23.872027316Z	77.44	38.904	38.09	1.18	18.5	cassandra-001	38.09
809.243	1.18	321	2018-08-17T16:40:30.88076021Z	77.44	75.537	38.09	32.65	18.52	cassandra-001	38.09
402.627	32.65	321	2018-08-17T16:40:37.890222611Z	77.45	33.056	38.09	1.1	23.78	cassandra-001	38.09
400.457	1.1	322	2018-08-17T16:40:44.90029146Z	77.45	34.772	38.09	1.21	7.94	cassandra-001	38.09
802.404	1.21	322	2018-08-17T16:40:51.909200693Z	77.45	70.296	38.09	1.04	7.0	cassandra-001	38.09
407.607	1.04	323	2018-08-17T16:40:58.918218599Z	77.45	37.504	38.09	1.1	6.35	cassandra-001	38.09
812.994	1.1	323	2018-08-17T16:41:05.926209182Z	77.46	78.637	38.09	29.36	6.38	cassandra-001	38.09
403.846	29.36	324	2018-08-17T16:41:12.932464319Z	77.46	37.992	38.09	1.04	11.08	cassandra-001	38.09
409.334	1.04	324	2018-08-17T16:41:19.941000708Z	77.46	41.886	38.09	1.19	5.81	cassandra-001	38.09
819.006	1.19	325	2018-08-17T16:41:26.947595603Z	77.46	82.306	38.09	1.12	5.82	cassandra-001	38.09
402.495	1.12	325	2018-08-17T16:41:33.953512573Z	77.46	34.757	38.09	1.0	5.81	cassandra-001	38.09
817.121	1.0	326	2018-08-17T16:41:40.96080263Z	77.47	73.184	38.09	28.84	5.8	cassandra-001	38.09
412.494	28.84	326	2018-08-17T16:41:47.968329643Z	77.47	39.166	38.09	1.1	10.42	cassandra-001	38.09
409.081	1.1	327	2018-08-17T16:41:54.976044832Z	77.47	46.056	38.09	1.19	5.71	cassandra-001	38.09
827.663	1.19	327	2018-08-17T16:42:01.983500293Z	77.47	80.02	38.09	1.07	5.74	cassandra-001	38.09
407.54	1.07	327	2018-08-17T16:42:08.990142423Z	77.48	38.228	38.09	1.17	5.72	cassandra-001	38.09
824.848	1.17	328	2018-08-17T16:42:15.998773651Z	77.48	93.484	38.09	28.81	5.73	cassandra-001	38.09
418.685	28.81	328	2018-08-17T16:42:23.008664484Z	77.48	48.154	38.09	1.23	10.36	cassandra-001	38.09
413.992	1.23	329	2018-08-17T16:42:30.015225436Z	77.49	43.798	38.09	1.26	5.76	cassandra-001	38.09
834.308	1.26	329	2018-08-17T16:42:37.02320684Z	77.49	86.737	38.09	1.21	5.79	cassandra-001	38.09
415.994	1.21	330	2018-08-17T16:42:44.032643178Z	77.49	39.27	38.09	1.17	5.79	cassandra-001	38.09
831.945	1.17	330	2018-08-17T16:42:51.042015522Z	77.49	80.546	38.09	29.03	5.81	cassandra-001	38.09
414.573	29.03	331	2018-08-17T16:42:58.051520567Z	77.49	39.098	38.09	1.1	10.45	cassandra-001	38.09
411.964	1.1	331	2018-08-17T16:43:05.058895619Z	77.49	46.793	38.09	1.27	5.83	cassandra-001	38.09
819.217	1.27	332	2018-08-17T16:43:12.066698927Z	77.5	83.66	38.1	1.08	5.84	cassandra-001	38.1
418.672	1.08	332	2018-08-17T16:43:19.074452959Z	77.5	49.948	38.1	1.12	5.81	cassandra-001	38.1
831.544	1.12	333	2018-08-17T16:43:26.082844088Z	77.11	85.032	38.1	29.32	5.79	cassandra-001	38.1
420.885	29.32	333	2018-08-17T16:43:33.089904953Z	76.89	48.165	37.88	1.13	10.49	cassandra-001	37.88
450.744	1.13	334	2018-08-17T16:43:40.096204029Z	76.89	48.897	37.88	3.43	5.84	cassandra-001	37.88
799.046	3.43	334	2018-08-17T16:43:47.102403051Z	76.9	76.221	37.88	1.15	6.22	cassandra-001	37.88
428.057	1.15	334	2018-08-17T16:43:54.110673363Z	76.9	48.772	37.88	1.14	6.2	cassandra-001	37.88
855.188	1.14	335	2018-08-17T16:44:01.117051207Z	76.9	102.599	37.88	27.94	6.21	cassandra-001	37.88
426.449	27.94	335	2018-08-17T16:44:08.124783914Z	76.9	49.326	37.88	1.11	10.68	cassandra-001	37.88
576.735	1.11	336	2018-08-17T16:44:15.130377564Z	76.9	66.007	37.88	10.25	5.98	cassandra-001	37.88
690.616	10.25	336	2018-08-17T16:44:22.137280161Z	76.9	71.846	37.88	1.03	7.5	cassandra-001	37.88
414.569	1.03	337	2018-08-17T16:44:29.144668859Z	76.91	36.944	37.88	1.1	7.1	cassandra-001	37.88
839.596	1.1	337	2018-08-17T16:44:36.151625173Z	76.91	68.805	37.88	16.38	7.09	cassandra-001	37.88
427.936	16.38	338	2018-08-17T16:44:43.158050007Z	76.9	45.22	37.87	1.05	9.63	cassandra-001	37.87
678.869	1.05	338	2018-08-17T16:44:50.167662847Z	76.9	80.098	37.87	17.25	5.15	cassandra-001	37.87
614.227	17.25	339	2018-08-17T16:44:57.174346373Z	76.9	72.378	37.87	1.02	7.84	cassandra-001	37.87
430.479	1.02	339	2018-08-17T16:45:04.180536469Z	76.9	51.885	37.87	1.08	6.3	cassandra-001	37.87
862.67	1.08	340	2018-08-17T16:45:11.186780234Z	76.91	88.115	37.86	7.76	6.31	cassandra-001	37.86
427.671	7.76	340	2018-08-17T16:45:18.193428136Z	76.91	41.378	37.86	1.08	7.42	cassandra-001	37.86
762.313	1.08	340	2018-08-17T16:45:25.199343323Z	76.91	82.38	37.86	24.47	4.87	cassandra-001	37.86
536.62	24.47	341	2018-08-17T16:45:32.209154082Z	76.91	63.057	37.86	1.02	8.78	cassandra-001	37.86
427.477	1.02	341	2018-08-17T16:45:39.217848267Z	76.92	36.876	37.86	1.04	6.07	cassandra-001	37.86
846.77	1.04	342	2018-08-17T16:45:46.224823968Z	76.92	79.296	37.86	6.35	6.07	cassandra-001	37.86
425.132	6.35	342	2018-08-17T16:45:53.234913338Z	76.92	36.242	37.86	0.98	6.95	cassandra-001	37.86
867.325	0.98	343	2018-08-17T16:46:00.242117104Z	76.93	95.161	37.86	31.44	5.82	cassandra-001	37.86
433.553	31.44	343	2018-08-17T16:46:07.251925253Z	76.93	40.558	37.86	1.22	10.88	cassandra-001	37.86
430.931	1.22	344	2018-08-17T16:46:14.260983698Z	76.93	39.568	37.86	1.15	7.01	cassandra-001	37.86
862.695	1.15	344	2018-08-17T16:46:21.270593033Z	76.93	92.362	37.86	1.15	7.03	cassandra-001	37.86
438.42	1.15	345	2018-08-17T16:46:28.277103096Z	76.93	47.58	37.86	1.13	7.05	cassandra-001	37.86
870.575	1.13	345	2018-08-17T16:46:35.283231564Z	76.94	95.291	37.86	30.24	6.18	cassandra-001	37.86
436.875	30.24	345	2018-08-17T16:46:42.292124422Z	76.94	44.108	37.86	1.06	11.05	cassandra-001	37.86
427.891	1.06	346	2018-08-17T16:46:49.300965517Z	76.94	36.056	37.86	1.1	5.99	cassandra-001	37.86
864.941	1.1	346	2018-08-17T16:46:56.307337672Z	76.94	76.56	37.86	1.04	5.97	cassandra-001	37.86
430.267	1.04	347	2018-08-17T16:47:03.3142007Z	76.94	34.999	37.86	1.02	5.95	cassandra-001	37.86
870.337	1.02	347	2018-08-17T16:47:10.320861019Z	76.95	80.506	37.86	38.13	5.93	cassandra-001	37.86
442.369	38.13	348	2018-08-17T16:47:17.327470953Z	76.95	47.526	37.86	1.15	12.1	cassandra-001	37.86
443.188	1.15	348	2018-08-17T16:47:24.333703238Z	76.95	47.79	37.86	1.28	7.25	cassandra-001	37.86
880.029	1.28	349	2018-08-17T16:47:31.340461644Z	76.95	93.955	37.86	1.25	7.29	cassandra-001	37.86
445.867	1.25	349	2018-08-17T16:47:38.347967391Z	76.96	48.212	37.86	1.08	7.31	cassandra-001	37.86
880.0	1.08	349	2018-08-17T16:47:45.355879142Z	76.96	90.932	37.86	30.43	7.32	cassandra-001	37.86
445.752	30.43	350	2018-08-17T16:47:52.362410987Z	76.96	43.816	37.86	1.14	12.22	cassandra-001	37.86
437.55	1.14	350	2018-08-17T16:47:59.37123794Z	76.96	40.278	37.86	1.32	6.05	cassandra-001	37.86
882.627	1.32	351	2018-08-17T16:48:06.380155522Z	76.97	88.779	37.86	1.18	6.08	cassandra-001	37.86
434.284	1.18	351	2018-08-17T16:48:13.38851728Z	76.97	33.638	37.87	1.14	6.07	cassandra-001	37.87
874.21	1.14	352	2018-08-17T16:48:20.396010239Z	77.0	86.35	37.87	51.33	6.05	cassandra-001	37.87
443.305	51.33	352	2018-08-17T16:48:27.402094845Z	77.03	39.604	37.87	101.68	14.42	cassandra-001	37.87
439.195	101.68	353	2018-08-17T16:48:34.408579995Z	76.63	47.431	37.85	1.16	26.3	cassandra-001	37.85
874.124	1.16	353	2018-08-17T16:48:41.415352069Z	76.64	78.957	37.85	1.13	26.3	cassandra-001	37.85
431.356	1.13	353	2018-08-17T16:48:48.423864837Z	76.64	36.594	37.85	1.21	26.27	cassandra-001	37.85
880.087	1.21	354	2018-08-17T16:48:55.434271553Z	76.65	71.736	37.86	36.89	26.27	cassandra-001	37.86
447.199	36.89	354	2018-08-17T16:49:02.447128175Z	76.65	48.869	37.86	1.22	32.23	cassandra-001	37.86
446.605	1.22	355	2018-08-17T16:49:09.456860797Z	76.65	44.21	37.86	1.16	23.88	cassandra-001	37.86
898.274	1.16	355	2018-08-17T16:49:16.467811626Z	76.65	93.396	37.86	2.83	7.13	cassandra-001	37.86
449.139	2.83	356	2018-08-17T16:49:23.475665903Z	76.64	41.992	37.85	1.24	7.41	cassandra-001	37.85
896.502	1.24	356	2018-08-17T16:49:30.482419824Z	76.65	85.699	37.85	35.1	7.42	cassandra-001	37.85
446.425	35.1	356	2018-08-17T16:49:37.489150335Z	76.65	46.915	37.85	1.13	13.07	cassandra-001	37.85
447.027	1.13	357	2018-08-17T16:49:44.498018679Z	76.65	51.192	37.85	1.25	7.11	cassandra-001	37.85
891.646	1.25	357	2018-08-17T16:49:51.505839185Z	76.65	77.066	37.85	1.12	7.12	cassandra-001	37.85
439.378	1.12	358	2018-08-17T16:49:58.512836396Z	76.66	33.398	37.85	1.11	7.11	cassandra-001	37.85
887.83	1.11	358	2018-08-17T16:50:05.521614653Z	76.66	79.863	37.85	29.48	6.82	cassandra-001	37.85
443.108	29.48	359	2018-08-17T16:50:12.527579465Z	76.66	36.394	37.84	1.17	11.53	cassandra-001	37.84
446.692	1.17	359	2018-08-17T16:50:19.536297716Z	76.66	45.238	37.84	1.15	5.88	cassandra-001	37.84
896.437	1.15	359	2018-08-17T16:50:26.545307515Z	76.66	87.927	37.84	1.11	5.88	cassandra-001	37.84
449.566	1.11	360	2018-08-17T16:50:33.554302664Z	76.66	42.399	37.84	1.03	5.86	cassandra-001	37.84
903.988	1.03	360	2018-08-17T16:50:40.563096917Z	76.67	84.442	37.84	30.98	5.84	cassandra-001	37.84
451.21	30.98	361	2018-08-17T16:50:47.569067388Z	76.67	40.142	37.84	1.33	10.82	cassandra-001	37.84
451.535	1.33	361	2018-08-17T16:50:54.575606525Z	76.67	42.122	37.84	1.18	6.13	cassandra-001	37.84
908.807	1.18	362	2018-08-17T16:51:01.583401106Z	76.68	84.995	37.84	1.09	6.13	cassandra-001	37.84
451.678	1.09	362	2018-08-17T16:51:08.595397918Z	76.68	36.67	37.84	1.09	6.12	cassandra-001	37.84
903.487	1.09	362	2018-08-17T16:51:15.602535175Z	76.68	75.768	37.84	31.22	6.12	cassandra-001	37.84
454.879	31.22	363	2018-08-17T16:51:22.609255999Z	76.68	44.352	37.84	1.18	11.15	cassandra-001	37.84
457.482	1.18	363	2018-08-17T16:51:29.615136735Z	76.68	40.22	37.84	1.09	6.18	cassandra-001	37.84
911.779	1.09	364	2018-08-17T16:51:36.621142363Z	76.69	79.687	37.84	1.12	6.14	cassandra-001	37.84
451.004	1.12	364	2018-08-17T16:51:43.63084779Z	76.69	37.276	37.84	1.11	6.13	cassandra-001	37.84
916.665	1.11	365	2018-08-17T16:51:50.638277845Z	76.7	89.402	37.84	57.87	6.13	cassandra-001	37.84
456.385	57.87	365	2018-08-17T16:51:57.645255207Z	76.7	41.698	37.84	1.18	15.6	cassandra-001	37.84
463.235	1.18	365	2018-08-17T16:52:04.651447888Z	76.7	48.429	37.84	1.08	10.59	cassandra-001	37.84
927.665	1.08	366	2018-08-17T16:52:11.658791451Z	76.7	97.704	37.84	1.22	10.57	cassandra-001	37.84
468.401	1.22	366	2018-08-17T16:52:18.666183599Z	76.7	47.294	37.84	1.06	10.6	cassandra-001	37.84
910.35	1.06	367	2018-08-17T16:52:25.674517135Z	76.71	79.936	37.84	39.97	10.59	cassandra-001	37.84
469.79	39.97	367	2018-08-17T16:52:32.685305188Z	76.71	50.461	37.84	1.09	17.06	cassandra-001	37.84
467.491	1.09	368	2018-08-17T16:52:39.695300326Z	76.71	51.016	37.84	1.04	7.6	cassandra-001	37.84
919.801	1.04	368	2018-08-17T16:52:46.701849919Z	76.71	95.524	37.84	1.0	7.58	cassandra-001	37.84
467.295	1.0	368	2018-08-17T16:52:53.710861206Z	76.71	48.666	37.84	1.05	7.56	cassandra-001	37.84
921.538	1.05	369	2018-08-17T16:53:00.720332017Z	76.72	91.563	37.84	35.03	7.53	cassandra-001	37.84
462.916	35.03	369	2018-08-17T16:53:07.726630654Z	76.72	44.864	37.84	1.17	13.2	cassandra-001	37.84
462.647	1.17	370	2018-08-17T16:53:14.73951951Z	76.72	47.702	37.84	1.2	6.73	cassandra-001	37.84
933.182	1.2	370	2018-08-17T16:53:21.750737761Z	76.73	94.836	37.85	1.08	6.75	cassandra-001	37.85
459.583	1.08	371	2018-08-17T16:53:28.757114422Z	76.73	37.762	37.85	1.17	6.75	cassandra-001	37.85
925.588	1.17	371	2018-08-17T16:53:35.763620789Z	76.73	86.281	37.85	33.83	6.78	cassandra-001	37.85
462.094	33.83	371	2018-08-17T16:53:42.770143203Z	76.73	51.054	37.85	1.08	12.25	cassandra-001	37.85
467.748	1.08	372	2018-08-17T16:53:49.776496804Z	76.74	50.064	37.85	0.97	6.59	cassandra-001	37.85
930.738	0.97	372	2018-08-17T16:53:56.783809609Z	76.74	94.148	37.85	1.19	6.55	cassandra-001	37.85
473.64	1.19	373	2018-08-17T16:54:03.790396727Z	76.74	44.057	37.85	1.04	6.55	cassandra-001	37.85
928.069	1.04	373	2018-08-17T16:54:10.796571288Z	76.75	78.756	37.85	37.71	6.55	cassandra-001	37.85
463.067	37.71	373	2018-08-17T16:54:17.803858929Z	76.75	44.638	37.85	1.14	12.64	cassandra-001	37.85
476.007	1.14	374	2018-08-17T16:54:24.810119777Z	76.75	54.815	37.85	1.08	7.19	cassandra-001	37.85
941.497	1.08	374	2018-08-17T16:54:31.816609347Z	76.75	112.995	37.85	0.97	7.19	cassandra-001	37.85
475.486	0.97	375	2018-08-17T16:54:38.828454547Z	76.75	57.27	37.85	1.28	7.19	cassandra-001	37.85
939.386	1.28	375	2018-08-17T16:54:45.838682026Z	76.76	113.312	37.84	35.98	7.2	cassandra-001	37.84
486.205	35.98	376	2018-08-17T16:54:52.848653797Z	76.75	58.814	37.84	1.19	13.03	cassandra-001	37.84
485.638	1.19	376	2018-08-17T16:54:59.855649337Z	76.76	60.398	37.84	1.18	6.94	cassandra-001	37.84
949.253	1.18	376	2018-08-17T16:55:06.862718397Z	76.76	114.419	37.84	1.19	6.95	cassandra-001	37.84
477.864	1.19	377	2018-08-17T16:55:13.86947551Z	76.77	46.762	37.84	1.19	6.96	cassandra-001	37.84
953.166	1.19	377	2018-08-17T16:55:20.878517931Z	76.77	93.154	37.84	33.27	7.0	cassandra-001	37.84
472.976	33.27	378	2018-08-17T16:55:27.888066561Z	76.77	49.296	37.84	1.26	12.33	cassandra-001	37.84
479.825	1.26	378	2018-08-17T16:55:34.896963882Z	76.77	46.761	37.84	1.34	6.55	cassandra-001	37.84
948.763	1.34	378	2018-08-17T16:55:41.903835193Z	76.77	93.1	37.84	1.24	6.57	cassandra-001	37.84
467.442	1.24	379	2018-08-17T16:55:48.912022747Z	76.78	46.088	37.84	1.14	6.58	cassandra-001	37.84
958.612	1.14	379	2018-08-17T16:55:55.918506867Z	76.78	112.926	37.84	37.58	6.57	cassandra-001	37.84
480.15	37.58	380	2018-08-17T16:56:02.929267823Z	76.78	53.611	37.84	1.26	12.64	cassandra-001	37.84
482.361	1.26	380	2018-08-17T16:56:09.936771281Z	76.79	50.206	37.85	1.71	7.3	cassandra-001	37.85
957.108	1.71	380	2018-08-17T16:56:16.945654902Z	76.79	103.698	37.85	1.31	7.38	cassandra-001	37.85
481.699	1.31	381	2018-08-17T16:56:23.954179649Z	76.79	51.354	37.85	1.27	7.37	cassandra-001	37.85
961.865	1.27	381	2018-08-17T16:56:30.964232196Z	76.79	95.803	37.85	33.58	7.38	cassandra-001	37.85
482.626	33.58	382	2018-08-17T16:56:37.971230186Z	76.8	47.552	37.85	1.22	12.78	cassandra-001	37.85
477.851	1.22	382	2018-08-17T16:56:44.983565765Z	76.8	37.388	37.85	1.23	6.72	cassandra-001	37.85
952.403	1.23	382	2018-08-17T16:56:51.993836025Z	76.8	95.618	37.85	1.23	6.72	cassandra-001	37.85
488.277	1.23	383	2018-08-17T16:56:59.001609979Z	76.81	47.908	37.85	1.25	6.64	cassandra-001	37.85
958.963	1.25	383	2018-08-17T16:57:06.009786601Z	76.81	85.743	37.85	35.6	6.63	cassandra-001	37.85
471.661	35.6	384	2018-08-17T16:57:13.016810523Z	76.81	39.42	37.85	1.2	12.35	cassandra-001	37.85
476.041	1.2	384	2018-08-17T16:57:20.025515513Z	76.81	37.11	37.85	1.25	6.95	cassandra-001	37.85
963.656	1.25	384	2018-08-17T16:57:27.038355139Z	76.82	92.699	37.85	1.16	6.96	cassandra-001	37.85
480.903	1.16	385	2018-08-17T16:57:34.047310456Z	76.81	41.465	37.84	1.27	6.95	cassandra-001	37.84
972.736	1.27	385	2018-08-17T16:57:41.05587958Z	76.82	91.154	37.84	32.64	6.95	cassandra-001	37.84
481.898	32.64	386	2018-08-17T16:57:48.06302092Z	76.82	44.092	37.84	1.32	12.19	cassandra-001	37.84
484.423	1.32	386	2018-08-17T16:57:55.071794581Z	76.82	46.072	37.84	1.42	6.47	cassandra-001	37.84
959.165	1.42	387	2018-08-17T16:58:02.085934765Z	76.82	91.641	37.84	1.24	6.51	cassandra-001	37.84
487.93	1.24	387	2018-08-17T16:58:09.094794873Z	76.83	46.824	37.84	1.33	6.51	cassandra-001	37.84
981.785	1.33	387	2018-08-17T16:58:16.102926123Z	76.83	97.66	37.84	37.95	6.54	cassandra-001	37.84
487.347	37.95	388	2018-08-17T16:58:23.110907842Z	76.83	47.444	37.84	1.3	12.65	cassandra-001	37.84
605.522	1.3	388	2018-08-17T16:58:30.12106857Z	76.83	53.586	37.84	8.49	7.43	cassandra-001	37.84
864.598	8.49	389	2018-08-17T16:58:37.127334804Z	76.84	81.14	37.84	1.21	8.62	cassandra-001	37.84
493.233	1.21	389	2018-08-17T16:58:44.136287774Z	76.84	58.558	37.84	1.24	8.59	cassandra-001	37.84
988.239	1.24	389	2018-08-17T16:58:51.143193815Z	76.85	108.06	37.84	26.77	8.59	cassandra-001	37.84
495.339	26.77	390	2018-08-17T16:58:58.149917588Z	76.85	57.132	37.84	1.15	12.83	cassandra-001	37.84
696.329	1.15	390	2018-08-17T16:59:05.155943387Z	76.85	72.922	37.84	13.17	6.69	cassandra-001	37.84
776.615	13.17	391	2018-08-17T16:59:12.163522741Z	76.86	69.617	37.84	0.95	8.67	cassandra-001	37.84
494.066	0.95	391	2018-08-17T16:59:19.169980349Z	76.86	46.004	37.84	1.21	7.41	cassandra-001	37.84
979.986	1.21	391	2018-08-17T16:59:26.176633616Z	76.86	86.318	37.84	20.01	7.41	cassandra-001	37.84
486.617	20.01	392	2018-08-17T16:59:33.184399552Z	76.86	46.993	37.84	1.15	10.54	cassandra-001	37.84
920.71	1.15	392	2018-08-17T16:59:40.19171023Z	76.87	87.001	37.84	27.38	6.27	cassandra-001	37.84
559.516	27.38	393	2018-08-17T16:59:47.198695017Z	76.87	55.827	37.84	1.22	10.64	cassandra-001	37.84
496.113	1.22	393	2018-08-17T16:59:54.208491412Z	76.87	53.778	37.84	1.17	8.65	cassandra-001	37.84
998.19	1.17	393	2018-08-17T17:00:01.216022525Z	76.87	101.179	37.84	12.46	8.69	cassandra-001	37.84
497.693	12.46	394	2018-08-17T17:00:08.222409466Z	76.87	50.042	37.84	1.06	10.56	cassandra-001	37.84
996.444	1.06	394	2018-08-17T17:00:15.232300415Z	76.87	101.034	37.83	34.06	7.41	cassandra-001	37.83
497.246	34.06	395	2018-08-17T17:00:22.239752142Z	76.87	54.028	37.83	1.1	12.89	cassandra-001	37.83
500.894	1.1	395	2018-08-17T17:00:29.248413895Z	76.87	46.372	37.83	1.1	8.51	cassandra-001	37.83
1001.768	1.1	395	2018-08-17T17:00:36.260381766Z	76.88	102.339	37.83	1.61	8.49	cassandra-001	37.83
505.861	1.61	396	2018-08-17T17:00:43.268800698Z	76.88	60.852	37.83	1.27	8.56	cassandra-001	37.83
1019.294	1.27	396	2018-08-17T17:00:50.277043677Z	76.88	119.684	37.83	32.96	6.7	cassandra-001	37.83
504.853	32.96	397	2018-08-17T17:00:57.284746885Z	76.89	54.41	37.83	1.14	12.02	cassandra-001	37.83
507.323	1.14	397	2018-08-17T17:01:04.292678736Z	76.89	60.455	37.83	1.1	6.53	cassandra-001	37.83
1017.002	1.1	397	2018-08-17T17:01:11.298946638Z	76.89	117.017	37.83	1.04	6.53	cassandra-001	37.83
503.762	1.04	397	2018-08-17T17:01:18.309129926Z	76.89	61.221	37.83	1.12	6.52	cassandra-001	37.83
994.076	1.12	397	2018-08-17T17:01:25.316403372Z	76.9	100.306	37.83	53.47	6.44	cassandra-001	37.83
504.284	53.47	397	2018-08-17T17:01:32.324202691Z	76.9	53.129	37.83	1.1	15.14	cassandra-001	37.83
497.326	1.1	397	2018-08-17T17:01:39.33409436Z	76.9	46.094	37.83	1.3	9.83	cassandra-001	37.83
985.95	1.3	397	2018-08-17T17:01:46.339828716Z	76.91	82.552	37.83	2.98	9.85	cassandra-001	37.83
501.066	2.98	397	2018-08-17T17:01:53.346291087Z	76.9	44.708	37.83	1.01	10.17	cassandra-001	37.83
999.482	1.01	397	2018-08-17T17:02:00.354553851Z	76.91	100.174	37.83	36.48	10.16	cassandra-001	37.83
498.244	36.48	397	2018-08-17T17:02:07.363293411Z	76.91	49.103	37.83	1.17	16.06	cassandra-001	37.83
501.319	1.17	397	2018-08-17T17:02:14.369974696Z	76.91	50.252	37.83	1.25	7.34	cassandra-001	37.83
993.387	1.25	397	2018-08-17T17:02:21.381629949Z	76.92	86.776	37.83	1.25	7.36	cassandra-001	37.83
