net_receive	host_cpu	sensor_count	timestamp	memory%	net_send	memory_active_anon%	container_cpu%	host_moving_avg_cpu	name	memory_rss%
15207739.52	0	2	2018-08-17T17:54:04.394512528Z	83.91	15831613.729	15.93	2.58	nan	kafka-001	15.93
47.061	2.58	7	2018-08-17T17:54:11.40908849Z	83.91	51.626	15.93	4.2	nan	kafka-001	15.93
63.721	4.2	11	2018-08-17T17:54:18.420705935Z	83.91	58.665	15.93	5.81	nan	kafka-001	15.93
80.128	5.81	15	2018-08-17T17:54:25.431751759Z	83.91	91.192	15.93	5.41	nan	kafka-001	15.93
95.825	5.41	18	2018-08-17T17:54:32.444171445Z	83.91	84.356	15.93	6.4	nan	kafka-001	15.93
109.111	6.4	22	2018-08-17T17:54:39.457760713Z	83.91	91.63	15.93	6.49	4.07	kafka-001	15.93
121.633	6.49	25	2018-08-17T17:54:46.47415333Z	83.91	143.718	15.93	8.1	5.15	kafka-001	15.93
134.046	8.1	28	2018-08-17T17:54:53.488087079Z	83.91	112.639	15.93	8.28	6.07	kafka-001	15.93
147.648	8.28	31	2018-08-17T17:55:00.499804591Z	83.92	175.212	15.93	17.32	6.75	kafka-001	15.93
157.921	17.32	34	2018-08-17T17:55:07.512133473Z	83.91	132.373	15.93	9.55	8.67	kafka-001	15.93
170.771	9.55	36	2018-08-17T17:55:14.524177641Z	83.92	143.029	15.93	10.3	9.36	kafka-001	15.93
185.921	10.3	39	2018-08-17T17:55:21.535701703Z	83.92	223.576	15.93	11.19	10.01	kafka-001	15.93
189.079	11.19	41	2018-08-17T17:55:28.546885913Z	83.92	162.214	15.93	12.23	10.79	kafka-001	15.93
199.316	12.23	43	2018-08-17T17:55:35.559918377Z	83.92	243.661	15.93	10.84	11.48	kafka-001	15.93
205.377	10.84	46	2018-08-17T17:55:42.571305239Z	83.92	176.253	15.93	12.49	11.91	kafka-001	15.93
215.157	12.49	48	2018-08-17T17:55:49.583425359Z	83.92	181.17	15.93	12.62	11.1	kafka-001	15.93
226.896	12.62	50	2018-08-17T17:55:56.598222608Z	83.93	270.224	15.93	13.09	11.61	kafka-001	15.93
237.981	13.09	52	2018-08-17T17:56:03.610236309Z	83.92	201.588	15.93	14.05	12.08	kafka-001	15.93
241.476	14.05	54	2018-08-17T17:56:10.62201208Z	83.93	294.8	15.93	15.75	12.55	kafka-001	15.93
250.723	15.75	56	2018-08-17T17:56:17.634924118Z	83.93	207.982	15.93	13.64	13.14	kafka-001	15.93
257.153	13.64	58	2018-08-17T17:56:24.64535779Z	83.93	214.278	15.93	15.91	13.61	kafka-001	15.93
267.154	15.91	60	2018-08-17T17:56:31.65663984Z	83.93	324.716	15.93	16.36	14.18	kafka-001	15.93
272.449	16.36	62	2018-08-17T17:56:38.669335566Z	83.93	225.99	15.93	17.08	14.8	kafka-001	15.93
278.986	17.08	64	2018-08-17T17:56:45.681042837Z	83.94	338.585	15.93	15.01	15.47	kafka-001	15.93
289.617	15.01	66	2018-08-17T17:56:52.692182613Z	83.94	240.804	15.93	17.14	15.63	kafka-001	15.93
296.331	17.14	67	2018-08-17T17:56:59.70488406Z	83.94	244.87	15.93	17.18	15.86	kafka-001	15.93
304.644	17.18	69	2018-08-17T17:57:06.7175043Z	83.94	372.514	15.93	17.75	16.45	kafka-001	15.93
312.371	17.75	71	2018-08-17T17:57:13.729913003Z	83.94	256.94	15.93	19.21	16.75	kafka-001	15.93
313.096	19.21	73	2018-08-17T17:57:20.741067529Z	83.94	386.08	15.93	17.78	17.23	kafka-001	15.93
324.477	17.78	74	2018-08-17T17:57:27.754342087Z	83.95	269.26	15.93	18.3	17.35	kafka-001	15.93
326.485	18.3	76	2018-08-17T17:57:34.765406736Z	83.95	272.356	15.93	19.15	17.89	kafka-001	15.93
337.507	19.15	77	2018-08-17T17:57:41.777659299Z	83.95	406.524	15.93	19.72	18.23	kafka-001	15.93
345.018	19.72	79	2018-08-17T17:57:48.789060835Z	83.95	286.596	15.93	21.38	18.65	kafka-001	15.93
348.174	21.38	81	2018-08-17T17:57:55.800329357Z	83.96	427.532	15.93	20.85	19.26	kafka-001	15.93
354.677	20.85	82	2018-08-17T17:58:02.811049425Z	83.96	296.546	15.93	20.48	19.53	kafka-001	15.93
359.009	20.48	84	2018-08-17T17:58:09.822686114Z	83.96	297.108	15.93	20.76	19.98	kafka-001	15.93
359.26	20.76	85	2018-08-17T17:58:16.833003356Z	83.96	448.48	15.93	20.81	20.39	kafka-001	15.93
378.731	20.81	87	2018-08-17T17:58:23.844984888Z	83.97	315.73	15.93	20.51	20.67	kafka-001	15.93
387.37	20.51	88	2018-08-17T17:58:30.856040761Z	83.97	468.996	15.93	23.89	20.8	kafka-001	15.93
391.885	23.89	90	2018-08-17T17:58:37.866804711Z	83.97	329.464	15.93	22.81	21.22	kafka-001	15.93
387.691	22.81	91	2018-08-17T17:58:44.877892315Z	83.97	325.644	15.93	22.62	21.54	kafka-001	15.93
403.398	22.62	93	2018-08-17T17:58:51.890379251Z	83.98	499.19	15.93	24.23	21.9	kafka-001	15.93
403.889	24.23	94	2018-08-17T17:58:58.90247696Z	83.98	334.952	15.93	24.36	22.48	kafka-001	15.93
402.488	24.36	95	2018-08-17T17:59:05.913627629Z	83.98	508.735	15.93	26.78	23.07	kafka-001	15.93
402.369	26.78	97	2018-08-17T17:59:12.926819728Z	83.99	340.125	15.93	23.72	24.11	kafka-001	15.93
405.097	23.72	98	2018-08-17T17:59:19.937319965Z	83.99	341.01	15.93	23.3	24.09	kafka-001	15.93
426.876	23.3	99	2018-08-17T17:59:26.949550949Z	83.99	519.102	15.93	25.86	24.17	kafka-001	15.93
426.892	25.86	101	2018-08-17T17:59:33.960207253Z	84.0	354.562	15.93	19.99	24.71	kafka-001	15.93
423.333	19.99	102	2018-08-17T17:59:40.972274214Z	83.99	531.933	15.93	24.3	24.0	kafka-001	15.93
438.533	24.3	104	2018-08-17T17:59:47.985298262Z	84.0	366.672	15.93	25.49	23.99	kafka-001	15.93
443.057	25.49	105	2018-08-17T17:59:54.996191625Z	84.0	372.64	15.93	25.27	23.78	kafka-001	15.93
445.851	25.27	106	2018-08-17T18:00:02.008306754Z	84.0	557.604	15.93	25.65	24.04	kafka-001	15.93
444.186	25.65	107	2018-08-17T18:00:09.019873625Z	84.01	366.553	15.93	26.08	24.43	kafka-001	15.93
455.886	26.08	109	2018-08-17T18:00:16.03110392Z	84.01	568.422	15.93	25.78	24.46	kafka-001	15.93
456.939	25.78	110	2018-08-17T18:00:23.042310926Z	84.02	376.498	15.93	27.62	25.43	kafka-001	15.93
478.126	27.62	111	2018-08-17T18:00:30.056783531Z	84.02	586.65	15.93	26.34	25.98	kafka-001	15.93
466.307	26.34	112	2018-08-17T18:00:37.071899355Z	84.02	385.172	15.93	28.38	26.12	kafka-001	15.93
489.859	28.38	113	2018-08-17T18:00:44.083826081Z	84.02	401.803	15.93	27.87	26.64	kafka-001	15.93
492.16	27.87	115	2018-08-17T18:00:51.094898502Z	84.03	605.183	15.93	28.45	27.01	kafka-001	15.93
493.701	28.45	116	2018-08-17T18:00:58.105608346Z	84.03	404.689	15.93	28.79	27.41	kafka-001	15.93
506.194	28.79	117	2018-08-17T18:01:05.116702145Z	84.03	618.839	15.93	29.32	27.91	kafka-001	15.93
511.175	29.32	118	2018-08-17T18:01:12.133847443Z	84.04	417.669	15.93	29.48	28.19	kafka-001	15.93
518.665	29.48	119	2018-08-17T18:01:19.144842925Z	84.04	420.653	15.93	31.05	28.71	kafka-001	15.93
519.193	31.05	120	2018-08-17T18:01:26.156324768Z	84.04	623.53	15.93	27.44	29.16	kafka-001	15.93
515.261	27.44	122	2018-08-17T18:01:33.168604261Z	84.05	424.894	15.93	30.67	29.09	kafka-001	15.93
533.275	30.67	123	2018-08-17T18:01:40.181317925Z	84.05	648.862	15.93	32.3	29.46	kafka-001	15.93
537.967	32.3	124	2018-08-17T18:01:47.197969758Z	84.05	438.719	15.93	30.3	30.04	kafka-001	15.93
531.291	30.3	125	2018-08-17T18:01:54.208430929Z	84.06	435.282	15.93	30.65	30.21	kafka-001	15.93
546.872	30.65	126	2018-08-17T18:02:01.219015757Z	84.06	670.881	15.93	30.9	30.4	kafka-001	15.93
546.413	30.9	127	2018-08-17T18:02:08.229278355Z	84.07	448.379	15.93	29.81	30.38	kafka-001	15.93
546.148	29.81	128	2018-08-17T18:02:15.240185362Z	84.07	665.238	15.93	31.82	30.77	kafka-001	15.93
555.987	31.82	129	2018-08-17T18:02:22.251634484Z	84.07	460.988	15.93	31.61	30.96	kafka-001	15.93
539.721	31.61	130	2018-08-17T18:02:29.263943987Z	84.08	449.239	15.93	31.1	30.85	kafka-001	15.93
564.206	31.1	131	2018-08-17T18:02:36.277664214Z	84.08	688.347	15.93	31.4	30.98	kafka-001	15.93
564.207	31.4	132	2018-08-17T18:02:43.29121422Z	84.09	461.336	15.93	33.97	31.11	kafka-001	15.93
574.916	33.97	134	2018-08-17T18:02:50.302142199Z	84.09	706.36	15.93	34.13	31.62	kafka-001	15.93
570.275	34.13	135	2018-08-17T18:02:57.315637895Z	84.09	470.294	15.93	32.81	32.34	kafka-001	15.93
574.469	32.81	136	2018-08-17T18:03:04.327861111Z	84.1	473.874	15.93	33.08	32.5	kafka-001	15.93
592.03	33.08	137	2018-08-17T18:03:11.354247451Z	84.1	728.521	15.93	34.97	32.75	kafka-001	15.93
590.179	34.97	138	2018-08-17T18:03:18.365477093Z	84.11	473.002	15.93	33.76	33.39	kafka-001	15.93
581.508	33.76	139	2018-08-17T18:03:25.377052715Z	84.11	723.306	15.93	32.7	33.79	kafka-001	15.93
581.097	32.7	140	2018-08-17T18:03:32.390278738Z	84.11	485.6	15.93	34.15	33.58	kafka-001	15.93
592.433	34.15	141	2018-08-17T18:03:39.402369374Z	84.12	490.024	15.93	34.07	33.58	kafka-001	15.93
602.77	34.07	142	2018-08-17T18:03:46.416249089Z	84.12	745.77	15.93	34.68	33.79	kafka-001	15.93
604.427	34.68	143	2018-08-17T18:03:53.427908213Z	84.12	493.678	15.93	35.02	34.06	kafka-001	15.93
607.201	35.02	144	2018-08-17T18:04:00.439016846Z	84.13	739.903	15.93	43.04	34.06	kafka-001	15.93
609.687	43.04	145	2018-08-17T18:04:07.452012305Z	84.13	502.425	15.93	35.98	35.61	kafka-001	15.93
613.109	35.98	146	2018-08-17T18:04:14.463794631Z	84.14	506.886	15.93	34.01	36.16	kafka-001	15.93
620.139	34.01	147	2018-08-17T18:04:21.477191972Z	84.14	766.228	15.93	34.13	36.13	kafka-001	15.93
609.101	34.13	148	2018-08-17T18:04:28.48798891Z	84.15	511.282	15.93	37.43	36.14	kafka-001	15.93
632.096	37.43	149	2018-08-17T18:04:35.49833462Z	84.15	776.565	15.93	37.04	36.6	kafka-001	15.93
616.019	37.04	150	2018-08-17T18:04:42.509344497Z	84.15	513.923	15.93	31.34	36.94	kafka-001	15.93
639.881	31.34	151	2018-08-17T18:04:49.520581447Z	84.16	524.089	15.93	36.14	34.99	kafka-001	15.93
643.404	36.14	152	2018-08-17T18:04:56.531841478Z	84.16	792.576	15.93	37.14	35.02	kafka-001	15.93
650.663	37.14	153	2018-08-17T18:05:03.542207043Z	84.17	526.982	15.93	37.09	35.54	kafka-001	15.93
660.351	37.09	154	2018-08-17T18:05:10.551644453Z	84.17	810.859	15.93	37.59	36.03	kafka-001	15.93
655.532	37.59	155	2018-08-17T18:05:17.569320352Z	84.18	528.692	15.93	37.8	36.06	kafka-001	15.93
660.346	37.8	155	2018-08-17T18:05:24.579795148Z	84.18	541.812	15.93	37.64	36.18	kafka-001	15.93
664.915	37.64	156	2018-08-17T18:05:31.590114539Z	84.18	820.632	15.93	31.75	37.23	kafka-001	15.93
667.915	31.75	157	2018-08-17T18:05:38.600716512Z	84.19	548.783	15.93	40.19	36.5	kafka-001	15.93
681.538	40.19	158	2018-08-17T18:05:45.611347626Z	84.19	834.869	15.93	38.85	37.01	kafka-001	15.93
672.431	38.85	159	2018-08-17T18:05:52.623320984Z	84.2	552.23	15.93	38.15	37.3	kafka-001	15.93
680.103	38.15	160	2018-08-17T18:05:59.636549151Z	84.2	554.61	15.93	43.42	37.4	kafka-001	15.93
693.916	43.42	161	2018-08-17T18:06:06.646584279Z	84.21	841.674	15.93	39.76	38.33	kafka-001	15.93
694.288	39.76	162	2018-08-17T18:06:13.658123477Z	84.21	565.046	15.93	36.9	38.69	kafka-001	15.93
691.569	36.9	163	2018-08-17T18:06:20.669990888Z	84.22	847.591	15.93	39.48	39.55	kafka-001	15.93
692.085	39.48	164	2018-08-17T18:06:27.681362983Z	84.22	563.95	15.93	37.84	39.43	kafka-001	15.93
690.157	37.84	165	2018-08-17T18:06:34.693385759Z	84.23	564.249	15.93	39.2	39.26	kafka-001	15.93
705.361	39.2	165	2018-08-17T18:06:41.706623977Z	84.23	863.958	15.93	38.37	39.43	kafka-001	15.93
699.488	38.37	166	2018-08-17T18:06:48.717953512Z	84.24	571.369	15.93	40.76	38.59	kafka-001	15.93
708.733	40.76	167	2018-08-17T18:06:55.729761706Z	84.24	871.863	15.93	39.68	38.76	kafka-001	15.93
706.968	39.68	168	2018-08-17T18:07:02.741186043Z	84.25	577.53	15.93	40.6	39.22	kafka-001	15.93
720.123	40.6	169	2018-08-17T18:07:09.753102622Z	84.25	584.151	15.93	38.65	39.41	kafka-001	15.93
730.262	38.65	170	2018-08-17T18:07:16.765927508Z	84.26	891.292	15.93	41.4	39.54	kafka-001	15.93
726.407	41.4	171	2018-08-17T18:07:23.776122543Z	84.26	583.01	15.93	40.08	39.91	kafka-001	15.93
732.218	40.08	172	2018-08-17T18:07:30.788256871Z	84.27	900.197	15.93	40.1	40.2	kafka-001	15.93
722.693	40.1	172	2018-08-17T18:07:37.80397105Z	84.27	593.594	15.93	41.33	40.09	kafka-001	15.93
731.11	41.33	173	2018-08-17T18:07:44.815965272Z	84.28	605.005	15.93	42.0	40.36	kafka-001	15.93
746.055	42.0	174	2018-08-17T18:07:51.826358376Z	84.28	911.001	15.93	40.92	40.59	kafka-001	15.93
745.199	40.92	175	2018-08-17T18:07:58.838236802Z	84.29	605.04	15.93	43.57	40.97	kafka-001	15.93
751.168	43.57	176	2018-08-17T18:08:05.8485556Z	84.29	914.93	15.93	43.05	41.33	kafka-001	15.93
753.305	43.05	177	2018-08-17T18:08:12.860737266Z	84.3	612.5	15.93	41.97	41.83	kafka-001	15.93
748.543	41.97	178	2018-08-17T18:08:19.873677752Z	84.3	607.772	15.93	41.89	42.14	kafka-001	15.93
751.752	41.89	178	2018-08-17T18:08:26.887333866Z	84.31	927.982	15.93	42.36	42.23	kafka-001	15.93
766.073	42.36	179	2018-08-17T18:08:33.90006962Z	84.31	612.703	15.93	41.99	42.29	kafka-001	15.93
759.462	41.99	180	2018-08-17T18:08:40.91323813Z	84.32	931.981	15.93	45.35	42.47	kafka-001	15.93
767.393	45.35	181	2018-08-17T18:08:47.929200032Z	84.33	623.513	15.93	41.15	42.77	kafka-001	15.93
771.289	41.15	182	2018-08-17T18:08:54.940118316Z	84.33	624.1	15.93	42.09	42.45	kafka-001	15.93
776.976	42.09	182	2018-08-17T18:09:01.949596701Z	84.33	952.39	15.93	39.15	42.47	kafka-001	15.93
776.279	39.15	183	2018-08-17T18:09:08.9628908Z	84.34	629.55	15.93	45.83	42.02	kafka-001	15.93
784.546	45.83	184	2018-08-17T18:09:15.97391676Z	84.35	954.815	15.93	45.48	42.59	kafka-001	15.93
781.304	45.48	185	2018-08-17T18:09:22.988946544Z	84.35	634.232	15.93	45.0	43.18	kafka-001	15.93
782.311	45.0	186	2018-08-17T18:09:30.001138676Z	84.36	632.245	15.93	44.99	43.12	kafka-001	15.93
791.409	44.99	187	2018-08-17T18:09:37.013856618Z	84.36	966.497	15.93	44.81	43.76	kafka-001	15.93
794.721	44.81	187	2018-08-17T18:09:44.025133009Z	84.37	642.658	15.93	45.86	44.21	kafka-001	15.93
807.263	45.86	188	2018-08-17T18:09:51.036298648Z	84.37	984.306	15.93	45.65	45.33	kafka-001	15.93
802.078	45.65	189	2018-08-17T18:09:58.047196455Z	84.38	656.171	15.93	44.26	45.3	kafka-001	15.93
808.694	44.26	190	2018-08-17T18:10:05.057958594Z	84.38	983.926	15.93	30.51	45.1	kafka-001	15.93
811.991	30.51	190	2018-08-17T18:10:12.067962562Z	84.39	662.389	15.93	41.84	42.68	kafka-001	15.93
810.037	41.84	191	2018-08-17T18:10:19.079831264Z	84.4	660.563	15.93	46.46	42.16	kafka-001	15.93
821.902	46.46	192	2018-08-17T18:10:26.09211828Z	84.4	1008.413	15.93	41.27	42.43	kafka-001	15.93
807.887	41.27	193	2018-08-17T18:10:33.103983168Z	84.41	660.194	15.93	44.73	41.66	kafka-001	15.93
825.512	44.73	194	2018-08-17T18:10:40.117465001Z	84.41	1019.117	15.93	44.31	41.51	kafka-001	15.93
810.695	44.31	194	2018-08-17T18:10:47.129940136Z	84.42	667.078	15.93	45.26	41.52	kafka-001	15.93
825.801	45.26	195	2018-08-17T18:10:54.141286466Z	84.42	669.983	15.93	46.48	43.98	kafka-001	15.93
829.734	46.48	196	2018-08-17T18:11:01.152715584Z	84.43	1025.721	15.93	45.67	44.75	kafka-001	15.93
833.275	45.67	197	2018-08-17T18:11:08.164530392Z	84.43	682.451	15.93	45.02	44.62	kafka-001	15.93
838.162	45.02	197	2018-08-17T18:11:15.178563637Z	84.44	1014.885	15.93	48.89	45.24	kafka-001	15.93
841.012	48.89	198	2018-08-17T18:11:22.193134024Z	84.45	682.209	15.93	53.34	45.94	kafka-001	15.93
820.091	53.34	199	2018-08-17T18:11:29.204194733Z	84.45	670.062	15.93	45.36	47.44	kafka-001	15.93
838.875	45.36	199	2018-08-17T18:11:36.216605042Z	84.46	1046.382	15.93	46.23	47.46	kafka-001	15.93
840.443	46.23	200	2018-08-17T18:11:43.230481301Z	84.46	688.804	15.93	50.1	47.42	kafka-001	15.93
845.976	50.1	201	2018-08-17T18:11:50.241742602Z	84.47	1040.044	15.93	46.65	48.16	kafka-001	15.93
839.979	46.65	202	2018-08-17T18:11:57.252946635Z	84.47	692.888	15.93	51.7	48.43	kafka-001	15.93
850.379	51.7	202	2018-08-17T18:12:04.265146029Z	84.48	690.954	15.93	45.22	48.9	kafka-001	15.93
854.936	45.22	203	2018-08-17T18:12:11.27824121Z	84.49	1051.46	15.93	47.91	47.54	kafka-001	15.93
861.085	47.91	204	2018-08-17T18:12:18.290447995Z	84.49	704.413	15.93	49.19	47.97	kafka-001	15.93
865.508	49.19	205	2018-08-17T18:12:25.302292834Z	84.5	1048.781	15.93	45.63	48.46	kafka-001	15.93
859.165	45.63	206	2018-08-17T18:12:32.314026774Z	84.5	705.252	15.93	47.42	47.72	kafka-001	15.93
864.715	47.42	206	2018-08-17T18:12:39.327057766Z	84.51	702.929	15.93	49.03	47.84	kafka-001	15.93
883.108	49.03	207	2018-08-17T18:12:46.338969171Z	84.51	1070.397	15.93	45.39	47.4	kafka-001	15.93
888.439	45.39	208	2018-08-17T18:12:53.349283442Z	84.52	719.947	15.93	50.17	47.43	kafka-001	15.93
900.742	50.17	209	2018-08-17T18:13:00.36045221Z	84.53	1085.268	15.93	48.88	47.8	kafka-001	15.93
900.313	48.88	209	2018-08-17T18:13:07.371578452Z	84.54	721.842	15.93	46.38	47.75	kafka-001	15.93
890.265	46.38	210	2018-08-17T18:13:14.386256135Z	84.54	718.068	15.93	47.99	47.88	kafka-001	15.93
895.789	47.99	211	2018-08-17T18:13:21.398694843Z	84.55	1097.345	15.93	49.24	47.97	kafka-001	15.93
886.904	49.24	211	2018-08-17T18:13:28.412036549Z	84.55	696.152	15.93	48.02	48.01	kafka-001	15.93
886.101	48.02	212	2018-08-17T18:13:35.422014238Z	84.56	1107.422	15.93	50.31	48.45	kafka-001	15.93
893.687	50.31	213	2018-08-17T18:13:42.432969453Z	84.56	735.064	15.93	44.91	48.47	kafka-001	15.93
873.163	44.91	214	2018-08-17T18:13:49.445445624Z	84.57	729.181	15.93	46.97	47.81	kafka-001	15.93
902.513	46.97	214	2018-08-17T18:13:56.455636143Z	84.58	1117.062	15.93	46.44	47.91	kafka-001	15.93
910.31	46.44	215	2018-08-17T18:14:03.466216483Z	84.58	747.321	15.93	50.77	47.65	kafka-001	15.93
907.936	50.77	216	2018-08-17T18:14:10.475554292Z	84.59	1117.146	15.93	48.73	47.9	kafka-001	15.93
910.921	48.73	216	2018-08-17T18:14:17.485881027Z	84.6	747.73	15.93	49.48	48.02	kafka-001	15.93
926.623	49.48	217	2018-08-17T18:14:24.497639276Z	84.6	749.507	15.93	44.26	47.88	kafka-001	15.93
935.112	44.26	218	2018-08-17T18:14:31.509700938Z	84.61	1137.115	15.93	51.12	47.78	kafka-001	15.93
932.205	51.12	218	2018-08-17T18:14:38.520414967Z	84.62	752.498	15.93	52.52	48.47	kafka-001	15.93
936.73	52.52	219	2018-08-17T18:14:45.535034922Z	84.62	1143.831	15.93	50.8	49.48	kafka-001	15.93
936.083	50.8	220	2018-08-17T18:14:52.546489107Z	84.63	753.336	15.93	45.09	49.48	kafka-001	15.93
941.063	45.09	221	2018-08-17T18:14:59.556865698Z	84.64	752.638	15.93	52.85	48.88	kafka-001	15.93
942.408	52.85	221	2018-08-17T18:15:06.569432707Z	84.64	1143.453	15.93	45.86	49.44	kafka-001	15.93
945.827	45.86	222	2018-08-17T18:15:13.582994144Z	84.65	765.346	15.93	54.39	49.71	kafka-001	15.93
954.38	54.39	223	2018-08-17T18:15:20.593394247Z	84.66	1167.244	15.93	60.7	50.25	kafka-001	15.93
939.131	60.7	223	2018-08-17T18:15:27.60466157Z	84.66	757.884	15.93	52.56	51.62	kafka-001	15.93
957.905	52.56	224	2018-08-17T18:15:34.618651915Z	84.67	767.161	15.93	51.98	51.91	kafka-001	15.93
958.894	51.98	225	2018-08-17T18:15:41.630610446Z	84.68	1165.726	15.93	53.96	53.06	kafka-001	15.93
957.325	53.96	225	2018-08-17T18:15:48.642536349Z	84.68	779.006	15.93	52.42	53.24	kafka-001	15.93
963.812	52.42	226	2018-08-17T18:15:55.655507735Z	84.69	1172.643	15.93	54.01	54.34	kafka-001	15.93
945.891	54.01	227	2018-08-17T18:16:02.666724074Z	84.7	771.336	15.93	52.97	54.27	kafka-001	15.93
956.799	52.97	228	2018-08-17T18:16:09.678996984Z	84.7	776.579	15.93	54.51	52.98	kafka-001	15.93
952.322	54.51	228	2018-08-17T18:16:16.689491547Z	84.71	1171.275	15.93	46.93	53.31	kafka-001	15.93
964.887	46.93	229	2018-08-17T18:16:23.703444341Z	84.72	781.966	15.93	55.97	52.47	kafka-001	15.93
970.234	55.97	229	2018-08-17T18:16:30.716692255Z	84.72	1182.135	15.93	55.5	52.8	kafka-001	15.93
968.135	55.5	230	2018-08-17T18:16:37.728964712Z	84.73	791.423	15.93	55.3	53.32	kafka-001	15.93
972.741	55.3	231	2018-08-17T18:16:44.741229168Z	84.74	790.315	15.93	42.46	53.53	kafka-001	15.93
960.67	42.46	232	2018-08-17T18:16:51.753045837Z	84.74	1195.918	15.93	53.48	51.78	kafka-001	15.93
974.645	53.48	232	2018-08-17T18:16:58.76429102Z	84.75	796.223	15.93	48.12	51.61	kafka-001	15.93
982.902	48.12	233	2018-08-17T18:17:05.774518619Z	84.75	1206.579	15.93	54.24	51.8	kafka-001	15.93
987.365	54.24	233	2018-08-17T18:17:12.794401526Z	84.76	800.154	15.93	54.31	51.52	kafka-001	15.93
979.243	54.31	234	2018-08-17T18:17:19.807872789Z	84.77	793.367	15.93	59.52	51.32	kafka-001	15.93
987.564	59.52	235	2018-08-17T18:17:26.818699873Z	84.78	1215.854	15.93	52.94	52.02	kafka-001	15.93
982.54	52.94	235	2018-08-17T18:17:33.829954186Z	84.78	799.946	15.93	57.71	53.77	kafka-001	15.93
1002.083	57.71	236	2018-08-17T18:17:40.844603156Z	84.79	1232.953	15.93	55.83	54.47	kafka-001	15.93
1001.35	55.83	237	2018-08-17T18:17:47.856902169Z	84.8	813.026	15.93	55.14	55.76	kafka-001	15.93
998.358	55.14	237	2018-08-17T18:17:54.871378453Z	84.8	813.388	15.93	55.73	55.91	kafka-001	15.93
1000.204	55.73	238	2018-08-17T18:18:01.884106408Z	84.81	1233.37	15.93	56.47	56.14	kafka-001	15.93
1002.593	56.47	239	2018-08-17T18:18:08.895771661Z	84.82	817.206	15.93	54.81	55.64	kafka-001	15.93
1017.548	54.81	239	2018-08-17T18:18:15.907770189Z	84.82	1236.607	15.93	57.36	55.95	kafka-001	15.93
1007.543	57.36	240	2018-08-17T18:18:22.919349234Z	84.83	819.015	15.93	56.2	55.89	kafka-001	15.93
1013.419	56.2	241	2018-08-17T18:18:29.941550899Z	84.84	827.39	15.93	55.71	55.95	kafka-001	15.93
1023.85	55.71	241	2018-08-17T18:18:36.955258899Z	84.85	1246.87	15.93	52.41	56.05	kafka-001	15.93
1021.797	52.41	242	2018-08-17T18:18:43.967396429Z	84.85	830.424	15.93	59.25	55.49	kafka-001	15.93
1034.664	59.25	243	2018-08-17T18:18:50.977301639Z	84.86	1258.156	15.93	56.1	55.96	kafka-001	15.93
1021.603	56.1	243	2018-08-17T18:18:57.989355531Z	84.87	829.78	15.93	51.8	56.17	kafka-001	15.93
1026.265	51.8	244	2018-08-17T18:19:05.000586915Z	84.87	835.91	15.93	54.03	55.24	kafka-001	15.93
1040.138	54.03	244	2018-08-17T18:19:12.010661755Z	84.88	1265.182	15.93	56.74	54.88	kafka-001	15.93
1034.913	56.74	245	2018-08-17T18:19:19.021557523Z	84.89	843.978	15.93	59.17	55.05	kafka-001	15.93
1037.026	59.17	246	2018-08-17T18:19:26.030997588Z	84.9	1273.982	15.93	58.0	56.18	kafka-001	15.93
1022.877	58.0	246	2018-08-17T18:19:33.044251362Z	84.9	835.553	15.93	57.22	55.97	kafka-001	15.93
1042.977	57.22	247	2018-08-17T18:19:40.057269677Z	84.91	1287.818	15.93	57.62	56.16	kafka-001	15.93
1035.1	57.62	247	2018-08-17T18:19:47.075770383Z	84.92	848.026	15.93	57.28	57.13	kafka-001	15.93
1034.708	57.28	248	2018-08-17T18:19:54.086964713Z	84.92	839.255	15.93	58.51	57.67	kafka-001	15.93
1038.471	58.51	249	2018-08-17T18:20:01.097859289Z	84.93	1284.311	15.93	56.03	57.97	kafka-001	15.93
1051.276	56.03	249	2018-08-17T18:20:08.110243589Z	84.94	854.147	15.93	57.91	57.44	kafka-001	15.93
1053.883	57.91	250	2018-08-17T18:20:15.121192904Z	84.94	1290.214	15.93	59.83	57.43	kafka-001	15.93
1050.909	59.83	251	2018-08-17T18:20:22.132610216Z	84.95	849.806	15.93	57.23	57.86	kafka-001	15.93
1046.517	57.23	251	2018-08-17T18:20:29.143607485Z	84.96	855.057	15.93	59.82	57.8	kafka-001	15.93
1063.376	59.82	252	2018-08-17T18:20:36.153825383Z	84.97	1305.893	15.93	57.51	58.22	kafka-001	15.93
1062.592	57.51	252	2018-08-17T18:20:43.164743469Z	84.97	861.457	15.93	59.33	58.05	kafka-001	15.93
1068.355	59.33	253	2018-08-17T18:20:50.17494402Z	84.98	1306.144	15.93	53.0	58.6	kafka-001	15.93
1065.639	53.0	254	2018-08-17T18:20:57.190195838Z	84.99	866.453	15.93	59.11	57.79	kafka-001	15.93
1065.373	59.11	254	2018-08-17T18:21:04.200613681Z	85.0	869.351	15.93	51.11	57.67	kafka-001	15.93
1077.85	51.11	255	2018-08-17T18:21:11.21371347Z	85.0	1322.97	15.93	61.16	56.65	kafka-001	15.93
1073.227	61.16	255	2018-08-17T18:21:18.226654602Z	85.01	866.348	15.93	61.62	56.87	kafka-001	15.93
1092.418	61.62	256	2018-08-17T18:21:25.237979283Z	85.02	1330.902	15.93	61.69	57.56	kafka-001	15.93
1092.633	61.69	257	2018-08-17T18:21:32.252153379Z	85.03	869.758	15.93	59.9	57.95	kafka-001	15.93
1095.281	59.9	257	2018-08-17T18:21:39.2623989Z	85.04	886.191	15.93	59.14	59.1	kafka-001	15.93
1093.95	59.14	258	2018-08-17T18:21:46.273638114Z	85.04	1335.017	15.93	57.93	59.1	kafka-001	15.93
1087.883	57.93	258	2018-08-17T18:21:53.285064825Z	85.05	885.581	15.93	62.73	60.24	kafka-001	15.93
1099.182	62.73	259	2018-08-17T18:22:00.297672381Z	85.06	1341.632	15.93	57.12	60.5	kafka-001	15.93
1095.503	57.12	259	2018-08-17T18:22:07.309281952Z	85.06	885.18	15.93	58.73	59.75	kafka-001	15.93
1089.281	58.73	260	2018-08-17T18:22:14.320815368Z	85.07	874.138	15.93	54.06	59.26	kafka-001	15.93
1101.613	54.06	261	2018-08-17T18:22:21.331723251Z	85.08	1340.505	15.93	61.17	58.28	kafka-001	15.93
1105.428	61.17	261	2018-08-17T18:22:28.343570144Z	85.09	889.259	15.93	55.49	58.62	kafka-001	15.93
1115.148	55.49	262	2018-08-17T18:22:35.356301694Z	85.09	1350.534	15.93	62.2	58.22	kafka-001	15.93
1105.021	62.2	263	2018-08-17T18:22:42.370403039Z	85.1	889.838	15.93	55.66	58.13	kafka-001	15.93
1113.995	55.66	263	2018-08-17T18:22:49.382182539Z	85.11	898.104	15.93	61.67	57.89	kafka-001	15.93
1121.702	61.67	264	2018-08-17T18:22:56.394380644Z	85.12	1363.152	15.93	58.48	58.38	kafka-001	15.93
1111.013	58.48	264	2018-08-17T18:23:03.411064779Z	85.13	893.597	15.93	62.42	59.11	kafka-001	15.93
1123.2	62.42	265	2018-08-17T18:23:10.423026412Z	85.13	1368.668	15.93	58.71	59.32	kafka-001	15.93
1122.747	58.71	265	2018-08-17T18:23:17.438169006Z	85.14	904.88	15.93	62.07	59.86	kafka-001	15.93
1130.305	62.07	266	2018-08-17T18:23:24.449262352Z	85.15	905.958	15.93	61.89	59.84	kafka-001	15.93
1124.242	61.89	267	2018-08-17T18:23:31.459978421Z	85.16	1370.14	15.93	62.74	60.87	kafka-001	15.93
1120.445	62.74	267	2018-08-17T18:23:38.470549986Z	85.16	906.101	15.93	61.56	61.05	kafka-001	15.93
1134.618	61.56	268	2018-08-17T18:23:45.481964464Z	85.17	1382.218	15.93	64.69	61.56	kafka-001	15.93
1124.351	64.69	268	2018-08-17T18:23:52.493148413Z	85.18	905.906	15.93	60.79	61.94	kafka-001	15.93
1137.458	60.79	269	2018-08-17T18:23:59.503606767Z	85.19	915.706	15.93	64.41	62.29	kafka-001	15.93
1145.365	64.41	269	2018-08-17T18:24:06.514378782Z	85.2	1383.987	15.93	59.9	62.68	kafka-001	15.93
1143.363	59.9	270	2018-08-17T18:24:13.525480153Z	85.2	923.333	15.93	62.81	62.35	kafka-001	15.93
1144.406	62.81	271	2018-08-17T18:24:20.535913955Z	85.21	1380.89	15.93	60.18	62.36	kafka-001	15.93
1150.801	60.18	271	2018-08-17T18:24:27.551735446Z	85.22	926.048	15.93	62.68	62.13	kafka-001	15.93
1157.109	62.68	272	2018-08-17T18:24:34.562516283Z	85.23	925.501	15.93	62.31	61.79	kafka-001	15.93
1147.504	62.31	272	2018-08-17T18:24:41.573134434Z	85.24	1400.787	15.93	64.2	62.05	kafka-001	15.93
1149.273	64.2	273	2018-08-17T18:24:48.585712477Z	85.24	931.122	15.93	65.28	62.01	kafka-001	15.93
1156.984	65.28	273	2018-08-17T18:24:55.598602795Z	85.25	1412.777	15.93	65.5	62.91	kafka-001	15.93
1155.355	65.5	274	2018-08-17T18:25:02.613261026Z	85.26	928.926	15.93	39.35	63.36	kafka-001	15.93
1157.05	39.35	275	2018-08-17T18:25:09.626370893Z	85.27	935.703	15.93	62.17	59.89	kafka-001	15.93
1155.609	62.17	275	2018-08-17T18:25:16.637353256Z	85.27	1409.92	15.93	61.42	59.8	kafka-001	15.93
1152.687	61.42	276	2018-08-17T18:25:23.649151716Z	85.28	935.102	15.93	66.96	59.65	kafka-001	15.93
1164.868	66.96	276	2018-08-17T18:25:30.661006339Z	85.29	1419.625	15.93	58.84	60.11	kafka-001	15.93
1153.155	58.84	277	2018-08-17T18:25:37.672549687Z	85.3	938.912	15.93	60.68	59.04	kafka-001	15.93
1164.335	60.68	277	2018-08-17T18:25:44.682944282Z	85.31	940.307	15.93	62.66	58.24	kafka-001	15.93
1164.121	62.66	278	2018-08-17T18:25:51.693720464Z	85.31	1428.117	15.93	64.05	62.12	kafka-001	15.93
1168.758	64.05	278	2018-08-17T18:25:58.704087805Z	85.32	946.889	15.93	62.96	62.44	kafka-001	15.93
1181.914	62.96	279	2018-08-17T18:26:05.714940532Z	85.33	1433.593	15.93	65.74	62.69	kafka-001	15.93
1183.121	65.74	280	2018-08-17T18:26:12.728004885Z	85.34	946.85	15.93	60.99	62.49	kafka-001	15.93
1180.633	60.99	280	2018-08-17T18:26:19.739623495Z	85.35	949.191	15.93	62.75	62.85	kafka-001	15.93
1191.636	62.75	281	2018-08-17T18:26:26.750649476Z	85.36	1446.713	15.93	58.29	63.19	kafka-001	15.93
1193.685	58.29	281	2018-08-17T18:26:33.763517585Z	85.36	957.142	15.93	62.78	62.46	kafka-001	15.93
1191.55	62.78	282	2018-08-17T18:26:40.773484177Z	85.37	1443.553	15.93	63.54	62.25	kafka-001	15.93
1190.061	63.54	282	2018-08-17T18:26:47.784853702Z	85.38	960.328	15.93	63.32	62.35	kafka-001	15.93
1193.431	63.32	283	2018-08-17T18:26:54.796228526Z	85.39	964.491	15.93	66.24	61.95	kafka-001	15.93
1189.239	66.24	283	2018-08-17T18:27:01.806669357Z	85.4	1462.569	15.93	64.06	62.82	kafka-001	15.93
1191.198	64.06	284	2018-08-17T18:27:08.815962976Z	85.41	968.484	15.93	63.21	63.04	kafka-001	15.93
1208.218	63.21	285	2018-08-17T18:27:15.826272277Z	85.41	1468.588	15.93	64.83	63.86	kafka-001	15.93
1216.312	64.83	285	2018-08-17T18:27:22.842255788Z	85.42	978.684	15.93	64.88	64.2	kafka-001	15.93
1221.092	64.88	286	2018-08-17T18:27:29.854725381Z	85.43	967.986	15.93	67.16	64.42	kafka-001	15.93
1218.586	67.16	286	2018-08-17T18:27:36.867401709Z	85.44	1476.613	15.93	68.26	65.06	kafka-001	15.93
1219.547	68.26	287	2018-08-17T18:27:43.879612577Z	85.45	972.734	15.93	66.29	65.4	kafka-001	15.93
1226.404	66.29	287	2018-08-17T18:27:50.893554964Z	85.46	1487.69	15.93	63.18	65.77	kafka-001	15.93
1223.829	63.18	288	2018-08-17T18:27:57.907386049Z	85.47	979.896	15.93	67.27	65.77	kafka-001	15.93
1231.465	67.27	288	2018-08-17T18:28:04.919320024Z	85.47	988.616	15.93	65.39	66.17	kafka-001	15.93
1233.592	65.39	289	2018-08-17T18:28:11.931850453Z	85.48	1495.308	15.93	68.73	66.26	kafka-001	15.93
1225.315	68.73	289	2018-08-17T18:28:18.943628766Z	85.49	985.536	15.93	68.04	66.52	kafka-001	15.93
1226.872	68.04	290	2018-08-17T18:28:25.954671722Z	85.5	1495.424	15.93	69.57	66.48	kafka-001	15.93
1227.179	69.57	291	2018-08-17T18:28:32.96576171Z	85.51	983.0	15.93	67.7	67.03	kafka-001	15.93
1228.103	67.7	291	2018-08-17T18:28:39.976522689Z	85.52	989.321	15.93	68.25	67.78	kafka-001	15.93
1223.59	68.25	292	2018-08-17T18:28:46.987519197Z	85.53	1495.89	15.93	65.97	67.95	kafka-001	15.93
1220.29	65.97	292	2018-08-17T18:28:53.997388325Z	85.53	987.732	15.93	67.69	68.04	kafka-001	15.93
1219.444	67.69	293	2018-08-17T18:29:01.007058714Z	85.54	1492.052	15.93	63.81	67.87	kafka-001	15.93
1230.792	63.81	293	2018-08-17T18:29:08.020424917Z	85.55	995.046	15.93	68.05	67.17	kafka-001	15.93
1231.838	68.05	294	2018-08-17T18:29:15.033175549Z	85.56	992.42	15.93	60.9	66.91	kafka-001	15.93
1236.303	60.9	294	2018-08-17T18:29:22.045376003Z	85.57	1518.05	15.93	65.73	65.78	kafka-001	15.93
1233.803	65.73	295	2018-08-17T18:29:29.058647492Z	85.58	1002.061	15.93	69.28	65.36	kafka-001	15.93
1233.338	69.28	295	2018-08-17T18:29:36.070509045Z	85.59	1513.491	15.93	67.94	65.91	kafka-001	15.93
1247.461	67.94	296	2018-08-17T18:29:43.081345817Z	85.59	1004.811	15.93	62.95	65.95	kafka-001	15.93
1234.53	62.95	296	2018-08-17T18:29:50.096640022Z	85.6	1521.079	15.93	68.67	65.81	kafka-001	15.93
1240.937	68.67	297	2018-08-17T18:29:57.108198673Z	85.61	1005.404	15.93	64.48	65.91	kafka-001	15.93
1250.653	64.48	297	2018-08-17T18:30:04.117642742Z	85.62	1007.186	15.93	56.22	66.51	kafka-001	15.93
1266.622	56.22	298	2018-08-17T18:30:11.127952641Z	85.63	1542.341	15.93	70.74	64.92	kafka-001	15.93
1241.155	70.74	298	2018-08-17T18:30:18.139509283Z	85.64	1000.083	15.93	67.62	65.17	kafka-001	15.93
1258.684	67.62	299	2018-08-17T18:30:25.149705063Z	85.65	1551.563	15.93	69.77	65.11	kafka-001	15.93
1259.549	69.77	299	2018-08-17T18:30:32.161861843Z	85.65	1007.968	15.93	67.71	66.25	kafka-001	15.93
1251.521	67.71	300	2018-08-17T18:30:39.173177601Z	85.66	1021.2	15.93	67.8	66.09	kafka-001	15.93
1262.734	67.8	301	2018-08-17T18:30:46.185975343Z	85.67	1540.97	15.93	67.58	66.64	kafka-001	15.93
1253.62	67.58	301	2018-08-17T18:30:53.200000709Z	85.68	1010.798	15.93	69.19	68.54	kafka-001	15.93
1258.86	69.19	302	2018-08-17T18:31:00.211591301Z	85.69	1544.228	15.93	67.63	68.28	kafka-001	15.93
1265.606	67.63	302	2018-08-17T18:31:07.222608179Z	85.7	1023.284	15.93	69.83	68.28	kafka-001	15.93
1277.801	69.83	303	2018-08-17T18:31:14.244245831Z	85.71	1024.585	15.93	69.79	68.29	kafka-001	15.93
1274.668	69.79	303	2018-08-17T18:31:21.253849921Z	85.72	1550.791	15.93	67.64	68.64	kafka-001	15.93
1274.18	67.64	304	2018-08-17T18:31:28.267375643Z	85.72	1032.416	15.93	71.67	68.61	kafka-001	15.93
1278.131	71.67	304	2018-08-17T18:31:35.279574617Z	85.74	1566.823	15.93	71.42	69.29	kafka-001	15.93
1284.637	71.42	305	2018-08-17T18:31:42.292348537Z	85.74	1041.381	15.93	67.77	69.66	kafka-001	15.93
1278.119	67.77	305	2018-08-17T18:31:49.301248668Z	85.75	1042.549	15.93	67.76	69.69	kafka-001	15.93
1281.054	67.76	306	2018-08-17T18:31:56.311595207Z	85.76	1582.376	15.93	63.52	69.34	kafka-001	15.93
1285.513	63.52	306	2018-08-17T18:32:03.327525669Z	85.77	1039.144	15.93	69.03	68.3	kafka-001	15.93
1298.541	69.03	307	2018-08-17T18:32:10.338612081Z	85.78	1576.884	15.93	75.17	68.53	kafka-001	15.93
1291.948	75.17	307	2018-08-17T18:32:17.350236804Z	85.79	1046.152	15.93	69.83	69.11	kafka-001	15.93
1294.611	69.83	308	2018-08-17T18:32:24.363449868Z	85.8	1045.872	15.93	72.0	68.85	kafka-001	15.93
1301.157	72.0	308	2018-08-17T18:32:31.375601057Z	85.81	1579.963	15.93	67.74	69.55	kafka-001	15.93
1286.829	67.74	309	2018-08-17T18:32:38.388014891Z	85.81	1043.357	15.93	64.71	69.55	kafka-001	15.93
1302.98	64.71	309	2018-08-17T18:32:45.398491747Z	85.82	1602.374	15.93	70.49	69.75	kafka-001	15.93
1296.149	70.49	310	2018-08-17T18:32:52.412820549Z	85.83	1049.891	15.93	70.21	69.99	kafka-001	15.93
1288.057	70.21	310	2018-08-17T18:32:59.424959087Z	85.84	1050.09	15.93	72.93	69.16	kafka-001	15.93
1309.094	72.93	311	2018-08-17T18:33:06.438760435Z	85.85	1603.116	15.93	70.05	69.68	kafka-001	15.93
1290.817	70.05	311	2018-08-17T18:33:13.456641852Z	85.86	1050.903	15.93	71.79	69.36	kafka-001	15.93
1301.114	71.79	312	2018-08-17T18:33:20.465853914Z	85.87	1596.972	15.93	72.53	70.03	kafka-001	15.93
1299.117	72.53	312	2018-08-17T18:33:27.477622575Z	85.88	1054.869	15.93	70.32	71.33	kafka-001	15.93
1312.963	70.32	313	2018-08-17T18:33:34.488390688Z	85.89	1057.274	15.93	70.45	71.31	kafka-001	15.93
1313.824	70.45	313	2018-08-17T18:33:41.498751558Z	85.9	1603.329	15.93	72.88	71.35	kafka-001	15.93
1315.503	72.88	314	2018-08-17T18:33:48.513734907Z	85.9	1063.804	15.93	72.67	71.34	kafka-001	15.93
1316.162	72.67	314	2018-08-17T18:33:55.52589862Z	85.91	1614.099	15.93	74.23	71.77	kafka-001	15.93
1315.795	74.23	315	2018-08-17T18:34:02.537572282Z	85.93	1064.902	15.93	71.92	72.18	kafka-001	15.93
1313.829	71.92	315	2018-08-17T18:34:09.549091911Z	85.93	1065.312	15.93	70.45	72.08	kafka-001	15.93
1324.356	70.45	316	2018-08-17T18:34:16.560454738Z	85.94	1616.698	15.93	74.64	72.1	kafka-001	15.93
1323.06	74.64	316	2018-08-17T18:34:23.574694331Z	85.95	1068.653	15.93	73.22	72.8	kafka-001	15.93
1336.505	73.22	317	2018-08-17T18:34:30.58536112Z	85.96	1625.546	15.93	74.13	72.86	kafka-001	15.93
1335.858	74.13	317	2018-08-17T18:34:37.59707131Z	85.97	1075.06	15.93	72.33	73.1	kafka-001	15.93
1346.036	72.33	318	2018-08-17T18:34:44.609890643Z	85.98	1080.938	15.93	68.12	72.78	kafka-001	15.93
1350.514	68.12	318	2018-08-17T18:34:51.624424307Z	85.99	1629.06	15.93	74.26	72.15	kafka-001	15.93
1357.397	74.26	319	2018-08-17T18:34:58.639798293Z	86.0	1081.686	15.93	70.05	72.78	kafka-001	15.93
1356.478	70.05	319	2018-08-17T18:35:05.650360569Z	86.01	1639.206	15.93	59.69	72.02	kafka-001	15.93
1359.159	59.69	320	2018-08-17T18:35:12.661608395Z	86.02	1080.657	15.93	75.1	69.76	kafka-001	15.93
1353.023	75.1	320	2018-08-17T18:35:19.673273131Z	86.03	1086.117	15.93	72.2	69.92	kafka-001	15.93
1367.716	72.2	321	2018-08-17T18:35:26.684761282Z	86.03	1654.836	15.93	70.05	69.9	kafka-001	15.93
1353.569	70.05	321	2018-08-17T18:35:33.699725715Z	86.04	1089.236	15.93	72.23	70.22	kafka-001	15.93
1373.54	72.23	322	2018-08-17T18:35:40.712015197Z	86.05	1666.623	15.93	77.65	69.89	kafka-001	15.93
1356.305	77.65	322	2018-08-17T18:35:47.722900035Z	86.06	1095.644	15.93	76.16	71.15	kafka-001	15.93
1371.721	76.16	323	2018-08-17T18:35:54.734501878Z	86.07	1100.923	15.93	72.69	73.9	kafka-001	15.93
1366.606	72.69	323	2018-08-17T18:36:01.746540918Z	86.08	1654.373	15.93	74.47	73.5	kafka-001	15.93
1374.875	74.47	323	2018-08-17T18:36:08.759409456Z	86.09	1102.849	15.93	75.4	73.88	kafka-001	15.93
1375.618	75.4	324	2018-08-17T18:36:15.772016407Z	86.1	1675.646	15.93	76.41	74.77	kafka-001	15.93
1370.705	76.41	324	2018-08-17T18:36:22.784897759Z	86.11	1094.05	15.93	71.97	75.46	kafka-001	15.93
1377.655	71.97	325	2018-08-17T18:36:29.800255338Z	86.12	1101.397	15.93	77.22	74.52	kafka-001	15.93
1369.687	77.22	325	2018-08-17T18:36:36.815024764Z	86.13	1669.391	15.93	74.15	74.69	kafka-001	15.93
1377.82	74.15	326	2018-08-17T18:36:43.828625951Z	86.14	1110.723	15.93	76.49	74.94	kafka-001	15.93
1375.336	76.49	326	2018-08-17T18:36:50.839344055Z	86.15	1678.959	15.93	75.63	75.27	kafka-001	15.93
1367.269	75.63	327	2018-08-17T18:36:57.851181421Z	86.16	1106.864	15.93	74.71	75.31	kafka-001	15.93
1378.206	74.71	327	2018-08-17T18:37:04.862701653Z	86.17	1104.316	15.93	72.6	75.03	kafka-001	15.93
1379.099	72.6	328	2018-08-17T18:37:11.87482717Z	86.18	1679.437	15.93	74.76	75.13	kafka-001	15.93
1385.845	74.76	328	2018-08-17T18:37:18.889011013Z	86.19	1111.003	15.93	75.75	74.72	kafka-001	15.93
1392.56	75.75	329	2018-08-17T18:37:25.901264303Z	86.2	1693.154	15.93	76.35	74.99	kafka-001	15.93
1385.619	76.35	329	2018-08-17T18:37:32.912992582Z	86.2	1119.425	15.93	73.34	74.97	kafka-001	15.93
1389.625	73.34	330	2018-08-17T18:37:39.924681035Z	86.22	1118.842	15.93	70.77	74.59	kafka-001	15.93
1377.879	70.77	330	2018-08-17T18:37:46.937612032Z	86.23	1694.005	15.93	63.7	73.93	kafka-001	15.93
1372.16	63.7	331	2018-08-17T18:37:53.951837726Z	86.24	1115.855	15.93	77.62	72.45	kafka-001	15.93
1396.836	77.62	331	2018-08-17T18:38:00.963033783Z	86.24	1688.193	15.93	75.83	72.92	kafka-001	15.93
1391.277	75.83	332	2018-08-17T18:38:07.975114527Z	86.25	1122.377	15.93	74.3	72.94	kafka-001	15.93
1391.183	74.3	332	2018-08-17T18:38:14.985466113Z	86.26	1122.59	15.93	76.28	72.59	kafka-001	15.93
1393.164	76.28	333	2018-08-17T18:38:21.995877586Z	86.27	1701.49	15.93	80.29	73.08	kafka-001	15.93
1385.131	80.29	333	2018-08-17T18:38:29.006238788Z	86.28	1127.556	15.93	71.43	74.67	kafka-001	15.93
1394.254	71.43	333	2018-08-17T18:38:36.017114379Z	86.29	1704.006	15.93	78.04	75.96	kafka-001	15.93
1401.819	78.04	334	2018-08-17T18:38:43.03109387Z	86.3	1133.997	15.93	77.2	76.03	kafka-001	15.93
1404.274	77.2	334	2018-08-17T18:38:50.043082181Z	86.31	1725.191	15.93	75.9	76.26	kafka-001	15.93
1409.457	75.9	335	2018-08-17T18:38:57.056404429Z	86.32	1142.136	15.93	72.64	76.52	kafka-001	15.93
1401.337	72.64	335	2018-08-17T18:39:04.069018791Z	86.33	1123.838	15.93	76.56	75.92	kafka-001	15.93
1399.728	76.56	336	2018-08-17T18:39:11.079905647Z	86.34	1717.114	15.93	73.13	75.3	kafka-001	15.93
1404.929	73.13	336	2018-08-17T18:39:18.09027898Z	86.35	1128.787	15.93	74.17	75.58	kafka-001	15.93
1407.948	74.17	337	2018-08-17T18:39:25.101765361Z	86.36	1734.595	15.93	70.43	74.93	kafka-001	15.93
1409.189	70.43	337	2018-08-17T18:39:32.11579497Z	86.37	1163.779	15.93	77.8	73.81	kafka-001	15.93
1415.456	77.8	338	2018-08-17T18:39:39.132532099Z	86.38	1125.017	15.93	76.03	74.12	kafka-001	15.93
1424.671	76.03	338	2018-08-17T18:39:46.144139534Z	86.39	1743.461	15.93	79.18	74.69	kafka-001	15.93
1422.931	79.18	339	2018-08-17T18:39:53.154986046Z	86.4	1152.272	15.93	76.12	75.12	kafka-001	15.93
1433.662	76.12	339	2018-08-17T18:40:00.167032555Z	86.41	1749.298	15.93	78.39	75.62	kafka-001	15.93
1436.235	78.39	340	2018-08-17T18:40:07.180432191Z	86.42	1148.62	15.93	62.97	76.33	kafka-001	15.93
1435.339	62.97	340	2018-08-17T18:40:14.196626816Z	86.43	1156.9	15.93	78.94	75.08	kafka-001	15.93
1428.702	78.94	340	2018-08-17T18:40:21.208494382Z	86.44	1755.307	15.93	72.47	75.27	kafka-001	15.93
1435.675	72.47	341	2018-08-17T18:40:28.220318634Z	86.45	1164.9	15.93	78.25	74.68	kafka-001	15.93
1447.786	78.25	341	2018-08-17T18:40:35.232798006Z	86.46	1759.729	15.93	70.53	74.52	kafka-001	15.93
1438.445	70.53	342	2018-08-17T18:40:42.244234711Z	86.47	1156.486	15.93	86.0	73.59	kafka-001	15.93
1440.373	86.0	342	2018-08-17T18:40:49.254425362Z	86.48	1163.932	15.93	75.44	74.86	kafka-001	15.93
1438.1	75.44	343	2018-08-17T18:40:56.267591205Z	86.49	1758.864	15.93	81.51	76.94	kafka-001	15.93
1444.379	81.51	343	2018-08-17T18:41:03.281141466Z	86.5	1159.795	15.93	74.14	77.37	kafka-001	15.93
1457.782	74.14	344	2018-08-17T18:41:10.292447702Z	86.51	1765.515	15.93	79.88	77.65	kafka-001	15.93
1446.199	79.88	344	2018-08-17T18:41:17.303719546Z	86.52	1157.499	15.93	77.51	77.92	kafka-001	15.93
1453.593	77.51	345	2018-08-17T18:41:24.315449539Z	86.53	1165.829	15.93	75.59	79.08	kafka-001	15.93
1445.786	75.59	345	2018-08-17T18:41:31.327390041Z	86.54	1769.727	15.93	74.82	77.35	kafka-001	15.93
1457.835	74.82	346	2018-08-17T18:41:38.339827734Z	86.55	1170.616	15.93	81.32	77.24	kafka-001	15.93
1469.412	81.32	346	2018-08-17T18:41:45.351005927Z	86.56	1776.697	15.93	81.03	77.21	kafka-001	15.93
1475.197	81.03	346	2018-08-17T18:41:52.364818273Z	86.57	1167.599	15.93	76.08	78.36	kafka-001	15.93
1474.774	76.08	347	2018-08-17T18:41:59.385082126Z	86.58	1181.684	15.93	76.63	77.73	kafka-001	15.93
1469.684	76.63	347	2018-08-17T18:42:06.398109469Z	86.59	1784.458	15.93	81.15	77.58	kafka-001	15.93
1471.842	81.15	348	2018-08-17T18:42:13.409912056Z	86.6	1175.808	15.93	70.8	78.51	kafka-001	15.93
1486.476	70.8	348	2018-08-17T18:42:20.422579812Z	86.61	1793.353	15.93	80.29	77.84	kafka-001	15.93
1474.962	80.29	349	2018-08-17T18:42:27.435478015Z	86.62	1182.292	15.93	79.45	77.66	kafka-001	15.93
1479.388	79.45	349	2018-08-17T18:42:34.44880331Z	86.63	1171.997	15.93	87.03	77.4	kafka-001	15.93
1482.074	87.03	350	2018-08-17T18:42:41.459355011Z	86.64	1797.979	15.93	72.98	79.23	kafka-001	15.93
1473.973	72.98	350	2018-08-17T18:42:48.470894194Z	86.65	1186.749	15.93	81.27	78.62	kafka-001	15.93
1491.592	81.27	351	2018-08-17T18:42:55.481360566Z	86.66	1807.833	15.93	80.31	78.64	kafka-001	15.93
1490.323	80.31	351	2018-08-17T18:43:02.491001938Z	86.68	1190.981	15.93	79.72	80.22	kafka-001	15.93
1474.89	79.72	351	2018-08-17T18:43:09.500776205Z	86.69	1188.282	15.93	79.4	80.13	kafka-001	15.93
1486.371	79.4	352	2018-08-17T18:43:16.514698838Z	86.7	1802.847	15.93	79.65	80.12	kafka-001	15.93
1494.767	79.65	352	2018-08-17T18:43:23.52785664Z	86.71	1191.446	15.93	78.95	78.89	kafka-001	15.93
1499.346	78.95	353	2018-08-17T18:43:30.543773458Z	86.72	1811.314	15.93	81.65	79.88	kafka-001	15.93
1489.691	81.65	353	2018-08-17T18:43:37.554338282Z	86.73	1195.96	15.93	80.76	79.95	kafka-001	15.93
1490.537	80.76	354	2018-08-17T18:43:44.567249805Z	86.74	1186.327	15.93	79.57	80.02	kafka-001	15.93
1492.184	79.57	354	2018-08-17T18:43:51.577860026Z	86.75	1821.988	15.93	82.63	80.0	kafka-001	15.93
1494.465	82.63	355	2018-08-17T18:43:58.588163849Z	86.76	1197.977	15.93	84.18	80.54	kafka-001	15.93
1497.894	84.18	355	2018-08-17T18:44:05.59979661Z	86.77	1827.148	15.93	83.2	81.29	kafka-001	15.93
1493.149	83.2	355	2018-08-17T18:44:12.610906792Z	86.78	1202.828	15.93	76.0	82.0	kafka-001	15.93
1501.283	76.0	356	2018-08-17T18:44:19.623627794Z	86.79	1205.136	15.93	76.91	81.06	kafka-001	15.93
1506.53	76.91	356	2018-08-17T18:44:26.637169359Z	86.8	1823.442	15.93	80.34	80.42	kafka-001	15.93
1504.533	80.34	357	2018-08-17T18:44:33.65027689Z	86.81	1204.249	15.93	82.07	80.54	kafka-001	15.93
1510.872	82.07	357	2018-08-17T18:44:40.662313392Z	86.82	1838.139	15.93	84.39	80.45	kafka-001	15.93
1511.777	84.39	358	2018-08-17T18:44:47.672640267Z	86.83	1204.192	15.93	80.47	80.49	kafka-001	15.93
1512.737	80.47	358	2018-08-17T18:44:54.684876558Z	86.84	1202.914	15.93	78.65	80.03	kafka-001	15.93
1518.732	78.65	359	2018-08-17T18:45:01.694192963Z	86.85	1842.985	15.93	73.8	80.47	kafka-001	15.93
1521.331	73.8	359	2018-08-17T18:45:08.703590341Z	86.86	1209.889	15.93	81.79	79.95	kafka-001	15.93
1523.18	81.79	359	2018-08-17T18:45:15.722278831Z	86.87	1852.192	15.93	79.26	80.2	kafka-001	15.93
1508.805	79.26	360	2018-08-17T18:45:22.733283447Z	86.88	1217.434	15.93	80.39	79.73	kafka-001	15.93
1519.845	80.39	360	2018-08-17T18:45:29.748989059Z	86.89	1222.087	15.93	76.04	79.06	kafka-001	15.93
1513.752	76.04	361	2018-08-17T18:45:36.76045243Z	86.9	1864.235	15.93	78.8	78.32	kafka-001	15.93
1504.227	78.8	361	2018-08-17T18:45:43.771774399Z	86.91	1216.79	15.93	77.74	78.35	kafka-001	15.93
1524.08	77.74	362	2018-08-17T18:45:50.785772888Z	86.93	1853.644	15.93	72.63	79.0	kafka-001	15.93
1539.635	72.63	362	2018-08-17T18:45:57.797509191Z	86.94	1235.213	15.93	72.36	77.48	kafka-001	15.93
1532.921	72.36	362	2018-08-17T18:46:04.81229001Z	86.95	1224.667	15.93	82.17	76.33	kafka-001	15.93
1530.292	82.17	363	2018-08-17T18:46:11.82402992Z	86.96	1858.362	15.93	82.69	76.62	kafka-001	15.93
1531.94	82.69	363	2018-08-17T18:46:18.835569574Z	86.97	1216.386	15.93	81.42	77.73	kafka-001	15.93
1529.723	81.42	364	2018-08-17T18:46:25.848275083Z	86.98	1865.839	15.93	78.76	78.17	kafka-001	15.93
1540.803	78.76	364	2018-08-17T18:46:32.859250795Z	86.99	1224.843	15.93	80.55	78.34	kafka-001	15.93
1541.215	80.55	365	2018-08-17T18:46:39.868326987Z	87.0	1226.613	15.93	81.65	79.66	kafka-001	15.93
1543.14	81.65	365	2018-08-17T18:46:46.881742415Z	87.01	1877.587	15.93	77.53	81.21	kafka-001	15.93
1539.619	77.53	365	2018-08-17T18:46:53.893897216Z	87.02	1235.069	15.93	80.96	80.43	kafka-001	15.93
1545.088	80.96	366	2018-08-17T18:47:00.905079683Z	87.03	1884.245	15.93	76.41	80.15	kafka-001	15.93
1535.943	76.41	366	2018-08-17T18:47:07.915116706Z	87.04	1239.107	15.93	78.58	79.31	kafka-001	15.93
1543.867	78.58	367	2018-08-17T18:47:14.927442422Z	87.05	1241.476	15.93	77.27	79.28	kafka-001	15.93
1557.274	77.27	367	2018-08-17T18:47:21.937450954Z	87.06	1889.189	15.93	81.69	78.73	kafka-001	15.93
1539.129	81.69	368	2018-08-17T18:47:28.949664487Z	87.07	1240.507	15.93	75.86	78.74	kafka-001	15.93
1536.506	75.86	368	2018-08-17T18:47:35.959278153Z	87.09	1881.034	15.93	91.43	78.46	kafka-001	15.93
1545.761	91.43	368	2018-08-17T18:47:42.971093308Z	87.1	1235.509	15.93	85.08	80.21	kafka-001	15.93
1557.809	85.08	369	2018-08-17T18:47:49.983089731Z	87.1	1249.42	15.93	84.47	81.65	kafka-001	15.93
1558.143	84.47	369	2018-08-17T18:47:56.998636596Z	87.12	1889.416	15.93	83.53	82.63	kafka-001	15.93
1556.058	83.53	370	2018-08-17T18:48:04.009618515Z	87.13	1250.738	15.93	80.9	83.68	kafka-001	15.93
1558.626	80.9	370	2018-08-17T18:48:11.023343453Z	87.14	1900.036	15.93	80.85	83.55	kafka-001	15.93
1560.944	80.85	371	2018-08-17T18:48:18.035155506Z	87.15	1244.717	15.93	83.22	84.38	kafka-001	15.93
1561.763	83.22	371	2018-08-17T18:48:25.047160512Z	87.16	1896.828	15.93	80.67	83.01	kafka-001	15.93
1559.647	80.67	371	2018-08-17T18:48:32.0581632Z	87.17	1250.786	15.93	82.68	82.27	kafka-001	15.93
1578.135	82.68	372	2018-08-17T18:48:39.072370919Z	87.18	1272.618	15.93	80.7	81.98	kafka-001	15.93
1577.55	80.7	372	2018-08-17T18:48:46.083665488Z	87.19	1900.881	15.93	86.1	81.5	kafka-001	15.93
1577.911	86.1	373	2018-08-17T18:48:53.094555554Z	87.2	1260.748	15.93	84.6	82.37	kafka-001	15.93
1587.366	84.6	373	2018-08-17T18:49:00.115209907Z	87.22	1912.354	15.93	84.28	83.0	kafka-001	15.93
1573.581	84.28	373	2018-08-17T18:49:07.126367439Z	87.23	1264.768	15.93	83.88	83.17	kafka-001	15.93
1577.343	83.88	374	2018-08-17T18:49:14.138721383Z	87.24	1260.762	15.93	87.66	83.71	kafka-001	15.93
1583.458	87.66	374	2018-08-17T18:49:21.151180028Z	87.25	1915.652	15.93	75.53	84.54	kafka-001	15.93
1589.627	75.53	375	2018-08-17T18:49:28.162390318Z	87.26	1264.835	15.93	86.04	83.68	kafka-001	15.93
1580.002	86.04	375	2018-08-17T18:49:35.174549565Z	87.27	1915.989	15.93	85.06	83.67	kafka-001	15.93
1591.279	85.06	376	2018-08-17T18:49:42.188738641Z	87.28	1273.206	15.93	83.37	83.74	kafka-001	15.93
1581.774	83.37	376	2018-08-17T18:49:49.199084913Z	87.29	1268.259	15.93	77.37	83.59	kafka-001	15.93
1595.649	77.37	376	2018-08-17T18:49:56.212756635Z	87.3	1937.533	15.93	84.47	82.51	kafka-001	15.93
1593.437	84.47	377	2018-08-17T18:50:03.223986647Z	87.32	1267.91	15.93	77.97	81.97	kafka-001	15.93
1602.21	77.97	377	2018-08-17T18:50:10.23601634Z	87.33	1932.259	15.93	86.28	82.38	kafka-001	15.93
1598.611	86.28	378	2018-08-17T18:50:17.247952267Z	87.34	1279.833	15.93	85.71	82.42	kafka-001	15.93
1588.379	85.71	378	2018-08-17T18:50:24.259252894Z	87.35	1277.363	15.93	86.84	82.53	kafka-001	15.93
1596.918	86.84	378	2018-08-17T18:50:31.270411993Z	87.36	1932.568	15.93	88.22	83.11	kafka-001	15.93
1598.01	88.22	379	2018-08-17T18:50:38.282794459Z	87.37	1279.839	15.93	83.71	84.92	kafka-001	15.93
1611.895	83.71	379	2018-08-17T18:50:45.29478895Z	87.38	1951.64	15.93	80.72	84.79	kafka-001	15.93
1608.177	80.72	380	2018-08-17T18:50:52.307098771Z	87.39	1281.624	15.93	84.98	85.25	kafka-001	15.93
1603.017	84.98	380	2018-08-17T18:50:59.318262361Z	87.4	1281.88	15.93	80.26	85.03	kafka-001	15.93
1625.454	80.26	381	2018-08-17T18:51:06.33096789Z	87.41	1964.214	15.93	86.59	84.12	kafka-001	15.93
1615.581	86.59	381	2018-08-17T18:51:13.342257341Z	87.43	1289.596	15.93	87.9	84.08	kafka-001	15.93
1614.77	87.9	381	2018-08-17T18:51:20.355315116Z	87.43	1960.341	15.93	87.4	84.03	kafka-001	15.93
1616.739	87.4	382	2018-08-17T18:51:27.365840367Z	87.45	1283.01	15.93	86.84	84.64	kafka-001	15.93
1617.647	86.84	382	2018-08-17T18:51:34.378918563Z	87.46	1295.864	15.93	84.83	85.66	kafka-001	15.93
1619.896	84.83	383	2018-08-17T18:51:41.39105234Z	87.47	1956.177	15.93	91.01	85.64	kafka-001	15.93
1618.271	91.01	383	2018-08-17T18:51:48.405618135Z	87.48	1297.27	15.93	86.19	87.43	kafka-001	15.93
1622.831	86.19	383	2018-08-17T18:51:55.417018609Z	87.49	1959.607	15.93	87.6	87.36	kafka-001	15.93
1623.274	87.6	384	2018-08-17T18:52:02.429670549Z	87.5	1299.075	15.93	86.14	87.31	kafka-001	15.93
1629.955	86.14	384	2018-08-17T18:52:09.44133137Z	87.51	1300.816	15.93	88.41	87.1	kafka-001	15.93
1631.352	88.41	385	2018-08-17T18:52:16.45486317Z	87.52	1975.372	15.93	88.45	87.36	kafka-001	15.93
1620.979	88.45	385	2018-08-17T18:52:23.46613275Z	87.54	1298.946	15.93	84.2	87.97	kafka-001	15.93
1637.218	84.2	386	2018-08-17T18:52:30.478301162Z	87.55	1976.442	15.93	87.61	86.83	kafka-001	15.93
1633.433	87.61	386	2018-08-17T18:52:37.491644073Z	87.56	1300.972	15.93	82.92	87.07	kafka-001	15.93
1628.055	82.92	386	2018-08-17T18:52:44.504726361Z	87.57	1297.999	15.93	80.39	86.29	kafka-001	15.93
1632.598	80.39	387	2018-08-17T18:52:51.516947746Z	87.58	1986.572	15.93	85.46	85.33	kafka-001	15.93
1623.549	85.46	387	2018-08-17T18:52:58.531373792Z	87.59	1301.427	15.93	89.71	84.84	kafka-001	15.93
1641.256	89.71	388	2018-08-17T18:53:05.545508936Z	87.6	1992.26	15.93	86.52	85.05	kafka-001	15.93
1611.97	86.52	388	2018-08-17T18:53:12.559041815Z	87.62	1300.32	15.93	84.66	85.44	kafka-001	15.93
1625.934	84.66	388	2018-08-17T18:53:19.570491048Z	87.63	1312.319	15.93	78.89	84.94	kafka-001	15.93
1634.653	78.89	389	2018-08-17T18:53:26.580539476Z	87.64	1990.898	15.93	86.98	84.27	kafka-001	15.93
1642.004	86.98	389	2018-08-17T18:53:33.591522755Z	87.65	1318.03	15.93	81.71	85.37	kafka-001	15.93
1654.216	81.71	390	2018-08-17T18:53:40.60304538Z	87.66	1998.694	15.93	88.28	84.75	kafka-001	15.93
1645.773	88.28	390	2018-08-17T18:53:47.617276634Z	87.67	1318.413	15.93	86.38	84.51	kafka-001	15.93
1655.149	86.38	390	2018-08-17T18:53:54.628286731Z	87.69	1317.552	15.93	90.19	84.48	kafka-001	15.93
1652.574	90.19	391	2018-08-17T18:54:01.64011008Z	87.69	2005.077	15.93	82.61	85.41	kafka-001	15.93
1657.229	82.61	391	2018-08-17T18:54:08.652148346Z	87.71	1319.566	15.93	90.51	86.03	kafka-001	15.93
1665.006	90.51	392	2018-08-17T18:54:15.664362331Z	87.72	2015.61	15.93	89.44	86.61	kafka-001	15.93
1641.917	89.44	392	2018-08-17T18:54:22.683559981Z	87.73	1320.574	15.93	85.1	87.9	kafka-001	15.93
1652.843	85.1	392	2018-08-17T18:54:29.695436919Z	87.74	1315.863	15.93	78.29	87.37	kafka-001	15.93
1644.706	78.29	393	2018-08-17T18:54:36.70842264Z	87.75	2016.936	15.93	90.68	86.02	kafka-001	15.93
1631.354	90.68	393	2018-08-17T18:54:43.719651643Z	87.76	1318.705	15.93	80.55	86.11	kafka-001	15.93
1658.95	80.55	394	2018-08-17T18:54:50.731556097Z	87.78	2019.712	15.93	85.8	85.76	kafka-001	15.93
1645.16	85.8	394	2018-08-17T18:54:57.745879888Z	87.79	1328.869	15.93	84.34	84.98	kafka-001	15.93
1671.123	84.34	394	2018-08-17T18:55:04.756622046Z	87.8	1333.47	15.93	76.37	84.13	kafka-001	15.93
1676.908	76.37	395	2018-08-17T18:55:11.766359509Z	87.81	2019.458	15.93	89.0	82.67	kafka-001	15.93
1665.323	89.0	395	2018-08-17T18:55:18.777545213Z	87.82	1321.718	15.93	89.6	84.46	kafka-001	15.93
1679.962	89.6	396	2018-08-17T18:55:25.790207107Z	87.84	2035.013	15.93	86.87	84.28	kafka-001	15.93
1668.149	86.87	396	2018-08-17T18:55:32.806153212Z	87.84	1341.6	15.93	87.16	85.33	kafka-001	15.93
1672.277	87.16	396	2018-08-17T18:55:39.817581737Z	87.86	1333.302	15.93	82.94	85.56	kafka-001	15.93
1663.112	82.94	397	2018-08-17T18:55:46.829645867Z	87.87	2033.889	15.93	89.69	85.32	kafka-001	15.93
1671.385	89.69	397	2018-08-17T18:55:53.84299738Z	87.88	1343.63	15.93	94.18	87.54	kafka-001	15.93
1656.8	94.18	397	2018-08-17T18:56:00.853913749Z	87.89	2037.567	15.93	86.79	88.41	kafka-001	15.93
1661.869	86.79	397	2018-08-17T18:56:07.865046238Z	87.9	1329.211	15.93	82.7	87.94	kafka-001	15.93
1667.395	82.7	397	2018-08-17T18:56:14.877342218Z	87.91	1334.655	15.93	89.57	87.24	kafka-001	15.93
1673.936	89.57	397	2018-08-17T18:56:21.88777865Z	87.93	2035.217	15.93	89.97	87.65	kafka-001	15.93
1656.565	89.97	397	2018-08-17T18:56:28.900046803Z	87.94	1341.28	15.93	85.97	88.82	kafka-001	15.93
1656.044	85.97	397	2018-08-17T18:56:35.917068223Z	87.95	2036.374	15.93	86.33	88.2	kafka-001	15.93
1663.901	86.33	397	2018-08-17T18:56:42.929883888Z	87.96	1333.743	15.93	92.71	86.89	kafka-001	15.93
1664.981	92.71	397	2018-08-17T18:56:49.943473263Z	87.97	1328.993	15.93	84.22	87.88	kafka-001	15.93
1666.38	84.22	397	2018-08-17T18:56:56.955261154Z	87.99	2028.598	15.93	92.74	88.13	kafka-001	15.93
1664.569	92.74	397	2018-08-17T18:57:03.965229505Z	88.0	1339.793	15.93	91.05	88.66	kafka-001	15.93
1668.886	91.05	397	2018-08-17T18:57:10.976410007Z	88.01	2026.14	15.93	89.49	88.84	kafka-001	15.93
