net_receive	host_cpu	sensor_count	timestamp	memory%	net_send	memory_active_anon%	container_cpu%	host_moving_avg_cpu	name	memory_rss%
17186257.359	0	3	2018-08-17T21:45:24.269413207Z	88.62	17743946.592	15.93	2.28	nan	kafka-001	15.93
30.888	2.28	8	2018-08-17T21:45:31.280388279Z	88.62	26.146	15.93	3.05	nan	kafka-001	15.93
49.561	3.05	12	2018-08-17T21:45:38.292553825Z	88.62	34.805	15.93	4.98	nan	kafka-001	15.93
69.484	4.98	16	2018-08-17T21:45:45.305988379Z	88.62	74.284	15.93	5.4	nan	kafka-001	15.93
82.955	5.4	20	2018-08-17T21:45:52.317157253Z	88.62	61.266	15.93	5.59	nan	kafka-001	15.93
98.201	5.59	23	2018-08-17T21:45:59.326928891Z	88.62	70.485	15.93	6.01	3.55	kafka-001	15.93
113.96	6.01	26	2018-08-17T21:46:06.337712218Z	88.62	126.91	15.93	7.45	4.55	kafka-001	15.93
125.405	7.45	29	2018-08-17T21:46:13.349144707Z	88.62	94.515	15.93	9.09	5.41	kafka-001	15.93
135.55	9.09	32	2018-08-17T21:46:20.362423212Z	88.62	159.293	15.93	14.56	6.42	kafka-001	15.93
148.045	14.56	35	2018-08-17T21:46:27.373849072Z	88.62	112.624	15.93	8.31	8.02	kafka-001	15.93
157.567	8.31	38	2018-08-17T21:46:34.386194125Z	88.62	122.917	15.93	9.19	8.5	kafka-001	15.93
170.648	9.19	40	2018-08-17T21:46:41.39814093Z	88.62	200.379	15.93	10.4	9.1	kafka-001	15.93
178.767	10.4	43	2018-08-17T21:46:48.409816777Z	88.63	140.136	15.93	9.97	9.83	kafka-001	15.93
186.168	9.97	45	2018-08-17T21:46:55.419078112Z	88.63	225.436	15.93	10.98	10.25	kafka-001	15.93
193.589	10.98	47	2018-08-17T21:47:02.430192088Z	88.63	153.828	15.93	10.47	10.57	kafka-001	15.93
204.131	10.47	50	2018-08-17T21:47:09.438251021Z	88.63	157.82	15.93	12.11	9.89	kafka-001	15.93
212.348	12.11	52	2018-08-17T21:47:16.449311677Z	88.63	259.216	15.93	11.18	10.52	kafka-001	15.93
216.347	11.18	54	2018-08-17T21:47:23.461934939Z	88.63	175.584	15.93	11.51	10.85	kafka-001	15.93
227.178	11.51	56	2018-08-17T21:47:30.473988117Z	88.64	280.97	15.93	13.42	11.04	kafka-001	15.93
236.383	13.42	58	2018-08-17T21:47:37.485139624Z	88.64	190.954	15.93	14.19	11.61	kafka-001	15.93
246.711	14.19	60	2018-08-17T21:47:44.495750712Z	88.64	196.798	15.93	14.32	12.15	kafka-001	15.93
259.209	14.32	62	2018-08-17T21:47:51.505140902Z	88.64	303.296	15.93	15.04	12.79	kafka-001	15.93
265.728	15.04	64	2018-08-17T21:47:58.515136357Z	88.64	205.678	15.93	16.33	13.28	kafka-001	15.93
277.444	16.33	66	2018-08-17T21:48:05.526910182Z	88.64	333.128	15.93	17.51	14.14	kafka-001	15.93
271.907	17.51	67	2018-08-17T21:48:12.537856902Z	88.64	219.126	15.93	18.38	15.14	kafka-001	15.93
284.037	18.38	69	2018-08-17T21:48:19.548527674Z	88.65	227.274	15.93	17.07	15.96	kafka-001	15.93
287.528	17.07	71	2018-08-17T21:48:26.560054916Z	88.65	354.538	15.93	16.84	16.44	kafka-001	15.93
297.621	16.84	72	2018-08-17T21:48:33.570402568Z	88.65	239.788	15.93	18.78	16.86	kafka-001	15.93
308.672	18.78	74	2018-08-17T21:48:40.581995847Z	88.65	366.741	15.93	19.24	17.49	kafka-001	15.93
314.697	19.24	76	2018-08-17T21:48:47.591679661Z	88.65	251.442	15.93	18.81	17.97	kafka-001	15.93
322.685	18.81	77	2018-08-17T21:48:54.60437472Z	88.66	253.07	15.93	19.33	18.19	kafka-001	15.93
331.564	19.33	79	2018-08-17T21:49:01.615626965Z	88.66	400.528	15.93	19.14	18.35	kafka-001	15.93
327.395	19.14	81	2018-08-17T21:49:08.627262099Z	88.66	262.96	15.93	18.77	18.69	kafka-001	15.93
335.522	18.77	82	2018-08-17T21:49:15.645866866Z	88.67	411.608	15.93	20.22	19.01	kafka-001	15.93
338.025	20.22	84	2018-08-17T21:49:22.657187649Z	88.67	274.998	15.93	18.5	19.25	kafka-001	15.93
344.639	18.5	85	2018-08-17T21:49:29.668390831Z	88.67	280.054	15.93	20.57	19.13	kafka-001	15.93
362.648	20.57	87	2018-08-17T21:49:36.681240482Z	88.67	436.174	15.93	19.04	19.42	kafka-001	15.93
363.077	19.04	88	2018-08-17T21:49:43.692809422Z	88.67	286.806	15.93	21.95	19.37	kafka-001	15.93
370.33	21.95	90	2018-08-17T21:49:50.706223125Z	88.68	452.25	15.93	23.02	19.84	kafka-001	15.93
368.077	23.02	91	2018-08-17T21:49:57.718232886Z	88.68	302.878	15.93	28.73	20.55	kafka-001	15.93
372.167	28.73	92	2018-08-17T21:50:04.727696209Z	88.68	304.176	15.93	15.72	21.97	kafka-001	15.93
375.024	15.72	94	2018-08-17T21:50:11.739912932Z	88.68	465.42	15.93	19.16	21.51	kafka-001	15.93
370.879	19.16	95	2018-08-17T21:50:18.752210807Z	88.69	306.706	15.93	22.69	21.27	kafka-001	15.93
396.528	22.69	96	2018-08-17T21:50:25.766388862Z	88.69	481.512	15.93	23.27	21.88	kafka-001	15.93
399.375	23.27	98	2018-08-17T21:50:32.778631706Z	88.69	321.543	15.93	21.86	22.1	kafka-001	15.93
407.261	21.86	99	2018-08-17T21:50:39.793577109Z	88.69	322.439	15.93	24.01	21.91	kafka-001	15.93
414.74	24.01	101	2018-08-17T21:50:46.806562267Z	88.7	508.862	15.93	22.89	21.12	kafka-001	15.93
421.207	22.89	102	2018-08-17T21:50:53.819103833Z	88.7	338.24	15.93	24.85	22.31	kafka-001	15.93
428.996	24.85	103	2018-08-17T21:51:00.831427818Z	88.7	523.806	15.93	21.94	23.26	kafka-001	15.93
425.311	21.94	105	2018-08-17T21:51:07.84235477Z	88.71	344.458	15.93	24.04	23.14	kafka-001	15.93
426.921	24.04	106	2018-08-17T21:51:14.85415261Z	88.71	348.266	15.93	28.4	23.27	kafka-001	15.93
428.592	28.4	107	2018-08-17T21:51:21.866165846Z	88.71	533.564	15.93	25.5	24.36	kafka-001	15.93
451.253	25.5	108	2018-08-17T21:51:28.878238191Z	88.72	356.201	15.93	25.74	24.6	kafka-001	15.93
453.644	25.74	110	2018-08-17T21:51:35.889643168Z	88.72	549.086	15.93	26.87	25.08	kafka-001	15.93
459.057	26.87	111	2018-08-17T21:51:42.901892442Z	88.72	362.982	15.93	25.53	25.42	kafka-001	15.93
463.981	25.53	112	2018-08-17T21:51:49.914931976Z	88.72	370.152	15.93	26.85	26.01	kafka-001	15.93
473.258	26.85	113	2018-08-17T21:51:56.928374522Z	88.73	575.975	15.93	25.02	26.48	kafka-001	15.93
475.637	25.02	115	2018-08-17T21:52:03.940145056Z	88.73	383.588	15.93	28.65	25.92	kafka-001	15.93
484.712	28.65	116	2018-08-17T21:52:10.956781948Z	88.74	588.324	15.93	23.71	26.44	kafka-001	15.93
482.023	23.71	117	2018-08-17T21:52:17.968271861Z	88.74	388.514	15.93	28.17	26.11	kafka-001	15.93
485.929	28.17	118	2018-08-17T21:52:24.980260217Z	88.74	389.914	15.93	28.45	26.32	kafka-001	15.93
499.936	28.45	119	2018-08-17T21:52:31.991840283Z	88.75	595.351	15.93	29.55	26.81	kafka-001	15.93
503.777	29.55	120	2018-08-17T21:52:39.003820352Z	88.75	399.699	15.93	28.89	27.26	kafka-001	15.93
499.57	28.89	122	2018-08-17T21:52:46.014638551Z	88.75	604.863	15.93	30.8	27.9	kafka-001	15.93
517.076	30.8	123	2018-08-17T21:52:53.025297578Z	88.76	408.514	15.93	28.03	28.26	kafka-001	15.93
521.311	28.03	124	2018-08-17T21:53:00.036558609Z	88.76	624.958	15.93	31.31	28.98	kafka-001	15.93
529.245	31.31	125	2018-08-17T21:53:07.047498172Z	88.77	417.386	15.93	30.32	29.51	kafka-001	15.93
524.365	30.32	126	2018-08-17T21:53:14.057956799Z	88.77	410.302	15.93	25.68	29.82	kafka-001	15.93
536.068	25.68	127	2018-08-17T21:53:21.072615498Z	88.77	641.228	15.93	29.29	29.17	kafka-001	15.93
536.333	29.29	128	2018-08-17T21:53:28.090409045Z	88.78	424.142	15.93	31.81	29.24	kafka-001	15.93
544.166	31.81	129	2018-08-17T21:53:35.101912145Z	88.78	658.829	15.93	31.84	29.41	kafka-001	15.93
545.847	31.84	130	2018-08-17T21:53:42.115328616Z	88.78	432.178	15.93	31.64	30.04	kafka-001	15.93
541.629	31.64	131	2018-08-17T21:53:49.126694559Z	88.79	433.527	15.93	31.86	30.1	kafka-001	15.93
549.358	31.86	133	2018-08-17T21:53:56.13870561Z	88.79	671.705	15.93	32.75	30.35	kafka-001	15.93
554.661	32.75	134	2018-08-17T21:54:03.15115914Z	88.79	440.122	15.93	32.58	31.53	kafka-001	15.93
556.056	32.58	135	2018-08-17T21:54:10.162982254Z	88.8	683.342	15.93	34.13	32.08	kafka-001	15.93
562.091	34.13	136	2018-08-17T21:54:17.174902206Z	88.8	452.558	15.93	27.15	32.47	kafka-001	15.93
568.073	27.15	137	2018-08-17T21:54:24.187410385Z	88.81	452.752	15.93	32.48	31.69	kafka-001	15.93
570.278	32.48	138	2018-08-17T21:54:31.198456359Z	88.81	700.404	15.93	32.85	31.83	kafka-001	15.93
575.717	32.85	139	2018-08-17T21:54:38.213531724Z	88.82	455.598	15.93	33.71	31.99	kafka-001	15.93
581.747	33.71	140	2018-08-17T21:54:45.226628081Z	88.82	706.081	15.93	33.62	32.15	kafka-001	15.93
585.637	33.62	141	2018-08-17T21:54:52.238290788Z	88.82	469.619	15.93	32.96	32.32	kafka-001	15.93
591.412	32.96	142	2018-08-17T21:54:59.25115619Z	88.83	469.396	15.93	35.31	32.13	kafka-001	15.93
604.458	35.31	143	2018-08-17T21:55:06.263440536Z	88.83	723.9	15.93	30.92	33.49	kafka-001	15.93
602.987	30.92	144	2018-08-17T21:55:13.276992957Z	88.83	472.526	15.93	32.86	33.23	kafka-001	15.93
611.746	32.86	145	2018-08-17T21:55:20.289829384Z	88.84	738.731	15.93	36.52	33.23	kafka-001	15.93
608.559	36.52	146	2018-08-17T21:55:27.313122876Z	88.84	483.67	15.93	33.35	33.7	kafka-001	15.93
617.831	33.35	147	2018-08-17T21:55:34.3242994Z	88.85	488.653	15.93	35.83	33.65	kafka-001	15.93
619.874	35.83	148	2018-08-17T21:55:41.335641854Z	88.85	749.85	15.93	37.28	34.13	kafka-001	15.93
629.777	37.28	149	2018-08-17T21:55:48.347134225Z	88.86	495.832	15.93	36.7	34.46	kafka-001	15.93
631.644	36.7	150	2018-08-17T21:55:55.358478918Z	88.86	762.782	15.93	37.76	35.42	kafka-001	15.93
636.429	37.76	151	2018-08-17T21:56:02.370807119Z	88.87	501.348	15.93	36.24	36.24	kafka-001	15.93
635.942	36.24	152	2018-08-17T21:56:09.381875396Z	88.87	506.07	15.93	36.12	36.19	kafka-001	15.93
643.691	36.12	153	2018-08-17T21:56:16.393248355Z	88.88	771.907	15.93	35.37	36.66	kafka-001	15.93
641.301	35.37	154	2018-08-17T21:56:23.406171532Z	88.88	513.119	15.93	36.26	36.58	kafka-001	15.93
655.204	36.26	155	2018-08-17T21:56:30.417250849Z	88.88	782.468	15.93	37.23	36.41	kafka-001	15.93
647.143	37.23	156	2018-08-17T21:56:37.428995122Z	88.89	517.833	15.93	35.03	36.5	kafka-001	15.93
649.793	35.03	157	2018-08-17T21:56:44.439931508Z	88.89	521.417	15.93	37.39	36.04	kafka-001	15.93
644.461	37.39	158	2018-08-17T21:56:51.454281584Z	88.9	795.278	15.93	36.1	36.23	kafka-001	15.93
661.326	36.1	159	2018-08-17T21:56:58.46640064Z	88.9	528.602	15.93	39.72	36.23	kafka-001	15.93
672.068	39.72	160	2018-08-17T21:57:05.477149015Z	88.91	807.346	15.93	36.97	36.96	kafka-001	15.93
670.224	36.97	161	2018-08-17T21:57:12.488233366Z	88.91	532.664	15.93	38.28	37.07	kafka-001	15.93
674.74	38.28	161	2018-08-17T21:57:19.498633418Z	88.92	535.049	15.93	36.58	37.25	kafka-001	15.93
677.41	36.58	162	2018-08-17T21:57:26.511011963Z	88.92	819.137	15.93	38.98	37.51	kafka-001	15.93
676.207	38.98	163	2018-08-17T21:57:33.524641344Z	88.92	541.363	15.93	37.49	37.77	kafka-001	15.93
686.05	37.49	164	2018-08-17T21:57:40.535248096Z	88.93	829.226	15.93	40.1	38.0	kafka-001	15.93
682.941	40.1	165	2018-08-17T21:57:47.548131976Z	88.93	549.648	15.93	39.54	38.07	kafka-001	15.93
681.156	39.54	166	2018-08-17T21:57:54.559010478Z	88.94	549.719	15.93	39.71	38.5	kafka-001	15.93
694.675	39.71	167	2018-08-17T21:58:01.570347271Z	88.94	845.914	15.93	35.6	38.73	kafka-001	15.93
696.639	35.6	168	2018-08-17T21:58:08.581188768Z	88.95	557.243	15.93	41.05	38.57	kafka-001	15.93
682.504	41.05	169	2018-08-17T21:58:15.592314869Z	88.95	842.317	15.93	36.9	38.92	kafka-001	15.93
701.073	36.9	170	2018-08-17T21:58:22.603430679Z	88.96	564.859	15.93	40.47	38.82	kafka-001	15.93
702.089	40.47	170	2018-08-17T21:58:29.613891379Z	88.96	561.496	15.93	39.22	38.88	kafka-001	15.93
712.628	39.22	171	2018-08-17T21:58:36.625729253Z	88.97	872.03	15.93	40.26	38.83	kafka-001	15.93
709.195	40.26	172	2018-08-17T21:58:43.63508229Z	88.97	568.72	15.93	39.2	38.92	kafka-001	15.93
721.632	39.2	173	2018-08-17T21:58:50.645492008Z	88.98	878.025	15.93	42.62	39.52	kafka-001	15.93
720.661	42.62	174	2018-08-17T21:58:57.655121733Z	88.98	576.973	15.93	41.08	39.78	kafka-001	15.93
732.047	41.08	175	2018-08-17T21:59:04.665111078Z	88.99	578.139	15.93	40.68	40.48	kafka-001	15.93
740.242	40.68	176	2018-08-17T21:59:11.676637917Z	88.99	889.186	15.93	42.11	40.51	kafka-001	15.93
745.081	42.11	176	2018-08-17T21:59:18.68859223Z	89.0	584.624	15.93	44.41	40.99	kafka-001	15.93
747.322	44.41	177	2018-08-17T21:59:25.698690698Z	89.0	895.336	15.93	41.7	41.68	kafka-001	15.93
748.118	41.7	178	2018-08-17T21:59:32.710172679Z	89.01	592.361	15.93	41.45	42.1	kafka-001	15.93
749.462	41.45	179	2018-08-17T21:59:39.720674676Z	89.01	593.61	15.93	40.58	41.91	kafka-001	15.93
751.608	40.58	180	2018-08-17T21:59:46.731566855Z	89.02	910.152	15.93	40.99	41.82	kafka-001	15.93
753.481	40.99	181	2018-08-17T21:59:53.747307604Z	89.03	599.06	15.93	43.27	41.87	kafka-001	15.93
749.688	43.27	181	2018-08-17T22:00:00.759180284Z	88.81	920.691	15.93	43.93	42.07	kafka-001	15.93
762.347	43.93	182	2018-08-17T22:00:07.771341391Z	88.82	604.855	15.93	42.34	41.99	kafka-001	15.93
750.32	42.34	183	2018-08-17T22:00:14.783055415Z	88.82	604.472	15.93	42.07	42.09	kafka-001	15.93
769.121	42.07	184	2018-08-17T22:00:21.793222659Z	88.83	928.938	15.93	41.97	42.2	kafka-001	15.93
771.24	41.97	185	2018-08-17T22:00:28.805671921Z	88.83	612.635	15.93	44.79	42.43	kafka-001	15.93
774.851	44.79	186	2018-08-17T22:00:35.819697855Z	88.84	931.475	15.93	45.39	43.06	kafka-001	15.93
777.479	45.39	186	2018-08-17T22:00:42.832762244Z	88.84	620.94	15.93	44.88	43.42	kafka-001	15.93
778.189	44.88	187	2018-08-17T22:00:49.844374929Z	88.85	619.465	15.93	41.92	43.57	kafka-001	15.93
789.174	41.92	188	2018-08-17T22:00:56.857509077Z	88.85	953.163	15.93	45.21	43.5	kafka-001	15.93
787.597	45.21	189	2018-08-17T22:01:03.867966282Z	88.86	623.403	15.93	44.06	44.03	kafka-001	15.93
785.928	44.06	190	2018-08-17T22:01:10.880524516Z	88.87	960.351	15.93	45.71	44.38	kafka-001	15.93
795.541	45.71	190	2018-08-17T22:01:17.890610165Z	88.87	629.1	15.93	43.1	44.53	kafka-001	15.93
797.371	43.1	191	2018-08-17T22:01:24.902160159Z	88.88	632.834	15.93	42.21	44.15	kafka-001	15.93
808.326	42.21	192	2018-08-17T22:01:31.911742626Z	88.88	975.01	15.93	43.65	43.7	kafka-001	15.93
803.107	43.65	193	2018-08-17T22:01:38.923114382Z	88.89	640.349	15.93	45.95	43.99	kafka-001	15.93
803.152	45.95	193	2018-08-17T22:01:45.933451912Z	88.89	979.505	15.93	44.85	44.11	kafka-001	15.93
802.81	44.85	194	2018-08-17T22:01:52.948609701Z	88.9	646.07	15.93	44.97	44.25	kafka-001	15.93
791.878	44.97	195	2018-08-17T22:01:59.95795941Z	88.9	640.037	15.93	39.14	44.12	kafka-001	15.93
805.906	39.14	196	2018-08-17T22:02:06.968040188Z	88.91	982.41	15.93	44.36	43.46	kafka-001	15.93
807.849	44.36	197	2018-08-17T22:02:13.979892497Z	88.91	644.487	15.93	45.01	43.82	kafka-001	15.93
811.222	45.01	197	2018-08-17T22:02:20.99094053Z	88.92	1002.462	15.93	47.46	44.05	kafka-001	15.93
808.011	47.46	198	2018-08-17T22:02:28.001045511Z	88.93	655.788	15.93	45.84	44.3	kafka-001	15.93
817.222	45.84	199	2018-08-17T22:02:35.011410167Z	88.93	660.504	15.93	43.11	44.46	kafka-001	15.93
828.055	43.11	200	2018-08-17T22:02:42.020832384Z	88.94	1008.35	15.93	46.74	44.15	kafka-001	15.93
826.391	46.74	200	2018-08-17T22:02:49.033108312Z	88.95	664.99	15.93	46.93	45.42	kafka-001	15.93
831.72	46.93	201	2018-08-17T22:02:56.042252344Z	88.95	1015.54	15.93	45.39	45.85	kafka-001	15.93
839.153	45.39	202	2018-08-17T22:03:03.052129237Z	88.96	668.578	15.93	46.61	45.91	kafka-001	15.93
847.08	46.61	203	2018-08-17T22:03:10.063776074Z	88.96	1032.48	15.93	47.59	45.77	kafka-001	15.93
838.432	47.59	203	2018-08-17T22:03:17.078163165Z	88.97	669.494	15.93	48.37	46.06	kafka-001	15.93
852.092	48.37	204	2018-08-17T22:03:24.090688968Z	88.97	679.841	15.93	48.54	46.94	kafka-001	15.93
846.034	48.54	205	2018-08-17T22:03:31.104333223Z	88.98	1033.2	15.93	49.4	47.24	kafka-001	15.93
860.265	49.4	206	2018-08-17T22:03:38.116985112Z	88.99	689.121	15.93	49.19	47.65	kafka-001	15.93
868.435	49.19	206	2018-08-17T22:03:45.127836863Z	88.99	1038.728	15.93	46.55	48.28	kafka-001	15.93
861.317	46.55	207	2018-08-17T22:03:52.138121358Z	89.0	683.766	15.93	49.07	48.27	kafka-001	15.93
862.797	49.07	208	2018-08-17T22:03:59.149273163Z	89.0	689.97	15.93	50.26	48.52	kafka-001	15.93
875.225	50.26	209	2018-08-17T22:04:06.160479516Z	89.01	1051.191	15.93	48.8	48.84	kafka-001	15.93
865.281	48.8	209	2018-08-17T22:04:13.173082449Z	89.02	694.697	15.93	47.11	48.88	kafka-001	15.93
869.998	47.11	210	2018-08-17T22:04:20.186753004Z	89.02	1062.422	15.93	46.6	48.5	kafka-001	15.93
879.341	46.6	211	2018-08-17T22:04:27.19792803Z	89.03	703.134	15.93	47.01	48.07	kafka-001	15.93
879.671	47.01	211	2018-08-17T22:04:34.209743646Z	89.04	705.377	15.93	50.19	48.14	kafka-001	15.93
888.709	50.19	212	2018-08-17T22:04:41.222443305Z	88.82	1072.06	15.93	49.44	48.33	kafka-001	15.93
887.428	49.44	213	2018-08-17T22:04:48.234091816Z	88.83	707.456	15.93	49.17	48.19	kafka-001	15.93
887.223	49.17	214	2018-08-17T22:04:55.248800603Z	88.84	1080.931	15.93	49.41	48.25	kafka-001	15.93
896.057	49.41	214	2018-08-17T22:05:02.260698007Z	88.84	710.668	15.93	49.35	48.64	kafka-001	15.93
905.882	49.35	215	2018-08-17T22:05:09.27231541Z	88.85	709.823	15.93	49.37	49.1	kafka-001	15.93
909.734	49.37	216	2018-08-17T22:05:16.285200732Z	88.85	1095.227	15.93	51.58	49.49	kafka-001	15.93
905.105	51.58	216	2018-08-17T22:05:23.296446218Z	88.86	717.052	15.93	50.25	49.72	kafka-001	15.93
909.94	50.25	217	2018-08-17T22:05:30.311482375Z	88.87	1102.968	15.93	51.77	49.86	kafka-001	15.93
911.849	51.77	218	2018-08-17T22:05:37.32311859Z	88.87	727.422	15.93	49.72	50.29	kafka-001	15.93
917.823	49.72	219	2018-08-17T22:05:44.33548511Z	88.88	721.577	15.93	50.55	50.34	kafka-001	15.93
912.629	50.55	219	2018-08-17T22:05:51.348077537Z	88.89	1110.13	15.93	47.29	50.54	kafka-001	15.93
921.951	47.29	220	2018-08-17T22:05:58.359969911Z	88.89	728.055	15.93	53.48	50.19	kafka-001	15.93
917.827	53.48	221	2018-08-17T22:06:05.371315166Z	88.9	1115.274	15.93	53.26	50.51	kafka-001	15.93
924.442	53.26	221	2018-08-17T22:06:12.383413844Z	88.9	736.202	15.93	51.34	51.01	kafka-001	15.93
916.715	51.34	222	2018-08-17T22:06:19.39513099Z	88.91	736.644	15.93	51.42	50.94	kafka-001	15.93
921.174	51.42	223	2018-08-17T22:06:26.405869817Z	88.92	1115.566	15.93	52.29	51.22	kafka-001	15.93
924.597	52.29	223	2018-08-17T22:06:33.417434231Z	88.92	740.936	15.93	51.6	51.51	kafka-001	15.93
931.584	51.6	224	2018-08-17T22:06:40.430116247Z	88.93	1135.34	15.93	51.27	52.23	kafka-001	15.93
917.959	51.27	225	2018-08-17T22:06:47.441542731Z	88.94	742.1	15.93	49.29	51.86	kafka-001	15.93
931.113	49.29	225	2018-08-17T22:06:54.452704163Z	88.94	749.056	15.93	54.39	51.2	kafka-001	15.93
942.22	54.39	226	2018-08-17T22:07:01.46577392Z	88.95	1146.384	15.93	53.05	51.71	kafka-001	15.93
934.719	53.05	227	2018-08-17T22:07:08.47939588Z	88.96	750.906	15.93	54.11	51.98	kafka-001	15.93
950.379	54.11	227	2018-08-17T22:07:15.49174589Z	88.96	1149.529	15.93	52.99	52.29	kafka-001	15.93
958.39	52.99	228	2018-08-17T22:07:22.50224425Z	88.97	752.873	15.93	53.14	52.52	kafka-001	15.93
955.772	53.14	229	2018-08-17T22:07:29.515089095Z	88.98	758.77	15.93	52.86	52.83	kafka-001	15.93
964.653	52.86	229	2018-08-17T22:07:36.526412176Z	88.98	1164.222	15.93	53.45	53.42	kafka-001	15.93
960.195	53.45	230	2018-08-17T22:07:43.536743775Z	88.99	764.308	15.93	53.64	53.27	kafka-001	15.93
965.496	53.64	231	2018-08-17T22:07:50.547447364Z	89.0	1168.711	15.93	53.19	53.37	kafka-001	15.93
960.393	53.19	231	2018-08-17T22:07:57.564404674Z	89.0	769.657	15.93	53.14	53.21	kafka-001	15.93
970.075	53.14	232	2018-08-17T22:08:04.578520021Z	89.01	769.959	15.93	54.94	53.24	kafka-001	15.93
963.174	54.94	233	2018-08-17T22:08:11.589279812Z	89.02	1169.152	15.93	54.39	53.54	kafka-001	15.93
965.017	54.39	233	2018-08-17T22:08:18.599530873Z	89.03	771.533	15.93	55.53	53.79	kafka-001	15.93
969.167	55.53	234	2018-08-17T22:08:25.611717614Z	89.03	1185.1	15.93	55.18	54.14	kafka-001	15.93
975.002	55.18	235	2018-08-17T22:08:32.628563757Z	89.04	783.459	15.93	53.63	54.4	kafka-001	15.93
969.457	53.63	235	2018-08-17T22:08:39.642155211Z	89.04	777.56	15.93	53.26	54.47	kafka-001	15.93
975.932	53.26	236	2018-08-17T22:08:46.653577967Z	89.05	1190.281	15.93	54.93	54.49	kafka-001	15.93
966.795	54.93	237	2018-08-17T22:08:53.665716948Z	89.06	781.158	15.93	55.34	54.49	kafka-001	15.93
965.313	55.34	237	2018-08-17T22:09:00.677701079Z	88.84	1194.945	15.93	55.52	54.65	kafka-001	15.93
971.308	55.52	238	2018-08-17T22:09:07.694384425Z	88.85	789.61	15.93	50.9	54.64	kafka-001	15.93
969.575	50.9	239	2018-08-17T22:09:14.706325469Z	88.86	777.464	15.93	54.07	53.93	kafka-001	15.93
979.392	54.07	239	2018-08-17T22:09:21.719026948Z	88.86	1212.968	15.93	51.01	54.0	kafka-001	15.93
991.235	51.01	240	2018-08-17T22:09:28.735821914Z	88.87	793.624	15.93	55.45	53.63	kafka-001	15.93
986.242	55.45	240	2018-08-17T22:09:35.746910294Z	88.88	1208.256	15.93	51.79	53.72	kafka-001	15.93
987.219	51.79	241	2018-08-17T22:09:42.758225683Z	88.89	790.871	15.93	54.83	53.12	kafka-001	15.93
995.699	54.83	242	2018-08-17T22:09:49.768956296Z	88.89	805.284	15.93	52.03	53.01	kafka-001	15.93
1002.789	52.03	242	2018-08-17T22:09:56.779623832Z	88.9	1215.387	15.93	54.87	53.2	kafka-001	15.93
1002.318	54.87	243	2018-08-17T22:10:03.788923845Z	88.91	805.571	15.93	34.45	53.33	kafka-001	15.93
1020.152	34.45	244	2018-08-17T22:10:10.79856016Z	88.91	1230.295	15.93	56.22	50.57	kafka-001	15.93
1004.093	56.22	244	2018-08-17T22:10:17.811681705Z	88.92	807.308	15.93	56.37	50.7	kafka-001	15.93
1018.487	56.37	245	2018-08-17T22:10:24.825125496Z	88.93	816.273	15.93	56.99	51.46	kafka-001	15.93
1022.376	56.99	245	2018-08-17T22:10:31.836553272Z	88.93	1246.486	15.93	50.38	51.82	kafka-001	15.93
1012.494	50.38	246	2018-08-17T22:10:38.845838136Z	88.94	812.847	15.93	57.71	51.55	kafka-001	15.93
1021.231	57.71	247	2018-08-17T22:10:45.857463841Z	88.95	1247.712	15.93	55.99	52.02	kafka-001	15.93
1030.323	55.99	247	2018-08-17T22:10:52.868683185Z	88.96	823.15	15.93	58.19	55.61	kafka-001	15.93
1015.058	58.19	248	2018-08-17T22:10:59.880000762Z	88.96	812.72	15.93	55.92	55.94	kafka-001	15.93
1033.841	55.92	248	2018-08-17T22:11:06.891004716Z	88.97	1259.266	15.93	58.43	55.86	kafka-001	15.93
1026.487	58.43	249	2018-08-17T22:11:13.903504195Z	88.98	819.541	15.93	58.48	56.1	kafka-001	15.93
1031.58	58.48	250	2018-08-17T22:11:20.916257529Z	88.98	1264.378	15.93	57.21	57.45	kafka-001	15.93
1039.493	57.21	250	2018-08-17T22:11:27.928533538Z	88.99	829.048	15.93	61.41	57.37	kafka-001	15.93
1035.615	61.41	251	2018-08-17T22:11:34.940379587Z	89.0	832.557	15.93	62.66	58.27	kafka-001	15.93
1041.298	62.66	252	2018-08-17T22:11:41.951606049Z	89.01	1274.439	15.93	55.06	59.02	kafka-001	15.93
1043.695	55.06	252	2018-08-17T22:11:48.963597964Z	89.01	835.66	15.93	58.65	58.88	kafka-001	15.93
1058.404	58.65	253	2018-08-17T22:11:55.975116482Z	89.02	1279.931	15.93	60.47	58.91	kafka-001	15.93
1058.083	60.47	253	2018-08-17T22:12:02.99021318Z	89.03	845.134	15.93	56.85	59.24	kafka-001	15.93
1053.966	56.85	254	2018-08-17T22:12:10.003011693Z	89.04	840.968	15.93	60.05	59.18	kafka-001	15.93
1048.423	60.05	255	2018-08-17T22:12:17.014200349Z	89.04	1283.13	15.93	60.11	58.96	kafka-001	15.93
1055.173	60.11	255	2018-08-17T22:12:24.024857701Z	89.05	848.342	15.93	60.4	58.53	kafka-001	15.93
1060.994	60.4	256	2018-08-17T22:12:31.037244488Z	89.06	1289.787	15.93	59.52	59.42	kafka-001	15.93
1061.231	59.52	256	2018-08-17T22:12:38.049222748Z	89.07	847.828	15.93	60.67	59.57	kafka-001	15.93
1059.222	60.67	257	2018-08-17T22:12:45.059700295Z	89.08	1295.972	15.93	58.86	59.6	kafka-001	15.93
1068.119	58.86	258	2018-08-17T22:12:52.070290627Z	88.86	852.449	15.93	57.12	59.94	kafka-001	15.93
1054.615	57.12	258	2018-08-17T22:12:59.083777681Z	88.87	851.145	15.93	59.78	59.45	kafka-001	15.93
1071.448	59.78	259	2018-08-17T22:13:06.09515833Z	88.87	1315.483	15.93	59.86	59.39	kafka-001	15.93
1072.721	59.86	259	2018-08-17T22:13:13.108226082Z	88.88	859.818	15.93	58.17	59.3	kafka-001	15.93
1079.952	58.17	260	2018-08-17T22:13:20.120358986Z	88.89	1307.913	15.93	59.95	59.08	kafka-001	15.93
1074.997	59.95	261	2018-08-17T22:13:27.130843097Z	88.9	860.997	15.93	61.19	58.96	kafka-001	15.93
1065.838	61.19	261	2018-08-17T22:13:34.142698971Z	88.9	860.704	15.93	60.84	59.35	kafka-001	15.93
1079.189	60.84	262	2018-08-17T22:13:41.152624657Z	88.91	1320.031	15.93	59.95	59.97	kafka-001	15.93
1080.637	59.95	262	2018-08-17T22:13:48.16473702Z	88.92	868.017	15.93	60.44	59.99	kafka-001	15.93
1095.752	60.44	263	2018-08-17T22:13:55.182301321Z	88.93	1331.604	15.93	58.81	60.09	kafka-001	15.93
1089.393	58.81	263	2018-08-17T22:14:02.193208722Z	88.93	874.319	15.93	61.74	60.2	kafka-001	15.93
1099.923	61.74	264	2018-08-17T22:14:09.204068818Z	88.94	873.938	15.93	60.01	60.5	kafka-001	15.93
1102.701	60.01	265	2018-08-17T22:14:16.214266416Z	88.95	1342.105	15.93	56.92	60.3	kafka-001	15.93
1105.13	56.92	265	2018-08-17T22:14:23.225774302Z	88.96	880.417	15.93	46.77	59.65	kafka-001	15.93
1113.205	46.77	266	2018-08-17T22:14:30.237696075Z	88.97	1349.433	15.93	60.36	57.45	kafka-001	15.93
1108.31	60.36	266	2018-08-17T22:14:37.250675473Z	88.97	883.002	15.93	62.88	57.44	kafka-001	15.93
1112.761	62.88	267	2018-08-17T22:14:44.262486961Z	88.98	887.835	15.93	58.2	58.11	kafka-001	15.93
1127.142	58.2	267	2018-08-17T22:14:51.275328781Z	88.99	1353.464	15.93	57.46	57.52	kafka-001	15.93
1124.015	57.46	268	2018-08-17T22:14:58.289458204Z	89.0	891.129	15.93	61.42	57.1	kafka-001	15.93
1133.292	61.42	269	2018-08-17T22:15:05.29958887Z	89.0	1353.396	15.93	40.5	57.85	kafka-001	15.93
1121.855	40.5	269	2018-08-17T22:15:12.308967485Z	89.01	893.094	15.93	63.87	56.8	kafka-001	15.93
1116.455	63.87	270	2018-08-17T22:15:19.320253179Z	89.02	887.191	15.93	61.22	57.39	kafka-001	15.93
1130.384	61.22	270	2018-08-17T22:15:26.332392629Z	89.03	1371.396	15.93	62.38	57.11	kafka-001	15.93
1127.673	62.38	271	2018-08-17T22:15:33.34336109Z	89.04	894.29	15.93	61.36	57.81	kafka-001	15.93
1116.038	61.36	271	2018-08-17T22:15:40.356996202Z	89.04	1374.408	15.93	55.35	58.46	kafka-001	15.93
1136.813	55.35	272	2018-08-17T22:15:47.368825658Z	89.05	906.281	15.93	60.67	57.45	kafka-001	15.93
1138.047	60.67	273	2018-08-17T22:15:54.379479178Z	89.06	903.546	15.93	62.27	60.81	kafka-001	15.93
1142.517	62.27	273	2018-08-17T22:16:01.392087916Z	89.07	1387.296	15.93	62.29	60.54	kafka-001	15.93
1149.056	62.29	274	2018-08-17T22:16:08.402434263Z	89.08	911.52	15.93	63.72	60.72	kafka-001	15.93
1155.497	63.72	274	2018-08-17T22:16:15.414550664Z	89.08	1386.362	15.93	62.48	60.94	kafka-001	15.93
1151.29	62.48	275	2018-08-17T22:16:22.42429743Z	88.87	911.38	15.93	61.7	61.13	kafka-001	15.93
1151.821	61.7	275	2018-08-17T22:16:29.435429385Z	88.87	914.8	15.93	64.02	62.19	kafka-001	15.93
1160.034	64.02	276	2018-08-17T22:16:36.444687983Z	88.88	1399.772	15.93	63.43	62.75	kafka-001	15.93
1155.724	63.43	277	2018-08-17T22:16:43.455349327Z	88.89	914.896	15.93	61.72	62.94	kafka-001	15.93
1168.375	61.72	277	2018-08-17T22:16:50.471706953Z	88.9	1405.952	15.93	64.06	62.85	kafka-001	15.93
1166.387	64.06	278	2018-08-17T22:16:57.486341328Z	88.91	920.513	15.93	59.37	62.9	kafka-001	15.93
1157.371	59.37	278	2018-08-17T22:17:04.498911327Z	88.92	920.798	15.93	62.96	62.38	kafka-001	15.93
1174.004	62.96	279	2018-08-17T22:17:11.50904102Z	88.92	1418.537	15.93	59.88	62.59	kafka-001	15.93
1163.719	59.88	279	2018-08-17T22:17:18.520660458Z	88.93	927.696	15.93	64.4	61.9	kafka-001	15.93
1173.043	64.4	280	2018-08-17T22:17:25.532147847Z	88.94	1411.9	15.93	62.94	62.07	kafka-001	15.93
1160.842	62.94	281	2018-08-17T22:17:32.545932935Z	88.95	928.238	15.93	64.17	62.27	kafka-001	15.93
1170.795	64.17	281	2018-08-17T22:17:39.556551387Z	88.96	935.27	15.93	55.22	62.29	kafka-001	15.93
1180.29	55.22	282	2018-08-17T22:17:46.568035041Z	88.97	1424.592	15.93	65.19	61.6	kafka-001	15.93
1178.063	65.19	282	2018-08-17T22:17:53.581141955Z	88.98	935.764	15.93	65.9	61.97	kafka-001	15.93
1183.959	65.9	283	2018-08-17T22:18:00.595328564Z	88.98	1436.911	15.93	66.96	62.97	kafka-001	15.93
1178.188	66.96	283	2018-08-17T22:18:07.606080239Z	88.99	937.377	15.93	66.12	63.4	kafka-001	15.93
1193.767	66.12	284	2018-08-17T22:18:14.617863293Z	89.0	940.198	15.93	66.76	63.93	kafka-001	15.93
1190.912	66.76	284	2018-08-17T22:18:21.629157747Z	89.01	1442.029	15.93	62.5	64.36	kafka-001	15.93
1197.149	62.5	285	2018-08-17T22:18:28.641284905Z	89.02	946.029	15.93	68.2	65.57	kafka-001	15.93
1195.086	68.2	285	2018-08-17T22:18:35.652972745Z	89.02	1445.638	15.93	67.12	66.07	kafka-001	15.93
1181.875	67.12	286	2018-08-17T22:18:42.665770139Z	89.03	946.016	15.93	65.83	66.28	kafka-001	15.93
1191.191	65.83	287	2018-08-17T22:18:49.678566464Z	89.04	950.353	15.93	63.15	66.09	kafka-001	15.93
1186.46	63.15	287	2018-08-17T22:18:56.690368543Z	89.05	1450.529	15.93	66.33	65.59	kafka-001	15.93
1190.367	66.33	288	2018-08-17T22:19:03.704873715Z	89.06	949.677	15.93	63.59	65.52	kafka-001	15.93
1199.584	63.59	288	2018-08-17T22:19:10.716911905Z	89.06	1460.412	15.93	67.67	65.7	kafka-001	15.93
1190.915	67.67	289	2018-08-17T22:19:17.730781607Z	89.07	952.887	15.93	66.6	65.62	kafka-001	15.93
1191.073	66.6	289	2018-08-17T22:19:24.741832461Z	89.08	955.508	15.93	64.48	65.53	kafka-001	15.93
1202.218	64.48	290	2018-08-17T22:19:31.752918142Z	89.09	1464.295	15.93	67.84	65.3	kafka-001	15.93
1181.779	67.84	290	2018-08-17T22:19:38.76532804Z	89.1	957.684	15.93	75.95	66.09	kafka-001	15.93
1211.282	75.95	291	2018-08-17T22:19:45.778605018Z	88.88	1479.951	15.93	64.34	67.69	kafka-001	15.93
1202.25	64.34	291	2018-08-17T22:19:52.788815205Z	88.89	959.968	15.93	63.21	67.81	kafka-001	15.93
1197.498	63.21	292	2018-08-17T22:19:59.804456548Z	88.9	960.536	15.93	60.12	67.07	kafka-001	15.93
1215.709	60.12	292	2018-08-17T22:20:06.814188714Z	88.91	1485.113	15.93	51.21	65.99	kafka-001	15.93
1213.852	51.21	293	2018-08-17T22:20:13.825059866Z	88.92	968.218	15.93	67.05	63.78	kafka-001	15.93
1214.244	67.05	293	2018-08-17T22:20:20.836522387Z	88.93	1485.653	15.93	66.65	63.65	kafka-001	15.93
1198.265	66.65	294	2018-08-17T22:20:27.848434628Z	88.93	971.92	15.93	59.06	62.1	kafka-001	15.93
1224.593	59.06	295	2018-08-17T22:20:34.859255762Z	88.94	966.808	15.93	66.09	61.22	kafka-001	15.93
1222.346	66.09	295	2018-08-17T22:20:41.870174534Z	88.95	1478.634	15.93	63.91	61.7	kafka-001	15.93
1226.097	63.91	296	2018-08-17T22:20:48.88114304Z	88.96	980.571	15.93	69.74	62.33	kafka-001	15.93
1238.564	69.74	296	2018-08-17T22:20:55.894781408Z	88.97	1506.012	15.93	58.81	65.42	kafka-001	15.93
1221.336	58.81	297	2018-08-17T22:21:02.905715975Z	88.98	986.979	15.93	62.51	64.04	kafka-001	15.93
1227.4	62.51	297	2018-08-17T22:21:09.92051967Z	88.99	987.048	15.93	64.81	63.35	kafka-001	15.93
1225.224	64.81	298	2018-08-17T22:21:16.932168794Z	88.99	1504.472	15.93	69.74	64.31	kafka-001	15.93
1222.091	69.74	298	2018-08-17T22:21:23.943026698Z	89.0	983.379	15.93	66.86	64.92	kafka-001	15.93
1230.18	66.86	299	2018-08-17T22:21:30.954897318Z	89.01	1505.27	15.93	67.99	65.41	kafka-001	15.93
1234.729	67.99	299	2018-08-17T22:21:37.966173651Z	89.02	992.987	15.93	65.51	65.12	kafka-001	15.93
1237.051	65.51	300	2018-08-17T22:21:44.980727553Z	89.03	996.49	15.93	67.44	66.24	kafka-001	15.93
1229.14	67.44	300	2018-08-17T22:21:51.990408971Z	89.04	1512.926	15.93	62.63	67.06	kafka-001	15.93
1220.134	62.63	301	2018-08-17T22:21:59.004466713Z	89.05	982.419	15.93	71.7	66.7	kafka-001	15.93
1253.161	71.7	301	2018-08-17T22:22:06.018347807Z	89.05	1513.094	15.93	66.16	67.02	kafka-001	15.93
1261.557	66.16	302	2018-08-17T22:22:13.036406478Z	89.06	1002.182	15.93	69.21	66.9	kafka-001	15.93
1269.232	69.21	302	2018-08-17T22:22:20.047463752Z	89.07	1537.551	15.93	67.84	67.11	kafka-001	15.93
1254.004	67.84	303	2018-08-17T22:22:27.062211382Z	89.08	1003.383	15.93	70.35	67.5	kafka-001	15.93
1264.19	70.35	303	2018-08-17T22:22:34.073395382Z	89.09	1008.822	15.93	70.72	67.98	kafka-001	15.93
1264.944	70.72	304	2018-08-17T22:22:41.086146832Z	89.1	1544.568	15.93	70.33	69.33	kafka-001	15.93
1255.777	70.33	304	2018-08-17T22:22:48.100137369Z	89.11	999.89	15.93	70.5	69.1	kafka-001	15.93
1265.372	70.5	305	2018-08-17T22:22:55.111982742Z	89.12	1549.722	15.93	70.54	69.82	kafka-001	15.93
1260.429	70.54	305	2018-08-17T22:23:02.12442044Z	89.13	1013.85	15.93	57.3	70.05	kafka-001	15.93
1267.459	57.3	306	2018-08-17T22:23:09.136855084Z	88.91	1012.008	15.93	70.18	68.29	kafka-001	15.93
1257.054	70.18	306	2018-08-17T22:23:16.149939717Z	88.92	1537.117	15.93	65.64	68.26	kafka-001	15.93
1281.171	65.64	307	2018-08-17T22:23:23.164130277Z	88.93	1018.456	15.93	71.79	67.42	kafka-001	15.93
1283.226	71.79	307	2018-08-17T22:23:30.180799294Z	88.94	1563.266	15.93	65.85	67.66	kafka-001	15.93
1282.591	65.85	308	2018-08-17T22:23:37.191858991Z	88.94	1024.602	15.93	65.89	66.88	kafka-001	15.93
1282.311	65.89	308	2018-08-17T22:23:44.203279349Z	88.95	1015.614	15.93	65.43	66.11	kafka-001	15.93
1283.224	65.43	309	2018-08-17T22:23:51.216501103Z	88.96	1563.082	15.93	68.01	67.46	kafka-001	15.93
1280.115	68.01	309	2018-08-17T22:23:58.229956567Z	88.97	1020.876	15.93	67.93	67.1	kafka-001	15.93
1288.901	67.93	310	2018-08-17T22:24:05.244428069Z	88.98	1569.08	15.93	72.24	67.48	kafka-001	15.93
1289.51	72.24	310	2018-08-17T22:24:12.254954309Z	88.99	1027.928	15.93	65.87	67.56	kafka-001	15.93
1284.139	65.87	311	2018-08-17T22:24:19.267879113Z	89.0	1031.765	15.93	72.25	67.56	kafka-001	15.93
1307.442	72.25	311	2018-08-17T22:24:26.279403279Z	89.01	1575.989	15.93	65.89	68.62	kafka-001	15.93
1297.387	65.89	312	2018-08-17T22:24:33.291548169Z	89.02	1033.136	15.93	72.51	68.7	kafka-001	15.93
1310.486	72.51	312	2018-08-17T22:24:40.308394613Z	89.03	1581.645	15.93	72.32	69.45	kafka-001	15.93
1306.563	72.32	313	2018-08-17T22:24:47.321037531Z	89.04	1036.11	15.93	72.74	70.18	kafka-001	15.93
1314.459	72.74	313	2018-08-17T22:24:54.331847622Z	89.04	1037.86	15.93	63.19	70.26	kafka-001	15.93
1311.188	63.19	314	2018-08-17T22:25:01.343416585Z	89.05	1585.832	15.93	61.9	69.82	kafka-001	15.93
1317.805	61.9	314	2018-08-17T22:25:08.35321914Z	89.06	1045.132	15.93	66.11	68.09	kafka-001	15.93
1306.979	66.11	315	2018-08-17T22:25:15.367109713Z	89.07	1598.828	15.93	73.16	68.13	kafka-001	15.93
1310.384	73.16	315	2018-08-17T22:25:22.377458475Z	89.08	1040.997	15.93	73.15	68.24	kafka-001	15.93
1316.459	73.15	316	2018-08-17T22:25:29.394657816Z	89.09	1044.704	15.93	70.32	68.37	kafka-001	15.93
1316.95	70.32	316	2018-08-17T22:25:36.406232802Z	89.1	1607.129	15.93	66.53	67.97	kafka-001	15.93
1325.137	66.53	317	2018-08-17T22:25:43.420227346Z	89.11	1052.303	15.93	74.45	68.53	kafka-001	15.93
1321.512	74.45	317	2018-08-17T22:25:50.432411277Z	89.12	1611.946	15.93	61.71	70.62	kafka-001	15.93
1325.527	61.71	318	2018-08-17T22:25:57.445379315Z	89.13	1044.776	15.93	72.39	69.89	kafka-001	15.93
1330.115	72.39	318	2018-08-17T22:26:04.456398076Z	89.14	1049.634	15.93	73.92	69.76	kafka-001	15.93
1336.315	73.92	319	2018-08-17T22:26:11.467975618Z	88.92	1618.32	15.93	73.48	69.89	kafka-001	15.93
1332.07	73.48	319	2018-08-17T22:26:18.481143128Z	88.93	1050.506	15.93	70.53	70.41	kafka-001	15.93
1325.62	70.53	320	2018-08-17T22:26:25.496282349Z	88.94	1616.757	15.93	72.17	71.08	kafka-001	15.93
1332.645	72.17	320	2018-08-17T22:26:32.506940634Z	88.95	1061.918	15.93	68.0	70.7	kafka-001	15.93
1335.573	68.0	321	2018-08-17T22:26:39.516053154Z	88.95	1061.732	15.93	69.33	71.75	kafka-001	15.93
1339.622	69.33	321	2018-08-17T22:26:46.527936392Z	88.97	1616.952	15.93	71.14	71.24	kafka-001	15.93
1342.963	71.14	322	2018-08-17T22:26:53.539137359Z	88.97	1068.282	15.93	71.89	70.77	kafka-001	15.93
1331.396	71.89	322	2018-08-17T22:27:00.552376359Z	88.98	1638.826	15.93	72.37	70.51	kafka-001	15.93
1338.781	72.37	323	2018-08-17T22:27:07.564085636Z	88.99	1068.773	15.93	74.01	70.82	kafka-001	15.93
1338.489	74.01	323	2018-08-17T22:27:14.575570598Z	89.0	1070.24	15.93	72.05	71.12	kafka-001	15.93
1342.868	72.05	324	2018-08-17T22:27:21.587960047Z	89.01	1643.351	15.93	73.11	71.8	kafka-001	15.93
1342.831	73.11	324	2018-08-17T22:27:28.599933096Z	89.02	1063.171	15.93	72.34	72.43	kafka-001	15.93
1364.896	72.34	325	2018-08-17T22:27:35.622813352Z	89.03	1649.352	15.93	68.56	72.63	kafka-001	15.93
1352.059	68.56	325	2018-08-17T22:27:42.63447099Z	89.04	1074.773	15.93	67.0	72.07	kafka-001	15.93
1344.884	67.0	326	2018-08-17T22:27:49.646317092Z	89.05	1079.923	15.93	69.96	71.18	kafka-001	15.93
1352.883	69.96	326	2018-08-17T22:27:56.658733585Z	89.06	1640.272	15.93	73.05	70.5	kafka-001	15.93
1352.453	73.05	327	2018-08-17T22:28:03.674493494Z	89.07	1080.515	15.93	77.28	70.67	kafka-001	15.93
1355.894	77.28	327	2018-08-17T22:28:10.685948714Z	89.08	1653.424	15.93	73.51	71.36	kafka-001	15.93
1360.613	73.51	328	2018-08-17T22:28:17.698927329Z	89.09	1087.944	15.93	71.35	71.56	kafka-001	15.93
1361.755	71.35	328	2018-08-17T22:28:24.711214069Z	89.1	1082.871	15.93	74.97	72.02	kafka-001	15.93
1368.716	74.97	328	2018-08-17T22:28:31.724409206Z	89.11	1661.622	15.93	70.95	73.35	kafka-001	15.93
1358.257	70.95	329	2018-08-17T22:28:38.735529514Z	89.12	1089.614	15.93	74.29	73.52	kafka-001	15.93
1368.048	74.29	329	2018-08-17T22:28:45.749416149Z	89.13	1674.255	15.93	74.37	73.72	kafka-001	15.93
1359.201	74.37	330	2018-08-17T22:28:52.760872146Z	89.14	1094.738	15.93	73.62	73.24	kafka-001	15.93
1372.445	73.62	330	2018-08-17T22:28:59.775572854Z	89.15	1088.739	15.93	77.36	73.26	kafka-001	15.93
1365.968	77.36	331	2018-08-17T22:29:06.783869866Z	88.93	1668.452	15.93	73.78	74.26	kafka-001	15.93
1366.975	73.78	331	2018-08-17T22:29:13.795080336Z	88.94	1095.806	15.93	72.17	74.06	kafka-001	15.93
1369.464	72.17	332	2018-08-17T22:29:20.805600841Z	88.95	1678.302	15.93	75.94	74.26	kafka-001	15.93
1374.669	75.94	332	2018-08-17T22:29:27.819797771Z	88.96	1099.743	15.93	75.49	74.54	kafka-001	15.93
1361.205	75.49	333	2018-08-17T22:29:34.834250343Z	88.97	1092.389	15.93	70.38	74.73	kafka-001	15.93
1368.788	70.38	333	2018-08-17T22:29:41.845941889Z	88.98	1681.796	15.93	67.1	74.19	kafka-001	15.93
1377.742	67.1	334	2018-08-17T22:29:48.857448465Z	88.98	1103.357	15.93	73.51	72.48	kafka-001	15.93
1380.843	73.51	334	2018-08-17T22:29:55.870001238Z	88.99	1690.624	15.93	77.03	72.43	kafka-001	15.93
1386.703	77.03	335	2018-08-17T22:30:02.882508013Z	89.0	1100.591	15.93	70.12	73.24	kafka-001	15.93
1396.459	70.12	335	2018-08-17T22:30:09.895204679Z	89.02	1109.216	15.93	74.67	72.27	kafka-001	15.93
1410.41	74.67	335	2018-08-17T22:30:16.9071212Z	89.02	1698.842	15.93	75.84	72.13	kafka-001	15.93
1395.341	75.84	336	2018-08-17T22:30:23.919889404Z	89.04	1113.66	15.93	75.73	73.04	kafka-001	15.93
1403.222	75.73	336	2018-08-17T22:30:30.939874409Z	89.04	1704.932	15.93	77.76	74.48	kafka-001	15.93
1402.472	77.76	337	2018-08-17T22:30:37.953207606Z	89.05	1113.171	15.93	76.67	75.19	kafka-001	15.93
1401.468	76.67	337	2018-08-17T22:30:44.964452179Z	89.06	1119.716	15.93	75.26	75.13	kafka-001	15.93
1413.28	75.26	338	2018-08-17T22:30:51.976914486Z	89.07	1723.058	15.93	71.34	75.99	kafka-001	15.93
1400.417	71.34	338	2018-08-17T22:30:58.988116588Z	89.09	1108.54	15.93	78.22	75.43	kafka-001	15.93
1404.102	78.22	339	2018-08-17T22:31:06.000999899Z	89.09	1709.015	15.93	77.83	75.83	kafka-001	15.93
1408.098	77.83	339	2018-08-17T22:31:13.011923741Z	89.1	1120.397	15.93	76.13	76.18	kafka-001	15.93
1421.821	76.13	340	2018-08-17T22:31:20.023835047Z	89.11	1587.705	15.93	78.3	75.91	kafka-001	15.93
1420.487	78.3	340	2018-08-17T22:31:27.035569271Z	89.12	1260.857	15.93	76.69	76.18	kafka-001	15.93
1414.279	76.69	341	2018-08-17T22:31:34.048340471Z	89.13	1129.375	15.93	72.41	76.42	kafka-001	15.93
1420.33	72.41	341	2018-08-17T22:31:41.061864202Z	89.14	1722.817	15.93	72.0	76.6	kafka-001	15.93
1417.364	72.0	341	2018-08-17T22:31:48.074986794Z	89.15	1134.039	15.93	71.91	75.56	kafka-001	15.93
1415.185	71.91	342	2018-08-17T22:31:55.086072547Z	89.16	1724.771	15.93	76.7	74.57	kafka-001	15.93
1421.275	76.7	342	2018-08-17T22:32:02.098845323Z	88.94	1136.04	15.93	77.51	74.67	kafka-001	15.93
1420.427	77.51	343	2018-08-17T22:32:09.109144696Z	88.95	1138.984	15.93	77.1	74.54	kafka-001	15.93
1434.384	77.1	343	2018-08-17T22:32:16.120922334Z	88.97	1747.707	15.93	74.84	74.6	kafka-001	15.93
1432.061	74.84	344	2018-08-17T22:32:23.133118463Z	88.98	1139.532	15.93	79.88	75.01	kafka-001	15.93
1435.418	79.88	344	2018-08-17T22:32:30.145529407Z	88.98	1741.628	15.93	78.78	76.32	kafka-001	15.93
1441.557	78.78	345	2018-08-17T22:32:37.156158318Z	88.99	1141.918	15.93	79.72	77.47	kafka-001	15.93
1424.785	79.72	345	2018-08-17T22:32:44.168164527Z	89.0	1136.546	15.93	73.52	77.97	kafka-001	15.93
1435.517	73.52	346	2018-08-17T22:32:51.179501799Z	89.01	1734.719	15.93	76.0	77.31	kafka-001	15.93
1431.986	76.0	346	2018-08-17T22:32:58.189830611Z	89.03	1143.062	15.93	65.68	77.12	kafka-001	15.93
1437.012	65.68	346	2018-08-17T22:33:05.204987717Z	89.04	1756.893	15.93	73.62	75.6	kafka-001	15.93
1442.173	73.62	347	2018-08-17T22:33:12.216536357Z	89.05	1151.695	15.93	77.46	74.55	kafka-001	15.93
1442.959	77.46	347	2018-08-17T22:33:19.227901057Z	89.05	1151.44	15.93	79.52	74.33	kafka-001	15.93
1450.347	79.52	348	2018-08-17T22:33:26.23830992Z	89.07	1762.988	15.93	56.08	74.3	kafka-001	15.93
1434.059	56.08	348	2018-08-17T22:33:33.249313271Z	89.08	1152.012	15.93	80.96	71.39	kafka-001	15.93
1451.961	80.96	349	2018-08-17T22:33:40.261085846Z	89.09	1767.819	15.93	73.57	72.22	kafka-001	15.93
1451.623	73.57	349	2018-08-17T22:33:47.272738714Z	89.1	1161.018	15.93	76.48	73.53	kafka-001	15.93
1451.377	76.48	350	2018-08-17T22:33:54.285167664Z	89.1	1159.959	15.93	80.58	74.01	kafka-001	15.93
1453.632	80.58	350	2018-08-17T22:34:01.299564023Z	89.11	1780.635	15.93	81.04	74.53	kafka-001	15.93
1464.329	81.04	351	2018-08-17T22:34:08.311409701Z	89.12	1152.497	15.93	79.46	74.78	kafka-001	15.93
1469.132	79.46	351	2018-08-17T22:34:15.32406621Z	89.14	1780.338	15.93	78.8	78.68	kafka-001	15.93
1453.275	78.8	351	2018-08-17T22:34:22.336549539Z	89.15	1165.047	15.93	77.73	78.32	kafka-001	15.93
1460.301	77.73	352	2018-08-17T22:34:29.348846816Z	89.16	1164.662	15.93	77.19	79.01	kafka-001	15.93
1467.104	77.19	352	2018-08-17T22:34:36.359797971Z	89.17	1773.202	15.93	76.79	79.13	kafka-001	15.93
1460.369	76.79	353	2018-08-17T22:34:43.372537669Z	88.95	1170.411	15.93	78.13	78.5	kafka-001	15.93
1463.6	78.13	353	2018-08-17T22:34:50.385820476Z	88.96	1782.795	15.93	77.22	78.02	kafka-001	15.93
1454.208	77.22	354	2018-08-17T22:34:57.398122866Z	88.97	1169.531	15.93	78.83	77.64	kafka-001	15.93
1474.599	78.83	354	2018-08-17T22:35:04.409773184Z	88.98	1177.32	15.93	73.36	77.65	kafka-001	15.93
1477.579	73.36	354	2018-08-17T22:35:11.422009572Z	88.99	1796.252	15.93	81.45	76.92	kafka-001	15.93
1472.127	81.45	355	2018-08-17T22:35:18.434224344Z	89.0	1172.866	15.93	77.75	77.63	kafka-001	15.93
1483.522	77.75	355	2018-08-17T22:35:25.446597412Z	89.01	1792.267	15.93	83.6	77.79	kafka-001	15.93
1466.817	83.6	356	2018-08-17T22:35:32.458438562Z	89.02	1174.634	15.93	79.07	78.7	kafka-001	15.93
1483.193	79.07	356	2018-08-17T22:35:39.470498012Z	89.03	1178.438	15.93	82.88	79.01	kafka-001	15.93
1489.966	82.88	357	2018-08-17T22:35:46.482238327Z	89.04	1813.256	15.93	77.07	79.68	kafka-001	15.93
1476.747	77.07	357	2018-08-17T22:35:53.496039034Z	89.05	1186.401	15.93	80.72	80.3	kafka-001	15.93
1478.168	80.72	358	2018-08-17T22:36:00.506338596Z	89.06	1799.695	15.93	76.41	80.18	kafka-001	15.93
1478.913	76.41	358	2018-08-17T22:36:07.521422528Z	89.07	1183.412	15.93	80.17	79.96	kafka-001	15.93
1485.081	80.17	358	2018-08-17T22:36:14.535706956Z	89.08	1190.776	15.93	80.08	79.39	kafka-001	15.93
1491.498	80.08	359	2018-08-17T22:36:21.563257168Z	89.09	1819.811	15.93	81.91	79.55	kafka-001	15.93
1489.889	81.91	359	2018-08-17T22:36:28.576725142Z	89.1	1186.359	15.93	76.97	79.39	kafka-001	15.93
1495.19	76.97	360	2018-08-17T22:36:35.591212924Z	89.11	1820.846	15.93	80.97	79.38	kafka-001	15.93
1477.419	80.97	360	2018-08-17T22:36:42.600696516Z	89.12	1185.484	15.93	81.5	79.42	kafka-001	15.93
1505.651	81.5	361	2018-08-17T22:36:49.611712588Z	89.13	1201.752	15.93	79.85	80.27	kafka-001	15.93
1502.741	79.85	361	2018-08-17T22:36:56.626729721Z	89.14	1825.668	15.93	72.49	80.21	kafka-001	15.93
1494.564	72.49	361	2018-08-17T22:37:03.640245329Z	89.15	1186.193	15.93	80.09	78.95	kafka-001	15.93
1509.572	80.09	362	2018-08-17T22:37:10.65104729Z	89.17	1829.287	15.93	69.55	78.64	kafka-001	15.93
1505.529	69.55	362	2018-08-17T22:37:17.662797534Z	89.18	1202.25	15.93	79.72	77.41	kafka-001	15.93
1520.052	79.72	363	2018-08-17T22:37:24.673639916Z	89.19	1206.87	15.93	77.1	77.2	kafka-001	15.93
1530.329	77.1	363	2018-08-17T22:37:31.696883498Z	88.97	1845.295	15.93	84.33	76.47	kafka-001	15.93
1521.135	84.33	364	2018-08-17T22:37:38.707543713Z	88.98	1205.614	15.93	80.53	77.21	kafka-001	15.93
1525.338	80.53	364	2018-08-17T22:37:45.72219886Z	88.99	1838.99	15.93	83.64	78.55	kafka-001	15.93
1513.337	83.64	364	2018-08-17T22:37:52.73327915Z	89.0	1208.852	15.93	76.98	79.14	kafka-001	15.93
1523.455	76.98	365	2018-08-17T22:37:59.743790015Z	89.01	1212.094	15.93	78.61	80.38	kafka-001	15.93
1530.096	78.61	365	2018-08-17T22:38:06.761595355Z	89.02	1855.585	15.93	83.84	80.2	kafka-001	15.93
1516.667	83.84	366	2018-08-17T22:38:13.772868704Z	89.03	1212.026	15.93	82.95	81.32	kafka-001	15.93
1537.972	82.95	366	2018-08-17T22:38:20.787721829Z	89.04	1856.58	15.93	84.83	81.09	kafka-001	15.93
1517.629	84.83	367	2018-08-17T22:38:27.799505274Z	89.05	1210.875	15.93	81.21	81.81	kafka-001	15.93
1523.008	81.21	367	2018-08-17T22:38:34.811298673Z	89.06	1210.9	15.93	81.66	81.4	kafka-001	15.93
1531.625	81.66	367	2018-08-17T22:38:41.825397313Z	89.08	1860.817	15.93	82.8	82.18	kafka-001	15.93
1528.855	82.8	368	2018-08-17T22:38:48.836506869Z	89.09	1219.933	15.93	82.55	82.88	kafka-001	15.93
1538.738	82.55	368	2018-08-17T22:38:55.848015861Z	89.1	1858.866	15.93	82.97	82.67	kafka-001	15.93
1540.063	82.97	369	2018-08-17T22:39:02.859485484Z	89.11	1227.746	15.93	82.64	82.67	kafka-001	15.93
1524.961	82.64	369	2018-08-17T22:39:09.873495863Z	89.12	1224.732	15.93	78.98	82.3	kafka-001	15.93
1524.23	78.98	370	2018-08-17T22:39:16.884297401Z	89.13	1867.988	15.93	76.18	81.93	kafka-001	15.93
1538.159	76.18	370	2018-08-17T22:39:23.897012799Z	89.14	1225.474	15.93	83.61	81.02	kafka-001	15.93
1544.548	83.61	370	2018-08-17T22:39:30.908078723Z	89.15	1867.848	15.93	77.82	81.15	kafka-001	15.93
1534.841	77.82	371	2018-08-17T22:39:37.927582278Z	89.16	1225.121	15.93	85.08	80.37	kafka-001	15.93
1540.153	85.08	371	2018-08-17T22:39:44.938910708Z	89.17	1229.427	15.93	81.16	80.72	kafka-001	15.93
1549.68	81.16	372	2018-08-17T22:39:51.950757005Z	89.18	1888.214	15.93	82.08	80.47	kafka-001	15.93
1534.135	82.08	372	2018-08-17T22:39:58.960759902Z	89.19	1243.519	15.93	83.57	80.99	kafka-001	15.93
1556.62	83.57	373	2018-08-17T22:40:05.9696589Z	88.97	1881.706	15.93	52.42	82.22	kafka-001	15.93
1540.481	52.42	373	2018-08-17T22:40:12.978280634Z	88.98	1224.108	15.93	79.55	77.02	kafka-001	15.93
1551.435	79.55	373	2018-08-17T22:40:19.990694888Z	88.99	1234.163	15.93	79.68	77.31	kafka-001	15.93
1547.964	79.68	374	2018-08-17T22:40:27.003140169Z	89.0	1892.317	15.93	81.57	76.41	kafka-001	15.93
1564.067	81.57	374	2018-08-17T22:40:34.014290637Z	89.01	1236.61	15.93	84.59	76.48	kafka-001	15.93
1563.728	84.59	375	2018-08-17T22:40:41.025289202Z	89.03	1903.055	15.93	84.28	76.9	kafka-001	15.93
1550.233	84.28	375	2018-08-17T22:40:48.036578754Z	89.04	1238.037	15.93	83.34	77.01	kafka-001	15.93
1569.654	83.34	376	2018-08-17T22:40:55.049121346Z	89.05	1901.268	15.93	82.35	82.17	kafka-001	15.93
1568.259	82.35	376	2018-08-17T22:41:02.062624466Z	89.06	1251.592	15.93	78.84	82.63	kafka-001	15.93
1568.269	78.84	376	2018-08-17T22:41:09.073648307Z	89.07	1253.674	15.93	81.21	82.49	kafka-001	15.93
1576.414	81.21	377	2018-08-17T22:41:16.085420206Z	89.08	1914.595	15.93	88.34	82.43	kafka-001	15.93
1572.453	88.34	377	2018-08-17T22:41:23.097772269Z	89.09	1252.735	15.93	82.12	83.06	kafka-001	15.93
1571.667	82.12	378	2018-08-17T22:41:30.109116689Z	89.1	1898.64	15.93	81.96	82.7	kafka-001	15.93
1574.251	81.96	378	2018-08-17T22:41:37.123293148Z	89.11	1246.437	15.93	84.03	82.47	kafka-001	15.93
1580.734	84.03	378	2018-08-17T22:41:44.134239983Z	89.13	1249.418	15.93	80.01	82.75	kafka-001	15.93
1571.18	80.01	379	2018-08-17T22:41:51.145426724Z	89.14	1913.698	15.93	80.75	82.94	kafka-001	15.93
1580.099	80.75	379	2018-08-17T22:41:58.157112572Z	89.15	1258.608	15.93	77.44	82.87	kafka-001	15.93
1588.904	77.44	380	2018-08-17T22:42:05.168839098Z	89.16	1925.284	15.93	87.86	81.05	kafka-001	15.93
1587.857	87.86	380	2018-08-17T22:42:12.179672505Z	89.17	1257.535	15.93	79.54	82.01	kafka-001	15.93
1566.171	79.54	381	2018-08-17T22:42:19.189229854Z	89.18	1248.197	15.93	85.34	81.6	kafka-001	15.93
1587.372	85.34	381	2018-08-17T22:42:26.200324563Z	89.19	1931.984	15.93	81.58	81.82	kafka-001	15.93
1594.265	81.58	381	2018-08-17T22:42:33.212424698Z	89.2	1268.776	15.93	84.58	82.08	kafka-001	15.93
1594.308	84.58	382	2018-08-17T22:42:40.224228576Z	88.98	1939.509	15.93	77.11	82.72	kafka-001	15.93
1595.663	77.11	382	2018-08-17T22:42:47.234899418Z	88.99	1273.242	15.93	82.35	82.67	kafka-001	15.93
1602.887	82.35	383	2018-08-17T22:42:54.246183479Z	89.0	1267.232	15.93	84.02	81.75	kafka-001	15.93
1607.922	84.02	383	2018-08-17T22:43:01.257079146Z	89.01	1949.279	15.93	84.14	82.5	kafka-001	15.93
1601.079	84.14	383	2018-08-17T22:43:08.26691697Z	89.03	1270.612	15.93	77.38	82.3	kafka-001	15.93
1610.866	77.38	384	2018-08-17T22:43:15.278929629Z	89.04	1942.216	15.93	84.19	81.6	kafka-001	15.93
1602.261	84.19	384	2018-08-17T22:43:22.291211363Z	89.04	1273.275	15.93	79.17	81.53	kafka-001	15.93
1598.157	79.17	385	2018-08-17T22:43:29.303084944Z	89.06	1260.586	15.93	79.44	81.87	kafka-001	15.93
1615.318	79.44	385	2018-08-17T22:43:36.316224779Z	89.07	1950.698	15.93	73.01	81.39	kafka-001	15.93
1592.203	73.01	385	2018-08-17T22:43:43.327443423Z	89.08	1273.412	15.93	88.95	79.55	kafka-001	15.93
1603.334	88.95	386	2018-08-17T22:43:50.33863828Z	89.09	1960.585	15.93	81.82	80.36	kafka-001	15.93
1615.183	81.82	386	2018-08-17T22:43:57.349733886Z	89.1	1276.904	15.93	84.72	81.1	kafka-001	15.93
1618.755	84.72	387	2018-08-17T22:44:04.362552941Z	89.11	1281.796	15.93	81.03	81.18	kafka-001	15.93
1616.787	81.03	387	2018-08-17T22:44:11.37504534Z	89.13	1962.754	15.93	85.17	81.49	kafka-001	15.93
1605.9	85.17	387	2018-08-17T22:44:18.38723578Z	89.14	1283.23	15.93	86.39	82.45	kafka-001	15.93
1618.61	86.39	388	2018-08-17T22:44:25.39992614Z	89.15	1963.909	15.93	86.1	84.68	kafka-001	15.93
1619.557	86.1	388	2018-08-17T22:44:32.411503367Z	89.16	1278.036	15.93	82.84	84.2	kafka-001	15.93
1623.949	82.84	389	2018-08-17T22:44:39.423460502Z	89.17	1292.613	15.93	83.58	84.37	kafka-001	15.93
1621.902	83.58	389	2018-08-17T22:44:46.434270133Z	89.18	1971.768	15.93	87.54	84.18	kafka-001	15.93
1622.083	87.54	390	2018-08-17T22:44:53.444880323Z	89.19	1288.935	15.93	86.86	85.27	kafka-001	15.93
1625.004	86.86	390	2018-08-17T22:45:00.457280399Z	89.2	1978.11	15.93	84.74	85.55	kafka-001	15.93
1628.569	84.74	390	2018-08-17T22:45:07.472586805Z	88.98	1294.595	15.93	86.14	85.28	kafka-001	15.93
1633.403	86.14	391	2018-08-17T22:45:14.485080781Z	88.99	1292.959	15.93	85.88	85.28	kafka-001	15.93
1636.076	85.88	391	2018-08-17T22:45:21.496699548Z	89.0	1984.174	15.93	88.69	85.79	kafka-001	15.93
1639.493	88.69	392	2018-08-17T22:45:28.508508612Z	89.01	1299.879	15.93	85.22	86.64	kafka-001	15.93
1643.886	85.22	392	2018-08-17T22:45:35.520742636Z	89.03	1983.748	15.93	89.89	86.25	kafka-001	15.93
1637.448	89.89	392	2018-08-17T22:45:42.537811585Z	89.04	1292.457	15.93	84.88	86.76	kafka-001	15.93
1642.536	84.88	393	2018-08-17T22:45:49.552422266Z	89.05	1301.177	15.93	86.69	86.78	kafka-001	15.93
1647.584	86.69	393	2018-08-17T22:45:56.563678739Z	89.06	1998.138	15.93	87.54	86.87	kafka-001	15.93
1647.22	87.54	394	2018-08-17T22:46:03.575778214Z	89.07	1305.931	15.93	89.07	87.15	kafka-001	15.93
1631.885	89.07	394	2018-08-17T22:46:10.588851244Z	89.09	1994.673	15.93	90.07	87.21	kafka-001	15.93
1641.579	90.07	394	2018-08-17T22:46:17.605653347Z	89.09	1307.235	15.93	88.55	88.02	kafka-001	15.93
1643.863	88.55	395	2018-08-17T22:46:24.617655604Z	89.11	1308.12	15.93	84.02	87.8	kafka-001	15.93
1655.955	84.02	395	2018-08-17T22:46:31.631027969Z	89.12	2009.783	15.93	90.78	87.66	kafka-001	15.93
1652.822	90.78	396	2018-08-17T22:46:38.641957169Z	89.13	1307.673	15.93	89.95	88.34	kafka-001	15.93
1654.178	89.95	396	2018-08-17T22:46:45.652947842Z	89.14	2005.527	15.93	91.59	88.74	kafka-001	15.93
1640.349	91.59	397	2018-08-17T22:46:52.665442894Z	89.16	1311.647	15.93	81.87	89.16	kafka-001	15.93
1650.311	81.87	397	2018-08-17T22:46:59.676331354Z	89.17	1309.634	15.93	85.05	87.79	kafka-001	15.93
1647.684	85.05	397	2018-08-17T22:47:06.688237026Z	89.18	2006.814	15.93	85.6	87.21	kafka-001	15.93
1653.931	85.6	397	2018-08-17T22:47:13.698824175Z	89.19	1320.432	15.93	90.19	87.47	kafka-001	15.93
1640.224	90.19	397	2018-08-17T22:47:20.709480411Z	89.2	1996.939	15.93	89.75	87.37	kafka-001	15.93
1660.541	89.75	397	2018-08-17T22:47:27.72125723Z	89.21	1313.896	15.93	91.06	87.34	kafka-001	15.93
1656.311	91.06	397	2018-08-17T22:47:34.745740719Z	89.23	1315.92	15.93	82.85	87.25	kafka-001	15.93
1659.188	82.85	397	2018-08-17T22:47:41.757597927Z	89.0	2013.287	15.93	82.3	87.42	kafka-001	15.93
1660.531	82.3	397	2018-08-17T22:47:48.771595213Z	89.01	1320.589	15.93	84.3	86.96	kafka-001	15.93
1653.58	84.3	397	2018-08-17T22:47:55.784984885Z	89.02	2017.652	15.93	92.42	86.74	kafka-001	15.93
1650.157	92.42	397	2018-08-17T22:48:02.796598591Z	89.03	1311.617	15.93	83.29	87.11	kafka-001	15.93
1662.957	83.29	397	2018-08-17T22:48:09.808011789Z	89.05	1308.003	15.93	88.06	86.04	kafka-001	15.93
1664.8	88.06	397	2018-08-17T22:48:16.820460042Z	89.06	2010.581	15.93	89.4	85.54	kafka-001	15.93
1660.015	89.4	397	2018-08-17T22:48:23.831063139Z	89.07	1311.656	15.93	89.34	86.63	kafka-001	15.93
