memory_rss%	host_moving_avg_cpu	container_cpu%	net_send	net_receive	memory_active_anon%	sensor_count	timestamp	host_cpu	name	memory%
38.12	nan	2.47	471612.583	2054562.508	38.12	2	2018-08-17T10:36:20.60029095Z	0	cassandra-001	76.52
38.12	nan	1.16	0.922	5.746	38.12	7	2018-08-17T10:36:27.617897524Z	2.47	cassandra-001	76.52
38.12	nan	1.12	1.686	10.183	38.12	11	2018-08-17T10:36:34.627138938Z	1.16	cassandra-001	76.52
38.12	nan	1.1	4.662	32.102	38.12	15	2018-08-17T10:36:41.635379166Z	1.12	cassandra-001	76.52
38.12	nan	1.2	2.817	21.903	38.12	19	2018-08-17T10:36:48.64687366Z	1.1	cassandra-001	76.52
38.12	1.18	5.64	7.098	52.76	38.12	22	2018-08-17T10:36:55.654506554Z	1.2	cassandra-001	76.52
38.12	2.11	1.2	3.132	29.385	38.12	25	2018-08-17T10:37:02.663734155Z	5.64	cassandra-001	76.52
38.12	1.9	1.32	3.408	32.214	38.12	29	2018-08-17T10:37:09.6722175Z	1.2	cassandra-001	76.52
38.12	1.93	1.08	9.189	74.691	38.12	31	2018-08-17T10:37:16.682513297Z	1.32	cassandra-001	76.52
38.12	1.92	1.29	5.214	41.745	38.12	34	2018-08-17T10:37:23.692096686Z	1.08	cassandra-001	76.52
38.12	1.95	5.49	10.32	90.452	38.12	37	2018-08-17T10:37:30.701515792Z	1.29	cassandra-001	76.52
38.12	2.67	1.27	6.426	49.734	38.12	39	2018-08-17T10:37:37.709278991Z	5.49	cassandra-001	76.52
38.12	1.94	1.09	3.706	48.827	38.12	42	2018-08-17T10:37:44.716202633Z	1.27	cassandra-001	76.52
38.12	1.92	1.16	9.733	106.325	38.12	44	2018-08-17T10:37:51.722265449Z	1.09	cassandra-001	76.52
38.12	1.9	1.08	7.004	56.899	38.12	46	2018-08-17T10:37:58.731217585Z	1.16	cassandra-001	76.52
38.12	1.9	10.21	14.112	123.057	38.12	49	2018-08-17T10:38:05.741128702Z	1.08	cassandra-001	76.52
38.12	3.38	1.17	7.306	58.296	38.12	51	2018-08-17T10:38:12.749660469Z	10.21	cassandra-001	76.52
38.12	2.66	1.19	6.473	65.02	38.12	53	2018-08-17T10:38:19.757468474Z	1.17	cassandra-001	76.52
38.12	2.65	1.2	15.678	136.938	38.12	55	2018-08-17T10:38:26.764637375Z	1.19	cassandra-001	76.52
38.12	2.67	1.13	7.726	70.91	38.12	57	2018-08-17T10:38:33.771133355Z	1.2	cassandra-001	76.52
38.12	2.66	8.83	15.582	146.313	38.12	59	2018-08-17T10:38:40.782874785Z	1.13	cassandra-001	76.52
38.12	3.95	1.16	8.423	76.443	38.12	61	2018-08-17T10:38:47.79089816Z	8.83	cassandra-001	76.52
38.12	2.45	1.15	7.882	76.589	38.12	63	2018-08-17T10:38:54.800145304Z	1.16	cassandra-001	76.52
38.12	2.44	0.9	18.706	161.14	38.12	65	2018-08-17T10:39:01.808659781Z	1.15	cassandra-001	76.53
38.12	2.39	1.11	8.052	76.64	38.12	67	2018-08-17T10:39:08.815281849Z	0.9	cassandra-001	76.53
38.12	2.38	11.52	17.963	170.567	38.12	68	2018-08-17T10:39:15.826315058Z	1.11	cassandra-001	76.53
38.12	4.11	0.97	6.968	86.043	38.12	70	2018-08-17T10:39:22.835919604Z	11.52	cassandra-001	76.53
38.12	2.8	1.11	6.4	86.274	38.12	72	2018-08-17T10:39:29.843329809Z	0.97	cassandra-001	76.53
38.12	2.79	1.09	17.432	181.153	38.12	73	2018-08-17T10:39:36.849689003Z	1.11	cassandra-001	76.53
38.12	2.78	1.21	11.652	94.86	38.12	75	2018-08-17T10:39:43.858811652Z	1.09	cassandra-001	76.53
38.12	2.83	9.92	18.867	189.217	38.12	77	2018-08-17T10:39:50.864912403Z	1.21	cassandra-001	76.53
38.12	4.3	1.23	9.024	94.252	38.12	78	2018-08-17T10:39:57.872820726Z	9.92	cassandra-001	76.53
38.12	2.59	1.2	9.644	98.263	38.12	80	2018-08-17T10:40:04.879862956Z	1.23	cassandra-001	76.53
38.12	2.63	1.05	20.686	197.225	38.12	81	2018-08-17T10:40:11.887407737Z	1.2	cassandra-001	76.53
38.12	2.62	1.06	10.909	104.078	38.12	83	2018-08-17T10:40:18.895670677Z	1.05	cassandra-001	76.53
38.12	2.61	9.58	22.346	211.311	38.12	84	2018-08-17T10:40:25.904471253Z	1.06	cassandra-001	76.54
38.12	4.01	1.15	9.562	106.646	38.12	86	2018-08-17T10:40:32.911112503Z	9.58	cassandra-001	76.54
38.12	2.54	1.22	11.7	109.653	38.12	87	2018-08-17T10:40:39.918638037Z	1.15	cassandra-001	76.53
38.12	2.54	1.22	23.649	220.647	38.12	89	2018-08-17T10:40:46.926926911Z	1.22	cassandra-001	76.54
38.12	2.55	1.05	13.296	111.619	38.12	90	2018-08-17T10:40:53.933790774Z	1.22	cassandra-001	76.54
38.12	2.55	10.81	21.746	223.456	38.12	92	2018-08-17T10:41:00.94136664Z	1.05	cassandra-001	76.54
38.12	4.17	1.1	11.658	113.863	38.12	93	2018-08-17T10:41:07.948489594Z	10.81	cassandra-001	76.54
38.12	2.76	1.09	10.628	117.206	38.12	95	2018-08-17T10:41:14.955214973Z	1.1	cassandra-001	76.54
38.12	2.75	1.01	26.851	239.269	38.12	96	2018-08-17T10:41:21.963258317Z	1.09	cassandra-001	76.54
38.12	2.71	1.17	14.93	123.937	38.12	97	2018-08-17T10:41:28.971305303Z	1.01	cassandra-001	76.54
38.12	2.71	10.87	28.486	247.025	38.12	98	2018-08-17T10:41:35.978684305Z	1.17	cassandra-001	76.54
38.12	4.34	1.1	11.84	124.958	38.12	100	2018-08-17T10:41:42.985752195Z	10.87	cassandra-001	76.54
38.12	2.72	1.0	16.459	129.194	38.12	101	2018-08-17T10:41:49.994704986Z	1.1	cassandra-001	76.54
38.12	2.71	1.14	29.394	253.765	38.12	102	2018-08-17T10:41:57.001017614Z	1.0	cassandra-001	76.54
38.12	2.72	1.05	14.756	130.268	38.12	103	2018-08-17T10:42:04.007250993Z	1.14	cassandra-001	76.54
38.12	2.72	11.53	30.118	260.284	38.12	105	2018-08-17T10:42:11.014151731Z	1.05	cassandra-001	76.55
38.12	4.45	1.13	15.203	133.575	38.12	106	2018-08-17T10:42:18.023189998Z	11.53	cassandra-001	76.54
38.12	2.82	1.17	15.322	134.031	38.12	107	2018-08-17T10:42:25.033251822Z	1.13	cassandra-001	76.55
38.12	2.84	1.16	29.138	271.981	38.12	108	2018-08-17T10:42:32.041143938Z	1.17	cassandra-001	76.55
38.12	2.86	1.18	15.506	138.28	38.12	110	2018-08-17T10:42:39.047932999Z	1.16	cassandra-001	76.54
38.12	2.87	10.74	34.231	281.66	38.12	111	2018-08-17T10:42:46.054764307Z	1.18	cassandra-001	76.55
38.12	4.48	1.12	14.858	140.98	38.12	112	2018-08-17T10:42:53.061495186Z	10.74	cassandra-001	76.55
38.12	2.75	1.6	13.35	152.64	38.12	113	2018-08-17T10:43:00.068511056Z	1.12	cassandra-001	76.55
38.12	2.83	1.25	24.134	268.097	38.12	114	2018-08-17T10:43:07.075522756Z	1.6	cassandra-001	76.55
38.12	2.84	1.18	12.494	142.045	38.12	115	2018-08-17T10:43:14.084804897Z	1.25	cassandra-001	76.55
38.12	2.84	7.66	22.927	286.253	38.12	116	2018-08-17T10:43:21.090908639Z	1.18	cassandra-001	76.56
38.12	3.92	1.29	11.186	145.064	38.12	118	2018-08-17T10:43:28.097018074Z	7.66	cassandra-001	76.16
38.12	2.35	7.02	19.537	247.799	38.12	119	2018-08-17T10:43:35.103036237Z	1.29	cassandra-001	76.16
38.12	3.33	1.12	16.435	195.847	38.12	120	2018-08-17T10:43:42.111584074Z	7.02	cassandra-001	76.16
38.12	3.25	1.15	14.814	152.385	38.12	121	2018-08-17T10:43:49.119890162Z	1.12	cassandra-001	76.16
38.12	3.24	1.77	25.774	301.162	38.12	122	2018-08-17T10:43:56.126135429Z	1.15	cassandra-001	76.16
38.12	3.33	1.03	14.286	151.538	38.12	123	2018-08-17T10:44:03.132921449Z	1.77	cassandra-001	76.16
38.12	2.23	12.54	26.076	310.312	38.12	124	2018-08-17T10:44:10.1404506Z	1.03	cassandra-001	76.16
38.12	4.1	0.95	15.987	156.807	38.12	126	2018-08-17T10:44:17.146271836Z	12.54	cassandra-001	76.17
38.12	3.09	1.06	17.954	154.439	38.12	127	2018-08-17T10:44:24.152875506Z	0.95	cassandra-001	76.16
38.12	3.08	1.06	34.878	318.465	38.12	128	2018-08-17T10:44:31.159104563Z	1.06	cassandra-001	76.16
38.12	3.07	1.13	16.448	163.408	38.12	129	2018-08-17T10:44:38.166197446Z	1.06	cassandra-001	76.16
38.12	2.96	16.13	28.896	322.335	38.12	130	2018-08-17T10:44:45.172320877Z	1.13	cassandra-001	76.16
38.12	5.48	1.14	19.351	161.722	38.12	131	2018-08-17T10:44:52.18062458Z	16.13	cassandra-001	76.16
38.12	3.58	1.12	19.074	166.122	38.12	132	2018-08-17T10:44:59.188764815Z	1.14	cassandra-001	76.16
38.12	3.61	1.16	39.414	336.076	38.12	133	2018-08-17T10:45:06.198621487Z	1.12	cassandra-001	76.17
38.12	3.62	1.07	17.344	169.633	38.12	134	2018-08-17T10:45:13.205484456Z	1.16	cassandra-001	76.17
38.12	3.62	13.84	31.373	333.323	38.12	135	2018-08-17T10:45:20.21406585Z	1.07	cassandra-001	76.17
38.12	5.74	1.12	17.95	170.057	38.12	136	2018-08-17T10:45:27.22392437Z	13.84	cassandra-001	76.17
38.12	3.24	1.22	12.934	168.778	38.12	137	2018-08-17T10:45:34.234317245Z	1.12	cassandra-001	76.17
38.12	3.25	1.06	34.064	344.318	38.12	139	2018-08-17T10:45:41.242226635Z	1.22	cassandra-001	76.17
38.12	3.24	1.22	18.067	177.524	38.12	140	2018-08-17T10:45:48.252582563Z	1.06	cassandra-001	76.17
38.12	3.25	18.03	31.792	352.093	38.12	141	2018-08-17T10:45:55.25954971Z	1.22	cassandra-001	76.18
38.12	6.08	1.41	14.12	171.279	38.12	142	2018-08-17T10:46:02.267816614Z	18.03	cassandra-001	76.17
38.12	4.01	1.19	17.908	177.954	38.12	143	2018-08-17T10:46:09.2738127Z	1.41	cassandra-001	76.17
38.12	4.02	1.98	34.231	353.657	38.12	144	2018-08-17T10:46:16.281306964Z	1.19	cassandra-001	76.18
38.12	4.15	1.13	18.488	180.941	38.12	145	2018-08-17T10:46:23.288571648Z	1.98	cassandra-001	76.18
38.12	4.16	14.06	33.768	364.215	38.12	146	2018-08-17T10:46:30.295807026Z	1.13	cassandra-001	76.18
38.12	6.3	1.13	18.474	182.822	38.12	147	2018-08-17T10:46:37.30528386Z	14.06	cassandra-001	76.18
38.12	3.48	1.13	18.962	181.489	38.12	148	2018-08-17T10:46:44.31290191Z	1.13	cassandra-001	76.18
38.12	3.44	1.17	32.511	355.71	38.12	149	2018-08-17T10:46:51.320354268Z	1.13	cassandra-001	76.18
38.12	3.43	1.18	19.146	186.69	38.12	150	2018-08-17T10:46:58.326719464Z	1.17	cassandra-001	76.18
38.12	3.3	17.39	40.43	376.876	38.12	151	2018-08-17T10:47:05.339568843Z	1.18	cassandra-001	76.18
38.12	6.01	1.05	15.832	189.878	38.12	152	2018-08-17T10:47:12.347009475Z	17.39	cassandra-001	76.19
38.12	3.84	1.3	21.309	190.74	38.12	153	2018-08-17T10:47:19.354319228Z	1.05	cassandra-001	76.19
38.12	3.87	1.19	40.19	383.345	38.12	153	2018-08-17T10:47:26.364611115Z	1.3	cassandra-001	76.19
38.12	3.88	1.18	19.078	191.969	38.12	154	2018-08-17T10:47:33.372002579Z	1.19	cassandra-001	76.19
38.12	3.88	31.9	41.878	387.636	38.12	155	2018-08-17T10:47:40.379078432Z	1.18	cassandra-001	76.19
38.12	9.0	1.03	22.073	195.499	38.12	156	2018-08-17T10:47:47.38634083Z	31.9	cassandra-001	76.19
38.12	6.27	1.06	20.846	192.501	38.12	157	2018-08-17T10:47:54.398056699Z	1.03	cassandra-001	76.19
38.12	6.28	1.08	36.688	392.543	38.12	158	2018-08-17T10:48:01.407357058Z	1.06	cassandra-001	76.19
38.12	6.24	1.16	15.552	198.513	38.12	159	2018-08-17T10:48:08.414393432Z	1.08	cassandra-001	76.19
38.12	6.23	19.44	38.904	398.604	38.12	160	2018-08-17T10:48:15.420838428Z	1.16	cassandra-001	76.19
38.12	9.28	1.17	23.497	201.398	38.12	161	2018-08-17T10:48:22.430783114Z	19.44	cassandra-001	76.2
38.12	4.16	1.15	21.372	202.278	38.12	162	2018-08-17T10:48:29.439546122Z	1.17	cassandra-001	76.19
38.12	4.18	1.06	45.872	406.662	38.12	163	2018-08-17T10:48:36.446922552Z	1.15	cassandra-001	76.2
38.12	4.18	1.1	20.632	207.385	38.12	164	2018-08-17T10:48:43.458823114Z	1.06	cassandra-001	76.2
38.12	4.18	15.51	43.045	414.708	38.12	164	2018-08-17T10:48:50.468904295Z	1.1	cassandra-001	76.2
38.12	6.57	1.05	18.11	203.987	38.12	165	2018-08-17T10:48:57.475789837Z	15.51	cassandra-001	76.2
38.12	3.51	0.99	20.618	206.458	38.12	166	2018-08-17T10:49:04.48291775Z	1.05	cassandra-001	76.2
38.12	3.48	0.98	44.35	417.922	38.12	167	2018-08-17T10:49:11.490198648Z	0.99	cassandra-001	76.2
38.12	3.45	1.26	23.481	213.446	38.12	168	2018-08-17T10:49:18.500713645Z	0.98	cassandra-001	76.2
38.12	3.48	15.67	35.452	419.516	38.12	169	2018-08-17T10:49:25.512609656Z	1.26	cassandra-001	76.2
38.12	5.91	1.07	16.432	208.303	38.12	170	2018-08-17T10:49:32.519803704Z	15.67	cassandra-001	76.21
38.12	3.5	1.17	18.9	212.516	38.12	171	2018-08-17T10:49:39.529943121Z	1.07	cassandra-001	76.21
38.12	3.52	2.62	37.139	428.342	38.12	171	2018-08-17T10:49:46.540517106Z	1.17	cassandra-001	76.21
38.12	3.8	1.09	23.48	213.284	38.12	172	2018-08-17T10:49:53.547759824Z	2.62	cassandra-001	76.21
38.12	3.81	18.0	41.098	430.15	38.12	173	2018-08-17T10:50:00.561854473Z	1.09	cassandra-001	76.21
38.12	6.6	4.69	18.45	217.463	38.12	174	2018-08-17T10:50:07.570048172Z	18.0	cassandra-001	76.22
38.12	4.77	1.17	16.166	216.622	38.12	175	2018-08-17T10:50:14.582763599Z	4.69	cassandra-001	76.22
38.12	4.79	1.13	39.089	439.334	38.12	176	2018-08-17T10:50:21.590320321Z	1.17	cassandra-001	76.22
38.12	4.78	1.03	19.32	220.845	38.12	177	2018-08-17T10:50:28.596647553Z	1.13	cassandra-001	76.21
38.12	4.52	17.58	36.356	440.828	38.12	177	2018-08-17T10:50:35.603405777Z	1.03	cassandra-001	76.22
38.12	7.27	1.19	21.392	223.204	38.12	178	2018-08-17T10:50:42.611337138Z	17.58	cassandra-001	76.22
38.12	4.46	1.16	20.533	224.81	38.12	179	2018-08-17T10:50:49.619418314Z	1.19	cassandra-001	76.22
38.12	3.88	1.12	40.578	447.066	38.12	180	2018-08-17T10:50:56.626342248Z	1.16	cassandra-001	76.22
38.12	3.87	1.05	18.302	220.228	38.12	181	2018-08-17T10:51:03.632838367Z	1.12	cassandra-001	76.23
38.12	3.85	18.99	32.736	443.416	38.12	182	2018-08-17T10:51:10.641141165Z	1.05	cassandra-001	76.23
38.12	6.85	1.12	27.699	225.97	38.12	182	2018-08-17T10:51:17.647229926Z	18.99	cassandra-001	76.23
38.12	4.1	1.18	26.01	228.624	38.12	183	2018-08-17T10:51:24.656989801Z	1.12	cassandra-001	76.23
38.12	4.1	1.04	49.828	454.442	38.12	184	2018-08-17T10:51:31.66336257Z	1.18	cassandra-001	76.23
38.12	4.08	1.02	24.676	229.356	38.12	185	2018-08-17T10:51:38.669466026Z	1.04	cassandra-001	76.23
38.12	4.07	22.72	51.754	471.747	38.12	186	2018-08-17T10:51:45.675710071Z	1.02	cassandra-001	76.23
38.12	7.68	1.1	19.949	232.702	38.12	186	2018-08-17T10:51:52.682155105Z	22.72	cassandra-001	76.23
38.12	4.7	1.05	17.468	230.051	38.12	187	2018-08-17T10:51:59.689233182Z	1.1	cassandra-001	76.23
38.12	4.68	1.15	43.106	469.898	38.12	188	2018-08-17T10:52:06.699380627Z	1.05	cassandra-001	76.23
38.12	4.68	1.07	24.318	238.015	38.12	189	2018-08-17T10:52:13.706009955Z	1.15	cassandra-001	76.24
38.12	4.68	18.73	47.645	479.687	38.12	190	2018-08-17T10:52:20.715436799Z	1.07	cassandra-001	76.24
38.12	7.64	1.04	25.69	242.555	38.12	190	2018-08-17T10:52:27.721773087Z	18.73	cassandra-001	76.24
38.12	4.02	1.08	23.974	240.701	38.12	191	2018-08-17T10:52:34.729451932Z	1.04	cassandra-001	76.24
38.12	4.02	1.12	46.086	475.283	38.12	192	2018-08-17T10:52:41.735415091Z	1.08	cassandra-001	76.24
38.12	4.03	1.16	27.497	244.365	38.12	193	2018-08-17T10:52:48.744445656Z	1.12	cassandra-001	76.24
38.12	4.03	19.25	48.381	486.415	38.12	193	2018-08-17T10:52:55.752548794Z	1.16	cassandra-001	76.24
38.12	7.06	1.02	24.778	245.323	38.12	194	2018-08-17T10:53:02.759612286Z	19.25	cassandra-001	76.25
38.12	4.11	0.98	25.398	247.8	38.12	195	2018-08-17T10:53:09.766020233Z	1.02	cassandra-001	76.24
38.12	4.1	1.85	55.309	495.252	38.12	196	2018-08-17T10:53:16.773137005Z	0.98	cassandra-001	76.25
38.12	4.23	1.12	19.114	243.939	38.12	196	2018-08-17T10:53:23.77935265Z	1.85	cassandra-001	76.25
38.12	4.23	19.03	42.742	491.413	38.12	197	2018-08-17T10:53:30.786977365Z	1.12	cassandra-001	76.25
38.12	7.21	1.2	22.506	246.858	38.12	198	2018-08-17T10:53:37.79451523Z	19.03	cassandra-001	76.25
38.12	4.2	1.23	18.968	244.102	38.12	199	2018-08-17T10:53:44.801536486Z	1.2	cassandra-001	76.25
38.12	4.24	1.07	40.575	497.538	38.12	200	2018-08-17T10:53:51.809685287Z	1.23	cassandra-001	76.26
38.12	4.25	1.17	27.178	254.297	38.12	200	2018-08-17T10:53:58.816400929Z	1.07	cassandra-001	76.26
38.12	4.14	19.02	51.9	509.414	38.12	201	2018-08-17T10:54:05.822381105Z	1.17	cassandra-001	76.26
38.12	7.12	1.09	25.712	254.139	38.12	202	2018-08-17T10:54:12.828491167Z	19.02	cassandra-001	76.26
38.12	4.13	1.08	25.315	252.975	38.12	203	2018-08-17T10:54:19.835719707Z	1.09	cassandra-001	76.26
38.12	4.11	1.07	53.284	512.889	38.12	203	2018-08-17T10:54:26.84762582Z	1.08	cassandra-001	76.26
38.12	4.08	1.02	29.46	255.143	38.12	204	2018-08-17T10:54:33.856004493Z	1.07	cassandra-001	76.26
38.12	4.08	21.92	58.576	513.869	38.12	205	2018-08-17T10:54:40.86465816Z	1.02	cassandra-001	76.26
38.12	7.53	1.06	25.459	256.144	38.12	205	2018-08-17T10:54:47.871900017Z	21.92	cassandra-001	76.26
38.12	4.54	1.1	27.532	256.735	38.12	206	2018-08-17T10:54:54.879592269Z	1.06	cassandra-001	76.27
38.12	4.54	1.08	51.552	521.031	38.12	207	2018-08-17T10:55:01.890553972Z	1.1	cassandra-001	76.27
38.12	4.54	1.06	24.614	262.005	38.12	208	2018-08-17T10:55:08.896863297Z	1.08	cassandra-001	76.27
38.12	4.54	21.22	43.38	520.738	38.12	208	2018-08-17T10:55:15.904052011Z	1.06	cassandra-001	76.27
38.12	7.91	1.14	25.801	264.275	38.12	209	2018-08-17T10:55:22.912861373Z	21.22	cassandra-001	76.28
38.12	4.44	1.11	21.828	259.691	38.12	210	2018-08-17T10:55:29.919264476Z	1.14	cassandra-001	76.27
38.12	4.45	0.95	43.484	523.37	38.12	211	2018-08-17T10:55:36.92775358Z	1.11	cassandra-001	76.28
38.12	4.43	1.05	20.006	260.306	38.12	211	2018-08-17T10:55:43.938314414Z	0.95	cassandra-001	76.28
38.12	4.42	23.55	52.695	532.276	38.12	212	2018-08-17T10:55:50.947187873Z	1.05	cassandra-001	76.28
38.12	8.17	1.14	21.708	259.572	38.12	213	2018-08-17T10:55:57.953690939Z	23.55	cassandra-001	76.28
38.11	4.82	1.06	24.308	269.838	38.11	213	2018-08-17T10:56:04.961060811Z	1.14	cassandra-001	76.28
38.11	4.81	1.13	51.678	540.082	38.11	214	2018-08-17T10:56:11.96721534Z	1.06	cassandra-001	76.28
38.11	4.81	1.14	24.505	264.362	38.11	215	2018-08-17T10:56:18.973553407Z	1.13	cassandra-001	76.28
38.11	4.84	21.42	49.842	539.112	38.11	216	2018-08-17T10:56:25.984540521Z	1.14	cassandra-001	76.28
38.11	8.24	1.09	25.64	271.75	38.11	216	2018-08-17T10:56:32.991734631Z	21.42	cassandra-001	76.28
38.11	4.5	1.2	22.076	269.303	38.11	217	2018-08-17T10:56:39.997646978Z	1.09	cassandra-001	76.28
38.11	4.51	1.98	53.351	548.575	38.11	218	2018-08-17T10:56:47.003962584Z	1.2	cassandra-001	76.29
38.11	4.66	1.17	22.92	272.001	38.11	218	2018-08-17T10:56:54.011031896Z	1.98	cassandra-001	76.29
38.11	4.67	20.15	64.016	550.893	38.11	219	2018-08-17T10:57:01.022370294Z	1.17	cassandra-001	76.29
38.11	7.84	1.2	32.384	276.67	38.11	220	2018-08-17T10:57:08.032522691Z	20.15	cassandra-001	76.29
38.11	4.47	2.22	27.988	275.327	38.11	221	2018-08-17T10:57:15.041948624Z	1.2	cassandra-001	76.29
38.11	4.65	1.25	51.157	552.171	38.11	221	2018-08-17T10:57:22.049844047Z	2.22	cassandra-001	76.3
38.11	4.66	1.17	26.76	273.798	38.11	222	2018-08-17T10:57:29.057207081Z	1.25	cassandra-001	76.29
38.12	4.53	21.67	54.166	554.798	38.12	223	2018-08-17T10:57:36.065510826Z	1.17	cassandra-001	75.97
38.12	7.94	1.28	19.882	270.606	38.12	223	2018-08-17T10:57:43.075477746Z	21.67	cassandra-001	75.98
38.12	4.8	3.79	41.465	325.71	38.12	224	2018-08-17T10:57:50.085904857Z	1.28	cassandra-001	75.97
38.12	5.23	1.38	52.526	525.015	38.12	225	2018-08-17T10:57:57.09595863Z	3.79	cassandra-001	75.98
38.12	5.09	1.32	25.874	281.832	38.12	225	2018-08-17T10:58:04.104534852Z	1.38	cassandra-001	75.98
38.12	5.1	14.38	61.08	569.569	38.12	226	2018-08-17T10:58:11.110628942Z	1.32	cassandra-001	75.98
38.12	7.3	1.26	28.909	287.244	38.12	227	2018-08-17T10:58:18.116487469Z	14.38	cassandra-001	75.98
38.12	3.9	12.76	59.265	515.311	38.12	227	2018-08-17T10:58:25.122280303Z	1.26	cassandra-001	75.98
38.12	5.82	1.34	41.679	349.96	38.12	228	2018-08-17T10:58:32.131718434Z	12.76	cassandra-001	75.98
38.12	5.41	1.24	33.806	293.628	38.12	229	2018-08-17T10:58:39.138783409Z	1.34	cassandra-001	75.98
38.12	5.38	2.57	56.484	581.217	38.12	229	2018-08-17T10:58:46.147287752Z	1.24	cassandra-001	75.98
38.12	5.59	1.02	29.449	288.937	38.12	230	2018-08-17T10:58:53.155922656Z	2.57	cassandra-001	75.99
38.12	3.37	18.51	54.599	575.505	38.12	231	2018-08-17T10:59:00.163805266Z	1.02	cassandra-001	75.99
38.12	6.24	1.52	31.623	304.52	38.12	231	2018-08-17T10:59:07.170322535Z	18.51	cassandra-001	75.99
38.12	4.37	1.18	31.046	293.702	38.12	232	2018-08-17T10:59:14.183810718Z	1.52	cassandra-001	75.99
38.12	4.34	1.22	57.827	589.867	38.12	233	2018-08-17T10:59:21.192126945Z	1.18	cassandra-001	75.99
38.12	4.34	1.21	27.798	291.728	38.12	233	2018-08-17T10:59:28.20118407Z	1.22	cassandra-001	75.99
38.12	4.11	20.65	58.064	585.066	38.12	234	2018-08-17T10:59:35.208729601Z	1.21	cassandra-001	76.0
38.12	7.38	1.23	28.484	297.964	38.12	235	2018-08-17T10:59:42.215661173Z	20.65	cassandra-001	76.0
38.12	4.5	1.15	31.519	294.017	38.12	235	2018-08-17T10:59:49.221757569Z	1.23	cassandra-001	76.0
38.12	4.44	1.24	56.505	594.399	38.12	236	2018-08-17T10:59:56.230955223Z	1.15	cassandra-001	76.0
38.12	4.45	1.1	27.942	295.686	38.12	237	2018-08-17T11:00:03.240767004Z	1.24	cassandra-001	76.0
38.12	4.43	23.4	61.586	596.084	38.12	237	2018-08-17T11:00:10.249030627Z	1.1	cassandra-001	76.01
38.12	8.13	1.24	24.971	295.508	38.12	238	2018-08-17T11:00:17.256240112Z	23.4	cassandra-001	76.01
38.12	4.89	1.15	30.964	301.732	38.12	239	2018-08-17T11:00:24.266136761Z	1.24	cassandra-001	76.01
38.12	4.88	1.17	57.466	600.489	38.12	239	2018-08-17T11:00:31.273315415Z	1.15	cassandra-001	76.01
38.12	4.88	1.33	28.416	301.85	38.12	240	2018-08-17T11:00:38.282530574Z	1.17	cassandra-001	76.01
38.12	4.9	24.27	49.03	599.935	38.12	240	2018-08-17T11:00:45.290547115Z	1.33	cassandra-001	76.01
38.12	8.76	1.15	26.501	298.189	38.12	241	2018-08-17T11:00:52.301722706Z	24.27	cassandra-001	76.02
38.12	5.05	1.48	25.036	303.239	38.12	242	2018-08-17T11:00:59.311268599Z	1.15	cassandra-001	76.02
38.11	5.09	1.29	67.258	611.574	38.11	242	2018-08-17T11:01:06.32052411Z	1.48	cassandra-001	76.01
38.11	5.12	1.18	37.536	310.843	38.11	243	2018-08-17T11:01:13.329467473Z	1.29	cassandra-001	76.02
38.11	5.12	28.9	54.069	601.018	38.11	244	2018-08-17T11:01:20.3374397Z	1.18	cassandra-001	76.02
38.11	9.71	1.3	26.236	304.726	38.11	244	2018-08-17T11:01:27.346681296Z	28.9	cassandra-001	76.02
38.11	5.88	1.15	26.896	299.384	38.11	245	2018-08-17T11:01:34.354589315Z	1.3	cassandra-001	76.02
38.11	5.88	1.25	68.826	612.265	38.11	246	2018-08-17T11:01:41.365263114Z	1.15	cassandra-001	76.02
38.11	5.85	1.34	30.921	309.59	38.11	246	2018-08-17T11:01:48.372469884Z	1.25	cassandra-001	76.02
38.11	5.85	23.48	69.406	620.513	38.11	247	2018-08-17T11:01:55.37991658Z	1.34	cassandra-001	76.03
38.11	9.57	1.18	32.122	310.821	38.11	247	2018-08-17T11:02:02.389306168Z	23.48	cassandra-001	76.03
38.11	4.95	1.15	34.102	314.712	38.11	248	2018-08-17T11:02:09.396485126Z	1.18	cassandra-001	76.03
38.11	4.93	2.08	63.675	624.793	38.11	249	2018-08-17T11:02:16.403229953Z	1.15	cassandra-001	76.03
38.11	5.08	1.09	31.646	315.375	38.11	249	2018-08-17T11:02:23.409478428Z	2.08	cassandra-001	76.03
38.11	5.05	22.81	57.22	620.817	38.11	250	2018-08-17T11:02:30.417328811Z	1.09	cassandra-001	76.03
38.11	8.63	1.18	32.332	317.359	38.11	250	2018-08-17T11:02:37.425264823Z	22.81	cassandra-001	76.03
38.11	4.92	1.34	31.672	313.965	38.11	251	2018-08-17T11:02:44.443317812Z	1.18	cassandra-001	76.04
38.11	4.94	1.08	66.273	635.51	38.11	252	2018-08-17T11:02:51.450799973Z	1.34	cassandra-001	76.04
38.11	4.93	1.35	31.262	314.734	38.11	252	2018-08-17T11:02:58.459659509Z	1.08	cassandra-001	76.04
38.11	4.81	36.77	62.59	642.54	38.11	253	2018-08-17T11:03:05.469708195Z	1.35	cassandra-001	76.05
38.11	10.76	1.33	27.988	315.897	38.11	253	2018-08-17T11:03:12.478145107Z	36.77	cassandra-001	76.04
38.11	7.18	1.21	31.657	318.441	38.11	254	2018-08-17T11:03:19.485009601Z	1.33	cassandra-001	76.04
38.11	7.18	1.22	62.562	639.531	38.11	255	2018-08-17T11:03:26.495332482Z	1.21	cassandra-001	76.05
38.11	7.16	1.25	34.772	317.034	38.11	255	2018-08-17T11:03:33.507300343Z	1.22	cassandra-001	76.05
38.11	7.19	22.54	64.462	647.124	38.11	256	2018-08-17T11:03:40.514314762Z	1.25	cassandra-001	76.05
38.11	10.72	1.27	26.059	321.108	38.11	257	2018-08-17T11:03:47.521254143Z	22.54	cassandra-001	76.05
38.11	4.8	1.37	32.554	321.758	38.11	257	2018-08-17T11:03:54.530641955Z	1.27	cassandra-001	76.06
38.11	4.81	1.25	69.318	654.208	38.11	258	2018-08-17T11:04:01.539122914Z	1.37	cassandra-001	76.06
38.11	4.82	1.17	35.444	324.499	38.11	258	2018-08-17T11:04:08.549456206Z	1.25	cassandra-001	76.06
38.11	4.81	26.98	68.776	657.967	38.11	259	2018-08-17T11:04:15.556642463Z	1.17	cassandra-001	76.06
38.11	9.1	1.29	32.077	329.165	38.11	259	2018-08-17T11:04:22.564808079Z	26.98	cassandra-001	76.06
38.11	5.56	1.13	34.414	327.903	38.11	260	2018-08-17T11:04:29.571009834Z	1.29	cassandra-001	76.06
38.11	5.53	1.18	69.408	658.766	38.11	261	2018-08-17T11:04:36.578999259Z	1.13	cassandra-001	76.07
38.11	5.5	1.06	34.73	324.204	38.11	261	2018-08-17T11:04:43.58636744Z	1.18	cassandra-001	76.07
38.11	5.47	27.3	64.417	654.773	38.11	262	2018-08-17T11:04:50.592275974Z	1.06	cassandra-001	76.07
38.11	9.82	1.07	27.298	327.315	38.11	262	2018-08-17T11:04:57.602057593Z	27.3	cassandra-001	76.07
38.11	5.51	1.15	30.004	327.957	38.11	263	2018-08-17T11:05:04.608818685Z	1.07	cassandra-001	76.07
38.11	5.48	1.14	52.206	652.278	38.11	264	2018-08-17T11:05:11.615927257Z	1.15	cassandra-001	76.08
38.11	5.48	1.24	30.531	332.894	38.11	264	2018-08-17T11:05:18.624071892Z	1.14	cassandra-001	76.08
38.11	5.49	21.6	67.9	670.419	38.11	265	2018-08-17T11:05:25.63394604Z	1.24	cassandra-001	76.08
38.11	8.92	1.3	30.623	332.272	38.11	265	2018-08-17T11:05:32.643302021Z	21.6	cassandra-001	76.08
38.11	4.58	1.26	33.25	336.656	38.11	266	2018-08-17T11:05:39.650201195Z	1.3	cassandra-001	76.08
38.11	4.62	2.62	64.017	666.3	38.11	266	2018-08-17T11:05:46.659239141Z	1.26	cassandra-001	76.09
38.11	4.86	1.19	32.22	335.978	38.11	267	2018-08-17T11:05:53.668031981Z	2.62	cassandra-001	76.09
38.11	4.87	24.83	66.406	669.711	38.11	268	2018-08-17T11:06:00.675076898Z	1.19	cassandra-001	76.09
38.11	8.8	1.67	34.252	339.826	38.11	268	2018-08-17T11:06:07.68365807Z	24.83	cassandra-001	76.09
38.11	5.48	1.25	34.12	340.368	38.11	269	2018-08-17T11:06:14.691837246Z	1.67	cassandra-001	76.09
38.11	5.47	1.22	62.695	679.646	38.11	269	2018-08-17T11:06:21.699407978Z	1.25	cassandra-001	76.1
38.11	5.46	1.13	29.79	339.408	38.11	270	2018-08-17T11:06:28.709389535Z	1.22	cassandra-001	76.09
38.11	5.22	27.0	55.078	674.445	38.11	271	2018-08-17T11:06:35.71589302Z	1.13	cassandra-001	76.1
38.11	9.52	1.34	31.954	342.219	38.11	271	2018-08-17T11:06:42.723793008Z	27.0	cassandra-001	76.1
38.11	5.6	1.22	30.541	340.836	38.11	272	2018-08-17T11:06:49.7307125Z	1.34	cassandra-001	76.1
38.11	5.53	1.18	64.132	683.815	38.11	272	2018-08-17T11:06:56.740041546Z	1.22	cassandra-001	76.1
38.11	5.52	1.24	30.132	339.539	38.11	273	2018-08-17T11:07:03.748837719Z	1.18	cassandra-001	76.11
38.11	5.52	26.42	70.414	679.378	38.11	273	2018-08-17T11:07:10.759154255Z	1.24	cassandra-001	76.11
38.11	9.73	1.32	32.507	343.231	38.11	274	2018-08-17T11:07:17.766547028Z	26.42	cassandra-001	76.11
38.11	5.45	1.24	29.656	342.646	38.11	275	2018-08-17T11:07:24.776365256Z	1.32	cassandra-001	76.11
38.11	5.44	1.23	73.594	697.089	38.11	275	2018-08-17T11:07:31.783150429Z	1.24	cassandra-001	76.11
38.11	5.44	1.25	37.404	344.068	38.11	276	2018-08-17T11:07:38.79200788Z	1.23	cassandra-001	76.11
38.11	5.45	28.02	63.482	688.701	38.11	276	2018-08-17T11:07:45.799667026Z	1.25	cassandra-001	76.11
38.11	9.91	1.26	27.239	343.879	38.11	277	2018-08-17T11:07:52.807751508Z	28.02	cassandra-001	76.12
38.11	5.72	1.25	29.008	344.921	38.11	277	2018-08-17T11:07:59.816160177Z	1.26	cassandra-001	76.12
38.11	5.71	1.17	63.89	693.968	38.11	278	2018-08-17T11:08:06.825331759Z	1.25	cassandra-001	76.12
38.11	5.7	1.27	35.568	353.054	38.11	278	2018-08-17T11:08:13.833581457Z	1.17	cassandra-001	76.12
38.11	5.7	22.91	83.279	710.994	38.11	279	2018-08-17T11:08:20.843682682Z	1.27	cassandra-001	76.12
38.11	9.31	1.18	37.574	355.35	38.11	280	2018-08-17T11:08:27.85100683Z	22.91	cassandra-001	76.12
38.11	4.84	1.14	26.222	348.261	38.11	280	2018-08-17T11:08:34.858051962Z	1.18	cassandra-001	76.13
38.11	4.82	1.14	56.456	701.474	38.11	281	2018-08-17T11:08:41.867905008Z	1.14	cassandra-001	76.13
38.11	4.8	1.31	31.831	351.092	38.11	281	2018-08-17T11:08:48.877985425Z	1.14	cassandra-001	76.13
38.11	4.83	40.41	73.14	711.014	38.11	282	2018-08-17T11:08:55.888082493Z	1.31	cassandra-001	76.14
38.11	11.35	1.25	37.784	352.387	38.11	282	2018-08-17T11:09:02.898280569Z	40.41	cassandra-001	76.14
38.11	7.74	1.16	36.794	358.317	38.11	283	2018-08-17T11:09:09.905753612Z	1.25	cassandra-001	76.14
38.11	7.74	1.99	64.347	711.471	38.11	283	2018-08-17T11:09:16.913436861Z	1.16	cassandra-001	76.14
38.11	7.88	1.06	33.19	358.337	38.11	284	2018-08-17T11:09:23.920944253Z	1.99	cassandra-001	76.14
38.11	7.86	27.08	56.136	700.067	38.11	284	2018-08-17T11:09:30.929173421Z	1.06	cassandra-001	76.15
38.11	12.16	1.15	30.774	356.374	38.11	285	2018-08-17T11:09:37.937659288Z	27.08	cassandra-001	76.14
38.11	5.62	1.18	29.876	355.768	38.11	286	2018-08-17T11:09:44.944682542Z	1.15	cassandra-001	76.15
38.11	5.6	1.18	61.797	705.088	38.11	286	2018-08-17T11:09:51.955824357Z	1.18	cassandra-001	76.15
38.11	5.61	1.05	36.766	359.879	38.11	287	2018-08-17T11:09:58.963388704Z	1.18	cassandra-001	76.15
38.11	5.45	23.3	61.612	717.14	38.11	287	2018-08-17T11:10:05.969905683Z	1.05	cassandra-001	76.16
38.11	9.16	1.17	29.664	359.581	38.11	288	2018-08-17T11:10:12.976650873Z	23.3	cassandra-001	76.16
38.11	4.84	1.12	34.257	362.778	38.11	288	2018-08-17T11:10:19.983629247Z	1.17	cassandra-001	76.16
38.11	4.83	1.2	72.778	728.362	38.11	289	2018-08-17T11:10:26.990889858Z	1.12	cassandra-001	76.16
38.11	4.84	1.08	41.398	361.706	38.11	289	2018-08-17T11:10:34.000274037Z	1.2	cassandra-001	76.16
38.11	4.82	40.99	74.084	732.679	38.11	290	2018-08-17T11:10:41.011631679Z	1.08	cassandra-001	76.17
38.11	11.48	1.16	34.797	366.08	38.11	290	2018-08-17T11:10:48.01928151Z	40.99	cassandra-001	76.17
38.11	7.79	1.16	36.738	365.447	38.11	291	2018-08-17T11:10:55.025140847Z	1.16	cassandra-001	76.17
38.11	7.79	1.15	78.016	721.871	38.11	291	2018-08-17T11:11:02.032329995Z	1.16	cassandra-001	76.17
38.11	7.79	1.26	36.896	367.306	38.11	292	2018-08-17T11:11:09.045263698Z	1.15	cassandra-001	76.17
38.11	7.8	28.1	81.698	739.015	38.11	293	2018-08-17T11:11:16.057925679Z	1.26	cassandra-001	76.18
38.11	12.3	1.48	33.463	365.88	38.11	293	2018-08-17T11:11:23.069124655Z	28.1	cassandra-001	76.18
38.11	5.72	1.11	37.278	372.397	38.11	294	2018-08-17T11:11:30.077544723Z	1.48	cassandra-001	76.17
38.11	5.71	1.33	72.866	741.487	38.11	294	2018-08-17T11:11:37.085403233Z	1.11	cassandra-001	76.18
38.11	5.74	1.12	37.964	372.699	38.11	295	2018-08-17T11:11:44.093195649Z	1.33	cassandra-001	76.18
38.11	5.73	24.42	74.079	742.658	38.11	295	2018-08-17T11:11:51.101680657Z	1.12	cassandra-001	76.18
38.11	9.59	1.25	35.02	369.505	38.11	296	2018-08-17T11:11:58.116936941Z	24.42	cassandra-001	76.18
38.11	5.12	9.93	51.537	493.241	38.11	296	2018-08-17T11:12:05.123464359Z	1.25	cassandra-001	76.19
38.11	6.53	1.13	65.653	628.486	38.11	297	2018-08-17T11:12:12.129953356Z	9.93	cassandra-001	76.19
38.11	6.53	1.14	34.121	369.637	38.11	297	2018-08-17T11:12:19.136779357Z	1.13	cassandra-001	76.19
38.11	6.5	17.88	65.722	746.36	38.11	298	2018-08-17T11:12:26.142916918Z	1.14	cassandra-001	76.2
38.11	9.29	1.16	39.982	369.644	38.11	298	2018-08-17T11:12:33.149441468Z	17.88	cassandra-001	76.2
38.11	5.42	1.27	40.906	376.183	38.11	299	2018-08-17T11:12:40.156626692Z	1.16	cassandra-001	76.2
38.11	5.42	2.15	74.617	749.862	38.11	299	2018-08-17T11:12:47.16296283Z	1.27	cassandra-001	76.2
38.11	4.12	1.21	35.85	375.521	38.11	300	2018-08-17T11:12:54.169375627Z	2.15	cassandra-001	76.21
38.11	4.14	6.96	80.834	761.445	38.11	300	2018-08-17T11:13:01.175097399Z	1.21	cassandra-001	76.21
38.11	5.11	1.11	42.344	381.177	38.11	301	2018-08-17T11:13:08.181095894Z	6.96	cassandra-001	76.2
38.11	2.31	25.35	68.344	729.562	38.11	301	2018-08-17T11:13:15.188546559Z	1.11	cassandra-001	76.21
38.11	6.34	1.23	33.527	407.058	38.11	302	2018-08-17T11:13:22.195972711Z	25.35	cassandra-001	76.21
38.11	6.34	1.09	32.1	378.649	38.11	302	2018-08-17T11:13:29.201996112Z	1.23	cassandra-001	76.21
38.11	6.16	1.92	73.704	752.468	38.11	303	2018-08-17T11:13:36.208541397Z	1.09	cassandra-001	76.22
38.11	6.28	1.21	40.508	382.442	38.11	303	2018-08-17T11:13:43.214769832Z	1.92	cassandra-001	76.22
38.11	5.32	26.84	69.901	716.346	38.11	304	2018-08-17T11:13:50.222134617Z	1.21	cassandra-001	76.22
38.11	9.61	1.18	39.57	411.776	38.11	304	2018-08-17T11:13:57.228609481Z	26.84	cassandra-001	76.22
38.11	5.58	1.02	35.65	376.897	38.11	305	2018-08-17T11:14:04.237693737Z	1.18	cassandra-001	76.22
38.11	5.54	1.28	72.342	769.443	38.11	305	2018-08-17T11:14:11.243860388Z	1.02	cassandra-001	76.23
38.11	5.58	1.11	40.005	381.752	38.11	306	2018-08-17T11:14:18.251012039Z	1.28	cassandra-001	76.23
38.11	5.44	28.92	82.69	772.192	38.11	306	2018-08-17T11:14:25.25757879Z	1.11	cassandra-001	76.24
38.11	10.06	1.15	43.952	386.042	38.11	307	2018-08-17T11:14:32.264436004Z	28.92	cassandra-001	76.23
38.11	5.78	1.14	36.982	387.17	38.11	307	2018-08-17T11:14:39.272834948Z	1.15	cassandra-001	76.23
38.11	5.77	1.18	76.036	775.538	38.11	308	2018-08-17T11:14:46.286444251Z	1.14	cassandra-001	76.24
38.11	5.8	1.2	36.981	386.438	38.11	308	2018-08-17T11:14:53.293657604Z	1.18	cassandra-001	76.24
38.11	5.78	29.11	74.834	778.236	38.11	309	2018-08-17T11:15:00.301237861Z	1.2	cassandra-001	76.24
38.11	10.45	4.79	37.364	389.549	38.11	310	2018-08-17T11:15:07.313001586Z	29.11	cassandra-001	76.25
38.11	6.43	1.07	36.308	387.01	38.11	310	2018-08-17T11:15:14.319666064Z	4.79	cassandra-001	76.25
38.11	6.42	1.2	82.673	779.316	38.11	311	2018-08-17T11:15:21.326275919Z	1.07	cassandra-001	76.25
38.11	6.43	1.11	44.32	388.795	38.11	311	2018-08-17T11:15:28.334183929Z	1.2	cassandra-001	76.25
38.11	6.41	26.44	82.488	783.361	38.11	312	2018-08-17T11:15:35.340980869Z	1.11	cassandra-001	76.26
38.11	10.62	1.21	38.472	392.969	38.11	312	2018-08-17T11:15:42.348594172Z	26.44	cassandra-001	76.26
38.11	5.97	1.39	43.817	398.003	38.11	312	2018-08-17T11:15:49.358117291Z	1.21	cassandra-001	76.26
38.11	5.4	1.09	83.464	792.368	38.11	313	2018-08-17T11:15:56.364856646Z	1.39	cassandra-001	76.26
38.11	5.41	1.16	38.524	396.295	38.11	313	2018-08-17T11:16:03.371937556Z	1.09	cassandra-001	76.26
38.11	5.4	28.47	89.878	789.846	38.11	314	2018-08-17T11:16:10.378196535Z	1.16	cassandra-001	76.27
38.11	9.96	2.15	38.589	396.593	38.11	314	2018-08-17T11:16:17.387868683Z	28.47	cassandra-001	76.27
38.11	5.91	1.23	37.692	394.095	38.11	315	2018-08-17T11:16:24.39731673Z	2.15	cassandra-001	76.27
38.11	5.92	1.03	76.756	797.106	38.11	315	2018-08-17T11:16:31.406130758Z	1.23	cassandra-001	76.27
38.11	5.86	1.26	38.84	399.948	38.11	316	2018-08-17T11:16:38.412605544Z	1.03	cassandra-001	76.27
38.11	5.88	29.71	75.62	796.117	38.11	316	2018-08-17T11:16:45.420969762Z	1.26	cassandra-001	76.28
38.11	10.64	1.1	33.295	390.768	38.11	317	2018-08-17T11:16:52.428884671Z	29.71	cassandra-001	76.28
38.11	6.08	1.06	43.776	397.343	38.11	317	2018-08-17T11:16:59.438078175Z	1.1	cassandra-001	76.28
38.11	5.9	1.15	65.838	792.471	38.11	318	2018-08-17T11:17:06.444636156Z	1.06	cassandra-001	76.28
38.11	5.89	1.14	31.526	394.051	38.11	318	2018-08-17T11:17:13.452023594Z	1.15	cassandra-001	76.28
38.11	5.9	27.36	89.108	810.859	38.11	319	2018-08-17T11:17:20.459215605Z	1.14	cassandra-001	76.29
38.11	10.25	1.23	42.178	405.168	38.11	319	2018-08-17T11:17:27.465594867Z	27.36	cassandra-001	76.29
38.12	5.51	1.08	39.88	406.431	38.12	320	2018-08-17T11:17:34.472952006Z	1.23	cassandra-001	76.36
38.12	5.5	1.1	87.154	811.201	38.12	320	2018-08-17T11:17:41.480001489Z	1.08	cassandra-001	76.37
38.12	5.51	1.25	36.501	403.542	38.12	321	2018-08-17T11:17:48.488664682Z	1.1	cassandra-001	76.36
38.12	5.53	45.75	91.258	804.405	38.12	321	2018-08-17T11:17:55.4961589Z	1.25	cassandra-001	76.37
38.12	12.96	1.1	46.388	405.964	38.12	322	2018-08-17T11:18:02.502501388Z	45.75	cassandra-001	76.37
38.12	8.59	1.09	42.586	407.163	38.12	322	2018-08-17T11:18:09.510885384Z	1.1	cassandra-001	76.37
38.12	8.56	1.16	82.928	811.509	38.12	323	2018-08-17T11:18:16.524750088Z	1.09	cassandra-001	76.38
38.12	8.58	1.16	43.113	411.315	38.12	323	2018-08-17T11:18:23.53175901Z	1.16	cassandra-001	76.38
38.12	8.59	26.41	80.142	813.426	38.12	324	2018-08-17T11:18:30.538330986Z	1.16	cassandra-001	76.38
38.11	12.78	1.08	45.938	408.111	38.11	324	2018-08-17T11:18:37.545990568Z	26.41	cassandra-001	76.38
38.11	5.33	1.15	41.78	404.228	38.11	325	2018-08-17T11:18:44.551986138Z	1.08	cassandra-001	76.38
38.11	5.34	0.91	90.621	811.342	38.11	325	2018-08-17T11:18:51.559894912Z	1.15	cassandra-001	76.39
38.11	5.31	1.1	45.568	409.057	38.11	326	2018-08-17T11:18:58.567194903Z	0.91	cassandra-001	76.38
38.11	5.3	31.73	90.568	823.143	38.11	326	2018-08-17T11:19:05.57577704Z	1.1	cassandra-001	76.39
38.11	10.4	1.13	45.858	410.094	38.11	327	2018-08-17T11:19:12.58316162Z	31.73	cassandra-001	76.39
38.11	6.18	1.08	41.079	412.111	38.11	327	2018-08-17T11:19:19.595253524Z	1.13	cassandra-001	76.39
38.11	6.18	1.21	87.148	826.613	38.11	327	2018-08-17T11:19:26.603842922Z	1.08	cassandra-001	76.4
38.11	6.19	1.14	41.792	415.411	38.11	328	2018-08-17T11:19:33.612802362Z	1.21	cassandra-001	76.4
38.11	6.23	27.16	67.862	821.688	38.11	328	2018-08-17T11:19:40.624643653Z	1.14	cassandra-001	76.4
38.11	10.58	2.46	31.825	407.863	38.11	329	2018-08-17T11:19:47.633718687Z	27.16	cassandra-001	76.4
38.11	5.7	1.14	32.34	408.913	38.11	329	2018-08-17T11:19:54.640827895Z	2.46	cassandra-001	76.41
38.11	5.7	1.17	87.318	836.027	38.11	330	2018-08-17T11:20:01.64723158Z	1.14	cassandra-001	76.41
38.11	5.71	1.03	41.408	416.408	38.11	330	2018-08-17T11:20:08.653767256Z	1.17	cassandra-001	76.41
38.11	5.68	34.58	88.492	829.194	38.11	331	2018-08-17T11:20:15.660484157Z	1.03	cassandra-001	76.42
38.11	11.26	1.34	45.763	419.322	38.11	331	2018-08-17T11:20:22.672348581Z	34.58	cassandra-001	76.42
38.11	6.95	1.18	42.754	420.505	38.11	332	2018-08-17T11:20:29.682308375Z	1.34	cassandra-001	76.42
38.11	6.74	1.26	83.752	838.322	38.11	332	2018-08-17T11:20:36.690330418Z	1.18	cassandra-001	76.42
38.11	6.76	1.28	44.034	423.14	38.11	333	2018-08-17T11:20:43.699751174Z	1.26	cassandra-001	76.42
38.11	6.78	29.3	79.685	837.076	38.11	333	2018-08-17T11:20:50.706471053Z	1.28	cassandra-001	76.43
38.11	11.49	1.27	39.308	419.877	38.11	334	2018-08-17T11:20:57.71370199Z	29.3	cassandra-001	76.42
38.11	5.94	1.25	37.13	417.282	38.11	334	2018-08-17T11:21:04.722380548Z	1.27	cassandra-001	76.43
38.11	5.92	1.15	68.636	835.052	38.11	335	2018-08-17T11:21:11.732584361Z	1.25	cassandra-001	76.43
38.11	5.92	1.18	32.509	414.659	38.11	335	2018-08-17T11:21:18.742765731Z	1.15	cassandra-001	76.43
38.11	5.91	29.5	70.734	839.492	38.11	335	2018-08-17T11:21:25.749393514Z	1.18	cassandra-001	76.44
38.11	10.61	1.26	34.344	420.618	38.11	336	2018-08-17T11:21:32.756737076Z	29.5	cassandra-001	76.44
38.11	5.94	1.06	38.198	425.449	38.11	336	2018-08-17T11:21:39.76386925Z	1.26	cassandra-001	76.44
38.11	5.9	1.16	76.066	844.814	38.11	337	2018-08-17T11:21:46.773196408Z	1.06	cassandra-001	76.44
38.11	5.89	1.0	39.781	419.715	38.11	337	2018-08-17T11:21:53.78018118Z	1.16	cassandra-001	76.45
38.11	5.86	33.06	82.322	831.911	38.11	338	2018-08-17T11:22:00.789356053Z	1.0	cassandra-001	76.45
38.11	11.17	1.59	46.5	430.837	38.11	338	2018-08-17T11:22:07.797045848Z	33.06	cassandra-001	76.45
38.11	6.52	1.21	48.414	428.671	38.11	339	2018-08-17T11:22:14.80408748Z	1.59	cassandra-001	76.45
38.11	6.51	1.16	80.921	853.396	38.11	339	2018-08-17T11:22:21.811024163Z	1.21	cassandra-001	76.45
38.11	6.53	1.27	39.398	426.779	38.11	340	2018-08-17T11:22:28.823011443Z	1.16	cassandra-001	76.45
38.11	6.55	29.19	82.65	860.932	38.11	340	2018-08-17T11:22:35.830986476Z	1.27	cassandra-001	76.46
38.11	11.25	1.15	39.424	425.856	38.11	341	2018-08-17T11:22:42.839834364Z	29.19	cassandra-001	76.46
38.11	5.93	1.11	44.941	429.135	38.11	341	2018-08-17T11:22:49.847859395Z	1.15	cassandra-001	76.46
38.11	5.85	1.14	75.072	847.814	38.11	342	2018-08-17T11:22:56.854680107Z	1.11	cassandra-001	76.47
38.11	5.84	1.14	35.358	420.741	38.11	342	2018-08-17T11:23:03.861679438Z	1.14	cassandra-001	76.47
38.11	5.83	26.03	89.908	869.525	38.11	342	2018-08-17T11:23:10.871576937Z	1.14	cassandra-001	76.47
38.11	9.96	2.2	40.967	429.447	38.11	343	2018-08-17T11:23:17.878054321Z	26.03	cassandra-001	76.47
38.11	5.46	1.06	37.39	431.516	38.11	343	2018-08-17T11:23:24.886863836Z	2.2	cassandra-001	76.47
38.11	5.45	1.0	85.142	852.337	38.11	344	2018-08-17T11:23:31.894433264Z	1.06	cassandra-001	76.48
38.11	5.43	1.1	34.05	429.006	38.11	344	2018-08-17T11:23:38.902820345Z	1.0	cassandra-001	76.48
38.11	5.42	32.0	81.366	867.314	38.11	345	2018-08-17T11:23:45.91164855Z	1.1	cassandra-001	76.48
38.11	10.57	1.17	41.639	435.548	38.11	345	2018-08-17T11:23:52.921247154Z	32.0	cassandra-001	76.48
38.11	6.42	1.11	40.94	438.583	38.11	346	2018-08-17T11:23:59.93017551Z	1.17	cassandra-001	76.48
38.11	6.24	1.22	73.986	865.272	38.11	346	2018-08-17T11:24:06.940009633Z	1.11	cassandra-001	76.49
38.11	6.27	1.26	39.976	426.208	38.11	347	2018-08-17T11:24:13.951625348Z	1.22	cassandra-001	76.49
38.11	6.31	121.44	66.355	856.296	38.11	347	2018-08-17T11:24:20.960538716Z	1.26	cassandra-001	76.49
38.1	26.37	1.22	34.722	433.649	38.1	347	2018-08-17T11:24:27.967339115Z	121.44	cassandra-001	76.48
38.1	21.24	1.21	35.712	433.15	38.1	348	2018-08-17T11:24:34.979395238Z	1.22	cassandra-001	76.48
38.1	21.24	1.21	81.284	873.401	38.1	348	2018-08-17T11:24:41.990956745Z	1.21	cassandra-001	76.49
38.1	21.26	1.16	44.357	441.255	38.1	349	2018-08-17T11:24:49.001177405Z	1.21	cassandra-001	76.49
38.1	21.25	34.33	90.708	874.509	38.1	349	2018-08-17T11:24:56.008059372Z	1.16	cassandra-001	76.49
38.1	26.76	1.06	44.674	435.315	38.1	350	2018-08-17T11:25:03.015345864Z	34.33	cassandra-001	76.49
38.1	6.7	1.16	45.268	443.049	38.1	350	2018-08-17T11:25:10.024716364Z	1.06	cassandra-001	76.49
38.1	6.69	1.19	72.966	875.766	38.1	350	2018-08-17T11:25:17.032572558Z	1.16	cassandra-001	76.5
38.1	6.69	1.1	42.957	442.393	38.1	351	2018-08-17T11:25:24.043759513Z	1.19	cassandra-001	76.5
38.1	6.67	31.27	80.344	881.447	38.1	351	2018-08-17T11:25:31.052904831Z	1.1	cassandra-001	76.51
38.1	11.69	1.26	40.172	436.017	38.1	352	2018-08-17T11:25:38.060109972Z	31.27	cassandra-001	76.5
38.09	6.17	1.15	43.406	446.248	38.09	352	2018-08-17T11:25:45.067575172Z	1.26	cassandra-001	76.5
38.09	6.19	1.15	90.943	891.203	38.09	352	2018-08-17T11:25:52.079255947Z	1.15	cassandra-001	76.5
38.09	6.19	1.12	44.66	447.143	38.09	352	2018-08-17T11:25:59.089007784Z	1.15	cassandra-001	76.5
38.09	6.18	30.57	80.014	880.34	38.09	352	2018-08-17T11:26:06.097250712Z	1.12	cassandra-001	76.51
38.09	11.09	1.44	40.436	440.385	38.09	352	2018-08-17T11:26:13.104705986Z	30.57	cassandra-001	76.51
38.09	6.12	1.92	38.966	458.507	38.09	352	2018-08-17T11:26:20.113251144Z	1.44	cassandra-001	76.51
38.09	6.23	0.91	89.905	870.44	38.09	352	2018-08-17T11:26:27.119960315Z	1.92	cassandra-001	76.51
38.09	6.19	1.15	43.67	443.194	38.09	352	2018-08-17T11:26:34.128410747Z	0.91	cassandra-001	76.52
38.09	6.19	25.53	88.264	884.408	38.09	352	2018-08-17T11:26:41.137603706Z	1.15	cassandra-001	76.52
38.09	10.25	2.06	39.353	436.552	38.09	352	2018-08-17T11:26:48.144169092Z	25.53	cassandra-001	76.52
38.09	5.5	14.27	55.36	628.181	38.09	352	2018-08-17T11:26:55.150632753Z	2.06	cassandra-001	76.53
