memory_rss%	host_moving_avg_cpu	container_cpu%	net_send	net_receive	memory_active_anon%	sensor_count	timestamp	host_cpu	name	memory%
38.11	nan	1.11	500525.206	2344151.393	38.11	2	2018-08-17T12:09:36.95305815Z	0	cassandra-001	76.26
38.11	nan	1.16	0.368	3.479	38.11	7	2018-08-17T12:09:43.960869488Z	1.11	cassandra-001	76.26
38.11	nan	4.13	3.569	21.701	38.11	11	2018-08-17T12:09:50.970469216Z	1.16	cassandra-001	76.26
38.11	nan	1.17	2.212	17.132	38.11	15	2018-08-17T12:09:57.978096332Z	4.13	cassandra-001	76.26
38.11	nan	1.18	2.95	21.107	38.11	19	2018-08-17T12:10:04.991102946Z	1.17	cassandra-001	76.26
38.11	1.46	1.25	4.96	49.607	38.11	22	2018-08-17T12:10:12.000436372Z	1.18	cassandra-001	76.27
38.12	1.67	1.16	2.34	28.962	38.09	26	2018-08-17T12:10:19.006992789Z	1.25	cassandra-001	76.28
38.12	1.68	5.59	7.409	67.501	38.12	29	2018-08-17T12:10:26.014587835Z	1.16	cassandra-001	76.27
38.12	2.41	1.14	4.568	38.623	38.12	32	2018-08-17T12:10:33.024606875Z	5.59	cassandra-001	76.27
38.12	1.92	1.01	4.488	35.846	38.12	35	2018-08-17T12:10:40.034368515Z	1.14	cassandra-001	76.28
38.12	1.89	1.34	9.396	89.235	38.12	37	2018-08-17T12:10:47.04608154Z	1.01	cassandra-001	76.27
38.12	1.92	1.24	6.003	49.149	38.12	40	2018-08-17T12:10:54.055721045Z	1.34	cassandra-001	76.27
38.12	1.91	4.22	12.494	103.864	38.12	42	2018-08-17T12:11:01.065692393Z	1.24	cassandra-001	76.28
38.12	2.42	1.84	5.012	52.174	38.12	44	2018-08-17T12:11:08.074927129Z	4.22	cassandra-001	76.28
38.12	1.8	7.05	11.632	107.884	38.12	46	2018-08-17T12:11:15.083441119Z	1.84	cassandra-001	76.28
38.12	2.78	1.16	6.567	59.164	38.12	48	2018-08-17T12:11:22.090497497Z	7.05	cassandra-001	76.28
38.12	2.81	1.12	6.316	61.955	38.12	50	2018-08-17T12:11:29.097282091Z	1.16	cassandra-001	76.28
38.12	2.77	1.95	12.67	128.25	38.12	53	2018-08-17T12:11:36.104900685Z	1.12	cassandra-001	76.28
38.12	2.89	1.15	6.09	66.934	38.12	55	2018-08-17T12:11:43.112474687Z	1.95	cassandra-001	76.28
38.12	2.38	10.4	13.537	134.398	38.12	57	2018-08-17T12:11:50.119643516Z	1.15	cassandra-001	76.28
38.12	3.8	1.11	5.996	72.685	38.12	58	2018-08-17T12:11:57.125463544Z	10.4	cassandra-001	76.28
38.12	2.82	1.17	6.18	70.154	38.12	60	2018-08-17T12:12:04.131383208Z	1.11	cassandra-001	76.28
38.12	2.82	0.94	14.418	150.101	38.12	62	2018-08-17T12:12:11.147340344Z	1.17	cassandra-001	76.28
38.12	2.79	1.06	5.624	77.268	38.12	64	2018-08-17T12:12:18.154592149Z	0.94	cassandra-001	76.28
38.12	2.64	8.21	16.117	163.405	38.12	66	2018-08-17T12:12:25.16465186Z	1.06	cassandra-001	76.28
38.12	3.82	1.13	9.926	84.832	38.12	67	2018-08-17T12:12:32.173294029Z	8.21	cassandra-001	76.28
38.12	2.27	1.02	7.972	85.319	38.12	69	2018-08-17T12:12:39.180666312Z	1.13	cassandra-001	76.28
38.12	2.26	1.09	17.064	171.074	38.12	71	2018-08-17T12:12:46.187569781Z	1.02	cassandra-001	76.28
38.12	2.24	1.17	8.511	88.529	38.12	72	2018-08-17T12:12:53.194441363Z	1.09	cassandra-001	76.28
38.12	2.28	8.74	16.916	184.291	38.12	74	2018-08-17T12:13:00.204642362Z	1.17	cassandra-001	76.28
38.12	3.56	1.04	7.256	92.995	38.12	76	2018-08-17T12:13:07.21202934Z	8.74	cassandra-001	76.28
38.12	2.37	1.14	7.942	95.144	38.12	77	2018-08-17T12:13:14.219443641Z	1.04	cassandra-001	76.28
38.12	2.37	1.03	15.869	184.097	38.12	79	2018-08-17T12:13:21.227534219Z	1.14	cassandra-001	76.28
38.12	2.37	1.21	10.528	100.664	38.12	80	2018-08-17T12:13:28.234840095Z	1.03	cassandra-001	76.28
38.12	2.39	10.5	19.946	205.396	38.12	82	2018-08-17T12:13:35.243465299Z	1.21	cassandra-001	76.28
38.12	3.94	100.78	11.332	103.82	38.12	83	2018-08-17T12:13:42.250576219Z	10.5	cassandra-001	76.41
38.12	19.28	2.09	13.773	106.731	38.12	85	2018-08-17T12:13:49.258241834Z	100.78	cassandra-001	76.36
38.12	19.46	1.09	24.114	216.336	38.12	86	2018-08-17T12:13:56.267621879Z	2.09	cassandra-001	76.36
38.12	19.45	1.11	12.056	109.86	38.12	88	2018-08-17T12:14:03.276086485Z	1.09	cassandra-001	76.36
38.12	19.46	9.71	23.926	222.702	38.12	89	2018-08-17T12:14:10.283943464Z	1.11	cassandra-001	76.36
38.12	20.88	1.14	12.398	110.566	38.12	90	2018-08-17T12:14:17.297312478Z	9.71	cassandra-001	76.36
38.12	19.32	1.23	12.529	115.195	38.12	92	2018-08-17T12:14:24.308085975Z	1.14	cassandra-001	76.36
38.12	2.73	1.06	24.266	224.743	38.12	93	2018-08-17T12:14:31.314726272Z	1.23	cassandra-001	76.36
38.12	2.56	1.18	11.116	116.368	38.12	95	2018-08-17T12:14:38.321220456Z	1.06	cassandra-001	76.36
38.1	2.57	12.91	23.63	240.244	38.1	96	2018-08-17T12:14:45.327806628Z	1.18	cassandra-001	76.34
38.1	4.54	1.26	15.391	124.574	38.1	98	2018-08-17T12:14:52.334708839Z	12.91	cassandra-001	76.34
38.1	3.13	1.06	13.332	122.804	38.1	99	2018-08-17T12:14:59.343562634Z	1.26	cassandra-001	76.34
38.1	3.12	1.0	30.372	253.982	38.1	100	2018-08-17T12:15:06.353044193Z	1.06	cassandra-001	76.34
38.1	3.08	1.17	14.4	127.66	38.1	102	2018-08-17T12:15:13.359797867Z	1.0	cassandra-001	76.35
38.1	3.1	9.83	20.549	252.704	38.1	103	2018-08-17T12:15:20.367125134Z	1.17	cassandra-001	76.35
38.1	4.54	1.32	12.538	129.5	38.1	104	2018-08-17T12:15:27.376071627Z	9.83	cassandra-001	76.35
38.1	2.61	1.2	11.64	126.4	38.1	106	2018-08-17T12:15:34.383315243Z	1.32	cassandra-001	76.35
38.1	2.6	1.19	30.882	264.283	38.1	107	2018-08-17T12:15:41.392695741Z	1.2	cassandra-001	76.35
38.1	2.62	1.11	15.876	134.316	38.1	108	2018-08-17T12:15:48.40066787Z	1.19	cassandra-001	76.35
38.1	2.64	11.11	24.939	271.873	38.1	109	2018-08-17T12:15:55.408391512Z	1.11	cassandra-001	76.35
38.1	4.29	1.27	13.908	139.456	38.1	111	2018-08-17T12:16:02.416891774Z	11.11	cassandra-001	76.35
38.1	2.87	1.24	12.878	140.223	38.1	112	2018-08-17T12:16:09.423882451Z	1.27	cassandra-001	76.35
38.1	2.85	1.16	25.056	279.294	38.1	113	2018-08-17T12:16:16.434746842Z	1.24	cassandra-001	76.35
38.1	2.85	1.25	14.817	142.573	38.1	114	2018-08-17T12:16:23.444186381Z	1.16	cassandra-001	76.35
38.1	2.86	14.19	30.954	290.188	38.1	115	2018-08-17T12:16:30.451138354Z	1.25	cassandra-001	76.36
38.1	5.04	1.18	15.516	144.669	38.1	117	2018-08-17T12:16:37.460648729Z	14.19	cassandra-001	76.35
38.1	3.38	1.25	16.044	146.731	38.1	118	2018-08-17T12:16:44.468939351Z	1.18	cassandra-001	76.35
38.1	3.38	0.88	35.307	294.095	38.1	119	2018-08-17T12:16:51.476078269Z	1.25	cassandra-001	76.35
38.1	3.32	1.31	18.036	152.049	38.1	120	2018-08-17T12:16:58.484503798Z	0.88	cassandra-001	76.35
38.1	3.34	12.75	32.19	301.223	38.1	121	2018-08-17T12:17:05.4932272Z	1.31	cassandra-001	76.35
38.1	5.26	1.3	17.032	153.887	38.1	122	2018-08-17T12:17:12.500028155Z	12.75	cassandra-001	76.35
38.1	3.11	1.92	15.513	155.581	38.1	123	2018-08-17T12:17:19.509277085Z	1.3	cassandra-001	76.36
38.1	3.24	1.26	27.594	308.409	38.1	125	2018-08-17T12:17:26.516916009Z	1.92	cassandra-001	76.36
38.1	3.24	1.03	11.79	154.086	38.1	126	2018-08-17T12:17:33.524929185Z	1.26	cassandra-001	76.36
38.1	3.26	12.64	33.374	313.738	38.1	127	2018-08-17T12:17:40.535216202Z	1.03	cassandra-001	76.36
38.1	5.15	1.02	16.528	158.688	38.1	128	2018-08-17T12:17:47.547843373Z	12.64	cassandra-001	76.36
38.1	3.2	1.35	18.507	161.988	38.1	129	2018-08-17T12:17:54.555451158Z	1.02	cassandra-001	76.36
38.1	3.2	1.09	34.124	324.729	38.1	130	2018-08-17T12:18:01.564357848Z	1.35	cassandra-001	76.36
38.1	3.07	1.34	17.596	159.737	38.1	131	2018-08-17T12:18:08.57450038Z	1.09	cassandra-001	76.36
38.1	3.08	17.43	34.478	329.284	38.1	132	2018-08-17T12:18:15.581985593Z	1.34	cassandra-001	76.36
38.1	5.81	1.11	20.855	169.386	38.1	133	2018-08-17T12:18:22.589051939Z	17.43	cassandra-001	76.36
38.1	3.89	1.13	19.324	167.757	38.1	134	2018-08-17T12:18:29.596109899Z	1.11	cassandra-001	76.36
38.1	3.91	1.12	38.0	337.311	38.1	135	2018-08-17T12:18:36.602482967Z	1.13	cassandra-001	76.37
38.1	3.87	1.2	20.234	172.907	38.1	136	2018-08-17T12:18:43.609989042Z	1.12	cassandra-001	76.36
38.1	3.89	16.86	37.087	341.234	38.1	137	2018-08-17T12:18:50.616379895Z	1.2	cassandra-001	76.37
38.1	6.48	1.18	21.104	174.328	38.1	138	2018-08-17T12:18:57.623819943Z	16.86	cassandra-001	76.37
38.1	3.77	1.26	21.5	175.691	38.1	140	2018-08-17T12:19:04.634252673Z	1.18	cassandra-001	76.37
38.1	3.79	1.08	40.108	351.97	38.1	141	2018-08-17T12:19:11.641794082Z	1.26	cassandra-001	76.37
38.1	3.78	1.11	15.902	177.67	38.1	142	2018-08-17T12:19:18.647811749Z	1.08	cassandra-001	76.37
38.1	3.78	16.57	37.941	359.942	38.1	143	2018-08-17T12:19:25.654253989Z	1.11	cassandra-001	76.37
38.1	6.34	1.21	19.98	180.525	38.1	144	2018-08-17T12:19:32.661939831Z	16.57	cassandra-001	76.37
38.1	3.74	1.11	15.518	175.694	38.1	145	2018-08-17T12:19:39.669727538Z	1.21	cassandra-001	76.37
38.1	3.72	1.28	33.768	360.253	38.1	146	2018-08-17T12:19:46.677373321Z	1.11	cassandra-001	76.38
38.1	3.73	1.25	17.721	182.134	38.1	147	2018-08-17T12:19:53.690170881Z	1.28	cassandra-001	76.37
38.1	3.76	19.85	32.354	362.65	38.1	148	2018-08-17T12:20:00.698204141Z	1.25	cassandra-001	76.38
38.1	6.88	5.49	19.45	184.912	38.09	149	2018-08-17T12:20:07.705425298Z	19.85	cassandra-001	76.38
38.1	5.03	1.24	18.75	183.386	38.1	150	2018-08-17T12:20:14.71186533Z	5.49	cassandra-001	76.38
38.1	5.04	1.17	38.753	372.319	38.1	151	2018-08-17T12:20:21.721921879Z	1.24	cassandra-001	76.39
38.1	5.05	1.07	20.254	189.127	38.1	152	2018-08-17T12:20:28.728836468Z	1.17	cassandra-001	76.38
38.1	5.01	16.34	38.818	375.182	38.1	153	2018-08-17T12:20:35.736180255Z	1.07	cassandra-001	76.39
38.1	7.53	1.17	19.778	195.147	38.1	154	2018-08-17T12:20:42.742563517Z	16.34	cassandra-001	76.39
38.1	4.41	2.23	18.497	193.781	38.1	155	2018-08-17T12:20:49.750065765Z	1.17	cassandra-001	76.39
38.1	3.87	1.25	45.112	396.152	38.1	155	2018-08-17T12:20:56.759917412Z	2.23	cassandra-001	76.39
38.1	3.87	1.2	18.378	194.723	38.1	156	2018-08-17T12:21:03.766683329Z	1.25	cassandra-001	76.39
38.1	3.88	18.08	38.946	390.346	38.1	157	2018-08-17T12:21:10.772676994Z	1.2	cassandra-001	76.39
38.1	6.71	1.07	17.902	198.076	38.1	158	2018-08-17T12:21:17.782547133Z	18.08	cassandra-001	76.39
38.1	4.17	1.18	16.119	197.251	38.1	159	2018-08-17T12:21:24.789314681Z	1.07	cassandra-001	76.39
38.1	4.17	1.07	36.634	399.092	38.1	160	2018-08-17T12:21:31.795604021Z	1.18	cassandra-001	76.39
38.1	3.98	1.17	17.122	198.621	38.1	161	2018-08-17T12:21:38.803108826Z	1.07	cassandra-001	76.4
38.1	3.96	18.04	33.372	400.356	38.1	162	2018-08-17T12:21:45.81032633Z	1.17	cassandra-001	76.4
38.1	6.77	1.11	19.985	202.02	38.1	163	2018-08-17T12:21:52.816828938Z	18.04	cassandra-001	76.4
38.1	3.94	1.17	23.338	207.465	38.1	164	2018-08-17T12:21:59.828853866Z	1.11	cassandra-001	76.4
38.1	3.96	1.17	37.726	407.816	38.1	165	2018-08-17T12:22:06.837112284Z	1.17	cassandra-001	76.4
38.1	3.96	1.23	21.674	205.85	38.1	166	2018-08-17T12:22:13.843608868Z	1.17	cassandra-001	76.4
38.1	3.98	19.57	41.301	410.444	38.1	166	2018-08-17T12:22:20.852439432Z	1.23	cassandra-001	76.4
38.1	7.05	1.16	22.294	210.243	38.1	167	2018-08-17T12:22:27.859041268Z	19.57	cassandra-001	76.4
38.1	4.24	1.05	20.34	207.745	38.1	168	2018-08-17T12:22:34.869260432Z	1.16	cassandra-001	76.4
38.1	4.23	1.08	42.052	424.369	38.1	169	2018-08-17T12:22:41.877636421Z	1.05	cassandra-001	76.41
38.1	4.21	1.26	22.108	212.051	38.1	170	2018-08-17T12:22:48.886647236Z	1.08	cassandra-001	76.41
38.1	4.23	16.64	42.591	429.798	38.1	171	2018-08-17T12:22:55.892629553Z	1.26	cassandra-001	76.41
38.1	6.79	1.26	19.256	216.147	38.1	172	2018-08-17T12:23:02.90013423Z	16.64	cassandra-001	76.41
38.1	3.74	1.22	21.302	212.619	38.1	173	2018-08-17T12:23:09.906671708Z	1.26	cassandra-001	76.41
38.1	3.75	1.09	44.266	429.468	38.1	173	2018-08-17T12:23:16.912934943Z	1.22	cassandra-001	76.41
38.1	3.76	1.24	22.383	216.206	38.1	174	2018-08-17T12:23:23.919802939Z	1.09	cassandra-001	76.41
38.1	3.79	16.66	49.98	442.651	38.1	175	2018-08-17T12:23:30.927030815Z	1.24	cassandra-001	76.41
38.1	6.35	1.09	25.036	222.046	38.1	176	2018-08-17T12:23:37.934802886Z	16.66	cassandra-001	76.42
38.1	3.76	1.13	23.28	222.534	38.1	177	2018-08-17T12:23:44.941118731Z	1.09	cassandra-001	76.41
38.1	3.74	1.15	52.631	454.375	38.1	178	2018-08-17T12:23:51.948036773Z	1.13	cassandra-001	76.42
38.1	3.73	1.24	27.226	227.232	38.1	178	2018-08-17T12:23:58.958708284Z	1.15	cassandra-001	76.42
38.1	3.75	17.61	53.092	450.291	38.1	179	2018-08-17T12:24:05.970312302Z	1.24	cassandra-001	76.42
38.1	6.48	1.08	23.424	223.527	38.1	180	2018-08-17T12:24:12.979162735Z	17.61	cassandra-001	76.42
38.1	3.88	1.91	25.337	228.453	38.1	181	2018-08-17T12:24:19.986203834Z	1.08	cassandra-001	76.42
38.1	4.02	1.1	54.806	456.264	38.1	182	2018-08-17T12:24:26.995316789Z	1.91	cassandra-001	76.42
38.1	4.02	1.04	23.7	227.735	38.1	183	2018-08-17T12:24:34.00236715Z	1.1	cassandra-001	76.42
38.1	4.0	19.12	45.314	461.168	38.1	183	2018-08-17T12:24:41.010275095Z	1.04	cassandra-001	76.43
38.1	6.98	1.12	21.244	232.085	38.1	184	2018-08-17T12:24:48.022277016Z	19.12	cassandra-001	76.43
38.1	4.23	1.16	25.243	230.712	38.1	185	2018-08-17T12:24:55.033954333Z	1.12	cassandra-001	76.43
38.1	4.24	1.24	49.074	462.261	38.1	186	2018-08-17T12:25:02.040790601Z	1.16	cassandra-001	76.43
38.1	4.13	1.16	25.916	236.361	38.1	187	2018-08-17T12:25:09.046576423Z	1.24	cassandra-001	76.43
38.1	4.14	19.31	48.426	467.634	38.1	187	2018-08-17T12:25:16.052838827Z	1.16	cassandra-001	76.44
38.1	7.18	1.15	24.727	230.511	38.1	188	2018-08-17T12:25:23.061091389Z	19.31	cassandra-001	76.44
38.1	4.19	2.81	29.486	259.695	38.1	189	2018-08-17T12:25:30.07168449Z	1.15	cassandra-001	76.44
38.1	4.47	1.14	47.81	451.416	38.1	190	2018-08-17T12:25:37.078045451Z	2.81	cassandra-001	76.44
38.1	4.47	1.31	22.39	240.056	38.1	191	2018-08-17T12:25:44.08454649Z	1.14	cassandra-001	76.44
38.1	4.48	14.02	46.561	477.176	38.1	191	2018-08-17T12:25:51.092711766Z	1.31	cassandra-001	76.44
38.1	6.62	1.25	22.416	241.088	38.1	192	2018-08-17T12:25:58.098215223Z	14.02	cassandra-001	76.44
38.1	3.61	13.23	46.021	447.072	38.1	193	2018-08-17T12:26:05.106132136Z	1.25	cassandra-001	76.44
38.1	5.63	1.12	32.049	286.036	38.1	194	2018-08-17T12:26:12.112870978Z	13.23	cassandra-001	76.45
38.1	5.34	1.28	29.094	246.535	38.1	195	2018-08-17T12:26:19.118944977Z	1.12	cassandra-001	76.45
38.1	5.37	2.65	50.531	486.846	38.1	195	2018-08-17T12:26:26.125221801Z	1.28	cassandra-001	76.45
38.1	5.59	1.27	21.134	244.871	38.1	196	2018-08-17T12:26:33.133283932Z	2.65	cassandra-001	76.45
38.1	3.47	17.35	39.746	487.384	38.1	197	2018-08-17T12:26:40.139524794Z	1.27	cassandra-001	76.45
38.1	6.15	1.2	20.064	245.557	38.1	198	2018-08-17T12:26:47.145602944Z	17.35	cassandra-001	76.45
38.1	4.14	1.26	25.119	244.082	38.1	198	2018-08-17T12:26:54.15262942Z	1.2	cassandra-001	76.45
38.1	4.17	1.56	48.588	501.442	38.1	199	2018-08-17T12:27:01.159813092Z	1.26	cassandra-001	76.45
38.1	4.21	1.46	26.452	252.897	38.1	200	2018-08-17T12:27:08.169027233Z	1.56	cassandra-001	76.46
38.1	4.02	18.99	57.642	509.476	38.1	201	2018-08-17T12:27:15.176461892Z	1.46	cassandra-001	76.46
38.1	6.97	1.13	29.513	252.167	38.1	201	2018-08-17T12:27:22.183324777Z	18.99	cassandra-001	76.46
38.1	4.27	1.2	29.54	248.599	38.1	202	2018-08-17T12:27:29.190474887Z	1.13	cassandra-001	76.46
38.1	4.27	1.03	54.446	507.669	38.1	203	2018-08-17T12:27:36.19718148Z	1.2	cassandra-001	76.46
38.1	4.23	1.01	30.912	254.692	38.1	204	2018-08-17T12:27:43.205334221Z	1.03	cassandra-001	76.46
38.1	4.14	23.21	52.979	507.285	38.1	204	2018-08-17T12:27:50.21255515Z	1.01	cassandra-001	76.46
38.1	7.76	1.15	27.506	258.41	38.1	205	2018-08-17T12:27:57.22119959Z	23.21	cassandra-001	76.47
38.1	4.79	1.26	26.872	260.943	38.1	206	2018-08-17T12:28:04.229681185Z	1.15	cassandra-001	76.46
38.1	4.81	1.17	61.386	519.321	38.1	207	2018-08-17T12:28:11.237193883Z	1.26	cassandra-001	76.47
38.1	4.8	1.22	24.68	255.207	38.1	207	2018-08-17T12:28:18.249346088Z	1.17	cassandra-001	76.47
38.1	4.84	19.93	50.151	520.448	38.1	208	2018-08-17T12:28:25.25962814Z	1.22	cassandra-001	76.47
38.1	7.99	1.08	23.782	261.795	38.1	209	2018-08-17T12:28:32.268791626Z	19.93	cassandra-001	76.47
38.1	4.3	1.2	27.768	264.466	38.1	210	2018-08-17T12:28:39.276684832Z	1.08	cassandra-001	76.47
38.1	4.31	1.2	54.572	527.77	38.1	210	2018-08-17T12:28:46.288641704Z	1.2	cassandra-001	76.48
38.1	4.3	1.14	25.061	262.165	38.1	211	2018-08-17T12:28:53.301757623Z	1.2	cassandra-001	76.48
38.1	4.29	21.41	45.608	527.941	38.1	212	2018-08-17T12:29:00.308163424Z	1.14	cassandra-001	76.48
38.1	7.66	1.04	24.81	267.607	38.1	212	2018-08-17T12:29:07.315366729Z	21.41	cassandra-001	76.48
38.1	4.51	1.16	24.612	263.26	38.1	213	2018-08-17T12:29:14.323729322Z	1.04	cassandra-001	76.48
38.1	4.52	1.17	54.331	533.569	38.1	214	2018-08-17T12:29:21.330966462Z	1.16	cassandra-001	76.48
38.1	4.52	1.17	30.604	269.434	38.1	214	2018-08-17T12:29:28.336714578Z	1.17	cassandra-001	76.49
38.1	4.51	20.76	56.878	534.938	38.1	215	2018-08-17T12:29:35.342925159Z	1.17	cassandra-001	76.49
38.1	7.78	1.11	27.858	269.678	38.1	216	2018-08-17T12:29:42.356030154Z	20.76	cassandra-001	76.49
38.1	4.4	1.2	29.798	273.442	38.1	217	2018-08-17T12:29:49.3638377Z	1.11	cassandra-001	76.49
38.1	4.43	1.21	54.051	543.275	38.1	217	2018-08-17T12:29:56.372107207Z	1.2	cassandra-001	76.49
38.1	4.44	1.17	32.794	277.218	38.1	218	2018-08-17T12:30:03.378374129Z	1.21	cassandra-001	76.49
38.1	4.44	24.02	63.396	557.469	38.1	219	2018-08-17T12:30:10.387120194Z	1.17	cassandra-001	76.5
38.1	8.24	1.17	31.196	277.084	38.1	219	2018-08-17T12:30:17.394929775Z	24.02	cassandra-001	76.5
38.1	4.98	1.23	27.803	275.594	38.1	220	2018-08-17T12:30:24.405471181Z	1.17	cassandra-001	76.5
38.1	5.0	1.16	60.53	554.941	38.1	221	2018-08-17T12:30:31.412914061Z	1.23	cassandra-001	76.5
38.1	4.99	1.27	34.218	278.44	38.1	221	2018-08-17T12:30:38.420470365Z	1.16	cassandra-001	76.5
38.1	5.0	24.11	66.35	553.231	38.1	222	2018-08-17T12:30:45.429254463Z	1.27	cassandra-001	76.51
38.1	8.83	1.15	29.993	275.898	38.1	223	2018-08-17T12:30:52.439576558Z	24.11	cassandra-001	76.51
38.1	5.01	1.11	31.828	283.255	38.1	224	2018-08-17T12:30:59.447727173Z	1.15	cassandra-001	76.51
38.1	5.0	1.18	52.0	563.933	38.1	224	2018-08-17T12:31:06.454466003Z	1.11	cassandra-001	76.51
38.1	5.0	1.3	27.63	283.504	38.1	225	2018-08-17T12:31:13.464811296Z	1.18	cassandra-001	76.5
38.1	5.02	21.41	53.173	562.331	38.1	226	2018-08-17T12:31:20.475128156Z	1.3	cassandra-001	76.51
38.1	8.38	1.14	26.956	281.504	38.1	226	2018-08-17T12:31:27.483883997Z	21.41	cassandra-001	76.51
38.1	4.55	1.25	25.768	283.21	38.1	227	2018-08-17T12:31:34.491409896Z	1.14	cassandra-001	76.51
38.1	4.56	1.27	53.634	572.103	38.1	228	2018-08-17T12:31:41.499479596Z	1.25	cassandra-001	76.51
38.1	4.59	1.31	29.714	288.423	38.1	228	2018-08-17T12:31:48.508948199Z	1.27	cassandra-001	76.51
38.1	4.61	24.05	58.107	572.339	38.1	229	2018-08-17T12:31:55.515909451Z	1.31	cassandra-001	76.52
38.1	8.4	1.16	32.38	284.789	38.1	230	2018-08-17T12:32:02.523661312Z	24.05	cassandra-001	76.52
38.1	5.03	1.2	29.806	289.596	38.1	230	2018-08-17T12:32:09.532510692Z	1.16	cassandra-001	76.52
38.1	5.04	1.2	59.664	582.892	38.1	231	2018-08-17T12:32:16.540458487Z	1.2	cassandra-001	76.52
38.1	5.03	1.11	27.719	286.941	38.1	232	2018-08-17T12:32:23.547182459Z	1.2	cassandra-001	76.52
38.1	5.0	22.04	56.97	582.279	38.1	232	2018-08-17T12:32:30.55362895Z	1.11	cassandra-001	76.52
38.1	8.46	1.08	31.072	293.516	38.1	233	2018-08-17T12:32:37.560169313Z	22.04	cassandra-001	76.52
38.1	4.63	1.18	31.56	295.371	38.1	234	2018-08-17T12:32:44.567865473Z	1.08	cassandra-001	76.52
38.1	4.63	1.03	62.327	594.17	38.1	234	2018-08-17T12:32:51.573852215Z	1.18	cassandra-001	76.53
38.1	4.61	1.14	31.652	295.593	38.1	235	2018-08-17T12:32:58.580436058Z	1.03	cassandra-001	76.53
38.1	4.6	23.41	57.35	591.911	38.1	236	2018-08-17T12:33:05.586649381Z	1.14	cassandra-001	76.53
38.1	8.31	1.31	30.714	296.05	38.1	236	2018-08-17T12:33:12.595189816Z	23.41	cassandra-001	76.53
38.1	4.86	1.14	30.78	294.453	38.1	237	2018-08-17T12:33:19.603529901Z	1.31	cassandra-001	76.53
38.1	4.87	1.21	56.873	590.886	38.1	238	2018-08-17T12:33:26.610965823Z	1.14	cassandra-001	76.54
38.1	4.87	1.03	31.004	302.578	38.1	238	2018-08-17T12:33:33.61952759Z	1.21	cassandra-001	76.54
38.1	4.87	21.56	60.344	600.35	38.1	239	2018-08-17T12:33:40.62838097Z	1.03	cassandra-001	76.54
38.1	8.28	1.14	31.518	300.536	38.1	239	2018-08-17T12:33:47.63693341Z	21.56	cassandra-001	76.54
38.1	4.56	1.2	36.309	305.489	38.1	240	2018-08-17T12:33:54.650356615Z	1.14	cassandra-001	76.54
38.1	4.55	1.2	73.318	614.728	38.1	241	2018-08-17T12:34:01.660314889Z	1.2	cassandra-001	76.54
38.1	4.56	1.48	36.058	306.7	38.1	241	2018-08-17T12:34:08.668703624Z	1.2	cassandra-001	76.54
38.1	4.6	25.35	74.756	617.011	38.1	242	2018-08-17T12:34:15.67646131Z	1.48	cassandra-001	76.55
38.1	8.65	1.2	36.915	306.35	38.1	243	2018-08-17T12:34:22.685675556Z	25.35	cassandra-001	76.55
38.1	5.26	1.23	33.114	305.224	38.1	243	2018-08-17T12:34:29.694495329Z	1.2	cassandra-001	76.55
38.1	5.28	1.35	54.202	608.039	38.1	244	2018-08-17T12:34:36.703290394Z	1.23	cassandra-001	76.55
38.1	5.3	1.23	32.77	306.785	38.1	244	2018-08-17T12:34:43.711735075Z	1.35	cassandra-001	76.55
38.1	5.31	28.5	56.761	605.061	38.1	245	2018-08-17T12:34:50.718826132Z	1.23	cassandra-001	76.55
38.1	9.81	1.24	23.028	306.339	38.1	246	2018-08-17T12:34:57.730317933Z	28.5	cassandra-001	76.56
38.1	5.79	1.17	31.806	308.87	38.1	246	2018-08-17T12:35:04.738143974Z	1.24	cassandra-001	76.56
38.1	5.79	1.24	52.312	613.431	38.1	247	2018-08-17T12:35:11.747871154Z	1.17	cassandra-001	76.56
38.1	5.79	1.26	26.908	306.957	38.1	247	2018-08-17T12:35:18.761986103Z	1.24	cassandra-001	76.56
38.09	5.77	22.51	67.015	630.407	38.09	248	2018-08-17T12:35:25.771541223Z	1.26	cassandra-001	76.56
38.09	9.32	1.22	33.138	314.295	38.09	249	2018-08-17T12:35:32.779764057Z	22.51	cassandra-001	76.57
38.09	4.77	1.09	30.194	313.149	38.09	249	2018-08-17T12:35:39.786826915Z	1.22	cassandra-001	76.56
38.09	4.75	1.14	67.648	629.939	38.09	250	2018-08-17T12:35:46.795884021Z	1.09	cassandra-001	76.57
38.09	4.74	1.12	34.615	315.075	38.09	251	2018-08-17T12:35:53.805743737Z	1.14	cassandra-001	76.57
38.09	4.72	21.78	61.06	633.085	38.09	251	2018-08-17T12:36:00.81577579Z	1.12	cassandra-001	76.57
38.09	8.14	1.56	35.922	319.283	38.09	252	2018-08-17T12:36:07.822256269Z	21.78	cassandra-001	76.57
38.09	4.65	1.17	31.79	314.373	38.09	252	2018-08-17T12:36:14.83102885Z	1.56	cassandra-001	76.58
38.09	4.64	1.27	73.453	645.656	38.09	253	2018-08-17T12:36:21.837308355Z	1.17	cassandra-001	76.58
38.09	4.67	1.19	30.958	312.711	38.09	254	2018-08-17T12:36:28.847420289Z	1.27	cassandra-001	76.58
38.09	4.68	23.9	70.654	637.991	38.09	254	2018-08-17T12:36:35.854361563Z	1.19	cassandra-001	76.58
38.09	8.48	1.45	34.68	316.887	38.09	255	2018-08-17T12:36:42.863724492Z	23.9	cassandra-001	76.58
38.09	5.09	1.1	34.97	320.787	38.09	255	2018-08-17T12:36:49.872875251Z	1.45	cassandra-001	76.58
38.09	5.01	1.22	57.703	639.471	38.09	256	2018-08-17T12:36:56.880442624Z	1.1	cassandra-001	76.58
38.09	5.02	1.15	23.578	317.047	38.09	257	2018-08-17T12:37:03.890352119Z	1.22	cassandra-001	76.59
38.09	5.0	26.33	69.754	649.737	38.09	257	2018-08-17T12:37:10.899912622Z	1.15	cassandra-001	76.59
38.09	9.19	1.22	35.418	327.349	38.09	258	2018-08-17T12:37:17.909254905Z	26.33	cassandra-001	76.59
38.09	5.41	1.26	30.401	319.632	38.09	258	2018-08-17T12:37:24.918403808Z	1.22	cassandra-001	76.59
38.1	5.38	1.18	69.172	645.345	38.1	259	2018-08-17T12:37:31.926551087Z	1.26	cassandra-001	76.6
38.1	5.39	1.19	37.12	319.626	38.1	260	2018-08-17T12:37:38.933042072Z	1.18	cassandra-001	76.6
38.1	5.39	25.74	75.322	656.41	38.1	260	2018-08-17T12:37:45.941575049Z	1.19	cassandra-001	76.6
38.1	9.49	1.37	38.571	331.711	38.1	261	2018-08-17T12:37:52.952225911Z	25.74	cassandra-001	76.6
38.1	5.33	1.17	36.578	331.082	38.1	261	2018-08-17T12:37:59.963845122Z	1.37	cassandra-001	76.6
38.1	5.32	1.29	77.842	665.728	38.1	262	2018-08-17T12:38:06.978290171Z	1.17	cassandra-001	76.6
38.1	5.32	1.1	40.498	335.072	38.1	263	2018-08-17T12:38:13.988038851Z	1.29	cassandra-001	76.61
38.1	5.31	23.91	73.933	667.203	38.1	263	2018-08-17T12:38:20.995224297Z	1.1	cassandra-001	76.61
38.1	9.1	1.19	33.594	332.885	38.1	264	2018-08-17T12:38:28.005233215Z	23.91	cassandra-001	76.61
38.1	5.0	1.14	35.864	331.904	38.1	264	2018-08-17T12:38:35.016316164Z	1.19	cassandra-001	76.61
38.1	4.97	1.2	66.118	655.911	38.1	265	2018-08-17T12:38:42.0247328Z	1.14	cassandra-001	76.62
38.1	4.97	1.1	25.858	323.902	38.1	266	2018-08-17T12:38:49.034631114Z	1.2	cassandra-001	76.61
38.1	4.94	23.5	61.351	655.01	38.1	266	2018-08-17T12:38:56.041456362Z	1.1	cassandra-001	76.61
38.1	8.67	1.2	28.194	334.78	38.1	267	2018-08-17T12:39:03.050405308Z	23.5	cassandra-001	76.62
38.1	4.89	1.05	36.14	332.853	38.1	267	2018-08-17T12:39:10.058058099Z	1.2	cassandra-001	76.62
38.1	4.86	1.1	80.992	680.217	38.1	268	2018-08-17T12:39:17.072224167Z	1.05	cassandra-001	76.62
38.1	4.86	1.12	31.123	334.79	38.1	268	2018-08-17T12:39:24.078837445Z	1.1	cassandra-001	76.63
38.1	4.84	24.63	69.256	674.786	38.1	269	2018-08-17T12:39:31.085339615Z	1.12	cassandra-001	76.63
38.1	8.77	1.16	35.268	341.622	38.1	270	2018-08-17T12:39:38.091456256Z	24.63	cassandra-001	76.63
38.1	5.04	3.63	40.841	380.728	38.1	270	2018-08-17T12:39:45.098710461Z	1.16	cassandra-001	76.63
38.1	5.45	1.06	73.832	641.639	38.1	271	2018-08-17T12:39:52.104053719Z	3.63	cassandra-001	76.63
38.1	5.45	1.22	40.996	342.995	38.1	271	2018-08-17T12:39:59.113470543Z	1.06	cassandra-001	76.63
38.1	5.47	12.89	77.768	680.818	38.1	272	2018-08-17T12:40:06.122232523Z	1.22	cassandra-001	76.63
38.1	7.43	1.18	27.822	339.009	38.1	273	2018-08-17T12:40:13.136249715Z	12.89	cassandra-001	76.64
38.1	3.52	17.34	62.116	595.967	38.1	273	2018-08-17T12:40:20.143991394Z	1.18	cassandra-001	76.64
38.1	6.22	1.04	53.253	430.436	38.1	274	2018-08-17T12:40:27.149980554Z	17.34	cassandra-001	76.64
38.1	5.79	1.05	40.124	343.655	38.1	274	2018-08-17T12:40:34.158022477Z	1.04	cassandra-001	76.64
38.1	5.79	5.46	76.076	698.114	38.1	275	2018-08-17T12:40:41.164966616Z	1.05	cassandra-001	76.65
38.1	6.49	0.97	41.562	349.178	38.1	275	2018-08-17T12:40:48.170787776Z	5.46	cassandra-001	76.65
38.1	4.51	25.07	83.559	699.721	38.1	276	2018-08-17T12:40:55.178281005Z	0.97	cassandra-001	76.65
38.1	8.49	1.14	38.816	352.627	38.1	276	2018-08-17T12:41:02.185985852Z	25.07	cassandra-001	76.65
38.1	5.79	1.17	37.958	347.885	38.1	277	2018-08-17T12:41:09.194952702Z	1.14	cassandra-001	76.65
38.08	5.81	11.35	65.606	696.611	38.08	278	2018-08-17T12:41:16.20096923Z	1.17	cassandra-001	76.64
38.08	7.53	1.16	33.033	349.11	38.08	278	2018-08-17T12:41:23.207452719Z	11.35	cassandra-001	76.64
38.08	6.81	26.01	73.182	688.814	38.08	279	2018-08-17T12:41:30.21418134Z	1.16	cassandra-001	76.65
38.09	10.98	1.09	35.858	346.632	38.09	279	2018-08-17T12:41:37.222486152Z	26.01	cassandra-001	76.72
38.09	6.99	1.16	36.914	355.177	38.09	280	2018-08-17T12:41:44.229740328Z	1.09	cassandra-001	76.73
38.09	6.99	2.21	80.097	706.37	38.09	280	2018-08-17T12:41:51.237191105Z	1.16	cassandra-001	76.73
38.09	7.16	1.28	42.55	360.256	38.09	281	2018-08-17T12:41:58.246132212Z	2.21	cassandra-001	76.73
38.09	5.48	26.16	82.776	714.526	38.09	282	2018-08-17T12:42:05.254139839Z	1.28	cassandra-001	76.73
38.09	9.65	0.99	43.764	355.704	38.09	282	2018-08-17T12:42:12.262516414Z	26.16	cassandra-001	76.73
38.09	5.48	1.14	41.81	361.25	38.09	283	2018-08-17T12:42:19.270747546Z	0.99	cassandra-001	76.74
38.09	5.49	1.17	80.517	720.614	38.09	283	2018-08-17T12:42:26.27805896Z	1.14	cassandra-001	76.74
38.09	5.49	1.15	45.07	363.336	38.09	284	2018-08-17T12:42:33.284822807Z	1.17	cassandra-001	76.74
38.09	5.32	28.28	84.358	723.896	38.06	284	2018-08-17T12:42:40.292158761Z	1.15	cassandra-001	76.74
38.09	9.82	1.17	43.446	363.555	38.09	285	2018-08-17T12:42:47.298586009Z	28.28	cassandra-001	76.74
38.09	5.65	1.14	43.907	366.144	38.09	285	2018-08-17T12:42:54.304907759Z	1.17	cassandra-001	76.75
38.09	5.68	1.08	86.878	731.571	38.09	286	2018-08-17T12:43:01.311289296Z	1.14	cassandra-001	76.75
38.09	5.66	1.52	41.386	365.055	38.09	286	2018-08-17T12:43:08.318087808Z	1.08	cassandra-001	76.75
38.1	5.72	30.06	80.752	728.684	38.1	287	2018-08-17T12:43:15.326030016Z	1.52	cassandra-001	76.76
38.09	10.54	9.53	35.643	363.233	38.09	288	2018-08-17T12:43:22.332244237Z	30.06	cassandra-001	76.35
38.1	7.42	1.01	33.756	358.886	38.1	288	2018-08-17T12:43:29.338573306Z	9.53	cassandra-001	76.36
38.07	7.39	1.22	62.812	721.297	38.07	289	2018-08-17T12:43:36.347420488Z	1.01	cassandra-001	76.34
38.07	7.4	1.22	31.762	362.265	38.07	289	2018-08-17T12:43:43.358487711Z	1.22	cassandra-001	76.34
38.07	7.43	24.94	73.556	731.415	38.07	290	2018-08-17T12:43:50.364705688Z	1.22	cassandra-001	76.34
38.07	11.33	1.11	39.351	367.599	38.07	290	2018-08-17T12:43:57.371359387Z	24.94	cassandra-001	76.34
38.07	6.5	1.12	38.256	369.568	38.07	291	2018-08-17T12:44:04.377656278Z	1.11	cassandra-001	76.35
38.07	5.1	1.08	77.858	735.018	38.07	291	2018-08-17T12:44:11.384002743Z	1.12	cassandra-001	76.35
38.07	5.11	1.24	36.302	367.141	38.07	292	2018-08-17T12:44:18.393258295Z	1.08	cassandra-001	76.35
38.07	5.12	26.55	82.925	743.459	38.07	292	2018-08-17T12:44:25.403250782Z	1.24	cassandra-001	76.35
38.07	9.34	1.18	44.248	364.952	38.07	293	2018-08-17T12:44:32.410148147Z	26.55	cassandra-001	76.35
38.08	5.38	1.08	38.004	368.071	38.05	293	2018-08-17T12:44:39.418081966Z	1.18	cassandra-001	76.36
38.08	5.37	1.18	85.05	750.407	38.08	294	2018-08-17T12:44:46.425227542Z	1.08	cassandra-001	76.36
38.09	5.38	1.15	31.799	365.755	38.09	294	2018-08-17T12:44:53.43353044Z	1.18	cassandra-001	76.37
38.09	5.4	28.36	66.45	740.094	38.09	295	2018-08-17T12:45:00.440587375Z	1.15	cassandra-001	76.38
38.09	9.92	1.13	35.218	369.68	38.09	296	2018-08-17T12:45:07.452804834Z	28.36	cassandra-001	76.37
38.08	5.68	1.16	28.222	368.008	38.08	296	2018-08-17T12:45:14.458884204Z	1.13	cassandra-001	76.38
38.08	5.68	1.97	74.949	731.469	38.08	297	2018-08-17T12:45:21.467110106Z	1.16	cassandra-001	76.37
38.09	5.82	1.2	36.3	375.1	38.06	297	2018-08-17T12:45:28.47447482Z	1.97	cassandra-001	76.38
38.09	5.83	28.22	74.064	742.025	38.09	298	2018-08-17T12:45:35.482726891Z	1.2	cassandra-001	76.39
38.09	10.34	1.07	42.094	371.308	38.09	298	2018-08-17T12:45:42.490138213Z	28.22	cassandra-001	76.4
38.09	5.79	1.02	44.404	375.355	38.09	299	2018-08-17T12:45:49.498149178Z	1.07	cassandra-001	76.39
38.09	5.77	1.15	81.283	760.541	38.09	299	2018-08-17T12:45:56.505721061Z	1.02	cassandra-001	76.4
38.09	5.77	1.04	36.378	374.551	38.09	300	2018-08-17T12:46:03.512015334Z	1.15	cassandra-001	76.4
38.09	5.62	31.4	72.716	755.558	38.09	300	2018-08-17T12:46:10.518158599Z	1.04	cassandra-001	76.4
38.09	10.65	1.2	41.156	380.022	38.09	301	2018-08-17T12:46:17.527064078Z	31.4	cassandra-001	76.4
38.1	6.15	1.23	42.211	377.851	38.1	301	2018-08-17T12:46:24.534569097Z	1.2	cassandra-001	76.41
38.11	6.17	1.13	80.846	763.064	38.11	302	2018-08-17T12:46:31.544053726Z	1.23	cassandra-001	76.42
38.11	6.19	1.24	41.01	384.253	38.11	302	2018-08-17T12:46:38.551580153Z	1.13	cassandra-001	76.42
38.11	6.21	30.12	68.424	755.423	38.11	303	2018-08-17T12:46:45.562879038Z	1.24	cassandra-001	76.43
38.11	11.05	1.13	28.667	372.88	38.11	303	2018-08-17T12:46:52.570827763Z	30.12	cassandra-001	76.43
38.11	6.01	1.19	31.004	370.818	38.11	304	2018-08-17T12:46:59.579192184Z	1.13	cassandra-001	76.43
38.1	6.01	1.3	74.046	759.078	38.1	304	2018-08-17T12:47:06.586007443Z	1.19	cassandra-001	76.42
38.1	6.02	1.16	40.204	381.334	38.1	305	2018-08-17T12:47:13.599254607Z	1.3	cassandra-001	76.43
38.1	6.02	25.18	81.357	762.812	38.1	305	2018-08-17T12:47:20.60514478Z	1.16	cassandra-001	76.43
38.1	10.01	1.16	40.824	383.164	38.1	306	2018-08-17T12:47:27.611684695Z	25.18	cassandra-001	76.43
38.1	5.19	1.24	42.104	382.211	38.1	306	2018-08-17T12:47:34.618618007Z	1.16	cassandra-001	76.43
38.1	5.2	1.16	79.72	772.866	38.1	307	2018-08-17T12:47:41.626218891Z	1.24	cassandra-001	76.44
38.1	5.2	1.25	35.926	386.697	38.1	307	2018-08-17T12:47:48.63330169Z	1.16	cassandra-001	76.44
38.1	5.19	25.69	81.659	780.252	38.1	308	2018-08-17T12:47:55.647380004Z	1.25	cassandra-001	76.44
38.1	9.28	1.25	39.912	389.642	38.1	308	2018-08-17T12:48:02.654673132Z	25.69	cassandra-001	76.45
38.1	5.29	1.2	42.486	390.944	38.1	309	2018-08-17T12:48:09.663790322Z	1.25	cassandra-001	76.44
38.1	5.3	1.41	86.159	786.748	38.1	309	2018-08-17T12:48:16.671058176Z	1.2	cassandra-001	76.45
38.1	5.33	1.19	37.601	386.227	38.1	310	2018-08-17T12:48:23.678954173Z	1.41	cassandra-001	76.45
38.1	5.33	28.67	75.44	778.868	38.1	310	2018-08-17T12:48:30.687429831Z	1.19	cassandra-001	76.46
38.1	9.9	0.96	39.7	392.359	38.1	311	2018-08-17T12:48:37.695660504Z	28.67	cassandra-001	76.45
38.1	5.78	1.19	42.894	392.58	38.1	311	2018-08-17T12:48:44.704533864Z	0.96	cassandra-001	76.46
38.1	5.77	1.21	83.385	782.027	38.1	312	2018-08-17T12:48:51.713696032Z	1.19	cassandra-001	76.46
38.1	5.77	1.19	47.144	398.071	38.1	312	2018-08-17T12:48:58.723292115Z	1.21	cassandra-001	76.46
38.1	5.73	26.37	93.852	789.659	38.1	313	2018-08-17T12:49:05.731987637Z	1.19	cassandra-001	76.46
38.1	9.93	1.26	46.18	398.389	38.1	313	2018-08-17T12:49:12.740702556Z	26.37	cassandra-001	76.47
38.1	5.36	1.22	48.16	399.734	38.1	314	2018-08-17T12:49:19.752393225Z	1.26	cassandra-001	76.47
38.1	5.41	1.42	86.445	796.517	38.1	314	2018-08-17T12:49:26.76257302Z	1.22	cassandra-001	76.47
38.1	5.44	1.22	44.226	401.137	38.1	315	2018-08-17T12:49:33.77081888Z	1.42	cassandra-001	76.47
38.1	5.45	25.32	85.666	801.841	38.1	315	2018-08-17T12:49:40.780777331Z	1.22	cassandra-001	76.48
38.1	9.47	1.16	44.582	402.776	38.1	316	2018-08-17T12:49:47.789302452Z	25.32	cassandra-001	76.48
38.1	5.27	1.34	47.617	400.968	38.1	316	2018-08-17T12:49:54.796862084Z	1.16	cassandra-001	76.48
38.1	5.28	1.07	93.11	800.551	38.1	317	2018-08-17T12:50:01.808529956Z	1.34	cassandra-001	76.48
38.1	5.25	5.93	47.34	407.721	38.1	317	2018-08-17T12:50:08.817824519Z	1.07	cassandra-001	76.48
38.1	6.01	29.59	83.486	806.564	38.1	318	2018-08-17T12:50:15.825715488Z	5.93	cassandra-001	76.49
38.1	10.73	1.17	43.313	401.416	38.1	318	2018-08-17T12:50:22.833357361Z	29.59	cassandra-001	76.49
38.1	6.71	1.21	41.426	403.208	38.1	319	2018-08-17T12:50:29.843195338Z	1.17	cassandra-001	76.49
38.1	6.72	1.19	81.122	803.099	38.1	319	2018-08-17T12:50:36.850243783Z	1.21	cassandra-001	76.49
38.1	6.69	1.17	40.726	402.684	38.1	320	2018-08-17T12:50:43.858349091Z	1.19	cassandra-001	76.5
38.1	6.71	29.55	81.345	799.48	38.1	320	2018-08-17T12:50:50.867711395Z	1.17	cassandra-001	76.5
38.1	10.65	1.09	45.57	401.366	38.1	321	2018-08-17T12:50:57.876465478Z	29.55	cassandra-001	76.5
38.1	5.9	1.18	45.332	402.249	38.1	321	2018-08-17T12:51:04.885532616Z	1.09	cassandra-001	76.5
38.1	5.9	1.1	84.724	816.587	38.1	322	2018-08-17T12:51:11.893697968Z	1.18	cassandra-001	76.5
38.1	5.88	1.15	38.032	406.348	38.1	322	2018-08-17T12:51:18.900690967Z	1.1	cassandra-001	76.5
38.1	5.87	28.7	76.235	811.681	38.1	323	2018-08-17T12:51:25.911158472Z	1.15	cassandra-001	76.51
38.1	10.46	1.07	40.698	410.648	38.1	323	2018-08-17T12:51:32.918922099Z	28.7	cassandra-001	76.51
38.1	5.71	0.97	43.008	412.295	38.1	324	2018-08-17T12:51:39.925201262Z	1.07	cassandra-001	76.51
38.1	5.69	1.19	82.28	815.636	38.1	324	2018-08-17T12:51:46.931149833Z	0.97	cassandra-001	76.51
38.1	5.7	1.03	38.981	405.186	38.1	325	2018-08-17T12:51:53.937406974Z	1.19	cassandra-001	76.52
38.1	5.68	44.33	71.534	813.581	38.1	325	2018-08-17T12:52:00.943711723Z	1.03	cassandra-001	76.52
38.1	12.88	1.58	49.462	417.301	38.1	326	2018-08-17T12:52:07.950802685Z	44.33	cassandra-001	76.52
38.1	8.36	1.17	48.498	419.584	38.1	326	2018-08-17T12:52:14.9589871Z	1.58	cassandra-001	76.52
38.1	8.38	1.14	84.033	826.06	38.1	327	2018-08-17T12:52:21.968522466Z	1.17	cassandra-001	76.53
38.1	8.41	1.13	41.462	414.091	38.1	327	2018-08-17T12:52:28.975968892Z	1.14	cassandra-001	76.53
38.1	8.4	29.37	89.26	825.519	38.1	328	2018-08-17T12:52:35.983520537Z	1.13	cassandra-001	76.53
38.1	13.12	1.31	47.626	410.348	38.1	328	2018-08-17T12:52:42.991829799Z	29.37	cassandra-001	76.53
38.1	5.95	1.12	46.042	417.337	38.1	329	2018-08-17T12:52:50.003430076Z	1.31	cassandra-001	76.53
38.1	5.87	1.39	87.925	832.331	38.1	329	2018-08-17T12:52:57.013558401Z	1.12	cassandra-001	76.53
38.1	5.91	1.21	41.316	416.75	38.1	330	2018-08-17T12:53:04.022594002Z	1.39	cassandra-001	76.54
38.1	5.92	28.81	81.074	830.357	38.1	330	2018-08-17T12:53:11.032619977Z	1.21	cassandra-001	76.54
38.1	10.53	1.11	40.88	415.818	38.1	331	2018-08-17T12:53:18.040296069Z	28.81	cassandra-001	76.54
38.1	5.82	1.12	39.533	416.408	38.1	331	2018-08-17T12:53:25.050159119Z	1.11	cassandra-001	76.55
38.1	5.79	1.19	81.02	834.134	38.1	332	2018-08-17T12:53:32.059004062Z	1.12	cassandra-001	76.55
38.1	5.8	1.13	42.424	419.843	38.1	332	2018-08-17T12:53:39.069019332Z	1.19	cassandra-001	76.55
38.1	5.76	31.06	69.258	830.885	38.1	332	2018-08-17T12:53:46.076639827Z	1.13	cassandra-001	76.55
38.1	10.74	1.21	38.529	417.974	38.1	333	2018-08-17T12:53:53.086657706Z	31.06	cassandra-001	76.55
38.1	6.14	3.02	43.127	442.716	38.1	333	2018-08-17T12:54:00.09319744Z	1.21	cassandra-001	76.55
38.1	6.45	1.28	85.489	817.474	38.1	334	2018-08-17T12:54:07.099910343Z	3.02	cassandra-001	76.55
38.1	6.48	1.11	42.304	422.648	38.1	334	2018-08-17T12:54:14.106202269Z	1.28	cassandra-001	76.56
38.1	6.47	24.85	88.541	834.285	38.1	335	2018-08-17T12:54:21.111673828Z	1.11	cassandra-001	76.56
38.1	10.42	1.13	43.65	424.289	38.1	335	2018-08-17T12:54:28.117753643Z	24.85	cassandra-001	76.56
38.1	5.43	12.3	60.984	593.226	38.1	336	2018-08-17T12:54:35.128620726Z	1.13	cassandra-001	76.56
38.1	7.28	1.12	63.854	681.945	38.1	336	2018-08-17T12:54:42.134788839Z	12.3	cassandra-001	76.57
38.1	6.96	1.03	40.838	425.062	38.1	337	2018-08-17T12:54:49.143773398Z	1.12	cassandra-001	76.56
38.1	6.92	15.6	81.939	852.012	38.1	337	2018-08-17T12:54:56.153826957Z	1.03	cassandra-001	76.57
38.1	9.34	1.11	40.732	424.891	38.1	338	2018-08-17T12:55:03.162071188Z	15.6	cassandra-001	76.57
38.1	5.38	21.71	54.727	626.649	38.1	338	2018-08-17T12:55:10.170243632Z	1.11	cassandra-001	76.58
38.1	8.81	1.43	64.749	645.08	38.1	339	2018-08-17T12:55:17.176994352Z	21.71	cassandra-001	76.58
38.1	7.0	1.21	34.923	419.992	38.1	339	2018-08-17T12:55:24.186264522Z	1.43	cassandra-001	76.58
38.1	7.01	1.53	83.482	851.779	38.1	339	2018-08-17T12:55:31.192882273Z	1.21	cassandra-001	76.59
38.1	7.1	1.08	48.968	426.617	38.1	340	2018-08-17T12:55:38.201008852Z	1.53	cassandra-001	76.59
38.1	4.68	29.42	106.04	871.01	38.1	340	2018-08-17T12:55:45.209785453Z	1.08	cassandra-001	76.59
38.1	9.4	1.05	34.315	425.143	38.1	341	2018-08-17T12:55:52.215986177Z	29.42	cassandra-001	76.59
38.1	5.95	1.14	38.5	427.362	38.1	341	2018-08-17T12:55:59.222925939Z	1.05	cassandra-001	76.59
38.1	5.9	1.55	85.368	860.947	38.1	342	2018-08-17T12:56:06.228881037Z	1.14	cassandra-001	76.6
38.1	5.96	1.17	40.836	432.321	38.1	342	2018-08-17T12:56:13.235298415Z	1.55	cassandra-001	76.6
38.1	5.9	30.43	79.678	862.874	38.1	342	2018-08-17T12:56:20.244266581Z	1.17	cassandra-001	76.6
38.1	10.79	1.21	45.059	430.683	38.1	343	2018-08-17T12:56:27.250729441Z	30.43	cassandra-001	76.6
38.1	6.09	1.08	40.096	429.136	38.1	343	2018-08-17T12:56:34.259578318Z	1.21	cassandra-001	76.61
38.1	6.1	1.15	76.1	861.094	38.1	344	2018-08-17T12:56:41.267247581Z	1.08	cassandra-001	76.61
38.1	6.1	1.17	44.544	434.287	38.1	344	2018-08-17T12:56:48.273702719Z	1.15	cassandra-001	76.61
38.1	6.03	29.38	87.477	869.707	38.1	345	2018-08-17T12:56:55.282170872Z	1.17	cassandra-001	76.62
38.1	10.74	1.13	42.366	430.992	38.1	345	2018-08-17T12:57:02.291573611Z	29.38	cassandra-001	76.62
38.1	5.85	1.14	44.372	433.547	38.1	345	2018-08-17T12:57:09.298395885Z	1.13	cassandra-001	76.62
38.1	5.84	1.04	104.056	881.194	38.1	346	2018-08-17T12:57:16.306229103Z	1.14	cassandra-001	76.62
38.1	5.83	1.21	41.401	436.417	38.1	346	2018-08-17T12:57:23.314850326Z	1.04	cassandra-001	76.62
38.1	5.84	34.7	79.82	873.826	38.1	347	2018-08-17T12:57:30.323608256Z	1.21	cassandra-001	76.63
38.1	11.43	1.43	39.87	435.716	38.1	347	2018-08-17T12:57:37.331042774Z	34.7	cassandra-001	76.63
38.1	6.77	1.15	40.134	438.474	38.1	348	2018-08-17T12:57:44.342289946Z	1.43	cassandra-001	76.63
38.1	6.78	2.37	84.557	871.972	38.1	348	2018-08-17T12:57:51.350290812Z	1.15	cassandra-001	76.63
38.1	6.98	1.1	45.176	436.584	38.1	348	2018-08-17T12:57:58.357220983Z	2.37	cassandra-001	76.63
38.1	6.99	31.53	92.2	881.097	38.1	349	2018-08-17T12:58:05.367772633Z	1.1	cassandra-001	76.64
38.1	12.05	1.03	44.08	443.322	38.1	349	2018-08-17T12:58:12.375561533Z	31.53	cassandra-001	76.64
38.1	6.43	1.16	44.806	438.112	38.1	350	2018-08-17T12:58:19.382058806Z	1.03	cassandra-001	76.64
38.1	6.39	1.14	96.475	888.424	38.1	350	2018-08-17T12:58:26.394542259Z	1.16	cassandra-001	76.64
38.1	6.39	1.2	47.934	442.431	38.1	351	2018-08-17T12:58:33.402641134Z	1.14	cassandra-001	76.65
38.1	6.19	31.42	95.762	882.327	38.1	351	2018-08-17T12:58:40.410868249Z	1.2	cassandra-001	76.65
38.1	11.25	1.26	44.198	449.137	38.1	352	2018-08-17T12:58:47.41748863Z	31.42	cassandra-001	76.65
38.1	6.2	1.0	38.759	440.381	38.1	352	2018-08-17T12:58:54.424048523Z	1.26	cassandra-001	76.65
38.11	6.2	1.23	91.498	883.412	38.11	352	2018-08-17T12:59:01.434168266Z	1.0	cassandra-001	76.34
38.11	6.21	1.5	45.452	445.169	38.11	352	2018-08-17T12:59:08.443609456Z	1.23	cassandra-001	76.33
38.11	6.27	32.7	88.66	879.258	38.11	352	2018-08-17T12:59:15.452814022Z	1.5	cassandra-001	76.34
38.11	11.52	1.22	39.947	439.855	38.11	352	2018-08-17T12:59:22.46064039Z	32.7	cassandra-001	76.34
38.11	6.48	1.22	42.614	434.4	38.11	352	2018-08-17T12:59:29.46935774Z	1.22	cassandra-001	76.34
38.11	6.48	1.06	83.05	883.295	38.11	352	2018-08-17T12:59:36.477701096Z	1.22	cassandra-001	76.35
38.11	6.49	1.23	40.238	440.113	38.11	352	2018-08-17T12:59:43.485684723Z	1.06	cassandra-001	76.35
38.11	6.49	27.94	78.232	874.807	38.11	352	2018-08-17T12:59:50.494725394Z	1.23	cassandra-001	76.35
38.1	10.89	1.23	31.961	434.628	38.1	352	2018-08-17T12:59:57.501823171Z	27.94	cassandra-001	76.35
38.1	5.65	1.13	37.928	436.812	38.1	352	2018-08-17T13:00:04.508930278Z	1.23	cassandra-001	76.35
38.1	5.63	0.99	72.424	873.793	38.1	352	2018-08-17T13:00:11.515707102Z	1.13	cassandra-001	76.35
