memory_rss%	host_moving_avg_cpu	container_cpu%	net_send	net_receive	memory_active_anon%	sensor_count	timestamp	host_cpu	name	memory%
38.11	nan	1.1	442930.335	1765221.77	38.11	2	2018-08-17T09:02:54.219769305Z	0	cassandra-001	75.9
38.11	nan	1.07	1.356	8.663	38.11	7	2018-08-17T09:03:01.226593356Z	1.1	cassandra-001	75.9
38.12	nan	1.37	1.554	10.695	38.12	10	2018-08-17T09:03:08.23306387Z	1.07	cassandra-001	75.9
38.12	nan	6.85	4.437	32.058	38.12	14	2018-08-17T09:03:15.241259414Z	1.37	cassandra-001	75.9
38.12	nan	1.21	2.554	20.302	38.12	18	2018-08-17T09:03:22.251819483Z	6.85	cassandra-001	75.9
38.12	1.93	1.07	3.134	23.111	38.12	21	2018-08-17T09:03:29.25846392Z	1.21	cassandra-001	75.9
38.12	2.11	1.05	6.146	55.371	38.12	24	2018-08-17T09:03:36.265847084Z	1.07	cassandra-001	75.9
38.12	2.1	1.33	3.487	32.093	38.12	28	2018-08-17T09:03:43.272055493Z	1.05	cassandra-001	75.9
38.12	2.15	8.73	8.82	72.633	38.12	30	2018-08-17T09:03:50.277852404Z	1.33	cassandra-001	75.9
38.12	3.37	1.02	3.762	38.672	38.12	33	2018-08-17T09:03:57.285637196Z	8.73	cassandra-001	75.9
38.12	2.4	1.09	4.844	42.376	38.12	36	2018-08-17T09:04:04.292514719Z	1.02	cassandra-001	75.9
38.12	2.38	1.22	9.58	91.922	38.12	38	2018-08-17T09:04:11.299878715Z	1.09	cassandra-001	75.91
38.12	2.41	1.19	5.105	48.907	38.12	41	2018-08-17T09:04:18.30981686Z	1.22	cassandra-001	75.9
38.12	2.43	6.36	11.648	105.712	38.12	43	2018-08-17T09:04:25.316993746Z	1.19	cassandra-001	75.91
38.12	3.27	1.22	6.252	55.929	38.12	45	2018-08-17T09:04:32.324919991Z	6.36	cassandra-001	75.91
38.12	2.02	1.3	6.278	56.626	38.12	47	2018-08-17T09:04:39.333784626Z	1.22	cassandra-001	75.91
38.12	2.06	1.19	10.811	117.248	38.12	49	2018-08-17T09:04:46.344509695Z	1.3	cassandra-001	75.91
38.12	2.08	1.23	7.398	58.674	38.12	51	2018-08-17T09:04:53.352332333Z	1.19	cassandra-001	75.91
38.12	2.08	9.83	14.86	133.987	38.12	53	2018-08-17T09:05:00.360547776Z	1.23	cassandra-001	75.91
38.12	3.52	1.23	7.898	68.722	38.12	55	2018-08-17T09:05:07.367950029Z	9.83	cassandra-001	75.91
38.12	2.67	1.23	8.121	71.718	38.12	57	2018-08-17T09:05:14.378204604Z	1.23	cassandra-001	75.91
38.12	2.67	1.15	17.232	144.809	38.12	59	2018-08-17T09:05:21.386232856Z	1.23	cassandra-001	75.91
38.12	2.64	1.14	8.622	73.49	38.12	61	2018-08-17T09:05:28.394021443Z	1.15	cassandra-001	75.91
38.12	2.64	7.68	15.262	151.91	38.12	63	2018-08-17T09:05:35.402785045Z	1.14	cassandra-001	75.91
38.12	3.71	2.21	9.227	80.38	38.12	65	2018-08-17T09:05:42.411227741Z	7.68	cassandra-001	75.92
38.12	2.44	1.34	9.966	82.289	38.12	66	2018-08-17T09:05:49.420391922Z	2.21	cassandra-001	75.91
38.12	2.46	1.13	17.568	167.815	38.12	68	2018-08-17T09:05:56.429652012Z	1.34	cassandra-001	75.91
38.12	2.44	1.39	9.186	85.644	38.12	70	2018-08-17T09:06:03.437310203Z	1.13	cassandra-001	75.91
38.12	2.48	8.51	20.284	179.122	38.12	72	2018-08-17T09:06:10.447586462Z	1.39	cassandra-001	75.92
38.12	3.71	1.2	10.451	92.608	38.12	73	2018-08-17T09:06:17.454478769Z	8.51	cassandra-001	75.92
38.11	2.63	103.18	8.854	87.089	38.11	75	2018-08-17T09:06:24.462588229Z	1.2	cassandra-001	75.78
38.11	19.46	1.22	19.33	189.95	38.11	77	2018-08-17T09:06:31.470152387Z	103.18	cassandra-001	75.58
38.11	19.44	1.23	11.466	98.229	38.11	78	2018-08-17T09:06:38.481171694Z	1.22	cassandra-001	75.58
38.11	19.46	11.53	22.719	200.403	38.11	80	2018-08-17T09:06:45.491706274Z	1.23	cassandra-001	75.58
38.11	21.15	1.14	8.97	99.086	38.11	81	2018-08-17T09:06:52.499345032Z	11.53	cassandra-001	75.58
38.11	19.92	1.01	8.666	102.439	38.11	83	2018-08-17T09:06:59.506874155Z	1.14	cassandra-001	75.58
38.11	19.89	1.39	20.894	209.06	38.11	84	2018-08-17T09:07:06.513213005Z	1.01	cassandra-001	75.58
38.11	2.92	1.38	9.931	104.955	38.11	86	2018-08-17T09:07:13.519821416Z	1.39	cassandra-001	75.58
38.11	2.95	14.74	19.334	210.757	38.11	87	2018-08-17T09:07:20.527846109Z	1.38	cassandra-001	75.58
38.11	5.2	1.18	11.62	111.254	38.11	89	2018-08-17T09:07:27.535754417Z	14.74	cassandra-001	75.58
38.11	3.47	1.11	12.834	112.596	38.11	90	2018-08-17T09:07:34.54637702Z	1.18	cassandra-001	75.58
38.11	3.47	2.09	26.907	229.599	38.11	92	2018-08-17T09:07:41.553734285Z	1.11	cassandra-001	75.58
38.11	3.65	1.13	12.648	115.04	38.11	93	2018-08-17T09:07:48.560640033Z	2.09	cassandra-001	75.58
38.11	3.61	11.47	24.978	238.914	38.11	94	2018-08-17T09:07:55.570698019Z	1.13	cassandra-001	75.58
38.11	5.29	1.23	12.396	118.548	38.11	96	2018-08-17T09:08:02.578712433Z	11.47	cassandra-001	75.58
38.11	3.04	1.25	11.762	119.352	38.11	97	2018-08-17T09:08:09.587059197Z	1.23	cassandra-001	75.58
38.11	3.05	1.11	25.225	246.377	38.11	98	2018-08-17T09:08:16.599563395Z	1.25	cassandra-001	75.58
38.11	3.05	1.38	9.847	121.004	38.11	100	2018-08-17T09:08:23.609242694Z	1.11	cassandra-001	75.58
38.11	2.93	12.23	20.934	245.8	38.11	101	2018-08-17T09:08:30.615756188Z	1.38	cassandra-001	75.58
38.11	4.78	1.12	14.73	128.703	38.11	102	2018-08-17T09:08:37.623716337Z	12.23	cassandra-001	75.59
38.11	3.05	1.11	11.891	128.105	38.11	104	2018-08-17T09:08:44.630055387Z	1.12	cassandra-001	75.58
38.11	3.03	1.31	27.61	262.706	38.11	105	2018-08-17T09:08:51.638253357Z	1.11	cassandra-001	75.59
38.11	3.04	1.16	12.326	128.673	38.11	106	2018-08-17T09:08:58.64906448Z	1.31	cassandra-001	75.59
38.11	3.05	19.76	25.72	265.295	38.11	108	2018-08-17T09:09:05.657767209Z	1.16	cassandra-001	75.59
38.11	6.12	1.12	14.687	135.031	38.11	109	2018-08-17T09:09:12.666208146Z	19.76	cassandra-001	75.59
38.11	4.26	1.14	15.07	135.111	38.11	110	2018-08-17T09:09:19.6747162Z	1.12	cassandra-001	75.59
38.11	4.27	1.03	22.694	275.054	38.11	111	2018-08-17T09:09:26.683016772Z	1.14	cassandra-001	75.59
38.11	4.25	1.22	12.706	140.214	38.11	113	2018-08-17T09:09:33.691725582Z	1.03	cassandra-001	75.59
38.11	4.24	12.54	23.062	278.683	38.11	114	2018-08-17T09:09:40.700056563Z	1.22	cassandra-001	75.59
38.11	6.14	1.14	13.259	138.844	38.11	115	2018-08-17T09:09:47.707927053Z	12.54	cassandra-001	75.59
38.11	3.03	1.1	14.104	144.707	38.11	116	2018-08-17T09:09:54.7162973Z	1.14	cassandra-001	75.59
38.11	3.03	1.05	34.688	294.655	38.11	117	2018-08-17T09:10:01.722796825Z	1.1	cassandra-001	75.59
38.11	3.01	1.03	18.274	149.746	38.11	119	2018-08-17T09:10:08.730138768Z	1.05	cassandra-001	75.6
38.11	3.01	14.75	34.237	297.713	38.11	120	2018-08-17T09:10:15.737919321Z	1.03	cassandra-001	75.6
38.11	5.27	1.17	17.996	151.714	38.11	121	2018-08-17T09:10:22.746901865Z	14.75	cassandra-001	75.6
38.11	3.37	0.97	18.682	153.27	38.11	122	2018-08-17T09:10:29.758584779Z	1.17	cassandra-001	75.6
38.11	3.34	1.27	36.624	311.872	38.11	123	2018-08-17T09:10:36.771798838Z	0.97	cassandra-001	75.6
38.11	3.37	1.2	19.235	158.438	38.11	124	2018-08-17T09:10:43.780384862Z	1.27	cassandra-001	75.6
38.11	3.4	14.4	31.672	312.721	38.11	125	2018-08-17T09:10:50.787217954Z	1.2	cassandra-001	75.6
38.11	5.63	1.14	15.38	158.294	38.11	126	2018-08-17T09:10:57.796741302Z	14.4	cassandra-001	75.6
38.11	3.36	1.21	16.832	157.681	38.11	127	2018-08-17T09:11:04.804402694Z	1.14	cassandra-001	75.6
38.11	3.36	2.63	31.273	320.902	38.11	129	2018-08-17T09:11:11.811651187Z	1.21	cassandra-001	75.6
38.11	3.64	1.12	17.636	163.911	38.11	130	2018-08-17T09:11:18.819792798Z	2.63	cassandra-001	75.6
38.11	3.62	12.74	27.84	324.526	38.11	131	2018-08-17T09:11:25.826448677Z	1.12	cassandra-001	75.61
38.11	5.54	1.19	16.632	166.898	38.11	132	2018-08-17T09:11:32.833584196Z	12.74	cassandra-001	75.61
38.11	3.34	1.29	14.678	162.314	38.11	133	2018-08-17T09:11:39.84055167Z	1.19	cassandra-001	75.61
38.11	3.36	1.2	28.299	332.294	38.11	134	2018-08-17T09:11:46.849698941Z	1.29	cassandra-001	75.61
38.11	3.36	1.29	17.238	169.968	38.11	135	2018-08-17T09:11:53.861436698Z	1.2	cassandra-001	75.61
38.11	3.14	16.5	31.096	338.86	38.11	136	2018-08-17T09:12:00.868072425Z	1.29	cassandra-001	75.61
38.11	5.7	1.36	13.924	168.883	38.11	137	2018-08-17T09:12:07.878115032Z	16.5	cassandra-001	75.61
38.11	3.8	2.87	13.857	170.183	38.11	138	2018-08-17T09:12:14.886226055Z	1.36	cassandra-001	75.61
38.11	4.08	1.2	30.526	342.49	38.11	139	2018-08-17T09:12:21.893681159Z	2.87	cassandra-001	75.61
38.11	4.07	1.09	13.87	171.817	38.11	140	2018-08-17T09:12:28.90271192Z	1.2	cassandra-001	75.61
38.11	4.05	15.05	32.834	348.717	38.11	141	2018-08-17T09:12:35.913053056Z	1.09	cassandra-001	75.62
38.11	6.34	1.13	16.865	177.567	38.11	142	2018-08-17T09:12:42.921653023Z	15.05	cassandra-001	75.62
38.11	3.78	1.08	13.288	176.958	38.11	143	2018-08-17T09:12:49.93009499Z	1.13	cassandra-001	75.62
38.11	3.74	1.27	30.522	356.683	38.11	144	2018-08-17T09:12:56.941343806Z	1.08	cassandra-001	75.62
38.11	3.47	1.17	15.122	180.539	38.11	145	2018-08-17T09:13:03.951379297Z	1.27	cassandra-001	75.62
38.11	3.46	15.12	30.652	360.813	38.11	146	2018-08-17T09:13:10.958076489Z	1.17	cassandra-001	75.62
38.11	5.8	1.21	21.232	180.998	38.11	147	2018-08-17T09:13:17.967650365Z	15.12	cassandra-001	75.62
38.11	3.5	1.1	17.774	184.747	38.11	148	2018-08-17T09:13:24.975124775Z	1.21	cassandra-001	75.62
38.11	3.49	1.13	32.168	364.194	38.11	149	2018-08-17T09:13:31.984103858Z	1.1	cassandra-001	75.62
38.11	3.5	1.12	16.77	185.973	38.11	150	2018-08-17T09:13:38.991773519Z	1.13	cassandra-001	75.62
38.11	3.47	15.34	37.327	381.137	38.11	151	2018-08-17T09:13:46.000018237Z	1.12	cassandra-001	75.63
38.11	5.84	1.24	17.02	189.162	38.11	152	2018-08-17T09:13:53.011259036Z	15.34	cassandra-001	75.63
38.11	3.52	1.16	19.686	193.85	38.11	153	2018-08-17T09:14:00.019220935Z	1.24	cassandra-001	75.63
38.11	3.52	1.26	40.454	384.715	38.11	154	2018-08-17T09:14:07.026448609Z	1.16	cassandra-001	75.63
38.11	3.54	1.14	20.965	192.084	38.11	155	2018-08-17T09:14:14.033656066Z	1.26	cassandra-001	75.63
38.11	3.54	17.09	36.598	390.662	38.11	156	2018-08-17T09:14:21.042752668Z	1.14	cassandra-001	75.63
38.11	6.21	1.22	18.404	196.129	38.11	157	2018-08-17T09:14:28.049761119Z	17.09	cassandra-001	75.63
38.11	3.85	1.13	20.912	196.013	38.11	157	2018-08-17T09:14:35.056919032Z	1.22	cassandra-001	75.63
38.11	3.83	2.18	43.129	394.097	38.11	158	2018-08-17T09:14:42.065356959Z	1.13	cassandra-001	75.63
38.11	4.0	1.03	23.736	198.976	38.11	159	2018-08-17T09:14:49.073854227Z	2.18	cassandra-001	75.63
38.11	3.97	16.46	40.343	401.072	38.11	160	2018-08-17T09:14:56.07982588Z	1.03	cassandra-001	75.63
38.11	6.52	1.11	21.742	202.362	38.11	161	2018-08-17T09:15:03.088945357Z	16.46	cassandra-001	75.64
38.11	3.86	8.92	36.889	351.641	38.11	162	2018-08-17T09:15:10.094877596Z	1.11	cassandra-001	75.64
38.11	5.14	0.98	27.82	259.823	38.11	163	2018-08-17T09:15:17.101285595Z	8.92	cassandra-001	75.64
38.11	5.11	1.16	23.602	205.731	38.11	164	2018-08-17T09:15:24.111581512Z	0.98	cassandra-001	75.64
38.11	4.94	3.17	39.112	404.965	38.11	165	2018-08-17T09:15:31.118117872Z	1.16	cassandra-001	75.64
38.11	5.3	1.07	21.608	208.152	38.11	165	2018-08-17T09:15:38.126488812Z	3.17	cassandra-001	75.64
38.11	2.73	16.27	44.667	421.986	38.11	166	2018-08-17T09:15:45.134863849Z	1.07	cassandra-001	75.65
38.11	5.26	1.24	23.482	208.17	38.11	167	2018-08-17T09:15:52.141124518Z	16.27	cassandra-001	75.65
38.11	3.98	1.01	21.396	211.915	38.11	168	2018-08-17T09:15:59.148015549Z	1.24	cassandra-001	75.65
38.11	3.99	1.13	50.566	430.309	38.11	169	2018-08-17T09:16:06.155619721Z	1.01	cassandra-001	75.65
38.11	3.98	1.05	19.573	210.287	38.11	170	2018-08-17T09:16:13.162281908Z	1.13	cassandra-001	75.65
38.11	3.63	15.7	40.242	423.124	38.11	171	2018-08-17T09:16:20.170768536Z	1.05	cassandra-001	75.65
38.11	6.07	1.09	25.064	217.438	38.11	172	2018-08-17T09:16:27.178542313Z	15.7	cassandra-001	75.65
38.11	3.54	1.23	26.054	221.34	38.11	172	2018-08-17T09:16:34.186590082Z	1.09	cassandra-001	75.65
38.11	3.54	1.08	46.708	435.2	38.11	173	2018-08-17T09:16:41.195817132Z	1.23	cassandra-001	75.65
38.11	3.55	1.14	25.485	219.32	38.11	174	2018-08-17T09:16:48.206751503Z	1.08	cassandra-001	75.65
38.11	3.55	18.56	38.734	435.983	38.11	175	2018-08-17T09:16:55.213831345Z	1.14	cassandra-001	75.66
38.11	6.47	1.14	19.888	217.429	38.11	176	2018-08-17T09:17:02.221622134Z	18.56	cassandra-001	75.66
38.11	4.04	1.06	24.798	221.872	38.11	177	2018-08-17T09:17:09.230394222Z	1.14	cassandra-001	75.66
38.11	4.04	1.11	41.345	441.921	38.11	177	2018-08-17T09:17:16.237070486Z	1.06	cassandra-001	75.66
38.11	4.02	1.07	19.478	221.351	38.11	178	2018-08-17T09:17:23.243848378Z	1.11	cassandra-001	75.66
38.11	4.01	17.92	38.044	444.476	38.11	179	2018-08-17T09:17:30.254742416Z	1.07	cassandra-001	75.66
38.11	6.81	1.15	20.256	220.618	38.11	180	2018-08-17T09:17:37.263084252Z	17.92	cassandra-001	75.66
38.11	3.91	1.22	18.473	222.771	38.11	181	2018-08-17T09:17:44.271099611Z	1.15	cassandra-001	75.66
38.11	3.92	1.09	45.144	453.984	38.11	181	2018-08-17T09:17:51.277922631Z	1.22	cassandra-001	75.66
38.11	3.93	1.14	22.09	228.922	38.11	182	2018-08-17T09:17:58.28691234Z	1.09	cassandra-001	75.67
38.11	3.93	20.92	43.334	454.809	38.11	183	2018-08-17T09:18:05.293729682Z	1.14	cassandra-001	75.67
38.11	7.24	2.15	18.815	230.406	38.11	184	2018-08-17T09:18:12.300921806Z	20.92	cassandra-001	75.67
38.11	4.61	0.96	20.518	231.175	38.11	185	2018-08-17T09:18:19.30863298Z	2.15	cassandra-001	75.67
38.11	4.58	1.01	43.372	466.185	38.11	185	2018-08-17T09:18:26.315458035Z	0.96	cassandra-001	75.67
38.11	4.55	1.02	21.798	233.436	38.11	186	2018-08-17T09:18:33.321366339Z	1.01	cassandra-001	75.67
38.11	4.53	20.35	45.39	469.991	38.11	187	2018-08-17T09:18:40.327812833Z	1.02	cassandra-001	75.68
38.11	7.74	1.14	20.833	235.742	38.11	188	2018-08-17T09:18:47.337035339Z	20.35	cassandra-001	75.68
38.11	4.44	1.27	23.46	236.95	38.11	189	2018-08-17T09:18:54.345439017Z	1.14	cassandra-001	75.67
38.11	4.29	1.13	53.744	479.935	38.11	189	2018-08-17T09:19:01.352444457Z	1.27	cassandra-001	75.68
38.1	4.32	1.15	22.1	238.152	38.1	190	2018-08-17T09:19:08.358920857Z	1.13	cassandra-001	75.67
38.1	4.34	19.82	45.967	481.764	38.1	191	2018-08-17T09:19:15.36596149Z	1.15	cassandra-001	75.68
38.1	7.48	1.22	21.558	238.117	38.1	192	2018-08-17T09:19:22.373319102Z	19.82	cassandra-001	75.68
38.1	4.29	1.25	17.096	235.768	38.1	193	2018-08-17T09:19:29.382476456Z	1.22	cassandra-001	75.68
38.1	4.31	1.1	41.874	482.204	38.1	193	2018-08-17T09:19:36.391533136Z	1.25	cassandra-001	75.68
38.1	4.28	1.18	23.167	246.582	38.1	194	2018-08-17T09:19:43.4013414Z	1.1	cassandra-001	75.68
38.1	4.29	20.45	43.034	481.889	38.1	195	2018-08-17T09:19:50.410446827Z	1.18	cassandra-001	75.68
38.1	7.5	1.08	22.256	246.023	38.1	196	2018-08-17T09:19:57.417126408Z	20.45	cassandra-001	75.68
38.1	4.38	1.22	24.196	246.148	38.1	197	2018-08-17T09:20:04.424507397Z	1.08	cassandra-001	75.68
38.1	4.38	1.22	48.22	497.809	38.1	197	2018-08-17T09:20:11.431166292Z	1.22	cassandra-001	75.69
38.1	4.38	1.25	23.482	248.037	38.1	198	2018-08-17T09:20:18.44147946Z	1.22	cassandra-001	75.69
38.1	4.4	20.59	47.572	495.366	38.1	199	2018-08-17T09:20:25.450169144Z	1.25	cassandra-001	75.69
38.1	7.64	1.29	26.188	254.058	38.1	200	2018-08-17T09:20:32.459993508Z	20.59	cassandra-001	75.69
38.1	4.44	1.13	25.422	251.555	38.1	200	2018-08-17T09:20:39.467526246Z	1.29	cassandra-001	75.7
38.1	4.45	1.26	49.853	508.564	38.1	201	2018-08-17T09:20:46.476989991Z	1.13	cassandra-001	75.7
38.1	4.46	1.13	22.808	252.533	38.1	202	2018-08-17T09:20:53.484315121Z	1.26	cassandra-001	75.7
38.1	4.44	24.77	41.879	502.963	38.1	203	2018-08-17T09:21:00.497974828Z	1.13	cassandra-001	75.7
38.1	8.36	1.4	20.55	250.658	38.1	203	2018-08-17T09:21:07.507959933Z	24.77	cassandra-001	75.7
38.1	5.16	1.21	22.899	255.091	38.1	204	2018-08-17T09:21:14.517703419Z	1.4	cassandra-001	75.7
38.1	5.15	1.07	41.548	504.085	38.1	205	2018-08-17T09:21:21.524186406Z	1.21	cassandra-001	75.7
38.1	5.14	1.14	24.826	256.611	38.1	206	2018-08-17T09:21:28.530972791Z	1.07	cassandra-001	75.7
38.1	5.12	34.05	53.968	519.571	38.1	206	2018-08-17T09:21:35.538546112Z	1.14	cassandra-001	75.71
38.1	10.61	1.97	28.481	263.869	38.1	207	2018-08-17T09:21:42.54983275Z	34.05	cassandra-001	75.71
38.1	6.81	1.05	30.356	263.729	38.1	208	2018-08-17T09:21:49.55758075Z	1.97	cassandra-001	75.71
38.1	6.75	1.25	57.174	527.078	38.1	209	2018-08-17T09:21:56.568128367Z	1.05	cassandra-001	75.71
38.1	6.76	1.07	29.748	266.56	38.1	209	2018-08-17T09:22:03.575552435Z	1.25	cassandra-001	75.71
38.1	6.76	21.17	56.288	530.886	38.1	210	2018-08-17T09:22:10.583484758Z	1.07	cassandra-001	75.71
38.1	10.09	1.15	25.325	262.623	38.1	211	2018-08-17T09:22:17.589736932Z	21.17	cassandra-001	75.72
38.1	4.61	1.13	21.352	261.392	38.1	212	2018-08-17T09:22:24.596611355Z	1.15	cassandra-001	75.71
38.1	4.47	1.13	44.974	530.154	38.1	212	2018-08-17T09:22:31.602933852Z	1.13	cassandra-001	75.72
38.1	4.48	1.12	23.028	261.855	38.1	213	2018-08-17T09:22:38.610850626Z	1.13	cassandra-001	75.72
38.1	4.46	21.8	55.915	538.58	38.1	214	2018-08-17T09:22:45.616852183Z	1.12	cassandra-001	75.72
38.1	7.92	1.1	26.38	270.475	38.1	214	2018-08-17T09:22:52.623905016Z	21.8	cassandra-001	75.72
38.1	4.57	1.1	29.944	268.659	38.1	215	2018-08-17T09:22:59.635162263Z	1.1	cassandra-001	75.72
38.1	4.56	1.67	54.528	540.387	38.1	216	2018-08-17T09:23:06.643461386Z	1.1	cassandra-001	75.73
38.1	4.65	1.12	27.329	272.243	38.1	217	2018-08-17T09:23:13.651939522Z	1.67	cassandra-001	75.73
38.1	4.65	20.49	64.176	556.127	38.1	217	2018-08-17T09:23:20.659552568Z	1.12	cassandra-001	75.73
38.1	7.88	1.12	29.692	275.386	38.1	218	2018-08-17T09:23:27.665647274Z	20.49	cassandra-001	75.73
38.1	4.43	1.35	26.88	273.147	38.1	219	2018-08-17T09:23:34.6742094Z	1.12	cassandra-001	75.73
38.1	4.48	1.15	63.092	559.025	38.1	219	2018-08-17T09:23:41.680721622Z	1.35	cassandra-001	75.73
38.1	4.48	1.1	31.169	279.943	38.1	220	2018-08-17T09:23:48.689154213Z	1.15	cassandra-001	75.73
38.1	4.39	19.53	58.616	554.6	38.1	221	2018-08-17T09:23:55.6971371Z	1.1	cassandra-001	75.74
38.1	7.46	1.04	28.66	281.078	38.1	221	2018-08-17T09:24:02.704977546Z	19.53	cassandra-001	75.74
38.1	4.22	1.01	28.74	278.155	38.1	222	2018-08-17T09:24:09.712898427Z	1.04	cassandra-001	75.74
38.1	4.2	1.11	53.149	551.686	38.1	223	2018-08-17T09:24:16.719867774Z	1.01	cassandra-001	75.74
38.1	4.16	1.04	28.462	281.38	38.1	223	2018-08-17T09:24:23.726818162Z	1.11	cassandra-001	75.74
38.1	4.14	21.53	61.834	569.965	38.1	224	2018-08-17T09:24:30.737916508Z	1.04	cassandra-001	75.74
38.1	7.54	1.16	28.026	284.035	38.1	225	2018-08-17T09:24:37.745334288Z	21.53	cassandra-001	75.74
38.1	4.48	1.33	27.629	285.185	38.1	226	2018-08-17T09:24:44.752411382Z	1.16	cassandra-001	75.74
38.1	4.53	1.25	56.13	566.487	38.1	226	2018-08-17T09:24:51.760328118Z	1.33	cassandra-001	75.75
38.1	4.57	1.05	30.19	287.252	38.1	227	2018-08-17T09:24:58.768699948Z	1.25	cassandra-001	75.75
38.1	4.56	20.86	57.264	566.409	38.1	228	2018-08-17T09:25:05.776084508Z	1.05	cassandra-001	75.75
38.1	7.86	2.06	26.915	287.833	38.1	228	2018-08-17T09:25:12.78415912Z	20.86	cassandra-001	75.75
38.1	4.62	1.18	23.444	287.292	38.1	229	2018-08-17T09:25:19.791009494Z	2.06	cassandra-001	75.75
38.1	4.62	1.01	48.524	574.645	38.1	230	2018-08-17T09:25:26.79986386Z	1.18	cassandra-001	75.76
38.1	4.57	1.17	22.81	286.438	38.1	230	2018-08-17T09:25:33.809709989Z	1.01	cassandra-001	75.76
38.1	4.56	19.22	50.952	573.758	38.1	231	2018-08-17T09:25:40.81865695Z	1.17	cassandra-001	75.76
38.1	7.58	1.21	33.461	294.044	38.1	232	2018-08-17T09:25:47.82626729Z	19.22	cassandra-001	75.76
38.1	4.31	1.19	29.594	285.02	38.1	232	2018-08-17T09:25:54.84146254Z	1.21	cassandra-001	75.76
38.1	4.16	1.34	60.692	581.338	38.1	233	2018-08-17T09:26:01.848503724Z	1.19	cassandra-001	75.76
38.1	4.19	1.15	29.778	289.215	38.1	234	2018-08-17T09:26:08.856066924Z	1.34	cassandra-001	75.77
38.1	4.21	26.8	59.753	581.78	38.1	234	2018-08-17T09:26:15.86332639Z	1.15	cassandra-001	75.77
38.11	8.49	1.1	24.524	290.191	38.1	235	2018-08-17T09:26:22.870046402Z	26.8	cassandra-001	75.77
38.11	5.47	1.16	25.54	291.32	38.11	235	2018-08-17T09:26:29.87705754Z	1.1	cassandra-001	75.77
38.11	5.46	1.22	51.608	584.802	38.11	236	2018-08-17T09:26:36.890300939Z	1.16	cassandra-001	75.77
38.11	5.46	1.14	22.239	292.84	38.11	237	2018-08-17T09:26:43.900814878Z	1.22	cassandra-001	75.77
38.11	5.43	25.29	53.6	591.079	38.11	237	2018-08-17T09:26:50.91245487Z	1.14	cassandra-001	75.78
38.11	9.45	1.19	25.724	298.776	38.11	238	2018-08-17T09:26:57.919003516Z	25.29	cassandra-001	75.78
38.11	5.18	1.34	27.4	300.281	38.11	239	2018-08-17T09:27:04.926048015Z	1.19	cassandra-001	75.78
38.11	5.22	1.3	67.828	602.641	38.11	239	2018-08-17T09:27:11.938186535Z	1.34	cassandra-001	75.78
38.11	5.25	1.22	33.603	305.32	38.11	240	2018-08-17T09:27:18.949712557Z	1.3	cassandra-001	75.78
38.11	5.25	21.87	61.108	609.327	38.11	241	2018-08-17T09:27:25.958479913Z	1.22	cassandra-001	75.78
38.11	8.7	1.14	35.728	304.991	38.11	241	2018-08-17T09:27:32.965704574Z	21.87	cassandra-001	75.78
38.11	4.68	0.93	31.108	301.443	38.11	242	2018-08-17T09:27:39.974141651Z	1.14	cassandra-001	75.79
38.11	4.63	1.12	55.219	609.805	38.11	242	2018-08-17T09:27:46.982343668Z	0.93	cassandra-001	75.79
38.11	4.6	1.04	27.042	306.592	38.11	243	2018-08-17T09:27:53.989332838Z	1.12	cassandra-001	75.79
38.11	4.55	26.82	59.218	611.979	38.11	244	2018-08-17T09:28:01.002547904Z	1.04	cassandra-001	75.79
38.11	8.82	1.1	32.902	303.0	38.11	244	2018-08-17T09:28:08.010241641Z	26.82	cassandra-001	75.8
38.11	5.36	2.8	30.235	305.792	38.11	245	2018-08-17T09:28:15.022825998Z	1.1	cassandra-001	75.79
38.11	5.64	1.2	63.216	611.131	38.11	246	2018-08-17T09:28:22.031804471Z	2.8	cassandra-001	75.8
38.11	5.68	1.0	30.552	307.368	38.11	246	2018-08-17T09:28:29.03852007Z	1.2	cassandra-001	75.8
38.11	5.66	22.47	63.136	617.169	38.11	247	2018-08-17T09:28:36.046528925Z	1.0	cassandra-001	75.8
38.11	9.23	2.29	31.369	313.71	38.11	247	2018-08-17T09:28:43.055602636Z	22.47	cassandra-001	75.8
38.11	5.14	1.16	31.33	312.708	38.11	248	2018-08-17T09:28:50.063389261Z	2.29	cassandra-001	75.8
38.11	5.15	1.31	58.422	626.227	38.11	249	2018-08-17T09:28:57.071523113Z	1.16	cassandra-001	75.81
38.11	4.91	1.18	32.966	316.353	38.11	249	2018-08-17T09:29:04.079323813Z	1.31	cassandra-001	75.8
38.11	4.9	20.46	63.556	631.071	38.11	250	2018-08-17T09:29:11.086027385Z	1.18	cassandra-001	75.81
38.11	8.15	1.09	34.219	316.162	38.11	251	2018-08-17T09:29:18.094656662Z	20.46	cassandra-001	75.81
38.11	4.58	5.91	39.248	363.235	38.11	251	2018-08-17T09:29:25.1026589Z	1.09	cassandra-001	75.81
38.11	5.19	1.22	54.79	582.367	38.11	252	2018-08-17T09:29:32.111043379Z	5.91	cassandra-001	75.81
38.11	5.2	1.14	27.434	314.857	38.11	252	2018-08-17T09:29:39.119298362Z	1.22	cassandra-001	75.82
38.11	5.17	22.84	55.765	625.267	38.11	253	2018-08-17T09:29:46.126683779Z	1.14	cassandra-001	75.82
38.11	8.78	1.04	24.556	312.794	38.11	253	2018-08-17T09:29:53.134357993Z	22.84	cassandra-001	75.82
38.11	5.54	13.28	45.308	523.645	38.11	254	2018-08-17T09:30:00.142899582Z	1.04	cassandra-001	75.82
38.11	7.57	5.0	39.434	429.261	38.11	255	2018-08-17T09:30:07.155863831Z	13.28	cassandra-001	75.83
38.11	7.42	1.19	29.795	315.507	38.11	255	2018-08-17T09:30:14.164413903Z	5.0	cassandra-001	75.82
38.11	7.42	9.66	61.36	634.623	38.11	256	2018-08-17T09:30:21.173416917Z	1.19	cassandra-001	75.83
38.11	8.84	1.24	26.35	319.82	38.11	257	2018-08-17T09:30:28.182134972Z	9.66	cassandra-001	75.83
38.11	5.24	22.97	71.734	643.89	38.11	257	2018-08-17T09:30:35.189114149Z	1.24	cassandra-001	75.83
38.11	8.89	1.17	31.854	325.325	38.11	258	2018-08-17T09:30:42.197449017Z	22.97	cassandra-001	75.83
38.11	6.87	1.19	29.543	322.446	38.11	258	2018-08-17T09:30:49.205007763Z	1.17	cassandra-001	75.83
38.11	6.24	1.21	62.308	646.503	38.11	259	2018-08-17T09:30:56.211883082Z	1.19	cassandra-001	75.84
38.11	6.24	1.23	31.444	325.306	38.11	260	2018-08-17T09:31:03.223167044Z	1.21	cassandra-001	75.84
38.11	4.84	20.18	78.358	663.496	38.11	260	2018-08-17T09:31:10.230468341Z	1.23	cassandra-001	75.84
38.11	7.99	1.19	40.023	322.836	38.11	261	2018-08-17T09:31:17.239519076Z	20.18	cassandra-001	75.84
38.11	4.36	1.11	34.466	327.889	38.11	261	2018-08-17T09:31:24.247249078Z	1.19	cassandra-001	75.84
38.11	4.35	1.08	78.04	657.96	38.11	262	2018-08-17T09:31:31.258086439Z	1.11	cassandra-001	75.84
38.11	4.33	1.12	38.122	329.748	38.11	263	2018-08-17T09:31:38.26658677Z	1.08	cassandra-001	75.85
38.11	4.32	28.04	68.6	661.876	38.11	263	2018-08-17T09:31:45.274113897Z	1.12	cassandra-001	75.85
38.11	8.79	1.17	31.416	331.676	38.11	264	2018-08-17T09:31:52.281609516Z	28.04	cassandra-001	75.85
38.11	5.62	1.01	29.99	331.488	38.11	264	2018-08-17T09:31:59.288064537Z	1.17	cassandra-001	75.85
38.11	5.59	1.05	69.946	670.827	38.11	265	2018-08-17T09:32:06.296025145Z	1.01	cassandra-001	75.85
38.11	5.58	2.31	31.771	335.842	38.11	265	2018-08-17T09:32:13.304962218Z	1.05	cassandra-001	75.85
38.11	5.78	26.67	72.532	664.12	38.11	266	2018-08-17T09:32:20.313247555Z	2.31	cassandra-001	75.86
38.11	10.04	1.04	32.88	336.335	38.11	267	2018-08-17T09:32:27.319484798Z	26.67	cassandra-001	75.86
38.11	5.54	1.08	35.744	337.821	38.11	267	2018-08-17T09:32:34.32701615Z	1.04	cassandra-001	75.86
38.11	5.53	1.0	69.97	671.313	38.11	268	2018-08-17T09:32:41.334986402Z	1.08	cassandra-001	75.86
38.11	5.53	1.03	39.637	335.223	38.11	268	2018-08-17T09:32:48.342383452Z	1.0	cassandra-001	75.86
38.11	5.52	28.34	67.25	671.037	38.11	269	2018-08-17T09:32:55.355911474Z	1.03	cassandra-001	75.87
38.11	9.86	1.05	35.4	341.817	38.11	269	2018-08-17T09:33:02.364780969Z	28.34	cassandra-001	75.87
38.11	5.59	1.16	36.324	338.328	38.11	270	2018-08-17T09:33:09.371663148Z	1.05	cassandra-001	75.87
38.11	5.61	1.22	59.341	670.343	38.11	271	2018-08-17T09:33:16.3803442Z	1.16	cassandra-001	75.87
38.11	5.63	1.2	25.156	337.024	38.11	271	2018-08-17T09:33:23.389653788Z	1.22	cassandra-001	75.87
38.11	5.67	25.05	61.202	681.29	38.11	272	2018-08-17T09:33:30.396928703Z	1.2	cassandra-001	75.88
38.11	9.67	0.98	31.65	340.764	38.11	272	2018-08-17T09:33:37.406972376Z	25.05	cassandra-001	75.88
38.11	5.11	1.16	31.029	343.47	38.11	273	2018-08-17T09:33:44.416645903Z	0.98	cassandra-001	75.88
38.11	5.13	1.17	69.16	692.386	38.11	273	2018-08-17T09:33:51.423281061Z	1.16	cassandra-001	75.88
38.11	5.13	1.07	39.002	348.33	38.11	274	2018-08-17T09:33:58.429925472Z	1.17	cassandra-001	75.88
38.11	5.11	25.75	75.878	685.238	38.11	275	2018-08-17T09:34:05.438343517Z	1.07	cassandra-001	75.89
38.11	9.2	1.08	32.718	344.679	38.11	275	2018-08-17T09:34:12.447148964Z	25.75	cassandra-001	75.89
38.11	5.2	1.22	35.463	345.213	38.11	276	2018-08-17T09:34:19.456204752Z	1.08	cassandra-001	75.89
38.11	5.24	1.17	71.534	693.564	38.11	276	2018-08-17T09:34:26.463478956Z	1.22	cassandra-001	75.89
38.11	5.24	1.07	39.014	351.823	38.11	277	2018-08-17T09:34:33.469780015Z	1.17	cassandra-001	75.89
38.11	5.23	23.08	81.842	706.924	38.11	277	2018-08-17T09:34:40.476376394Z	1.07	cassandra-001	75.9
38.11	8.9	1.13	31.819	347.792	38.11	278	2018-08-17T09:34:47.483283724Z	23.08	cassandra-001	75.97
38.11	4.79	1.25	34.314	349.643	38.11	278	2018-08-17T09:34:54.490620278Z	1.13	cassandra-001	75.97
38.11	4.82	1.03	73.776	702.765	38.11	279	2018-08-17T09:35:01.498163232Z	1.25	cassandra-001	75.97
38.11	4.79	1.13	37.574	355.395	38.11	280	2018-08-17T09:35:08.50522391Z	1.03	cassandra-001	75.98
38.11	4.78	26.54	69.999	709.373	38.11	280	2018-08-17T09:35:15.512421563Z	1.13	cassandra-001	75.98
38.11	9.03	1.15	37.006	356.055	38.11	281	2018-08-17T09:35:22.521441121Z	26.54	cassandra-001	75.98
38.11	5.37	0.96	36.082	349.023	38.11	281	2018-08-17T09:35:29.527707866Z	1.15	cassandra-001	75.99
38.11	5.34	1.22	71.754	709.083	38.11	282	2018-08-17T09:35:36.535514683Z	0.96	cassandra-001	75.99
38.11	5.34	2.29	32.147	353.292	38.11	282	2018-08-17T09:35:43.548399993Z	1.22	cassandra-001	75.99
38.11	5.55	23.96	76.558	712.367	38.11	283	2018-08-17T09:35:50.556139189Z	2.29	cassandra-001	75.99
38.11	9.35	1.1	32.266	355.706	38.11	283	2018-08-17T09:35:57.565752003Z	23.96	cassandra-001	75.99
38.11	5.11	1.23	33.784	359.085	38.11	284	2018-08-17T09:36:04.575273499Z	1.1	cassandra-001	75.99
38.11	5.13	1.1	65.508	715.314	38.11	284	2018-08-17T09:36:11.590239267Z	1.23	cassandra-001	75.99
38.11	5.15	1.11	34.245	355.435	38.11	285	2018-08-17T09:36:18.598644846Z	1.1	cassandra-001	76.0
38.11	5.13	26.67	67.804	721.181	38.11	286	2018-08-17T09:36:25.60485264Z	1.11	cassandra-001	76.0
38.11	9.2	1.19	36.37	359.044	38.11	286	2018-08-17T09:36:32.612592203Z	26.67	cassandra-001	76.0
38.11	5.4	1.15	34.522	362.881	38.11	287	2018-08-17T09:36:39.619079048Z	1.19	cassandra-001	76.0
38.11	5.41	1.18	71.023	724.878	38.11	287	2018-08-17T09:36:46.625855203Z	1.15	cassandra-001	76.0
38.11	5.4	1.13	33.228	364.853	38.11	288	2018-08-17T09:36:53.633393183Z	1.18	cassandra-001	76.0
38.11	5.41	26.31	70.904	724.483	38.11	288	2018-08-17T09:37:00.643282225Z	1.13	cassandra-001	76.01
38.11	9.61	1.06	35.3	363.881	38.11	289	2018-08-17T09:37:07.653665508Z	26.31	cassandra-001	76.01
38.11	5.34	1.21	38.335	367.518	38.11	289	2018-08-17T09:37:14.662190719Z	1.06	cassandra-001	76.01
38.11	5.34	1.17	88.868	742.36	38.11	290	2018-08-17T09:37:21.669188167Z	1.21	cassandra-001	76.01
38.11	5.34	1.14	43.074	371.009	38.11	290	2018-08-17T09:37:28.678407985Z	1.17	cassandra-001	76.01
38.11	5.34	25.61	87.243	742.278	38.11	291	2018-08-17T09:37:35.686167799Z	1.14	cassandra-001	76.02
38.11	9.42	1.24	43.76	370.307	38.11	292	2018-08-17T09:37:42.693240493Z	25.61	cassandra-001	76.02
38.11	5.24	0.88	32.381	365.717	38.11	292	2018-08-17T09:37:49.704794419Z	1.24	cassandra-001	76.02
38.11	5.21	1.19	63.152	732.72	38.11	293	2018-08-17T09:37:56.711669918Z	0.88	cassandra-001	76.02
38.11	5.21	1.02	33.292	367.481	38.11	293	2018-08-17T09:38:03.719996462Z	1.19	cassandra-001	76.02
38.11	5.18	27.7	63.666	733.045	38.11	294	2018-08-17T09:38:10.726147995Z	1.02	cassandra-001	76.03
38.11	9.61	1.01	34.043	367.184	38.11	294	2018-08-17T09:38:17.734599527Z	27.7	cassandra-001	76.03
38.11	5.51	1.33	29.846	367.15	38.11	295	2018-08-17T09:38:24.741183861Z	1.01	cassandra-001	76.03
38.11	5.52	1.15	55.626	731.69	38.11	295	2018-08-17T09:38:31.750966769Z	1.33	cassandra-001	76.03
38.11	5.57	1.34	31.918	371.111	38.11	296	2018-08-17T09:38:38.759788831Z	1.15	cassandra-001	76.04
38.11	5.59	28.92	76.045	750.262	38.11	296	2018-08-17T09:38:45.767490726Z	1.34	cassandra-001	76.04
38.11	10.24	1.11	32.736	369.567	38.11	297	2018-08-17T09:38:52.775440369Z	28.92	cassandra-001	76.04
38.11	5.81	1.07	30.056	369.861	38.11	297	2018-08-17T09:38:59.78236824Z	1.11	cassandra-001	76.04
38.11	5.82	1.28	61.828	739.186	38.11	298	2018-08-17T09:39:06.790385355Z	1.07	cassandra-001	76.05
38.11	5.81	1.23	32.563	371.517	38.11	298	2018-08-17T09:39:13.803753062Z	1.28	cassandra-001	76.05
38.12	5.83	27.36	85.97	747.4	38.09	299	2018-08-17T09:39:20.812128212Z	1.23	cassandra-001	76.06
38.12	10.16	1.03	40.008	380.355	38.12	299	2018-08-17T09:39:27.821988897Z	27.36	cassandra-001	76.06
38.12	5.51	1.18	37.104	376.928	38.12	300	2018-08-17T09:39:34.828083485Z	1.03	cassandra-001	76.06
38.12	5.53	1.08	78.814	754.725	38.12	300	2018-08-17T09:39:41.835637912Z	1.18	cassandra-001	76.06
38.12	5.53	1.1	38.489	377.401	38.12	301	2018-08-17T09:39:48.845011784Z	1.08	cassandra-001	76.06
38.12	5.5	26.96	71.276	755.079	38.12	301	2018-08-17T09:39:55.854207373Z	1.1	cassandra-001	76.07
38.12	9.79	1.2	39.796	379.833	38.12	302	2018-08-17T09:40:02.860780045Z	26.96	cassandra-001	76.07
38.12	5.43	0.99	41.868	378.429	38.12	303	2018-08-17T09:40:09.868661671Z	1.2	cassandra-001	76.07
38.11	5.42	1.17	79.643	764.048	38.11	303	2018-08-17T09:40:16.876926198Z	0.99	cassandra-001	76.07
38.11	5.42	1.15	36.218	380.961	38.11	304	2018-08-17T09:40:23.886030247Z	1.17	cassandra-001	76.07
38.11	5.43	28.86	69.03	758.214	38.11	304	2018-08-17T09:40:30.894298993Z	1.15	cassandra-001	76.08
38.11	10.06	1.15	32.218	379.141	38.11	305	2018-08-17T09:40:37.907857101Z	28.86	cassandra-001	76.08
38.12	5.75	3.07	36.085	380.178	38.12	305	2018-08-17T09:40:44.91546742Z	1.15	cassandra-001	76.08
38.12	6.07	1.24	75.972	769.199	38.12	306	2018-08-17T09:40:51.922666939Z	3.07	cassandra-001	76.08
38.12	6.11	1.21	38.91	385.785	38.12	306	2018-08-17T09:40:58.930732772Z	1.24	cassandra-001	76.09
38.12	6.11	27.46	84.564	772.02	38.12	307	2018-08-17T09:41:05.937247854Z	1.21	cassandra-001	76.09
38.12	10.5	1.95	39.833	386.062	38.12	307	2018-08-17T09:41:12.944553928Z	27.46	cassandra-001	76.09
38.12	6.01	1.17	31.372	385.165	38.12	308	2018-08-17T09:41:19.953321072Z	1.95	cassandra-001	76.09
38.12	6.02	1.13	65.674	762.488	38.12	308	2018-08-17T09:41:26.960083153Z	1.17	cassandra-001	76.1
38.12	5.69	1.08	31.266	382.923	38.12	309	2018-08-17T09:41:33.966725038Z	1.13	cassandra-001	76.1
38.12	5.67	29.44	79.058	785.726	38.12	309	2018-08-17T09:41:40.972996232Z	1.08	cassandra-001	76.1
38.12	10.37	1.08	36.281	389.281	38.12	310	2018-08-17T09:41:47.979632735Z	29.44	cassandra-001	76.1
38.12	5.98	1.13	36.308	388.665	38.12	310	2018-08-17T09:41:54.986944533Z	1.08	cassandra-001	76.1
38.12	5.84	1.27	64.22	768.292	38.12	311	2018-08-17T09:42:01.996633314Z	1.13	cassandra-001	76.11
38.12	5.86	1.1	31.054	383.44	38.12	311	2018-08-17T09:42:09.00377061Z	1.27	cassandra-001	76.11
38.12	5.85	27.38	70.594	780.544	38.12	312	2018-08-17T09:42:16.010127146Z	1.1	cassandra-001	76.11
38.12	10.23	1.05	38.102	393.924	38.12	312	2018-08-17T09:42:23.019220919Z	27.38	cassandra-001	76.11
38.12	5.5	1.11	33.284	392.031	38.12	313	2018-08-17T09:42:30.025502323Z	1.05	cassandra-001	76.11
38.12	5.51	1.09	64.482	781.654	38.12	313	2018-08-17T09:42:37.032369444Z	1.11	cassandra-001	76.12
38.12	5.5	1.18	42.589	399.212	38.12	314	2018-08-17T09:42:44.04207075Z	1.09	cassandra-001	76.12
38.12	5.48	28.22	90.868	798.586	38.12	314	2018-08-17T09:42:51.049642945Z	1.18	cassandra-001	76.12
38.12	10.01	1.09	41.216	395.126	38.12	315	2018-08-17T09:42:58.056664009Z	28.22	cassandra-001	76.12
38.12	5.62	1.18	32.28	390.106	38.12	315	2018-08-17T09:43:05.064886906Z	1.09	cassandra-001	76.12
38.12	5.65	1.0	66.328	787.783	38.12	316	2018-08-17T09:43:12.073196999Z	1.18	cassandra-001	76.13
38.12	5.63	1.19	41.585	393.918	38.12	316	2018-08-17T09:43:19.080519544Z	1.0	cassandra-001	76.13
38.11	5.64	27.07	78.352	799.36	38.11	317	2018-08-17T09:43:26.091529388Z	1.19	cassandra-001	75.73
38.11	9.96	1.33	38.272	397.514	38.11	317	2018-08-17T09:43:33.102818892Z	27.07	cassandra-001	75.72
38.12	5.48	1.16	37.968	395.184	38.12	318	2018-08-17T09:43:40.112562426Z	1.33	cassandra-001	75.73
38.12	5.49	1.12	89.135	808.879	38.12	318	2018-08-17T09:43:47.119367326Z	1.16	cassandra-001	75.74
38.12	5.48	1.09	37.796	401.985	38.12	319	2018-08-17T09:43:54.127439088Z	1.12	cassandra-001	75.73
38.12	5.49	17.44	99.048	818.055	38.12	319	2018-08-17T09:44:01.133754729Z	1.09	cassandra-001	75.74
38.12	8.2	1.08	47.524	403.674	38.12	320	2018-08-17T09:44:08.140932126Z	17.44	cassandra-001	75.74
38.12	3.87	17.15	63.995	632.448	38.12	320	2018-08-17T09:44:15.14767567Z	1.08	cassandra-001	75.74
38.11	6.51	1.46	61.838	588.238	38.11	321	2018-08-17T09:44:22.154078445Z	17.15	cassandra-001	75.74
38.11	6.56	1.05	39.894	406.233	38.11	321	2018-08-17T09:44:29.159463728Z	1.46	cassandra-001	75.74
38.11	6.55	15.42	65.32	797.083	38.11	322	2018-08-17T09:44:36.166447006Z	1.05	cassandra-001	75.74
38.11	8.93	1.96	32.303	400.438	38.11	322	2018-08-17T09:44:43.175201965Z	15.42	cassandra-001	75.74
38.11	6.35	17.56	58.953	620.687	38.11	322	2018-08-17T09:44:50.1829695Z	1.96	cassandra-001	75.75
38.11	9.1	1.23	60.515	595.685	38.11	323	2018-08-17T09:44:57.19275134Z	17.56	cassandra-001	75.75
38.11	6.45	1.1	43.338	410.342	38.11	323	2018-08-17T09:45:04.199521408Z	1.23	cassandra-001	75.75
38.11	6.39	22.17	89.58	821.994	38.11	324	2018-08-17T09:45:11.206387775Z	1.1	cassandra-001	75.76
38.11	9.91	1.11	49.475	413.509	38.11	324	2018-08-17T09:45:18.213132285Z	22.17	cassandra-001	75.76
38.11	7.52	28.12	95.044	817.864	38.11	325	2018-08-17T09:45:25.22057854Z	1.11	cassandra-001	75.76
38.11	11.88	1.28	36.275	403.245	38.11	325	2018-08-17T09:45:32.228118894Z	28.12	cassandra-001	75.76
38.11	9.17	1.11	44.314	411.729	38.11	326	2018-08-17T09:45:39.237796133Z	1.28	cassandra-001	75.77
38.11	9.15	1.24	85.591	819.175	38.11	326	2018-08-17T09:45:46.244498003Z	1.11	cassandra-001	75.77
38.11	9.17	1.16	42.558	406.272	38.11	327	2018-08-17T09:45:53.254648054Z	1.24	cassandra-001	75.77
38.11	5.67	25.72	88.904	834.262	38.11	327	2018-08-17T09:46:00.262351078Z	1.16	cassandra-001	75.77
38.11	9.77	1.54	39.35	410.28	38.11	328	2018-08-17T09:46:07.272491192Z	25.72	cassandra-001	75.78
38.11	5.34	1.19	42.319	414.811	38.11	328	2018-08-17T09:46:14.286816464Z	1.54	cassandra-001	75.77
38.11	5.33	1.16	77.432	825.741	38.11	329	2018-08-17T09:46:21.296575544Z	1.19	cassandra-001	75.78
38.11	5.34	1.15	43.362	412.749	38.11	329	2018-08-17T09:46:28.303182227Z	1.16	cassandra-001	75.78
38.11	5.32	28.64	85.074	823.15	38.11	330	2018-08-17T09:46:35.311104693Z	1.15	cassandra-001	75.78
38.11	9.9	1.2	43.124	412.45	38.11	330	2018-08-17T09:46:42.317541986Z	28.64	cassandra-001	75.78
38.11	5.81	1.28	41.711	416.643	38.11	331	2018-08-17T09:46:49.324322999Z	1.2	cassandra-001	75.79
38.11	5.77	1.15	76.836	832.435	38.11	331	2018-08-17T09:46:56.332386858Z	1.28	cassandra-001	75.79
38.11	5.76	1.19	40.246	419.015	38.11	332	2018-08-17T09:47:03.341410916Z	1.15	cassandra-001	75.79
38.11	5.77	28.91	79.462	839.273	38.11	332	2018-08-17T09:47:10.349424234Z	1.19	cassandra-001	75.8
38.11	10.4	1.2	38.331	419.719	38.11	332	2018-08-17T09:47:17.359051415Z	28.91	cassandra-001	75.8
38.11	5.82	1.15	41.394	422.16	38.11	333	2018-08-17T09:47:24.367464592Z	1.2	cassandra-001	75.8
38.11	5.81	1.18	78.088	834.583	38.11	333	2018-08-17T09:47:31.375133586Z	1.15	cassandra-001	75.8
38.11	5.8	1.12	39.704	419.973	38.11	334	2018-08-17T09:47:38.384390882Z	1.18	cassandra-001	75.81
38.11	5.79	33.62	87.221	839.377	38.11	334	2018-08-17T09:47:45.39265243Z	1.12	cassandra-001	75.81
38.11	11.2	1.29	38.872	422.033	38.11	335	2018-08-17T09:47:52.40127004Z	33.62	cassandra-001	75.81
38.11	6.59	1.21	35.268	419.368	38.11	335	2018-08-17T09:47:59.411277307Z	1.29	cassandra-001	75.81
38.11	6.6	1.36	73.638	840.97	38.11	336	2018-08-17T09:48:06.417544057Z	1.21	cassandra-001	75.81
38.11	6.63	2.02	45.629	424.995	38.11	336	2018-08-17T09:48:13.42579398Z	1.36	cassandra-001	75.81
38.11	6.77	42.6	74.944	846.197	38.11	337	2018-08-17T09:48:20.43619364Z	2.02	cassandra-001	75.82
38.11	13.68	1.31	43.174	425.418	38.11	337	2018-08-17T09:48:27.445413461Z	42.6	cassandra-001	75.82
38.11	8.3	1.16	42.646	429.295	38.11	338	2018-08-17T09:48:34.453828757Z	1.31	cassandra-001	75.81
38.11	8.28	1.22	84.196	854.29	38.11	338	2018-08-17T09:48:41.463702483Z	1.16	cassandra-001	75.82
38.11	8.28	1.08	45.087	429.111	38.11	339	2018-08-17T09:48:48.474582098Z	1.22	cassandra-001	75.82
38.11	8.23	31.4	80.42	855.382	38.11	339	2018-08-17T09:48:55.482338445Z	1.08	cassandra-001	75.82
38.11	13.13	1.21	45.14	420.695	38.11	339	2018-08-17T09:49:02.49049043Z	31.4	cassandra-001	75.83
38.11	6.23	1.17	35.24	422.435	38.11	340	2018-08-17T09:49:09.49873636Z	1.21	cassandra-001	75.83
38.11	6.21	1.15	85.355	856.942	38.11	340	2018-08-17T09:49:16.509556666Z	1.17	cassandra-001	75.83
38.11	6.21	1.02	47.146	434.153	38.11	341	2018-08-17T09:49:23.516624222Z	1.15	cassandra-001	75.83
38.11	6.17	33.64	90.582	850.778	38.11	341	2018-08-17T09:49:30.525094036Z	1.02	cassandra-001	75.84
38.11	11.6	1.06	35.556	427.295	38.11	342	2018-08-17T09:49:37.531606385Z	33.64	cassandra-001	75.84
38.11	6.54	1.01	42.815	434.698	38.11	342	2018-08-17T09:49:44.53975417Z	1.06	cassandra-001	75.84
38.11	6.51	1.14	86.542	866.532	38.11	343	2018-08-17T09:49:51.546706206Z	1.01	cassandra-001	75.84
38.11	6.5	1.21	43.198	430.975	38.11	343	2018-08-17T09:49:58.557626978Z	1.14	cassandra-001	75.85
38.11	6.51	29.93	97.814	877.279	38.11	344	2018-08-17T09:50:05.564865876Z	1.21	cassandra-001	75.85
38.11	11.33	1.17	48.438	436.944	38.11	344	2018-08-17T09:50:12.573441046Z	29.93	cassandra-001	75.85
38.11	5.92	1.18	38.577	431.753	38.11	345	2018-08-17T09:50:19.584603632Z	1.17	cassandra-001	75.85
38.11	5.94	1.11	72.786	855.692	38.11	345	2018-08-17T09:50:26.59315331Z	1.18	cassandra-001	75.86
38.11	5.96	1.15	44.57	433.845	38.11	345	2018-08-17T09:50:33.6009428Z	1.11	cassandra-001	75.86
38.11	5.96	33.68	90.592	872.483	38.11	346	2018-08-17T09:50:40.607786044Z	1.15	cassandra-001	75.86
38.11	11.37	1.09	44.899	437.642	38.11	346	2018-08-17T09:50:47.616487819Z	33.68	cassandra-001	75.87
38.11	6.56	1.16	39.448	441.273	38.11	347	2018-08-17T09:50:54.623890307Z	1.09	cassandra-001	75.86
38.11	6.56	1.16	85.324	873.563	38.11	347	2018-08-17T09:51:01.63090714Z	1.16	cassandra-001	75.87
38.11	6.56	1.07	50.311	444.076	38.11	348	2018-08-17T09:51:08.641730364Z	1.16	cassandra-001	75.87
38.11	6.55	34.41	86.603	881.167	38.11	348	2018-08-17T09:51:15.649778666Z	1.07	cassandra-001	75.87
38.11	12.1	1.28	37.454	436.092	38.11	349	2018-08-17T09:51:22.658052847Z	34.41	cassandra-001	75.87
38.11	6.7	1.09	37.52	430.467	38.11	349	2018-08-17T09:51:29.669083352Z	1.28	cassandra-001	75.88
38.11	6.7	1.09	90.404	878.578	38.11	350	2018-08-17T09:51:36.677416898Z	1.09	cassandra-001	75.88
38.11	6.68	1.9	37.387	436.672	38.11	350	2018-08-17T09:51:43.68559491Z	1.09	cassandra-001	75.88
38.11	6.81	36.79	92.04	885.745	38.11	350	2018-08-17T09:51:50.694488742Z	1.9	cassandra-001	75.88
38.11	12.76	1.07	46.416	444.437	38.11	351	2018-08-17T09:51:57.70171058Z	36.79	cassandra-001	75.89
38.11	7.2	1.13	45.056	440.15	38.11	351	2018-08-17T09:52:04.70927356Z	1.07	cassandra-001	75.89
38.11	7.18	41.36	87.67	891.621	38.11	352	2018-08-17T09:52:11.715987071Z	1.13	cassandra-001	75.97
38.11	13.89	1.0	38.429	434.738	38.11	352	2018-08-17T09:52:18.723891951Z	41.36	cassandra-001	75.97
38.11	13.88	36.71	81.202	875.291	38.11	352	2018-08-17T09:52:25.729835399Z	1.0	cassandra-001	75.97
38.11	19.68	1.06	50.798	442.548	38.11	352	2018-08-17T09:52:32.737678174Z	36.71	cassandra-001	75.97
38.11	13.72	1.12	52.976	449.082	38.11	352	2018-08-17T09:52:39.746462055Z	1.06	cassandra-001	75.98
38.11	13.73	1.17	92.065	890.521	38.11	352	2018-08-17T09:52:46.754447837Z	1.12	cassandra-001	75.98
38.11	13.74	1.2	39.512	440.21	38.11	352	2018-08-17T09:52:53.764463927Z	1.17	cassandra-001	75.98
38.11	7.04	29.79	80.542	885.113	38.11	352	2018-08-17T09:53:00.774314413Z	1.2	cassandra-001	75.98
38.11	11.84	1.21	47.498	442.945	38.11	352	2018-08-17T09:53:07.780587606Z	29.79	cassandra-001	75.99
38.11	5.93	1.28	41.663	442.086	38.11	352	2018-08-17T09:53:14.787950409Z	1.21	cassandra-001	75.98
38.11	5.96	1.13	87.604	883.273	38.11	352	2018-08-17T09:53:21.795135376Z	1.28	cassandra-001	75.98
38.11	5.96	1.09	37.532	437.739	38.11	352	2018-08-17T09:53:28.802173258Z	1.13	cassandra-001	75.98
