memory_rss%	host_moving_avg_cpu	container_cpu%	net_send	net_receive	memory_active_anon%	sensor_count	timestamp	host_cpu	name	memory%
15.93	nan	2.89	11851654.935	11126582.772	15.93	2	2018-08-17T09:02:54.745516534Z	0	kafka-001	55.82
15.93	nan	3.9	44.554	41.028	15.93	7	2018-08-17T09:03:01.756864647Z	2.89	kafka-001	55.82
15.93	nan	5.72	52.641	57.041	15.93	11	2018-08-17T09:03:08.769182781Z	3.9	kafka-001	55.82
15.93	nan	6.22	91.551	78.454	15.93	15	2018-08-17T09:03:15.780888114Z	5.72	kafka-001	55.82
15.93	nan	5.78	79.954	91.165	15.93	18	2018-08-17T09:03:22.792521Z	6.22	kafka-001	55.82
15.93	4.08	6.94	90.064	106.713	15.93	22	2018-08-17T09:03:29.804169154Z	5.78	kafka-001	55.83
15.93	5.24	7.88	139.68	118.57	15.93	25	2018-08-17T09:03:36.815635959Z	6.94	kafka-001	55.83
15.93	6.07	9.23	116.161	133.885	15.93	28	2018-08-17T09:03:43.828773001Z	7.88	kafka-001	55.83
15.93	6.96	10.11	174.37	147.354	15.93	31	2018-08-17T09:03:50.839922476Z	9.23	kafka-001	55.83
15.93	7.69	9.69	131.588	155.841	15.93	33	2018-08-17T09:03:57.852750182Z	10.11	kafka-001	55.83
15.93	8.27	9.54	138.505	167.891	15.93	36	2018-08-17T09:04:04.865111028Z	9.69	kafka-001	55.83
15.93	8.9	10.8	213.417	177.51	15.93	38	2018-08-17T09:04:11.877033153Z	9.54	kafka-001	55.83
15.93	9.54	11.99	157.68	187.355	15.93	41	2018-08-17T09:04:18.888809481Z	10.8	kafka-001	55.83
15.93	10.23	12.06	239.636	198.154	15.93	43	2018-08-17T09:04:25.901390606Z	11.99	kafka-001	55.83
15.93	10.7	12.82	177.368	208.633	15.93	46	2018-08-17T09:04:32.913655578Z	12.06	kafka-001	55.83
15.93	11.15	12.21	181.644	212.222	15.93	48	2018-08-17T09:04:39.924729728Z	12.82	kafka-001	55.84
15.93	11.57	12.53	275.462	217.641	15.93	50	2018-08-17T09:04:46.937057706Z	12.21	kafka-001	55.84
15.93	12.07	15.17	188.526	229.457	15.93	52	2018-08-17T09:04:53.948284947Z	12.53	kafka-001	55.84
15.93	12.8	16.2	300.684	243.61	15.93	54	2018-08-17T09:05:00.958862705Z	15.17	kafka-001	55.84
15.93	13.5	15.4	211.722	248.949	15.93	56	2018-08-17T09:05:07.971100951Z	16.2	kafka-001	55.84
15.93	14.06	12.92	216.384	254.713	15.93	57	2018-08-17T09:05:14.983438233Z	15.4	kafka-001	55.84
15.93	14.07	14.89	322.971	254.092	15.93	59	2018-08-17T09:05:21.994197645Z	12.92	kafka-001	55.85
15.93	14.52	14.34	223.186	268.887	15.93	61	2018-08-17T09:05:29.007632729Z	14.89	kafka-001	55.85
15.93	14.82	16.72	339.75	275.726	15.93	63	2018-08-17T09:05:36.018821465Z	14.34	kafka-001	55.85
15.93	15.08	16.33	242.626	286.967	15.93	65	2018-08-17T09:05:43.031125683Z	16.72	kafka-001	55.85
15.93	15.1	18.64	368.098	299.6	15.93	67	2018-08-17T09:05:50.04277056Z	16.33	kafka-001	55.85
15.93	15.64	16.48	251.951	300.815	15.93	68	2018-08-17T09:05:57.055544346Z	18.64	kafka-001	55.85
15.93	16.23	19.33	256.276	312.521	15.93	70	2018-08-17T09:06:04.067826714Z	16.48	kafka-001	55.86
15.93	16.97	18.4	394.396	321.608	15.93	72	2018-08-17T09:06:11.079631027Z	19.33	kafka-001	55.86
15.93	17.65	19.88	273.547	325.977	15.93	74	2018-08-17T09:06:18.090372492Z	18.4	kafka-001	55.86
15.93	18.18	20.48	396.808	319.05	15.93	75	2018-08-17T09:06:25.100993257Z	19.88	kafka-001	55.86
15.93	18.87	17.58	285.232	339.636	15.93	77	2018-08-17T09:06:32.114128005Z	20.48	kafka-001	55.86
15.93	18.69	20.36	286.512	344.57	15.93	79	2018-08-17T09:06:39.126170181Z	17.58	kafka-001	55.87
15.93	19.34	20.44	438.469	357.909	15.93	80	2018-08-17T09:06:46.136952671Z	20.36	kafka-001	55.87
15.93	19.52	17.98	291.79	355.728	15.93	82	2018-08-17T09:06:53.148357178Z	20.44	kafka-001	55.87
15.93	19.45	22.07	451.898	368.649	15.93	83	2018-08-17T09:07:00.15925831Z	17.98	kafka-001	55.87
15.93	19.82	21.42	315.002	372.208	15.93	85	2018-08-17T09:07:07.169690778Z	22.07	kafka-001	55.88
15.93	19.97	22.93	303.338	372.584	15.93	86	2018-08-17T09:07:14.190015728Z	21.42	kafka-001	55.88
15.93	20.87	22.32	458.719	367.1	15.93	88	2018-08-17T09:07:21.200884932Z	22.93	kafka-001	55.88
15.93	21.19	22.67	316.055	381.402	15.93	89	2018-08-17T09:07:28.212443503Z	22.32	kafka-001	55.88
15.93	21.56	21.37	480.282	390.073	15.93	91	2018-08-17T09:07:35.222901299Z	22.67	kafka-001	55.89
15.93	22.13	23.96	329.552	395.847	15.93	92	2018-08-17T09:07:42.23490784Z	21.37	kafka-001	55.89
15.93	22.45	23.01	333.094	405.971	15.93	93	2018-08-17T09:07:49.247548758Z	23.96	kafka-001	55.89
15.93	22.71	23.34	501.647	406.982	15.93	95	2018-08-17T09:07:56.259331186Z	23.01	kafka-001	55.89
15.93	22.78	25.09	337.534	414.161	15.93	96	2018-08-17T09:08:03.271288354Z	23.34	kafka-001	55.9
15.93	23.24	25.33	515.254	424.71	15.93	97	2018-08-17T09:08:10.282240066Z	25.09	kafka-001	55.9
15.93	23.68	22.23	351.53	422.691	15.93	99	2018-08-17T09:08:17.295358797Z	25.33	kafka-001	55.9
15.93	23.83	25.55	355.282	426.507	15.93	100	2018-08-17T09:08:24.306706899Z	22.23	kafka-001	55.91
15.93	24.09	22.22	530.44	437.096	15.93	101	2018-08-17T09:08:31.318955196Z	25.55	kafka-001	55.91
15.93	23.96	26.53	361.143	437.055	15.93	103	2018-08-17T09:08:38.330295755Z	22.22	kafka-001	55.91
15.93	24.49	33.24	546.95	439.75	15.93	104	2018-08-17T09:08:45.341358975Z	26.53	kafka-001	55.91
15.93	25.85	26.2	375.932	453.335	15.93	105	2018-08-17T09:08:52.351461057Z	33.24	kafka-001	55.92
15.93	25.99	26.2	379.132	459.061	15.93	107	2018-08-17T09:08:59.36950146Z	26.2	kafka-001	55.92
15.93	26.66	26.4	567.462	464.99	15.93	108	2018-08-17T09:09:06.381356871Z	26.2	kafka-001	55.92
15.93	26.8	23.78	384.418	461.232	15.93	109	2018-08-17T09:09:13.392550509Z	26.4	kafka-001	55.93
15.93	27.06	27.73	580.164	468.075	15.93	111	2018-08-17T09:09:20.403859468Z	23.78	kafka-001	55.93
15.93	27.26	26.87	397.39	469.129	15.93	112	2018-08-17T09:09:27.416005126Z	27.73	kafka-001	55.93
15.93	26.2	25.9	397.267	476.419	15.93	113	2018-08-17T09:09:34.428345223Z	26.87	kafka-001	55.94
15.93	26.15	27.4	600.859	485.89	15.93	114	2018-08-17T09:09:41.444086714Z	25.9	kafka-001	55.94
15.93	26.35	34.4	399.811	493.523	15.93	115	2018-08-17T09:09:48.455012105Z	27.4	kafka-001	55.94
15.93	27.68	29.95	611.702	503.008	15.93	117	2018-08-17T09:09:55.466641212Z	34.4	kafka-001	55.95
15.93	28.71	29.76	413.672	507.215	15.93	118	2018-08-17T09:10:02.477713786Z	29.95	kafka-001	55.95
15.93	29.05	30.46	417.168	508.703	15.93	119	2018-08-17T09:10:09.488696788Z	29.76	kafka-001	55.95
15.93	29.64	29.85	632.207	522.91	15.93	120	2018-08-17T09:10:16.500507291Z	30.46	kafka-001	55.96
15.93	30.3	29.17	420.496	523.437	15.93	121	2018-08-17T09:10:23.513253447Z	29.85	kafka-001	55.96
15.93	30.6	31.89	637.514	532.694	15.93	122	2018-08-17T09:10:30.524151939Z	29.17	kafka-001	55.97
15.93	30.18	29.57	434.13	537.229	15.93	124	2018-08-17T09:10:37.535653908Z	31.89	kafka-001	55.97
15.93	30.12	30.49	436.772	542.831	15.93	125	2018-08-17T09:10:44.548022585Z	29.57	kafka-001	55.97
15.93	30.24	31.1	658.06	547.988	15.93	126	2018-08-17T09:10:51.559406103Z	30.49	kafka-001	55.97
15.93	30.34	33.03	442.051	540.293	15.93	127	2018-08-17T09:10:58.571855297Z	31.1	kafka-001	55.98
15.93	30.87	30.35	667.984	556.531	15.93	128	2018-08-17T09:11:05.582994251Z	33.03	kafka-001	55.98
15.93	31.07	32.09	451.07	561.93	15.93	129	2018-08-17T09:11:12.595543674Z	30.35	kafka-001	55.99
15.93	31.1	32.02	454.853	563.155	15.93	130	2018-08-17T09:11:19.607322337Z	32.09	kafka-001	55.99
15.93	31.51	33.6	686.263	569.145	15.93	131	2018-08-17T09:11:26.619191799Z	32.02	kafka-001	55.99
15.93	32.03	32.35	460.74	562.448	15.93	132	2018-08-17T09:11:33.629821956Z	33.6	kafka-001	56.0
15.93	32.24	34.54	696.076	576.53	15.93	133	2018-08-17T09:11:40.642550187Z	32.35	kafka-001	56.0
15.93	32.49	32.95	471.379	576.687	15.93	134	2018-08-17T09:11:47.654773399Z	34.54	kafka-001	56.0
15.93	32.92	33.89	469.116	571.908	15.93	135	2018-08-17T09:11:54.669128256Z	32.95	kafka-001	56.01
15.93	33.22	31.66	720.088	590.761	15.93	136	2018-08-17T09:12:01.680670156Z	33.89	kafka-001	56.01
15.93	33.16	35.34	474.33	589.041	15.93	137	2018-08-17T09:12:08.690882271Z	31.66	kafka-001	56.02
15.93	33.45	33.57	728.581	590.194	15.93	138	2018-08-17T09:12:15.701431608Z	35.34	kafka-001	56.02
15.93	33.66	35.27	487.62	602.289	15.93	139	2018-08-17T09:12:22.712412376Z	33.57	kafka-001	56.03
15.93	33.78	30.56	492.687	604.851	15.93	140	2018-08-17T09:12:29.724493078Z	35.27	kafka-001	56.03
15.93	33.38	33.91	745.952	611.832	15.93	142	2018-08-17T09:12:36.737099747Z	30.56	kafka-001	56.03
15.93	33.38	34.84	498.814	606.627	15.93	142	2018-08-17T09:12:43.75034745Z	33.91	kafka-001	56.04
15.93	33.91	36.61	759.548	615.915	15.93	144	2018-08-17T09:12:50.763262185Z	34.84	kafka-001	56.04
15.93	34.13	29.87	500.882	601.632	15.93	145	2018-08-17T09:12:57.772872498Z	36.61	kafka-001	56.05
15.93	33.51	35.82	501.668	605.259	15.93	145	2018-08-17T09:13:04.783417623Z	29.87	kafka-001	56.05
15.93	33.6	31.48	775.688	629.264	15.93	146	2018-08-17T09:13:11.79411774Z	35.82	kafka-001	56.05
15.93	33.75	36.58	503.078	623.391	15.93	147	2018-08-17T09:13:18.804706174Z	31.48	kafka-001	56.06
15.93	34.2	37.15	778.86	628.698	15.93	148	2018-08-17T09:13:25.817345277Z	36.58	kafka-001	56.06
15.93	34.58	35.66	513.778	631.175	15.93	149	2018-08-17T09:13:32.827919997Z	37.15	kafka-001	56.07
15.93	34.43	34.38	523.181	630.895	15.93	150	2018-08-17T09:13:39.837462874Z	35.66	kafka-001	56.07
15.93	35.18	35.27	803.505	646.422	15.93	151	2018-08-17T09:13:46.848660975Z	34.38	kafka-001	56.08
15.93	35.09	38.16	533.253	645.495	15.93	152	2018-08-17T09:13:53.860125407Z	35.27	kafka-001	56.08
15.93	36.2	37.83	804.638	644.541	15.93	153	2018-08-17T09:14:00.871512978Z	38.16	kafka-001	56.08
15.93	36.41	37.58	540.251	656.67	15.93	154	2018-08-17T09:14:07.881096232Z	37.83	kafka-001	56.09
15.93	36.48	38.63	527.254	657.973	15.93	155	2018-08-17T09:14:14.891484897Z	37.58	kafka-001	56.09
15.93	36.98	37.03	826.223	677.174	15.93	156	2018-08-17T09:14:21.903000706Z	38.63	kafka-001	56.1
15.93	37.42	38.89	547.015	665.989	15.93	157	2018-08-17T09:14:28.914516237Z	37.03	kafka-001	56.1
15.93	38.02	39.47	825.603	674.502	15.93	158	2018-08-17T09:14:35.928796325Z	38.89	kafka-001	56.11
15.93	38.24	37.65	552.266	680.899	15.93	159	2018-08-17T09:14:42.940473928Z	39.47	kafka-001	56.11
15.93	38.21	37.91	553.786	680.933	15.93	160	2018-08-17T09:14:49.951248299Z	37.65	kafka-001	56.12
15.93	38.26	38.31	841.724	684.578	15.93	160	2018-08-17T09:14:56.961967871Z	37.91	kafka-001	56.12
15.93	38.21	33.83	563.115	696.009	15.93	161	2018-08-17T09:15:03.972213654Z	38.31	kafka-001	56.13
15.93	37.68	40.09	845.184	685.129	15.93	162	2018-08-17T09:15:10.982488766Z	33.83	kafka-001	56.13
15.93	37.88	41.13	567.064	692.522	15.93	163	2018-08-17T09:15:17.993706743Z	40.09	kafka-001	56.14
15.93	38.15	39.88	564.812	688.978	15.93	164	2018-08-17T09:15:25.006339696Z	41.13	kafka-001	56.14
15.93	38.52	38.23	852.976	694.493	15.93	165	2018-08-17T09:15:32.017030823Z	39.88	kafka-001	56.14
15.93	38.58	39.72	575.352	704.091	15.93	166	2018-08-17T09:15:39.028319949Z	38.23	kafka-001	56.15
15.93	38.81	39.93	878.28	712.71	15.93	167	2018-08-17T09:15:46.039851469Z	39.72	kafka-001	56.16
15.93	39.83	39.14	580.836	711.345	15.93	168	2018-08-17T09:15:53.051141057Z	39.93	kafka-001	56.16
15.93	39.67	43.48	887.3	718.718	15.93	168	2018-08-17T09:16:00.061060197Z	39.14	kafka-001	56.16
15.93	40.06	35.6	584.994	723.005	15.93	169	2018-08-17T09:16:07.073453957Z	43.48	kafka-001	56.17
15.93	39.35	39.94	596.447	731.191	15.93	170	2018-08-17T09:16:14.083310308Z	35.6	kafka-001	56.17
15.93	39.64	37.38	880.638	729.284	15.93	171	2018-08-17T09:16:21.094509276Z	39.94	kafka-001	56.18
15.93	39.25	46.39	590.07	729.181	15.93	172	2018-08-17T09:16:28.104729002Z	37.38	kafka-001	56.19
15.93	40.32	39.93	899.018	739.0	15.93	173	2018-08-17T09:16:35.125186605Z	46.39	kafka-001	56.19
15.93	40.45	42.34	601.896	744.465	15.93	174	2018-08-17T09:16:42.135764468Z	39.93	kafka-001	56.2
15.93	40.26	43.06	601.381	742.957	15.93	174	2018-08-17T09:16:49.149604575Z	42.34	kafka-001	56.2
15.93	41.51	49.45	916.84	757.014	15.93	175	2018-08-17T09:16:56.161503106Z	43.06	kafka-001	56.21
15.93	43.09	37.05	607.143	757.621	15.93	176	2018-08-17T09:17:03.172854586Z	49.45	kafka-001	56.21
15.93	43.04	43.51	920.512	760.134	15.93	177	2018-08-17T09:17:10.185049346Z	37.05	kafka-001	56.22
15.93	42.56	43.38	609.612	766.459	15.93	178	2018-08-17T09:17:17.195991161Z	43.51	kafka-001	56.22
15.93	43.13	44.01	620.85	768.02	15.93	179	2018-08-17T09:17:24.208747168Z	43.38	kafka-001	56.23
15.93	43.41	40.29	939.286	772.015	15.93	179	2018-08-17T09:17:31.220661953Z	44.01	kafka-001	56.23
15.93	42.95	44.85	622.854	767.757	15.93	180	2018-08-17T09:17:38.233334506Z	40.29	kafka-001	56.24
15.93	42.18	41.41	936.183	777.828	15.93	181	2018-08-17T09:17:45.250191287Z	44.85	kafka-001	56.24
15.93	42.91	43.59	623.458	769.399	15.93	182	2018-08-17T09:17:52.265443894Z	41.41	kafka-001	56.25
15.93	42.92	44.11	628.238	780.277	15.93	183	2018-08-17T09:17:59.277530375Z	43.59	kafka-001	56.25
15.93	43.04	45.08	950.183	782.88	15.93	183	2018-08-17T09:18:06.288992791Z	44.11	kafka-001	56.26
15.93	43.22	42.35	635.388	784.435	15.93	184	2018-08-17T09:18:13.302123853Z	45.08	kafka-001	56.26
15.93	43.57	44.63	959.234	786.382	15.93	185	2018-08-17T09:18:20.314018754Z	42.35	kafka-001	56.27
15.93	43.53	41.68	641.494	793.563	15.93	186	2018-08-17T09:18:27.327136254Z	44.63	kafka-001	56.27
15.93	43.57	46.04	640.585	792.971	15.93	187	2018-08-17T09:18:34.33872222Z	41.68	kafka-001	56.28
15.93	43.98	43.27	971.168	801.956	15.93	188	2018-08-17T09:18:41.349562461Z	46.04	kafka-001	56.28
15.93	43.84	46.87	651.182	808.227	15.93	188	2018-08-17T09:18:48.361058043Z	43.27	kafka-001	56.29
15.93	44.14	45.22	980.612	810.896	15.93	189	2018-08-17T09:18:55.379851012Z	46.87	kafka-001	56.29
15.93	44.62	46.81	652.768	809.066	15.93	190	2018-08-17T09:19:02.392450479Z	45.22	kafka-001	56.3
15.93	44.98	41.68	650.728	811.765	15.93	191	2018-08-17T09:19:09.403138513Z	46.81	kafka-001	56.31
15.93	44.98	45.0	995.744	819.617	15.93	191	2018-08-17T09:19:16.414236567Z	41.68	kafka-001	56.31
15.93	44.81	41.8	661.669	821.235	15.93	192	2018-08-17T09:19:23.425510174Z	45.0	kafka-001	56.32
15.93	44.56	53.62	996.612	816.608	15.93	193	2018-08-17T09:19:30.437192603Z	41.8	kafka-001	56.32
15.93	45.69	47.37	668.02	823.361	15.93	194	2018-08-17T09:19:37.449670017Z	53.62	kafka-001	56.33
15.93	46.05	47.62	668.807	831.337	15.93	195	2018-08-17T09:19:44.459944801Z	47.37	kafka-001	56.33
15.93	46.18	46.84	1017.103	833.268	15.93	195	2018-08-17T09:19:51.471368624Z	47.62	kafka-001	56.34
15.93	47.04	49.45	673.178	834.993	15.93	196	2018-08-17T09:19:58.483162604Z	46.84	kafka-001	56.35
15.93	47.78	32.68	1025.511	846.505	15.93	197	2018-08-17T09:20:05.492286599Z	49.45	kafka-001	56.35
15.93	46.26	48.97	681.286	847.068	15.93	198	2018-08-17T09:20:12.50260953Z	32.68	kafka-001	56.36
15.93	45.49	46.76	679.304	839.735	15.93	199	2018-08-17T09:20:19.515483272Z	48.97	kafka-001	56.36
15.93	45.39	47.56	1027.402	847.632	15.93	199	2018-08-17T09:20:26.527023797Z	46.76	kafka-001	56.37
15.93	45.38	48.42	683.758	841.758	15.93	200	2018-08-17T09:20:33.537849515Z	47.56	kafka-001	56.37
15.93	45.64	48.77	1045.3	857.361	15.93	201	2018-08-17T09:20:40.549226891Z	48.42	kafka-001	56.38
15.93	45.53	45.47	692.902	854.415	15.93	202	2018-08-17T09:20:47.564281035Z	48.77	kafka-001	56.39
15.93	47.66	46.45	699.797	850.961	15.93	202	2018-08-17T09:20:54.576840201Z	45.47	kafka-001	56.39
15.93	47.24	44.75	1058.495	865.7	15.93	203	2018-08-17T09:21:01.588828949Z	46.45	kafka-001	56.4
15.93	46.9	49.71	710.255	863.645	15.93	204	2018-08-17T09:21:08.600174046Z	44.75	kafka-001	56.4
15.93	47.26	48.13	1065.135	880.6	15.93	205	2018-08-17T09:21:15.614824756Z	49.71	kafka-001	56.41
15.93	47.21	49.01	696.294	861.489	15.93	205	2018-08-17T09:21:22.626850532Z	48.13	kafka-001	56.42
15.93	47.25	45.63	712.49	884.305	15.93	206	2018-08-17T09:21:29.639210784Z	49.01	kafka-001	56.42
15.93	47.28	49.13	1079.334	891.606	15.93	207	2018-08-17T09:21:36.652577329Z	45.63	kafka-001	56.43
15.93	47.73	49.41	713.506	891.733	15.93	208	2018-08-17T09:21:43.664036587Z	49.13	kafka-001	56.43
15.93	48.5	51.67	1080.459	895.054	15.93	208	2018-08-17T09:21:50.675655783Z	49.41	kafka-001	56.44
15.93	48.83	46.95	726.331	897.379	15.93	209	2018-08-17T09:21:57.686836233Z	51.67	kafka-001	56.45
15.93	48.63	49.61	724.806	902.867	15.93	210	2018-08-17T09:22:04.698540713Z	46.95	kafka-001	56.45
15.93	48.73	45.22	1094.747	899.376	15.93	210	2018-08-17T09:22:11.709524503Z	49.61	kafka-001	56.46
15.93	48.67	54.66	727.493	901.591	15.93	211	2018-08-17T09:22:18.7205413Z	45.22	kafka-001	56.47
15.93	49.59	48.52	1106.336	904.08	15.93	212	2018-08-17T09:22:25.730645729Z	54.66	kafka-001	56.47
15.93	49.44	50.78	727.338	903.545	15.93	213	2018-08-17T09:22:32.742937159Z	48.52	kafka-001	56.48
15.93	49.29	49.73	740.296	915.481	15.93	213	2018-08-17T09:22:39.756727759Z	50.78	kafka-001	56.49
15.93	49.75	50.27	1101.913	912.004	15.93	214	2018-08-17T09:22:46.768051209Z	49.73	kafka-001	56.49
15.93	49.86	49.7	734.921	915.169	15.93	215	2018-08-17T09:22:53.780903344Z	50.27	kafka-001	56.5
15.93	50.61	61.5	1118.908	920.336	15.93	215	2018-08-17T09:23:00.792837009Z	49.7	kafka-001	56.5
15.93	51.75	51.01	732.351	919.856	15.93	216	2018-08-17T09:23:07.805307551Z	61.5	kafka-001	56.51
15.93	52.17	52.04	746.397	927.6	15.93	217	2018-08-17T09:23:14.817107677Z	51.01	kafka-001	56.52
15.93	52.38	52.66	1127.04	923.652	15.93	218	2018-08-17T09:23:21.832105666Z	52.04	kafka-001	56.52
15.93	52.86	53.52	750.287	931.011	15.93	218	2018-08-17T09:23:28.848414797Z	52.66	kafka-001	56.53
15.93	53.41	52.64	1130.835	930.13	15.93	219	2018-08-17T09:23:35.859116555Z	53.52	kafka-001	56.54
15.93	53.9	51.46	750.514	926.219	15.93	220	2018-08-17T09:23:42.87151484Z	52.64	kafka-001	56.54
15.93	52.22	50.76	762.059	938.61	15.93	220	2018-08-17T09:23:49.88242756Z	51.46	kafka-001	56.55
15.93	52.18	52.73	1146.764	939.339	15.93	221	2018-08-17T09:23:56.89419947Z	50.76	kafka-001	56.55
15.93	52.3	52.92	764.41	945.219	15.93	222	2018-08-17T09:24:03.905833437Z	52.73	kafka-001	56.56
15.93	52.34	53.94	1147.434	939.221	15.93	222	2018-08-17T09:24:10.916312506Z	52.92	kafka-001	56.57
15.93	52.41	52.19	768.411	949.864	15.93	223	2018-08-17T09:24:17.93024139Z	53.94	kafka-001	56.57
15.93	52.33	59.75	766.197	953.641	15.93	224	2018-08-17T09:24:24.945275221Z	52.19	kafka-001	56.58
15.93	53.72	51.04	1172.991	961.266	15.93	225	2018-08-17T09:24:31.959832246Z	59.75	kafka-001	56.59
15.93	53.76	53.54	774.037	955.547	15.93	225	2018-08-17T09:24:38.971929298Z	51.04	kafka-001	56.59
15.93	53.9	53.51	1177.481	961.027	15.93	226	2018-08-17T09:24:45.984799695Z	53.54	kafka-001	56.6
15.93	54.0	54.31	768.936	959.391	15.93	227	2018-08-17T09:24:52.996432378Z	53.51	kafka-001	56.61
15.93	54.06	55.06	774.364	957.074	15.93	227	2018-08-17T09:25:00.00798384Z	54.31	kafka-001	56.61
15.93	54.54	54.35	1171.029	965.669	15.93	228	2018-08-17T09:25:07.019641308Z	55.06	kafka-001	56.62
15.93	53.64	51.18	783.041	971.289	15.93	229	2018-08-17T09:25:14.031884094Z	54.35	kafka-001	56.63
15.93	53.66	54.28	1184.582	965.706	15.93	229	2018-08-17T09:25:21.043925318Z	51.18	kafka-001	56.63
15.93	53.78	52.48	791.26	969.003	15.93	230	2018-08-17T09:25:28.05533323Z	54.28	kafka-001	56.64
15.93	53.61	52.39	1198.458	972.33	15.93	231	2018-08-17T09:25:35.068029736Z	52.48	kafka-001	56.65
15.93	53.29	54.95	790.273	965.503	15.93	231	2018-08-17T09:25:42.079233353Z	52.39	kafka-001	56.65
15.93	53.27	53.41	788.415	964.468	15.93	232	2018-08-17T09:25:49.091448171Z	54.95	kafka-001	56.66
15.93	53.12	54.83	1194.68	975.751	15.93	233	2018-08-17T09:25:56.101769879Z	53.41	kafka-001	56.67
15.93	53.72	51.58	794.747	971.759	15.93	233	2018-08-17T09:26:03.110750018Z	54.83	kafka-001	56.68
15.93	53.27	56.67	1200.051	983.169	15.93	234	2018-08-17T09:26:10.122274316Z	51.58	kafka-001	56.68
15.93	53.97	54.99	803.315	983.324	15.93	235	2018-08-17T09:26:17.132209116Z	56.67	kafka-001	56.69
15.93	54.4	55.0	797.094	989.563	15.93	235	2018-08-17T09:26:24.146347343Z	54.99	kafka-001	56.7
15.93	54.41	54.16	1213.204	990.694	15.93	236	2018-08-17T09:26:31.156903274Z	55.0	kafka-001	56.7
15.93	54.54	55.76	806.534	982.885	15.93	236	2018-08-17T09:26:38.169309613Z	54.16	kafka-001	56.71
15.93	54.69	56.92	1234.121	1006.89	15.93	237	2018-08-17T09:26:45.179141958Z	55.76	kafka-001	56.72
15.93	55.58	56.44	809.149	1008.571	15.93	238	2018-08-17T09:26:52.19144992Z	56.92	kafka-001	56.72
15.93	55.55	56.31	824.189	1017.533	15.93	238	2018-08-17T09:26:59.20211458Z	56.44	kafka-001	56.73
15.93	55.77	56.54	1243.928	1022.756	15.93	239	2018-08-17T09:27:06.214214841Z	56.31	kafka-001	56.74
15.93	56.02	57.59	818.939	1014.627	15.93	240	2018-08-17T09:27:13.225010237Z	56.54	kafka-001	56.74
15.93	56.59	57.98	1253.136	1026.438	15.93	240	2018-08-17T09:27:20.236639846Z	57.59	kafka-001	56.75
15.93	56.96	57.22	826.782	1018.739	15.93	241	2018-08-17T09:27:27.248451251Z	57.98	kafka-001	56.76
15.93	57.01	56.91	828.718	1029.715	15.93	242	2018-08-17T09:27:34.258664396Z	57.22	kafka-001	56.77
15.93	57.09	56.03	1254.767	1027.334	15.93	242	2018-08-17T09:27:41.270832678Z	56.91	kafka-001	56.77
15.93	57.05	56.13	836.011	1032.035	15.93	243	2018-08-17T09:27:48.282604474Z	56.03	kafka-001	56.78
15.93	56.98	57.68	1265.177	1030.73	15.93	244	2018-08-17T09:27:55.29303311Z	56.13	kafka-001	56.79
15.93	56.99	57.8	831.806	1026.103	15.93	244	2018-08-17T09:28:02.303545263Z	57.68	kafka-001	56.79
15.93	56.96	58.05	847.122	1040.725	15.93	245	2018-08-17T09:28:09.315006868Z	57.8	kafka-001	56.8
15.93	57.1	48.2	1259.732	1046.176	15.93	245	2018-08-17T09:28:16.325200401Z	58.05	kafka-001	56.81
15.93	55.65	59.8	837.863	1029.621	15.93	246	2018-08-17T09:28:23.339147538Z	48.2	kafka-001	56.81
15.93	56.28	55.51	1272.973	1042.128	15.93	247	2018-08-17T09:28:30.350503528Z	59.8	kafka-001	56.82
15.93	56.17	55.65	824.674	1030.177	15.93	247	2018-08-17T09:28:37.370791167Z	55.51	kafka-001	56.83
15.93	55.84	59.15	849.28	1052.091	15.93	248	2018-08-17T09:28:44.382314288Z	55.65	kafka-001	56.84
15.93	56.06	59.36	1285.288	1047.629	15.93	248	2018-08-17T09:28:51.393751881Z	59.15	kafka-001	56.84
15.93	56.28	57.2	849.429	1048.248	15.93	249	2018-08-17T09:28:58.406602396Z	59.36	kafka-001	56.85
15.93	57.78	59.64	1288.448	1056.5	15.93	250	2018-08-17T09:29:05.422256202Z	57.2	kafka-001	56.86
15.93	57.75	60.07	854.737	1063.794	15.93	250	2018-08-17T09:29:12.435955061Z	59.64	kafka-001	56.87
15.93	58.51	56.93	861.153	1071.668	15.93	251	2018-08-17T09:29:19.447191096Z	60.07	kafka-001	56.87
15.93	58.72	58.86	1298.226	1073.723	15.93	252	2018-08-17T09:29:26.459941932Z	56.93	kafka-001	56.88
15.93	58.68	60.22	863.973	1075.396	15.93	252	2018-08-17T09:29:33.474264785Z	58.86	kafka-001	56.89
15.93	58.82	58.6	1312.234	1079.992	15.93	253	2018-08-17T09:29:40.483968588Z	60.22	kafka-001	56.9
15.93	59.05	57.81	866.425	1081.505	15.93	253	2018-08-17T09:29:47.494625322Z	58.6	kafka-001	56.9
15.93	58.75	60.31	867.516	1081.621	15.93	254	2018-08-17T09:29:54.504145751Z	57.81	kafka-001	56.91
15.93	58.79	58.25	1318.242	1090.24	15.93	255	2018-08-17T09:30:01.514896088Z	60.31	kafka-001	56.92
15.93	59.01	60.3	875.075	1087.213	15.93	255	2018-08-17T09:30:08.526162371Z	58.25	kafka-001	56.92
15.93	59.25	60.28	1319.849	1071.556	15.93	256	2018-08-17T09:30:15.544602109Z	60.3	kafka-001	56.93
15.93	59.26	60.23	874.258	1083.045	15.93	256	2018-08-17T09:30:22.55581734Z	60.28	kafka-001	56.94
15.93	59.53	57.64	879.234	1073.123	15.93	257	2018-08-17T09:30:29.5670448Z	60.23	kafka-001	56.95
15.93	59.5	59.64	1332.884	1080.545	15.93	258	2018-08-17T09:30:36.578341849Z	57.64	kafka-001	56.95
15.93	59.39	59.54	881.138	1077.452	15.93	258	2018-08-17T09:30:43.589125451Z	59.64	kafka-001	56.96
15.93	59.61	63.94	1343.407	1103.494	15.93	259	2018-08-17T09:30:50.600149124Z	59.54	kafka-001	56.97
15.93	60.21	61.38	877.913	1096.681	15.93	259	2018-08-17T09:30:57.611733054Z	63.94	kafka-001	56.98
15.93	60.4	62.51	890.894	1105.181	15.93	260	2018-08-17T09:31:04.624592569Z	61.38	kafka-001	56.98
15.93	60.78	60.36	1357.374	1117.82	15.93	261	2018-08-17T09:31:11.635822358Z	62.51	kafka-001	56.99
15.93	61.23	62.22	892.195	1110.793	15.93	261	2018-08-17T09:31:18.646795651Z	60.36	kafka-001	57.0
15.93	61.66	63.62	1348.881	1113.121	15.93	262	2018-08-17T09:31:25.659677017Z	62.22	kafka-001	57.01
15.93	62.34	62.35	896.534	1102.448	15.93	262	2018-08-17T09:31:32.67142426Z	63.62	kafka-001	57.02
15.93	62.07	56.25	895.44	1105.341	15.93	263	2018-08-17T09:31:39.682875338Z	62.35	kafka-001	57.02
15.93	61.22	60.84	1367.796	1119.298	15.93	264	2018-08-17T09:31:46.693997098Z	56.25	kafka-001	57.03
15.93	60.94	63.02	896.788	1106.601	15.93	264	2018-08-17T09:31:53.706268284Z	60.84	kafka-001	57.04
15.93	61.38	59.61	1378.401	1126.484	15.93	265	2018-08-17T09:32:00.717684893Z	63.02	kafka-001	57.04
15.93	60.95	58.8	903.915	1105.107	15.93	265	2018-08-17T09:32:07.730470457Z	59.61	kafka-001	57.05
15.93	60.15	61.61	898.564	1093.853	15.93	266	2018-08-17T09:32:14.741795038Z	58.8	kafka-001	57.06
15.93	60.02	61.85	1376.365	1121.416	15.93	266	2018-08-17T09:32:21.75359935Z	61.61	kafka-001	57.07
15.93	60.96	59.82	917.06	1131.739	15.93	267	2018-08-17T09:32:28.765554461Z	61.85	kafka-001	57.08
15.93	60.78	64.12	1381.061	1128.2	15.93	268	2018-08-17T09:32:35.780005602Z	59.82	kafka-001	57.08
15.93	60.97	61.66	906.937	1123.489	15.93	268	2018-08-17T09:32:42.79242556Z	64.12	kafka-001	57.09
15.93	61.31	63.89	926.752	1139.969	15.93	269	2018-08-17T09:32:49.80372671Z	61.66	kafka-001	57.1
15.93	62.16	63.4	1390.71	1132.004	15.93	269	2018-08-17T09:32:56.814950192Z	63.89	kafka-001	57.11
15.93	62.46	61.1	923.885	1137.391	15.93	270	2018-08-17T09:33:03.826692271Z	63.4	kafka-001	57.12
15.93	62.33	60.29	1389.807	1130.668	15.93	270	2018-08-17T09:33:10.837387514Z	61.1	kafka-001	57.12
15.93	62.41	64.08	920.1	1147.933	15.93	271	2018-08-17T09:33:17.848742332Z	60.29	kafka-001	57.13
15.93	62.4	65.36	924.608	1146.579	15.93	272	2018-08-17T09:33:24.860356761Z	64.08	kafka-001	57.14
15.93	63.02	63.2	1406.721	1151.818	15.93	272	2018-08-17T09:33:31.872817362Z	65.36	kafka-001	57.15
15.93	62.9	61.79	926.354	1150.265	15.93	273	2018-08-17T09:33:38.88492868Z	63.2	kafka-001	57.15
15.93	62.64	64.96	1411.077	1159.728	15.93	273	2018-08-17T09:33:45.90359024Z	61.79	kafka-001	57.16
15.93	63.28	61.15	933.908	1139.001	15.93	274	2018-08-17T09:33:52.914760948Z	64.96	kafka-001	57.17
15.93	63.42	60.08	931.831	1153.075	15.93	274	2018-08-17T09:33:59.926511441Z	61.15	kafka-001	57.18
15.93	62.76	62.5	1412.753	1159.112	15.93	275	2018-08-17T09:34:06.938126383Z	60.08	kafka-001	57.19
15.93	62.28	64.13	930.693	1147.779	15.93	276	2018-08-17T09:34:13.948887292Z	62.5	kafka-001	57.19
15.93	62.43	61.56	1412.233	1147.122	15.93	276	2018-08-17T09:34:20.963241183Z	64.13	kafka-001	57.2
15.93	62.4	61.07	929.334	1155.865	15.93	277	2018-08-17T09:34:27.975019328Z	61.56	kafka-001	57.21
15.93	61.75	64.58	942.405	1160.939	15.93	277	2018-08-17T09:34:34.986285727Z	61.07	kafka-001	57.22
15.93	62.32	59.11	1430.246	1161.938	15.93	278	2018-08-17T09:34:42.000546692Z	64.58	kafka-001	57.23
15.93	62.16	62.51	945.31	1167.745	15.93	278	2018-08-17T09:34:49.011400388Z	59.11	kafka-001	57.23
15.93	62.16	61.97	1440.502	1175.974	15.93	279	2018-08-17T09:34:56.024042412Z	62.51	kafka-001	57.24
15.93	61.8	54.49	948.43	1166.575	15.93	279	2018-08-17T09:35:03.033874783Z	61.97	kafka-001	57.25
15.93	60.62	66.5	1446.308	1186.724	15.93	280	2018-08-17T09:35:10.045962439Z	54.49	kafka-001	57.26
15.93	61.53	65.31	956.08	1177.675	15.93	281	2018-08-17T09:35:17.058268836Z	66.5	kafka-001	57.27
15.93	61.65	60.83	960.699	1184.735	15.93	281	2018-08-17T09:35:24.069619235Z	65.31	kafka-001	57.28
15.93	61.93	65.98	1442.052	1177.312	15.93	282	2018-08-17T09:35:31.081272364Z	60.83	kafka-001	57.29
15.93	62.51	64.57	946.254	1170.441	15.93	282	2018-08-17T09:35:38.091532786Z	65.98	kafka-001	57.29
15.93	62.95	66.26	1457.797	1191.18	15.93	283	2018-08-17T09:35:45.102128Z	64.57	kafka-001	57.3
15.93	64.91	62.98	959.624	1196.199	15.93	283	2018-08-17T09:35:52.113136891Z	66.26	kafka-001	57.31
15.93	64.32	67.28	964.706	1191.621	15.93	284	2018-08-17T09:35:59.123494263Z	62.98	kafka-001	57.32
15.93	64.65	64.96	1461.929	1201.45	15.93	284	2018-08-17T09:36:06.136628875Z	67.28	kafka-001	57.33
15.93	65.34	65.94	968.875	1206.029	15.93	285	2018-08-17T09:36:13.148666302Z	64.96	kafka-001	57.34
15.93	65.33	68.37	1470.107	1215.232	15.93	285	2018-08-17T09:36:20.161454062Z	65.94	kafka-001	57.35
15.93	65.96	67.42	972.113	1210.677	15.93	286	2018-08-17T09:36:27.172843585Z	68.37	kafka-001	57.35
15.93	66.16	64.56	975.34	1212.233	15.93	287	2018-08-17T09:36:34.183790067Z	67.42	kafka-001	57.36
15.93	66.42	64.04	1485.426	1215.044	15.93	287	2018-08-17T09:36:41.195785065Z	64.56	kafka-001	57.37
15.93	65.88	59.88	977.332	1220.129	15.93	288	2018-08-17T09:36:48.207777802Z	64.04	kafka-001	57.38
15.93	65.04	69.33	1496.872	1230.738	15.93	288	2018-08-17T09:36:55.220524564Z	59.88	kafka-001	57.39
15.93	65.6	61.65	982.606	1228.087	15.93	289	2018-08-17T09:37:02.23732537Z	69.33	kafka-001	57.4
15.93	64.48	66.7	989.304	1228.169	15.93	289	2018-08-17T09:37:09.249489481Z	61.65	kafka-001	57.4
15.93	64.36	66.67	1491.922	1234.93	15.93	290	2018-08-17T09:37:16.260718813Z	66.7	kafka-001	57.41
15.93	64.71	68.94	980.995	1217.327	15.93	290	2018-08-17T09:37:23.272712648Z	66.67	kafka-001	57.42
15.93	65.53	65.73	1495.038	1238.592	15.93	291	2018-08-17T09:37:30.284088799Z	68.94	kafka-001	57.43
15.93	66.5	68.57	990.793	1228.577	15.93	291	2018-08-17T09:37:37.295968Z	65.73	kafka-001	57.44
15.93	66.38	64.13	988.448	1229.435	15.93	292	2018-08-17T09:37:44.308319585Z	68.57	kafka-001	57.45
15.93	66.79	69.89	1502.954	1237.411	15.93	292	2018-08-17T09:37:51.327182136Z	64.13	kafka-001	57.45
15.93	67.32	68.63	996.924	1233.735	15.93	293	2018-08-17T09:37:58.341656487Z	69.89	kafka-001	57.46
15.93	67.65	75.9	1504.871	1243.055	15.93	294	2018-08-17T09:38:05.353273371Z	68.63	kafka-001	57.47
15.93	68.81	64.35	997.965	1248.711	15.93	294	2018-08-17T09:38:12.365771404Z	75.9	kafka-001	57.48
15.93	68.58	68.08	1000.493	1244.101	15.93	295	2018-08-17T09:38:19.377053426Z	64.35	kafka-001	57.49
15.93	68.5	63.91	1517.487	1254.368	15.93	295	2018-08-17T09:38:26.39075792Z	68.08	kafka-001	57.5
15.93	68.46	68.34	1007.516	1254.663	15.93	296	2018-08-17T09:38:33.402485372Z	63.91	kafka-001	57.51
15.93	68.2	70.95	1526.478	1256.786	15.93	296	2018-08-17T09:38:40.415225017Z	68.34	kafka-001	57.52
15.93	68.59	69.39	1009.167	1254.751	15.93	297	2018-08-17T09:38:47.426613185Z	70.95	kafka-001	57.52
15.93	67.5	66.33	1011.086	1257.589	15.93	297	2018-08-17T09:38:54.437663862Z	69.39	kafka-001	57.53
15.93	67.83	64.27	1537.417	1270.368	15.93	298	2018-08-17T09:39:01.452115259Z	66.33	kafka-001	57.54
15.93	67.2	67.97	1005.304	1260.133	15.93	298	2018-08-17T09:39:08.462680577Z	64.27	kafka-001	57.55
15.93	67.87	68.24	1543.901	1263.308	15.93	299	2018-08-17T09:39:15.473935478Z	67.97	kafka-001	57.56
15.93	67.86	69.07	999.867	1258.889	15.93	299	2018-08-17T09:39:22.485749284Z	68.24	kafka-001	57.57
15.93	67.54	70.55	1027.378	1273.543	15.93	300	2018-08-17T09:39:29.497568789Z	69.07	kafka-001	57.57
15.93	67.74	67.05	1554.678	1281.952	15.93	300	2018-08-17T09:39:36.510151363Z	70.55	kafka-001	57.58
15.93	67.86	70.38	1023.854	1266.347	15.93	301	2018-08-17T09:39:43.522977307Z	67.05	kafka-001	57.59
15.93	68.88	64.42	1549.361	1266.346	15.93	301	2018-08-17T09:39:50.536517606Z	70.38	kafka-001	57.6
15.93	68.28	69.69	1023.686	1258.945	15.93	302	2018-08-17T09:39:57.549808492Z	64.42	kafka-001	57.61
15.93	68.53	61.72	1020.684	1274.377	15.93	302	2018-08-17T09:40:04.56156079Z	69.69	kafka-001	57.62
15.93	67.3	70.38	1561.184	1275.82	15.93	303	2018-08-17T09:40:11.573984819Z	61.72	kafka-001	57.63
15.93	67.27	64.26	1030.918	1283.925	15.93	303	2018-08-17T09:40:18.588498627Z	70.38	kafka-001	57.64
15.93	66.81	70.53	1566.199	1287.99	15.93	304	2018-08-17T09:40:25.599886543Z	64.26	kafka-001	57.64
15.93	66.83	66.56	1034.06	1294.137	15.93	304	2018-08-17T09:40:32.610375612Z	70.53	kafka-001	57.65
15.93	67.19	71.07	1036.929	1280.876	15.93	305	2018-08-17T09:40:39.621894523Z	66.56	kafka-001	57.66
15.93	67.42	73.9	1559.865	1287.843	15.93	305	2018-08-17T09:40:46.632683286Z	71.07	kafka-001	57.67
15.93	69.45	72.26	1037.658	1281.657	15.93	306	2018-08-17T09:40:53.645099865Z	73.9	kafka-001	57.68
15.93	69.76	68.64	1582.653	1296.132	15.93	306	2018-08-17T09:41:00.655109107Z	72.26	kafka-001	57.69
15.93	70.49	71.16	1031.594	1276.209	15.93	307	2018-08-17T09:41:07.666817415Z	68.64	kafka-001	57.7
15.93	70.6	69.07	1054.647	1292.785	15.93	308	2018-08-17T09:41:14.678339065Z	71.16	kafka-001	57.71
15.93	71.02	71.69	1584.824	1296.83	15.93	308	2018-08-17T09:41:21.691963449Z	69.07	kafka-001	57.72
15.93	71.12	70.91	1048.499	1287.095	15.93	309	2018-08-17T09:41:28.70451487Z	71.69	kafka-001	57.73
15.93	70.62	69.37	1585.585	1296.648	15.93	309	2018-08-17T09:41:35.716283192Z	70.91	kafka-001	57.74
15.93	70.14	71.61	1049.952	1297.387	15.93	310	2018-08-17T09:41:42.725741525Z	69.37	kafka-001	57.74
15.93	70.63	70.19	1055.848	1312.165	15.93	310	2018-08-17T09:41:49.738100053Z	71.61	kafka-001	57.75
15.93	70.47	71.8	1590.474	1309.092	15.93	311	2018-08-17T09:41:56.75242189Z	70.19	kafka-001	57.76
15.93	70.93	74.01	1051.486	1306.739	15.93	311	2018-08-17T09:42:03.764453633Z	71.8	kafka-001	57.77
15.93	71.31	71.26	1599.17	1313.614	15.93	312	2018-08-17T09:42:10.775368021Z	74.01	kafka-001	57.78
15.93	71.37	71.66	1055.294	1310.695	15.93	312	2018-08-17T09:42:17.787503177Z	71.26	kafka-001	57.79
15.93	71.75	73.78	1059.512	1314.093	15.93	313	2018-08-17T09:42:24.799940129Z	71.66	kafka-001	57.8
15.93	72.12	70.96	1615.514	1323.897	15.93	313	2018-08-17T09:42:31.812590184Z	73.78	kafka-001	57.81
15.93	72.24	72.86	1063.306	1322.474	15.93	314	2018-08-17T09:42:38.83624872Z	70.96	kafka-001	57.82
15.93	72.42	77.43	1624.241	1324.992	15.93	314	2018-08-17T09:42:45.849501715Z	72.86	kafka-001	57.82
15.93	72.99	73.27	1066.348	1329.743	15.93	315	2018-08-17T09:42:52.861204281Z	77.43	kafka-001	57.84
15.93	73.33	68.56	1072.162	1329.863	15.93	315	2018-08-17T09:42:59.872592533Z	73.27	kafka-001	57.84
15.93	72.81	70.6	1610.818	1317.346	15.93	316	2018-08-17T09:43:06.884019708Z	68.56	kafka-001	57.86
15.93	72.28	72.51	1070.438	1337.451	15.93	316	2018-08-17T09:43:13.895750831Z	70.6	kafka-001	57.86
15.93	72.54	69.45	1615.205	1334.018	15.93	317	2018-08-17T09:43:20.90679878Z	72.51	kafka-001	57.87
15.93	71.97	74.25	1066.597	1312.921	15.93	317	2018-08-17T09:43:27.919407888Z	69.45	kafka-001	57.88
15.93	71.44	73.23	1073.516	1339.132	15.93	318	2018-08-17T09:43:34.929482477Z	74.25	kafka-001	57.89
15.93	71.43	70.39	1634.782	1347.105	15.93	318	2018-08-17T09:43:41.940992101Z	73.23	kafka-001	57.9
15.93	71.74	75.0	1073.458	1351.677	15.93	318	2018-08-17T09:43:48.954111096Z	70.39	kafka-001	57.91
15.93	72.47	68.88	1640.242	1344.53	15.93	319	2018-08-17T09:43:55.965018744Z	75.0	kafka-001	57.92
15.93	71.87	75.23	1082.234	1359.507	15.93	319	2018-08-17T09:44:02.976618729Z	68.88	kafka-001	57.93
15.93	72.83	75.31	1088.223	1360.571	15.93	320	2018-08-17T09:44:09.98858977Z	75.23	kafka-001	57.94
15.93	73.01	76.36	1651.978	1367.838	15.93	320	2018-08-17T09:44:17.000996631Z	75.31	kafka-001	57.95
15.93	73.53	75.87	1087.982	1358.709	15.93	321	2018-08-17T09:44:24.011196288Z	76.36	kafka-001	57.95
15.93	74.44	75.4	1655.707	1367.124	15.93	321	2018-08-17T09:44:31.021035279Z	75.87	kafka-001	57.96
15.93	74.51	71.19	1090.608	1360.412	15.93	322	2018-08-17T09:44:38.032260389Z	75.4	kafka-001	57.97
15.93	74.89	74.07	1653.47	1362.693	15.93	322	2018-08-17T09:44:45.042300047Z	71.19	kafka-001	57.98
15.93	74.7	78.25	1098.998	1370.577	15.93	323	2018-08-17T09:44:52.053355668Z	74.07	kafka-001	57.99
15.93	75.19	78.04	1087.459	1365.411	15.93	323	2018-08-17T09:44:59.06387938Z	78.25	kafka-001	58.0
15.93	75.47	61.38	1670.53	1380.238	15.93	324	2018-08-17T09:45:06.075086929Z	78.04	kafka-001	58.01
15.93	73.05	76.11	1096.496	1369.397	15.93	324	2018-08-17T09:45:13.085873653Z	61.38	kafka-001	58.02
15.93	73.17	72.88	1666.165	1379.968	15.93	325	2018-08-17T09:45:20.097029142Z	76.11	kafka-001	58.03
15.93	73.45	78.09	1101.111	1371.467	15.93	325	2018-08-17T09:45:27.108163658Z	72.88	kafka-001	58.04
15.93	74.12	72.38	1107.137	1386.499	15.93	326	2018-08-17T09:45:34.119488958Z	78.09	kafka-001	58.05
15.93	73.15	76.65	1681.374	1388.78	15.93	326	2018-08-17T09:45:41.131825555Z	72.38	kafka-001	58.06
15.93	72.91	71.48	1108.419	1382.613	15.93	327	2018-08-17T09:45:48.144900975Z	76.65	kafka-001	58.07
15.93	74.6	74.97	1681.29	1390.008	15.93	327	2018-08-17T09:45:55.157383912Z	71.48	kafka-001	58.08
15.93	74.41	75.91	1106.296	1380.837	15.93	328	2018-08-17T09:46:02.168956729Z	74.97	kafka-001	58.09
15.93	74.91	77.45	1113.747	1395.039	15.93	328	2018-08-17T09:46:09.181267069Z	75.91	kafka-001	58.1
15.93	74.81	76.62	1690.64	1398.355	15.93	329	2018-08-17T09:46:16.194145744Z	77.45	kafka-001	58.11
15.93	75.51	76.03	1113.106	1400.376	15.93	329	2018-08-17T09:46:23.204901367Z	76.62	kafka-001	58.12
15.93	75.41	70.83	1686.53	1386.488	15.93	330	2018-08-17T09:46:30.216799481Z	76.03	kafka-001	58.13
15.93	75.3	76.98	1122.646	1398.633	15.93	330	2018-08-17T09:46:37.228301774Z	70.83	kafka-001	58.14
15.93	75.64	72.43	1120.531	1402.651	15.93	331	2018-08-17T09:46:44.240174299Z	76.98	kafka-001	58.15
15.93	75.06	73.02	1713.145	1415.684	15.93	331	2018-08-17T09:46:51.252054015Z	72.43	kafka-001	58.16
15.93	74.32	75.73	1128.72	1408.725	15.93	331	2018-08-17T09:46:58.264247977Z	73.02	kafka-001	58.16
15.93	74.17	76.4	1711.501	1404.126	15.93	332	2018-08-17T09:47:05.276654873Z	75.73	kafka-001	58.18
15.93	74.23	72.72	1130.618	1410.986	15.93	332	2018-08-17T09:47:12.291178628Z	76.4	kafka-001	58.19
15.93	74.55	75.76	1134.788	1411.402	15.93	333	2018-08-17T09:47:19.302853455Z	72.72	kafka-001	58.19
15.93	74.34	73.52	1721.668	1409.974	15.93	333	2018-08-17T09:47:26.314681104Z	75.76	kafka-001	58.2
15.93	74.52	78.63	1136.506	1419.831	15.93	334	2018-08-17T09:47:33.330823886Z	73.52	kafka-001	58.21
15.93	75.46	77.58	1725.46	1415.863	15.93	334	2018-08-17T09:47:40.346784627Z	78.63	kafka-001	58.22
15.93	75.77	77.13	1139.156	1417.08	15.93	335	2018-08-17T09:47:47.357426108Z	77.58	kafka-001	58.23
15.93	75.89	78.26	1136.449	1431.231	15.93	335	2018-08-17T09:47:54.368712576Z	77.13	kafka-001	58.24
15.93	76.81	78.19	1737.228	1436.053	15.93	336	2018-08-17T09:48:01.38017447Z	78.26	kafka-001	58.25
15.93	77.22	80.92	1143.159	1438.712	15.93	336	2018-08-17T09:48:08.39411191Z	78.19	kafka-001	58.26
15.93	78.45	80.28	1726.544	1440.938	15.93	337	2018-08-17T09:48:15.40464452Z	80.92	kafka-001	58.27
15.93	78.73	71.21	1163.611	1443.033	15.93	337	2018-08-17T09:48:22.415993375Z	80.28	kafka-001	58.28
15.93	77.66	77.59	1128.18	1440.555	15.93	338	2018-08-17T09:48:29.428245683Z	71.21	kafka-001	58.29
15.93	77.74	72.42	1741.769	1442.69	15.93	338	2018-08-17T09:48:36.44045081Z	77.59	kafka-001	58.3
15.93	76.77	79.61	1146.924	1437.091	15.93	339	2018-08-17T09:48:43.451381542Z	72.42	kafka-001	58.31
15.93	77.0	72.72	1746.593	1442.948	15.93	339	2018-08-17T09:48:50.464387582Z	79.61	kafka-001	58.32
15.93	75.64	78.2	1147.395	1432.116	15.93	339	2018-08-17T09:48:57.476526189Z	72.72	kafka-001	58.33
15.93	75.29	75.48	1151.526	1440.722	15.93	340	2018-08-17T09:49:04.489391217Z	78.2	kafka-001	58.34
15.93	76.0	77.85	1749.298	1445.618	15.93	340	2018-08-17T09:49:11.501421843Z	75.48	kafka-001	58.35
15.93	76.05	80.06	1156.131	1453.705	15.93	341	2018-08-17T09:49:18.514075669Z	77.85	kafka-001	58.36
15.93	77.32	73.76	1752.248	1450.29	15.93	341	2018-08-17T09:49:25.531412913Z	80.06	kafka-001	58.37
15.93	76.34	74.05	1158.503	1453.579	15.93	342	2018-08-17T09:49:32.542833922Z	73.76	kafka-001	58.38
15.93	76.57	80.12	1152.894	1440.313	15.93	342	2018-08-17T09:49:39.552684982Z	74.05	kafka-001	58.39
15.93	76.89	72.83	1761.153	1458.072	15.93	343	2018-08-17T09:49:46.565601195Z	80.12	kafka-001	58.4
15.93	76.44	79.33	1162.929	1458.431	15.93	343	2018-08-17T09:49:53.577392724Z	72.83	kafka-001	58.41
15.93	76.69	78.55	1767.062	1456.99	15.93	344	2018-08-17T09:50:00.589073639Z	79.33	kafka-001	58.42
15.93	76.44	79.9	1166.175	1455.911	15.93	344	2018-08-17T09:50:07.606390427Z	78.55	kafka-001	58.43
15.93	77.46	78.18	1168.307	1460.623	15.93	345	2018-08-17T09:50:14.618498219Z	79.9	kafka-001	58.44
15.93	78.15	77.52	1774.547	1464.816	15.93	345	2018-08-17T09:50:21.629841349Z	78.18	kafka-001	58.45
15.93	77.72	74.3	1169.726	1469.629	15.93	345	2018-08-17T09:50:28.640388109Z	77.52	kafka-001	58.46
15.93	77.96	79.27	1769.524	1468.412	15.93	346	2018-08-17T09:50:35.653008997Z	74.3	kafka-001	58.47
15.93	77.95	80.13	1171.804	1465.813	15.93	346	2018-08-17T09:50:42.670942738Z	79.27	kafka-001	58.48
15.93	78.22	79.99	1177.334	1462.059	15.93	347	2018-08-17T09:50:49.683076465Z	80.13	kafka-001	58.49
15.93	78.23	69.18	1788.901	1469.778	15.93	347	2018-08-17T09:50:56.694550693Z	79.99	kafka-001	58.5
15.93	76.73	81.87	1186.888	1465.965	15.93	348	2018-08-17T09:51:03.706502287Z	69.18	kafka-001	58.51
15.93	77.46	76.22	1785.899	1470.623	15.93	348	2018-08-17T09:51:10.718436605Z	81.87	kafka-001	58.52
15.93	77.78	79.95	1183.718	1457.782	15.93	349	2018-08-17T09:51:17.731344647Z	76.22	kafka-001	58.53
15.93	77.89	80.37	1185.525	1466.217	15.93	349	2018-08-17T09:51:24.74164193Z	79.95	kafka-001	58.54
15.93	77.93	79.17	1786.596	1471.042	15.93	350	2018-08-17T09:51:31.752858133Z	80.37	kafka-001	58.55
15.93	77.79	77.79	1180.43	1474.597	15.93	350	2018-08-17T09:51:38.76326264Z	79.17	kafka-001	58.56
15.93	79.23	78.96	1798.564	1478.318	15.93	350	2018-08-17T09:51:45.776038183Z	77.79	kafka-001	58.57
15.93	78.74	77.48	1188.139	1468.678	15.93	351	2018-08-17T09:51:52.79236016Z	78.96	kafka-001	58.58
15.93	78.95	79.91	1187.974	1477.238	15.93	351	2018-08-17T09:51:59.804533715Z	77.48	kafka-001	58.59
15.93	78.95	77.67	1800.522	1487.029	15.93	352	2018-08-17T09:52:06.816911775Z	79.91	kafka-001	58.61
15.93	78.5	83.61	1194.96	1481.034	15.93	352	2018-08-17T09:52:13.827830059Z	77.67	kafka-001	58.62
15.93	79.24	81.01	1807.576	1481.924	15.93	352	2018-08-17T09:52:20.838440836Z	83.61	kafka-001	58.63
15.93	79.77	79.31	1181.754	1472.251	15.93	352	2018-08-17T09:52:27.850332038Z	81.01	kafka-001	58.64
15.93	79.83	79.77	1189.638	1473.477	15.93	352	2018-08-17T09:52:34.867517124Z	79.31	kafka-001	58.65
15.93	80.21	79.24	1808.716	1480.84	15.93	352	2018-08-17T09:52:41.880649376Z	79.77	kafka-001	58.66
15.93	80.1	81.29	1186.694	1487.591	15.93	352	2018-08-17T09:52:48.894358202Z	79.24	kafka-001	58.67
15.93	80.7	84.51	1825.44	1503.052	15.93	352	2018-08-17T09:52:55.910277936Z	81.29	kafka-001	58.68
15.93	80.85	77.51	1187.54	1478.505	15.93	352	2018-08-17T09:53:02.921950298Z	84.51	kafka-001	58.69
15.93	80.27	81.23	1194.244	1488.025	15.93	352	2018-08-17T09:53:09.934772061Z	77.51	kafka-001	58.7
15.93	80.59	78.33	1813.661	1488.431	15.93	352	2018-08-17T09:53:16.946525451Z	81.23	kafka-001	58.71
15.93	80.35	83.22	1178.896	1480.166	15.93	352	2018-08-17T09:53:23.956703906Z	78.33	kafka-001	58.72
15.93	81.01	84.84	1807.991	1486.887	15.93	352	2018-08-17T09:53:30.967096946Z	83.22	kafka-001	58.73
