memory_rss%	host_moving_avg_cpu	container_cpu%	net_send	net_receive	memory_active_anon%	sensor_count	timestamp	host_cpu	name	memory%
15.93	nan	2.89	13214839.143	12525538.774	15.93	3	2018-08-17T12:09:37.49592312Z	0	kafka-001	65.44
15.93	nan	3.93	38.616	42.329	15.93	7	2018-08-17T12:09:44.50902402Z	2.89	kafka-001	65.44
15.93	nan	5.02	70.566	63.464	15.93	12	2018-08-17T12:09:51.520240341Z	3.93	kafka-001	65.44
15.93	nan	6.67	70.059	81.031	15.93	16	2018-08-17T12:09:58.531835471Z	5.02	kafka-001	65.44
15.93	nan	5.64	115.762	98.393	15.93	19	2018-08-17T12:10:05.542993135Z	6.67	kafka-001	65.44
15.93	4.02	7.38	94.974	108.212	15.93	23	2018-08-17T12:10:12.557750165Z	5.64	kafka-001	65.44
15.93	5.26	7.9	103.392	118.505	15.93	26	2018-08-17T12:10:19.569365939Z	7.38	kafka-001	65.44
15.93	6.09	8.42	165.788	139.204	15.93	29	2018-08-17T12:10:26.580339039Z	7.9	kafka-001	65.44
15.93	6.84	10.53	125.228	146.039	15.93	32	2018-08-17T12:10:33.595303628Z	8.42	kafka-001	65.44
15.93	7.76	9.67	190.748	158.634	15.93	35	2018-08-17T12:10:40.608759225Z	10.53	kafka-001	65.44
15.93	8.26	9.74	146.335	170.669	15.93	38	2018-08-17T12:10:47.627376123Z	9.67	kafka-001	65.44
15.93	8.94	9.1	152.624	176.659	15.93	40	2018-08-17T12:10:54.639888071Z	9.74	kafka-001	65.45
15.93	9.23	11.06	229.38	173.376	15.93	42	2018-08-17T12:11:01.651573656Z	9.1	kafka-001	65.45
15.93	9.75	13.15	169.522	194.541	15.93	44	2018-08-17T12:11:08.664317761Z	11.06	kafka-001	65.45
15.93	10.54	12.46	249.112	205.572	15.93	47	2018-08-17T12:11:15.676207387Z	13.15	kafka-001	65.45
15.93	10.86	12.71	178.696	213.123	15.93	49	2018-08-17T12:11:22.688281722Z	12.46	kafka-001	65.45
15.93	11.37	12.75	191.681	222.279	15.93	51	2018-08-17T12:11:29.701585039Z	12.71	kafka-001	65.45
15.93	11.87	14.27	291.539	225.598	15.93	53	2018-08-17T12:11:36.713184772Z	12.75	kafka-001	65.45
15.93	12.73	15.16	201.896	234.419	15.93	55	2018-08-17T12:11:43.724372269Z	14.27	kafka-001	65.45
15.93	13.42	16.36	301.386	244.008	15.93	57	2018-08-17T12:11:50.735807641Z	15.16	kafka-001	65.46
15.93	13.95	15.91	217.946	256.639	15.93	59	2018-08-17T12:11:57.748539098Z	16.36	kafka-001	65.46
15.93	14.53	16.72	218.944	265.343	15.93	61	2018-08-17T12:12:04.760642695Z	15.91	kafka-001	65.46
15.93	15.19	27.9	335.334	278.094	15.93	63	2018-08-17T12:12:11.772414182Z	16.72	kafka-001	65.46
15.93	17.72	16.11	235.278	283.163	15.93	64	2018-08-17T12:12:18.78434955Z	27.9	kafka-001	65.46
15.93	18.03	18.49	357.261	289.896	15.93	66	2018-08-17T12:12:25.797766166Z	16.11	kafka-001	65.47
15.93	18.58	16.31	242.797	282.165	15.93	68	2018-08-17T12:12:32.80999577Z	18.49	kafka-001	65.47
15.93	18.57	17.88	252.714	303.641	15.93	69	2018-08-17T12:12:39.822826611Z	16.31	kafka-001	65.47
15.93	18.9	18.13	380.398	315.184	15.93	71	2018-08-17T12:12:46.834950641Z	17.88	kafka-001	65.47
15.93	19.14	19.69	262.169	316.845	15.93	73	2018-08-17T12:12:53.849046796Z	18.13	kafka-001	65.48
15.93	17.77	18.91	406.644	331.587	15.93	74	2018-08-17T12:13:00.859500261Z	19.69	kafka-001	65.48
15.93	18.23	18.14	272.356	322.529	15.93	76	2018-08-17T12:13:07.869844605Z	18.91	kafka-001	65.48
15.93	18.18	18.27	278.986	320.536	15.93	78	2018-08-17T12:13:14.881905824Z	18.14	kafka-001	65.48
15.93	18.5	19.27	415.179	343.634	15.93	79	2018-08-17T12:13:21.89361644Z	18.27	kafka-001	65.48
15.93	18.74	20.84	295.519	352.809	15.93	81	2018-08-17T12:13:28.906830913Z	19.27	kafka-001	65.49
15.93	19.19	21.98	448.268	361.082	15.93	82	2018-08-17T12:13:35.917831495Z	20.84	kafka-001	65.49
15.93	19.57	21.07	306.636	365.185	15.93	84	2018-08-17T12:13:42.93227071Z	21.98	kafka-001	65.49
15.93	19.93	21.42	309.432	368.391	15.93	85	2018-08-17T12:13:49.944156631Z	21.07	kafka-001	65.49
15.93	20.48	21.78	470.042	379.146	15.93	87	2018-08-17T12:13:56.958747692Z	21.42	kafka-001	65.5
15.93	21.06	23.0	320.4	379.457	15.93	88	2018-08-17T12:14:03.971032409Z	21.78	kafka-001	65.5
15.93	21.68	23.05	479.498	382.562	15.93	89	2018-08-17T12:14:10.982515663Z	23.0	kafka-001	65.5
15.93	22.05	23.33	323.086	388.079	15.93	91	2018-08-17T12:14:17.99355172Z	23.05	kafka-001	65.5
15.93	22.28	23.15	322.79	383.802	15.93	92	2018-08-17T12:14:25.008442289Z	23.33	kafka-001	65.51
15.93	22.62	21.95	485.552	393.854	15.93	94	2018-08-17T12:14:32.02297861Z	23.15	kafka-001	65.51
15.93	22.71	24.84	328.045	403.748	15.93	95	2018-08-17T12:14:39.035538271Z	21.95	kafka-001	65.51
15.93	23.22	23.77	514.566	419.12	15.93	97	2018-08-17T12:14:46.048430632Z	24.84	kafka-001	65.51
15.93	23.35	25.38	347.512	419.981	15.93	98	2018-08-17T12:14:53.060637174Z	23.77	kafka-001	65.52
15.93	23.74	24.66	524.51	424.984	15.93	99	2018-08-17T12:15:00.073897625Z	25.38	kafka-001	65.52
15.93	23.96	23.61	359.766	434.273	15.93	101	2018-08-17T12:15:07.085821296Z	24.66	kafka-001	65.52
15.93	24.04	25.61	362.892	436.449	15.93	102	2018-08-17T12:15:14.099229663Z	23.61	kafka-001	65.53
15.93	24.64	25.32	548.962	444.079	15.93	103	2018-08-17T12:15:21.111169499Z	25.61	kafka-001	65.53
15.93	24.72	26.65	369.698	448.3	15.93	105	2018-08-17T12:15:28.122959254Z	25.32	kafka-001	65.53
15.93	25.2	27.02	544.78	451.7	15.93	106	2018-08-17T12:15:35.139076999Z	26.65	kafka-001	65.54
15.93	25.48	26.19	374.418	455.037	15.93	107	2018-08-17T12:15:42.149725091Z	27.02	kafka-001	65.54
15.93	25.73	26.72	380.064	468.093	15.93	109	2018-08-17T12:15:49.160088463Z	26.19	kafka-001	65.54
15.93	26.25	26.76	585.065	483.22	15.93	110	2018-08-17T12:15:56.171870786Z	26.72	kafka-001	65.55
15.93	26.44	28.48	396.773	485.839	15.93	111	2018-08-17T12:16:03.183900955Z	26.76	kafka-001	65.55
15.93	26.97	27.8	599.762	493.902	15.93	112	2018-08-17T12:16:10.195430467Z	28.48	kafka-001	65.55
15.93	27.16	28.45	404.658	491.985	15.93	113	2018-08-17T12:16:17.210506181Z	27.8	kafka-001	65.56
15.93	27.4	29.5	405.632	497.213	15.93	115	2018-08-17T12:16:24.222770162Z	28.45	kafka-001	65.56
15.93	27.95	26.6	611.141	505.918	15.93	116	2018-08-17T12:16:31.233600238Z	29.5	kafka-001	65.56
15.93	27.93	29.64	410.802	502.569	15.93	117	2018-08-17T12:16:38.245774311Z	26.6	kafka-001	65.57
15.93	28.41	28.96	618.684	508.302	15.93	118	2018-08-17T12:16:45.257928568Z	29.64	kafka-001	65.57
15.93	28.49	29.71	410.723	510.643	15.93	119	2018-08-17T12:16:52.270479425Z	28.96	kafka-001	65.57
15.93	28.81	28.61	421.14	512.395	15.93	120	2018-08-17T12:16:59.281746655Z	29.71	kafka-001	65.58
15.93	28.84	31.13	633.28	522.98	15.93	122	2018-08-17T12:17:06.292249173Z	28.61	kafka-001	65.58
15.93	29.11	28.38	428.846	526.679	15.93	123	2018-08-17T12:17:13.302862338Z	31.13	kafka-001	65.58
15.93	29.4	31.52	651.562	533.38	15.93	124	2018-08-17T12:17:20.314844691Z	28.38	kafka-001	65.59
15.93	29.72	31.33	439.353	539.307	15.93	125	2018-08-17T12:17:27.327835399Z	31.52	kafka-001	65.59
15.93	30.11	30.36	436.867	526.477	15.93	126	2018-08-17T12:17:34.340757676Z	31.33	kafka-001	65.59
15.93	30.22	31.91	663.633	543.548	15.93	127	2018-08-17T12:17:41.35122815Z	30.36	kafka-001	65.6
15.93	30.77	32.19	449.98	550.775	15.93	128	2018-08-17T12:17:48.362325871Z	31.91	kafka-001	65.6
15.93	30.95	29.79	678.057	549.354	15.93	129	2018-08-17T12:17:55.374679502Z	32.19	kafka-001	65.6
15.93	31.18	31.4	458.84	553.283	15.93	130	2018-08-17T12:18:02.386294659Z	29.79	kafka-001	65.61
15.93	31.16	29.93	459.085	564.639	15.93	131	2018-08-17T12:18:09.402287698Z	31.4	kafka-001	65.61
15.93	30.93	33.31	696.907	567.106	15.93	133	2018-08-17T12:18:16.415255252Z	29.93	kafka-001	65.62
15.93	31.42	31.69	472.454	573.219	15.93	134	2018-08-17T12:18:23.426575396Z	33.31	kafka-001	65.62
15.93	31.38	34.04	708.849	576.076	15.93	135	2018-08-17T12:18:30.437227791Z	31.69	kafka-001	65.62
15.93	31.69	30.7	478.268	580.687	15.93	136	2018-08-17T12:18:37.447910452Z	34.04	kafka-001	65.63
15.93	31.84	34.26	483.147	588.841	15.93	137	2018-08-17T12:18:44.458564784Z	30.7	kafka-001	65.63
15.93	32.32	33.66	723.914	591.46	15.93	138	2018-08-17T12:18:51.470406761Z	34.26	kafka-001	65.64
15.93	32.94	35.73	478.259	586.509	15.93	139	2018-08-17T12:18:58.48131045Z	33.66	kafka-001	65.64
15.93	33.35	33.47	729.458	599.902	15.93	140	2018-08-17T12:19:05.494725596Z	35.73	kafka-001	65.65
15.93	33.64	33.75	488.966	598.001	15.93	141	2018-08-17T12:19:12.506328568Z	33.47	kafka-001	65.65
15.93	33.59	30.27	494.844	602.376	15.93	142	2018-08-17T12:19:19.517281655Z	33.75	kafka-001	65.65
15.93	33.52	36.03	749.348	603.121	15.93	143	2018-08-17T12:19:26.529991408Z	30.27	kafka-001	65.66
15.93	33.82	36.52	500.591	611.357	15.93	144	2018-08-17T12:19:33.54151521Z	36.03	kafka-001	65.66
15.93	34.29	36.39	755.925	613.188	15.93	145	2018-08-17T12:19:40.554449675Z	36.52	kafka-001	65.66
15.93	34.4	30.27	501.974	599.298	15.93	146	2018-08-17T12:19:47.565384112Z	36.39	kafka-001	65.67
15.93	33.87	35.55	511.182	613.948	15.93	147	2018-08-17T12:19:54.575864906Z	30.27	kafka-001	65.67
15.93	34.17	32.01	768.504	614.1	15.93	148	2018-08-17T12:20:01.586341414Z	35.55	kafka-001	65.68
15.93	34.46	35.41	515.008	631.777	15.93	149	2018-08-17T12:20:08.596782831Z	32.01	kafka-001	65.68
15.93	34.36	34.1	778.51	627.424	15.93	150	2018-08-17T12:20:15.604695637Z	35.41	kafka-001	65.69
15.93	33.95	35.76	521.733	633.129	15.93	151	2018-08-17T12:20:22.615649623Z	34.1	kafka-001	65.69
15.93	33.85	32.99	525.265	645.375	15.93	152	2018-08-17T12:20:29.626837461Z	35.76	kafka-001	65.7
15.93	34.3	36.53	794.013	652.75	15.93	153	2018-08-17T12:20:36.637432241Z	32.99	kafka-001	65.7
15.93	34.47	40.07	532.938	649.213	15.93	154	2018-08-17T12:20:43.646295347Z	36.53	kafka-001	65.7
15.93	35.81	39.05	809.699	664.284	15.93	155	2018-08-17T12:20:50.660400455Z	40.07	kafka-001	65.71
15.93	36.42	37.49	543.678	660.201	15.93	156	2018-08-17T12:20:57.673368258Z	39.05	kafka-001	65.71
15.93	36.98	33.9	540.88	661.399	15.93	157	2018-08-17T12:21:04.68775854Z	37.49	kafka-001	65.72
15.93	36.67	38.52	811.723	654.174	15.93	158	2018-08-17T12:21:11.699143368Z	33.9	kafka-001	65.72
15.93	37.59	39.56	548.476	671.894	15.93	159	2018-08-17T12:21:18.710980402Z	38.52	kafka-001	65.73
15.93	38.1	36.53	833.966	676.505	15.93	159	2018-08-17T12:21:25.721800369Z	39.56	kafka-001	65.73
15.93	37.51	38.8	554.228	672.281	15.93	160	2018-08-17T12:21:32.733718574Z	36.53	kafka-001	65.74
15.93	37.47	39.4	555.288	676.439	15.93	161	2018-08-17T12:21:39.749206245Z	38.8	kafka-001	65.74
15.93	37.78	38.83	842.714	691.916	15.93	162	2018-08-17T12:21:46.760286256Z	39.4	kafka-001	65.75
15.93	38.61	39.83	557.168	686.149	15.93	163	2018-08-17T12:21:53.771371544Z	38.83	kafka-001	65.75
15.93	38.82	40.71	852.716	697.826	15.93	164	2018-08-17T12:22:00.782663654Z	39.83	kafka-001	65.76
15.93	39.02	40.13	572.566	701.049	15.93	165	2018-08-17T12:22:07.794382337Z	40.71	kafka-001	65.76
15.93	39.62	39.91	566.979	700.447	15.93	166	2018-08-17T12:22:14.804829347Z	40.13	kafka-001	65.77
15.93	39.8	39.97	862.698	700.304	15.93	167	2018-08-17T12:22:21.816520182Z	39.91	kafka-001	65.77
15.93	39.9	40.09	578.161	706.733	15.93	168	2018-08-17T12:22:28.828205725Z	39.97	kafka-001	65.77
15.93	40.11	41.81	875.678	715.48	15.93	169	2018-08-17T12:22:35.839041994Z	40.09	kafka-001	65.78
15.93	40.44	38.09	587.9	717.547	15.93	170	2018-08-17T12:22:42.850149871Z	41.81	kafka-001	65.78
15.93	40.0	40.5	587.236	722.759	15.93	170	2018-08-17T12:22:49.859845898Z	38.09	kafka-001	65.79
15.93	40.06	41.59	889.176	716.184	15.93	171	2018-08-17T12:22:56.870194746Z	40.5	kafka-001	65.79
15.93	40.34	41.88	591.253	715.237	15.93	172	2018-08-17T12:23:03.88081135Z	41.59	kafka-001	65.8
15.93	40.66	42.27	888.609	722.626	15.93	173	2018-08-17T12:23:10.891158574Z	41.88	kafka-001	65.8
15.93	41.02	42.81	596.248	738.831	15.93	174	2018-08-17T12:23:17.900688955Z	42.27	kafka-001	65.81
15.93	41.19	43.09	601.395	736.091	15.93	175	2018-08-17T12:23:24.911581829Z	42.81	kafka-001	65.81
15.93	42.02	43.16	912.668	749.852	15.93	176	2018-08-17T12:23:31.920593083Z	43.09	kafka-001	65.82
15.93	42.47	43.26	605.854	745.477	15.93	176	2018-08-17T12:23:38.932088201Z	43.16	kafka-001	65.82
15.93	42.74	43.4	925.115	750.466	15.93	177	2018-08-17T12:23:45.942341845Z	43.26	kafka-001	65.83
15.93	43.0	40.02	616.032	750.831	15.93	178	2018-08-17T12:23:52.95509483Z	43.4	kafka-001	65.84
15.93	42.62	39.21	616.052	753.609	15.93	179	2018-08-17T12:23:59.964741336Z	40.02	kafka-001	65.84
15.93	42.02	39.32	924.633	750.754	15.93	180	2018-08-17T12:24:06.977873298Z	39.21	kafka-001	65.85
15.93	41.39	42.65	611.333	763.511	15.93	181	2018-08-17T12:24:13.988846551Z	39.32	kafka-001	65.85
15.93	41.31	33.64	936.786	765.99	15.93	181	2018-08-17T12:24:21.001453966Z	42.65	kafka-001	65.85
15.93	39.71	43.6	625.976	775.991	15.93	182	2018-08-17T12:24:28.011404694Z	33.64	kafka-001	65.86
15.93	39.74	40.98	633.678	781.042	15.93	183	2018-08-17T12:24:35.023758368Z	43.6	kafka-001	65.87
15.93	39.9	43.1	958.547	781.605	15.93	184	2018-08-17T12:24:42.034621086Z	40.98	kafka-001	65.87
15.93	40.55	44.49	631.766	778.139	15.93	185	2018-08-17T12:24:49.046801609Z	43.1	kafka-001	65.88
15.93	41.41	31.91	968.788	797.056	15.93	186	2018-08-17T12:24:56.059008731Z	44.49	kafka-001	65.88
15.93	39.62	33.79	645.009	798.437	15.93	186	2018-08-17T12:25:03.070111009Z	31.91	kafka-001	65.89
15.93	39.64	45.07	975.872	801.648	15.93	187	2018-08-17T12:25:10.082196561Z	33.79	kafka-001	65.89
15.93	39.89	45.84	645.572	789.263	15.93	188	2018-08-17T12:25:17.094460309Z	45.07	kafka-001	65.9
15.93	40.7	44.73	632.336	780.413	15.93	189	2018-08-17T12:25:24.105345107Z	45.84	kafka-001	65.91
15.93	40.97	44.4	984.753	803.544	15.93	189	2018-08-17T12:25:31.115771085Z	44.73	kafka-001	65.91
15.93	40.96	46.66	655.321	802.889	15.93	190	2018-08-17T12:25:38.126198805Z	44.4	kafka-001	65.92
15.93	43.41	45.23	994.765	811.688	15.93	191	2018-08-17T12:25:45.13851318Z	46.66	kafka-001	65.92
15.93	45.32	28.53	660.874	819.603	15.93	192	2018-08-17T12:25:52.14887594Z	45.23	kafka-001	65.93
15.93	42.56	45.99	657.292	811.241	15.93	193	2018-08-17T12:25:59.162878153Z	28.53	kafka-001	65.93
15.93	42.59	46.04	1007.42	819.152	15.93	193	2018-08-17T12:26:06.174375982Z	45.99	kafka-001	65.94
15.93	42.81	46.14	663.428	813.451	15.93	194	2018-08-17T12:26:13.185432168Z	46.04	kafka-001	65.94
15.93	43.1	46.83	1003.777	819.092	15.93	195	2018-08-17T12:26:20.201504362Z	46.14	kafka-001	65.95
15.93	43.13	44.2	674.304	829.009	15.93	196	2018-08-17T12:26:27.213662624Z	46.83	kafka-001	65.95
15.93	42.95	47.56	672.48	823.035	15.93	196	2018-08-17T12:26:34.225003345Z	44.2	kafka-001	65.96
15.93	46.13	47.53	1022.18	831.995	15.93	197	2018-08-17T12:26:41.237089684Z	47.56	kafka-001	65.97
15.93	46.38	47.63	677.845	822.991	15.93	198	2018-08-17T12:26:48.259323368Z	47.53	kafka-001	65.97
15.93	46.65	45.35	1024.816	844.005	15.93	199	2018-08-17T12:26:55.275761846Z	47.63	kafka-001	65.98
15.93	46.52	44.76	681.859	831.029	15.93	199	2018-08-17T12:27:02.286854527Z	45.35	kafka-001	65.98
15.93	46.17	45.48	686.726	841.606	15.93	200	2018-08-17T12:27:09.2990605Z	44.76	kafka-001	65.99
15.93	46.38	48.67	1053.746	864.946	15.93	201	2018-08-17T12:27:16.311486911Z	45.48	kafka-001	66.0
15.93	46.57	46.27	698.726	856.888	15.93	202	2018-08-17T12:27:23.323550837Z	48.67	kafka-001	66.0
15.93	46.36	51.3	1051.407	858.088	15.93	202	2018-08-17T12:27:30.336119472Z	46.27	kafka-001	66.01
15.93	46.97	49.58	697.823	861.705	15.93	203	2018-08-17T12:27:37.348853189Z	51.3	kafka-001	66.01
15.93	47.68	45.95	702.099	858.823	15.93	204	2018-08-17T12:27:44.359972667Z	49.58	kafka-001	66.02
15.93	47.87	44.04	1059.4	847.452	15.93	205	2018-08-17T12:27:51.372536065Z	45.95	kafka-001	66.03
15.93	47.63	49.73	709.638	866.671	15.93	206	2018-08-17T12:27:58.384035242Z	44.04	kafka-001	66.03
15.93	47.81	47.94	1075.645	877.79	15.93	206	2018-08-17T12:28:05.395440759Z	49.73	kafka-001	66.04
15.93	48.09	49.35	712.369	868.449	15.93	207	2018-08-17T12:28:12.408688666Z	47.94	kafka-001	66.04
15.93	47.76	47.4	717.473	880.301	15.93	208	2018-08-17T12:28:19.421612646Z	49.35	kafka-001	66.05
15.93	47.4	48.94	1077.727	890.79	15.93	208	2018-08-17T12:28:26.432413487Z	47.4	kafka-001	66.06
15.93	47.9	52.0	719.583	889.479	15.93	209	2018-08-17T12:28:33.44330501Z	48.94	kafka-001	66.06
15.93	49.23	51.31	1091.875	895.73	15.93	210	2018-08-17T12:28:40.457145524Z	52.0	kafka-001	66.07
15.93	49.49	44.93	724.816	898.217	15.93	211	2018-08-17T12:28:47.467945582Z	51.31	kafka-001	66.07
15.93	48.99	51.08	723.456	894.391	15.93	211	2018-08-17T12:28:54.479380142Z	44.93	kafka-001	66.08
15.93	49.28	46.31	1103.744	899.346	15.93	212	2018-08-17T12:29:01.491796321Z	51.08	kafka-001	66.09
15.93	49.09	50.04	731.248	901.113	15.93	213	2018-08-17T12:29:08.501538866Z	46.31	kafka-001	66.09
15.93	49.28	51.77	1108.977	906.252	15.93	213	2018-08-17T12:29:15.512050708Z	50.04	kafka-001	66.1
15.93	49.24	50.5	728.104	893.993	15.93	214	2018-08-17T12:29:22.527086999Z	51.77	kafka-001	66.1
15.93	49.1	50.43	734.794	906.341	15.93	215	2018-08-17T12:29:29.537656224Z	50.5	kafka-001	66.11
15.93	50.02	52.19	1122.478	924.786	15.93	216	2018-08-17T12:29:36.55185186Z	50.43	kafka-001	66.12
15.93	50.21	52.66	742.367	923.939	15.93	216	2018-08-17T12:29:43.563914046Z	52.19	kafka-001	66.12
15.93	51.26	53.55	1131.253	928.368	15.93	217	2018-08-17T12:29:50.577050927Z	52.66	kafka-001	66.13
15.93	51.85	51.04	745.834	926.484	15.93	218	2018-08-17T12:29:57.592182057Z	53.55	kafka-001	66.14
15.93	51.73	53.13	753.034	934.648	15.93	218	2018-08-17T12:30:04.606310461Z	51.04	kafka-001	66.14
15.93	52.17	49.17	1142.873	940.15	15.93	219	2018-08-17T12:30:11.618235001Z	53.13	kafka-001	66.15
15.93	51.96	53.39	752.068	928.791	15.93	220	2018-08-17T12:30:18.628437384Z	49.17	kafka-001	66.16
15.93	52.16	50.45	1148.505	952.442	15.93	221	2018-08-17T12:30:25.642226012Z	53.39	kafka-001	66.16
15.93	51.79	51.96	762.064	942.261	15.93	221	2018-08-17T12:30:32.655229737Z	50.45	kafka-001	66.17
15.93	51.52	49.53	760.52	949.603	15.93	222	2018-08-17T12:30:39.669120023Z	51.96	kafka-001	66.17
15.93	51.27	52.33	1154.97	958.76	15.93	223	2018-08-17T12:30:46.681137965Z	49.53	kafka-001	66.18
15.93	51.14	54.56	755.742	944.751	15.93	223	2018-08-17T12:30:53.695390864Z	52.33	kafka-001	66.19
15.93	52.04	53.41	1167.022	959.478	15.93	224	2018-08-17T12:31:00.70629489Z	54.56	kafka-001	66.19
15.93	52.04	51.29	779.656	962.029	15.93	225	2018-08-17T12:31:07.717505098Z	53.41	kafka-001	66.2
15.93	52.18	53.3	778.121	963.89	15.93	225	2018-08-17T12:31:14.732076469Z	51.29	kafka-001	66.21
15.93	52.4	54.01	1168.135	962.509	15.93	226	2018-08-17T12:31:21.745433464Z	53.3	kafka-001	66.21
15.93	53.15	54.71	779.965	963.78	15.93	227	2018-08-17T12:31:28.756539764Z	54.01	kafka-001	66.22
15.93	53.55	51.98	1177.807	966.127	15.93	227	2018-08-17T12:31:35.768159726Z	54.71	kafka-001	66.23
15.93	53.12	52.89	784.524	968.188	15.93	228	2018-08-17T12:31:42.779194031Z	51.98	kafka-001	66.23
15.93	53.03	50.1	779.464	969.642	15.93	229	2018-08-17T12:31:49.790863933Z	52.89	kafka-001	66.24
15.93	52.83	52.73	1202.263	982.176	15.93	229	2018-08-17T12:31:56.803693595Z	50.1	kafka-001	66.25
15.93	52.74	51.08	788.398	977.259	15.93	230	2018-08-17T12:32:03.815348572Z	52.73	kafka-001	66.25
15.93	52.25	54.91	1190.668	981.13	15.93	231	2018-08-17T12:32:10.827756947Z	51.08	kafka-001	66.26
15.93	52.28	53.3	792.047	981.391	15.93	231	2018-08-17T12:32:17.841350764Z	54.91	kafka-001	66.27
15.93	52.5	54.35	791.373	976.593	15.93	232	2018-08-17T12:32:24.852307689Z	53.3	kafka-001	66.27
15.93	52.74	54.1	1207.476	998.31	15.93	233	2018-08-17T12:32:31.865563073Z	54.35	kafka-001	66.28
15.93	53.41	54.81	797.823	987.736	15.93	233	2018-08-17T12:32:38.878944988Z	54.1	kafka-001	66.29
15.93	53.76	48.25	1216.287	989.437	15.93	234	2018-08-17T12:32:45.889770655Z	54.81	kafka-001	66.29
15.93	53.29	55.24	809.515	992.987	15.93	235	2018-08-17T12:32:52.90390387Z	48.25	kafka-001	66.3
15.93	53.34	53.76	807.837	993.119	15.93	235	2018-08-17T12:32:59.91777275Z	55.24	kafka-001	66.31
15.93	53.42	55.33	1216.936	981.262	15.93	236	2018-08-17T12:33:06.930165902Z	53.76	kafka-001	66.31
15.93	53.58	56.92	814.724	992.249	15.93	237	2018-08-17T12:33:13.941290291Z	55.33	kafka-001	66.32
15.93	54.05	56.45	1205.719	985.843	15.93	237	2018-08-17T12:33:20.954262173Z	56.92	kafka-001	66.33
15.93	54.32	54.57	817.077	996.807	15.93	238	2018-08-17T12:33:27.966344234Z	56.45	kafka-001	66.34
15.93	55.38	55.92	815.06	985.041	15.93	239	2018-08-17T12:33:34.978884869Z	54.57	kafka-001	66.34
15.93	55.49	53.97	1231.787	990.674	15.93	239	2018-08-17T12:33:41.992330894Z	55.92	kafka-001	66.35
15.93	55.53	56.18	816.108	999.105	15.93	240	2018-08-17T12:33:49.00490726Z	53.97	kafka-001	66.36
15.93	55.67	55.41	1239.732	1003.222	15.93	240	2018-08-17T12:33:56.015013144Z	56.18	kafka-001	66.36
15.93	55.42	56.03	823.561	1005.134	15.93	241	2018-08-17T12:34:03.026991395Z	55.41	kafka-001	66.37
15.93	55.35	57.31	1250.796	1020.009	15.93	242	2018-08-17T12:34:10.039915083Z	56.03	kafka-001	66.38
15.93	55.8	57.24	820.756	1003.901	15.93	242	2018-08-17T12:34:17.051778509Z	57.31	kafka-001	66.39
15.93	56.02	57.3	822.294	1011.517	15.93	243	2018-08-17T12:34:24.062945124Z	57.24	kafka-001	66.39
15.93	56.58	58.51	1254.395	1015.544	15.93	244	2018-08-17T12:34:31.075832696Z	57.3	kafka-001	66.4
15.93	56.97	59.07	833.704	1027.265	15.93	244	2018-08-17T12:34:38.086438438Z	58.51	kafka-001	66.41
15.93	57.58	56.61	1259.179	1020.644	15.93	245	2018-08-17T12:34:45.098156922Z	59.07	kafka-001	66.41
15.93	57.67	56.26	832.423	1030.907	15.93	245	2018-08-17T12:34:52.109657618Z	56.61	kafka-001	66.42
15.93	57.5	55.73	836.542	1021.601	15.93	246	2018-08-17T12:34:59.120760907Z	56.26	kafka-001	66.43
15.93	57.25	51.85	1276.277	1040.736	15.93	247	2018-08-17T12:35:06.129611037Z	55.73	kafka-001	66.44
15.93	56.34	53.41	843.055	1038.079	15.93	247	2018-08-17T12:35:13.142191373Z	51.85	kafka-001	66.44
15.93	55.49	59.08	1269.988	1035.134	15.93	248	2018-08-17T12:35:20.151897837Z	53.41	kafka-001	66.45
15.93	55.49	64.28	845.157	1040.733	15.93	249	2018-08-17T12:35:27.162857872Z	59.08	kafka-001	66.46
15.93	56.77	60.69	855.259	1051.175	15.93	249	2018-08-17T12:35:34.176499586Z	64.28	kafka-001	66.47
15.93	57.51	57.04	1287.912	1059.736	15.93	250	2018-08-17T12:35:41.188051545Z	60.69	kafka-001	66.47
15.93	57.72	60.27	852.18	1052.117	15.93	250	2018-08-17T12:35:48.200769605Z	57.04	kafka-001	66.48
15.93	59.13	55.57	1292.919	1050.698	15.93	251	2018-08-17T12:35:55.216113324Z	60.27	kafka-001	66.49
15.93	59.49	58.31	856.629	1050.179	15.93	252	2018-08-17T12:36:02.229909121Z	55.57	kafka-001	66.5
15.93	59.36	59.59	862.367	1064.561	15.93	252	2018-08-17T12:36:09.244543034Z	58.31	kafka-001	66.5
15.93	58.58	60.51	1296.055	1070.04	15.93	253	2018-08-17T12:36:16.256619356Z	59.59	kafka-001	66.51
15.93	58.55	61.62	863.5	1071.861	15.93	253	2018-08-17T12:36:23.269040993Z	60.51	kafka-001	66.52
15.93	59.31	60.2	1311.039	1072.99	15.93	254	2018-08-17T12:36:30.279597532Z	61.62	kafka-001	66.52
15.93	59.3	60.71	872.697	1077.797	15.93	255	2018-08-17T12:36:37.290560252Z	60.2	kafka-001	66.53
15.93	60.16	59.83	866.832	1074.175	15.93	255	2018-08-17T12:36:44.304452817Z	60.71	kafka-001	66.54
15.93	60.41	60.38	1331.276	1082.738	15.93	256	2018-08-17T12:36:51.317608763Z	59.83	kafka-001	66.54
15.93	60.54	61.08	855.084	1061.385	15.93	256	2018-08-17T12:36:58.328489757Z	60.38	kafka-001	66.55
15.93	60.64	56.6	1328.511	1087.703	15.93	257	2018-08-17T12:37:05.344665018Z	61.08	kafka-001	66.56
15.93	59.8	58.98	878.434	1082.95	15.93	258	2018-08-17T12:37:12.356731981Z	56.6	kafka-001	66.57
15.93	59.6	60.9	882.101	1086.125	15.93	258	2018-08-17T12:37:19.368274973Z	58.98	kafka-001	66.58
15.93	59.63	56.58	1330.72	1088.268	15.93	259	2018-08-17T12:37:26.379717567Z	60.9	kafka-001	66.58
15.93	59.09	59.89	881.119	1072.963	15.93	259	2018-08-17T12:37:33.391329246Z	56.58	kafka-001	66.59
15.93	59.0	64.8	1330.107	1084.871	15.93	260	2018-08-17T12:37:40.401286184Z	59.89	kafka-001	66.6
15.93	59.62	65.6	889.552	1098.094	15.93	261	2018-08-17T12:37:47.416914808Z	64.8	kafka-001	66.61
15.93	61.12	61.14	891.537	1105.455	15.93	261	2018-08-17T12:37:54.429268291Z	65.6	kafka-001	66.61
15.93	61.48	60.21	1355.761	1107.612	15.93	262	2018-08-17T12:38:01.440923636Z	61.14	kafka-001	66.62
15.93	61.37	64.01	896.06	1106.201	15.93	262	2018-08-17T12:38:08.45255247Z	60.21	kafka-001	66.63
15.93	62.61	61.33	1357.439	1115.096	15.93	263	2018-08-17T12:38:15.465250237Z	64.01	kafka-001	66.64
15.93	62.85	60.36	896.572	1106.339	15.93	264	2018-08-17T12:38:22.475758092Z	61.33	kafka-001	66.64
15.93	62.11	55.89	897.303	1096.904	15.93	264	2018-08-17T12:38:29.485799909Z	60.36	kafka-001	66.65
15.93	60.49	63.81	1372.527	1117.291	15.93	265	2018-08-17T12:38:36.49797331Z	55.89	kafka-001	66.66
15.93	60.93	58.75	907.187	1113.086	15.93	265	2018-08-17T12:38:43.512377942Z	63.81	kafka-001	66.67
15.93	60.69	64.25	1380.077	1135.366	15.93	266	2018-08-17T12:38:50.523770224Z	58.75	kafka-001	66.68
15.93	60.73	62.62	904.145	1130.241	15.93	267	2018-08-17T12:38:57.534599626Z	64.25	kafka-001	66.68
15.93	60.95	64.19	919.155	1136.167	15.93	267	2018-08-17T12:39:04.545047763Z	62.62	kafka-001	66.69
15.93	61.58	59.36	1377.708	1136.448	15.93	268	2018-08-17T12:39:11.556598243Z	64.19	kafka-001	66.7
15.93	62.16	64.66	917.196	1137.319	15.93	268	2018-08-17T12:39:18.568243832Z	59.36	kafka-001	66.71
15.93	62.3	58.85	1380.846	1137.392	15.93	269	2018-08-17T12:39:25.579407515Z	64.66	kafka-001	66.71
15.93	62.32	63.55	908.321	1116.721	15.93	269	2018-08-17T12:39:32.597414029Z	58.85	kafka-001	66.72
15.93	62.2	62.26	913.896	1124.343	15.93	270	2018-08-17T12:39:39.610234969Z	63.55	kafka-001	66.73
15.93	62.14	59.68	1398.79	1137.39	15.93	271	2018-08-17T12:39:46.622874447Z	62.26	kafka-001	66.74
15.93	61.39	62.67	919.009	1123.365	15.93	271	2018-08-17T12:39:53.634271523Z	59.68	kafka-001	66.74
15.93	61.94	64.24	1398.7	1141.72	15.93	272	2018-08-17T12:40:00.644669477Z	62.67	kafka-001	66.75
15.93	61.87	61.1	919.629	1154.98	15.93	272	2018-08-17T12:40:07.655861376Z	64.24	kafka-001	66.76
15.93	62.25	63.49	929.688	1145.814	15.93	273	2018-08-17T12:40:14.66958337Z	61.1	kafka-001	66.77
15.93	62.24	58.0	1410.583	1156.122	15.93	273	2018-08-17T12:40:21.682234782Z	63.49	kafka-001	66.78
15.93	61.53	65.85	933.147	1152.705	15.93	274	2018-08-17T12:40:28.693081498Z	58.0	kafka-001	66.79
15.93	62.56	52.91	1413.897	1159.814	15.93	275	2018-08-17T12:40:35.705476005Z	65.85	kafka-001	66.79
15.93	60.93	64.61	942.472	1157.111	15.93	275	2018-08-17T12:40:42.720224514Z	52.91	kafka-001	66.8
15.93	60.99	59.33	941.712	1163.859	15.93	276	2018-08-17T12:40:49.733498277Z	64.61	kafka-001	66.81
15.93	60.7	62.18	1428.602	1165.579	15.93	276	2018-08-17T12:40:56.752854862Z	59.33	kafka-001	66.82
15.93	60.48	62.04	946.444	1162.101	15.93	277	2018-08-17T12:41:03.766015837Z	62.18	kafka-001	66.83
15.93	61.15	67.29	1429.967	1165.523	15.93	277	2018-08-17T12:41:10.778726796Z	62.04	kafka-001	66.83
15.93	61.39	60.32	939.942	1157.79	15.93	278	2018-08-17T12:41:17.792160875Z	67.29	kafka-001	66.84
15.93	62.63	67.13	953.018	1182.804	15.93	279	2018-08-17T12:41:24.805434533Z	60.32	kafka-001	66.85
15.93	63.05	61.61	1430.721	1175.092	15.93	279	2018-08-17T12:41:31.81734685Z	67.13	kafka-001	66.86
15.93	63.43	65.29	947.83	1180.278	15.93	280	2018-08-17T12:41:38.828181342Z	61.61	kafka-001	66.87
15.93	63.95	64.82	1442.355	1187.917	15.93	280	2018-08-17T12:41:45.838238154Z	65.29	kafka-001	66.87
15.93	64.41	68.03	955.55	1191.529	15.93	281	2018-08-17T12:41:52.848826503Z	64.82	kafka-001	66.88
15.93	64.53	62.9	956.004	1189.77	15.93	281	2018-08-17T12:41:59.861599603Z	68.03	kafka-001	66.89
15.93	64.96	66.72	1455.427	1198.431	15.93	282	2018-08-17T12:42:06.872669961Z	62.9	kafka-001	66.9
15.93	64.89	63.17	964.741	1197.993	15.93	282	2018-08-17T12:42:13.887087957Z	66.72	kafka-001	66.91
15.93	65.15	66.74	1456.004	1193.006	15.93	283	2018-08-17T12:42:20.900758594Z	63.17	kafka-001	66.92
15.93	65.4	63.15	960.453	1181.676	15.93	284	2018-08-17T12:42:27.915959874Z	66.74	kafka-001	66.92
15.93	65.12	63.1	962.9	1193.928	15.93	284	2018-08-17T12:42:34.927142854Z	63.15	kafka-001	66.93
15.93	64.3	63.25	1460.265	1207.546	15.93	285	2018-08-17T12:42:41.937261942Z	63.1	kafka-001	66.94
15.93	64.35	68.9	969.092	1203.571	15.93	285	2018-08-17T12:42:48.948789896Z	63.25	kafka-001	66.95
15.93	64.72	68.51	1470.11	1209.118	15.93	286	2018-08-17T12:42:55.960589779Z	68.9	kafka-001	66.96
15.93	65.61	67.17	977.037	1208.319	15.93	286	2018-08-17T12:43:02.971393274Z	68.51	kafka-001	66.97
15.93	65.68	63.64	972.341	1211.065	15.93	287	2018-08-17T12:43:09.981365568Z	67.17	kafka-001	66.97
15.93	65.76	68.77	1477.146	1206.802	15.93	287	2018-08-17T12:43:16.993142055Z	63.64	kafka-001	66.98
15.93	66.71	64.61	972.053	1218.125	15.93	288	2018-08-17T12:43:24.003507433Z	68.77	kafka-001	66.99
15.93	66.93	67.52	1490.39	1224.926	15.93	289	2018-08-17T12:43:31.016985064Z	64.61	kafka-001	67.0
15.93	66.7	61.83	983.225	1222.925	15.93	289	2018-08-17T12:43:38.030093325Z	67.52	kafka-001	67.01
15.93	65.59	67.77	1491.556	1227.244	15.93	290	2018-08-17T12:43:45.045239203Z	61.83	kafka-001	67.02
15.93	65.69	71.91	989.754	1228.259	15.93	290	2018-08-17T12:43:52.058109944Z	67.77	kafka-001	67.02
15.93	67.07	67.7	982.849	1227.255	15.93	291	2018-08-17T12:43:59.069290428Z	71.91	kafka-001	67.03
15.93	66.89	68.29	1503.037	1240.682	15.93	291	2018-08-17T12:44:06.080108502Z	67.7	kafka-001	67.04
15.93	67.5	67.36	991.639	1240.231	15.93	292	2018-08-17T12:44:13.091726119Z	68.29	kafka-001	67.05
15.93	67.48	64.82	1493.14	1237.02	15.93	292	2018-08-17T12:44:20.103331868Z	67.36	kafka-001	67.06
15.93	67.97	67.35	995.536	1227.385	15.93	293	2018-08-17T12:44:27.116472986Z	64.82	kafka-001	67.07
15.93	67.9	68.75	998.715	1236.454	15.93	293	2018-08-17T12:44:34.128843496Z	67.35	kafka-001	67.08
15.93	67.38	69.57	1519.846	1249.963	15.93	294	2018-08-17T12:44:41.14335178Z	68.75	kafka-001	67.08
15.93	67.69	63.24	997.556	1246.653	15.93	294	2018-08-17T12:44:48.153665326Z	69.57	kafka-001	67.09
15.93	66.85	70.29	1525.985	1251.752	15.93	295	2018-08-17T12:44:55.165724741Z	63.24	kafka-001	67.1
15.93	67.34	54.72	1006.218	1248.395	15.93	295	2018-08-17T12:45:02.178734115Z	70.29	kafka-001	67.11
15.93	65.65	67.47	1008.166	1258.097	15.93	296	2018-08-17T12:45:09.189931407Z	54.72	kafka-001	67.12
15.93	65.67	65.45	1540.072	1268.887	15.93	297	2018-08-17T12:45:16.202309392Z	67.47	kafka-001	67.13
15.93	65.12	69.4	1011.859	1265.274	15.93	297	2018-08-17T12:45:23.213267269Z	65.45	kafka-001	67.14
15.93	65.09	68.41	1544.112	1268.09	15.93	298	2018-08-17T12:45:30.227178104Z	69.4	kafka-001	67.14
15.93	65.96	66.69	1009.942	1240.159	15.93	298	2018-08-17T12:45:37.240413027Z	68.41	kafka-001	67.15
15.93	65.36	66.73	1021.273	1261.901	15.93	299	2018-08-17T12:45:44.251004866Z	66.69	kafka-001	67.16
15.93	67.36	64.98	1542.218	1268.874	15.93	299	2018-08-17T12:45:51.264008503Z	66.73	kafka-001	67.17
15.93	66.94	60.03	1030.353	1267.167	15.93	300	2018-08-17T12:45:58.277239588Z	64.98	kafka-001	67.18
15.93	66.04	71.98	1542.588	1271.998	15.93	300	2018-08-17T12:46:05.292867709Z	60.03	kafka-001	67.19
15.93	66.47	68.75	1016.866	1264.197	15.93	301	2018-08-17T12:46:12.309215357Z	71.98	kafka-001	67.2
15.93	66.53	72.68	1022.538	1266.211	15.93	301	2018-08-17T12:46:19.320966562Z	68.75	kafka-001	67.21
15.93	67.52	71.02	1547.011	1279.61	15.93	302	2018-08-17T12:46:26.330955211Z	72.68	kafka-001	67.22
15.93	68.24	71.69	1025.389	1271.274	15.93	302	2018-08-17T12:46:33.342754766Z	71.02	kafka-001	67.22
15.93	69.36	64.52	1561.876	1279.099	15.93	303	2018-08-17T12:46:40.355858291Z	71.69	kafka-001	67.23
15.93	70.11	69.47	1030.486	1282.151	15.93	303	2018-08-17T12:46:47.366935715Z	64.52	kafka-001	67.24
15.93	69.69	66.71	1024.124	1278.055	15.93	304	2018-08-17T12:46:54.37943688Z	69.47	kafka-001	67.25
15.93	69.35	69.57	1558.509	1287.448	15.93	304	2018-08-17T12:47:01.391582274Z	66.71	kafka-001	67.26
15.93	68.83	67.48	1027.454	1290.273	15.93	305	2018-08-17T12:47:08.403404512Z	69.57	kafka-001	67.27
15.93	68.24	72.78	1567.859	1277.78	15.93	305	2018-08-17T12:47:15.414553236Z	67.48	kafka-001	67.28
15.93	68.42	67.66	1038.609	1284.185	15.93	306	2018-08-17T12:47:22.425056844Z	72.78	kafka-001	67.29
15.93	68.94	68.37	1040.081	1283.821	15.93	306	2018-08-17T12:47:29.435949832Z	67.66	kafka-001	67.3
15.93	68.76	64.0	1577.405	1283.668	15.93	307	2018-08-17T12:47:36.447566915Z	68.37	kafka-001	67.31
15.93	68.31	69.53	1041.427	1288.979	15.93	307	2018-08-17T12:47:43.459169648Z	64.0	kafka-001	67.31
15.93	68.3	73.92	1580.411	1292.456	15.93	308	2018-08-17T12:47:50.471249058Z	69.53	kafka-001	67.32
15.93	69.38	67.6	1046.0	1292.251	15.93	308	2018-08-17T12:47:57.482482493Z	73.92	kafka-001	67.33
15.93	68.51	67.28	1047.54	1298.905	15.93	309	2018-08-17T12:48:04.492289766Z	67.6	kafka-001	67.34
15.93	68.45	73.84	1588.529	1300.002	15.93	309	2018-08-17T12:48:11.505035554Z	67.28	kafka-001	67.35
15.93	69.36	71.08	1050.136	1305.627	15.93	310	2018-08-17T12:48:18.516652818Z	73.84	kafka-001	67.36
15.93	70.54	73.41	1591.139	1309.398	15.93	310	2018-08-17T12:48:25.532007448Z	71.08	kafka-001	67.37
15.93	71.19	67.42	1051.826	1296.813	15.93	311	2018-08-17T12:48:32.541368867Z	73.41	kafka-001	67.38
15.93	70.1	74.93	1053.95	1308.665	15.93	311	2018-08-17T12:48:39.55187966Z	67.42	kafka-001	67.39
15.93	71.33	69.52	1606.597	1323.614	15.93	312	2018-08-17T12:48:46.560879687Z	74.93	kafka-001	67.4
15.93	71.7	75.11	1061.946	1319.629	15.93	312	2018-08-17T12:48:53.571678463Z	69.52	kafka-001	67.4
15.93	71.91	70.79	1605.507	1319.078	15.93	313	2018-08-17T12:49:00.582564888Z	75.11	kafka-001	67.41
15.93	71.86	73.92	1066.374	1321.339	15.93	313	2018-08-17T12:49:07.594841346Z	70.79	kafka-001	67.42
15.93	71.95	73.63	1060.016	1322.694	15.93	314	2018-08-17T12:49:14.60561287Z	73.92	kafka-001	67.43
15.93	72.98	70.89	1620.84	1331.135	15.93	314	2018-08-17T12:49:21.617023887Z	73.63	kafka-001	67.44
15.93	72.31	74.47	1069.314	1331.083	15.93	315	2018-08-17T12:49:28.626734701Z	70.89	kafka-001	67.45
15.93	73.13	74.92	1620.145	1337.038	15.93	315	2018-08-17T12:49:35.642472865Z	74.47	kafka-001	67.46
15.93	73.1	73.85	1072.398	1332.587	15.93	316	2018-08-17T12:49:42.653519256Z	74.92	kafka-001	67.47
15.93	73.61	74.47	1080.721	1341.875	15.93	316	2018-08-17T12:49:49.668664124Z	73.85	kafka-001	67.48
15.93	73.7	70.83	1630.134	1340.958	15.93	317	2018-08-17T12:49:56.680223366Z	74.47	kafka-001	67.49
15.93	73.24	66.85	1076.993	1341.703	15.93	317	2018-08-17T12:50:03.691727419Z	70.83	kafka-001	67.5
15.93	72.56	75.71	1645.417	1354.65	15.93	318	2018-08-17T12:50:10.703099989Z	66.85	kafka-001	67.51
15.93	72.77	70.79	1088.721	1352.737	15.93	318	2018-08-17T12:50:17.717811726Z	75.71	kafka-001	67.51
15.93	72.08	68.92	1077.227	1339.185	15.93	319	2018-08-17T12:50:24.728598286Z	70.79	kafka-001	67.52
15.93	71.26	68.49	1639.729	1344.918	15.93	319	2018-08-17T12:50:31.741097455Z	68.92	kafka-001	67.53
15.93	70.26	71.79	1081.358	1344.257	15.93	320	2018-08-17T12:50:38.752026167Z	68.49	kafka-001	67.54
15.93	70.42	73.6	1634.42	1352.056	15.93	320	2018-08-17T12:50:45.765388533Z	71.79	kafka-001	67.55
15.93	71.55	74.61	1085.311	1350.783	15.93	321	2018-08-17T12:50:52.777235993Z	73.6	kafka-001	67.56
15.93	71.37	77.74	1083.347	1356.857	15.93	321	2018-08-17T12:50:59.788376167Z	74.61	kafka-001	67.57
15.93	72.52	70.34	1654.916	1367.684	15.93	322	2018-08-17T12:51:06.798977268Z	77.74	kafka-001	67.58
15.93	72.76	75.51	1090.356	1355.673	15.93	322	2018-08-17T12:51:13.811856726Z	70.34	kafka-001	67.59
15.93	73.93	72.5	1664.218	1361.416	15.93	323	2018-08-17T12:51:20.822554806Z	75.51	kafka-001	67.6
15.93	74.05	72.22	1095.262	1357.705	15.93	323	2018-08-17T12:51:27.841078309Z	72.5	kafka-001	67.61
15.93	73.82	75.07	1093.76	1354.563	15.93	324	2018-08-17T12:51:34.851680768Z	72.22	kafka-001	67.62
15.93	73.9	75.77	1671.275	1370.18	15.93	324	2018-08-17T12:51:41.864262481Z	75.07	kafka-001	67.63
15.93	73.57	73.91	1097.598	1379.197	15.93	325	2018-08-17T12:51:48.875902273Z	75.77	kafka-001	67.64
15.93	74.16	74.22	1677.753	1380.136	15.93	325	2018-08-17T12:51:55.88657981Z	73.91	kafka-001	67.65
15.93	73.95	74.65	1105.464	1381.579	15.93	326	2018-08-17T12:52:02.898753955Z	74.22	kafka-001	67.66
15.93	74.31	73.85	1116.742	1384.859	15.93	326	2018-08-17T12:52:09.913895063Z	74.65	kafka-001	67.67
15.93	74.58	69.79	1673.946	1382.228	15.93	327	2018-08-17T12:52:16.930951068Z	73.85	kafka-001	67.68
15.93	73.7	75.79	1108.322	1380.624	15.93	327	2018-08-17T12:52:23.942699044Z	69.79	kafka-001	67.68
15.93	73.7	73.68	1682.74	1386.727	15.93	328	2018-08-17T12:52:30.953484592Z	75.79	kafka-001	67.69
15.93	73.66	74.97	1103.743	1364.6	15.93	328	2018-08-17T12:52:37.968385765Z	73.68	kafka-001	67.7
15.93	73.79	75.44	1105.925	1388.903	15.93	329	2018-08-17T12:52:44.98051894Z	74.97	kafka-001	67.71
15.93	73.92	68.22	1686.402	1394.0	15.93	329	2018-08-17T12:52:51.991876589Z	75.44	kafka-001	67.72
15.93	72.98	79.18	1114.076	1399.402	15.93	330	2018-08-17T12:52:59.003763394Z	68.22	kafka-001	67.73
15.93	74.55	70.77	1699.112	1394.128	15.93	330	2018-08-17T12:53:06.014178337Z	79.18	kafka-001	67.74
15.93	73.71	73.51	1121.94	1398.371	15.93	331	2018-08-17T12:53:13.027148002Z	70.77	kafka-001	67.75
15.93	73.68	73.57	1698.344	1395.784	15.93	331	2018-08-17T12:53:20.038536999Z	73.51	kafka-001	67.76
15.93	73.45	73.86	1126.254	1399.081	15.93	331	2018-08-17T12:53:27.048154773Z	73.57	kafka-001	67.77
15.93	73.18	77.43	1123.58	1397.631	15.93	332	2018-08-17T12:53:34.060148476Z	73.86	kafka-001	67.78
15.93	74.72	76.08	1714.324	1412.49	15.93	332	2018-08-17T12:53:41.071475937Z	77.43	kafka-001	67.79
15.93	74.2	82.95	1133.298	1415.596	15.93	333	2018-08-17T12:53:48.084325023Z	76.08	kafka-001	67.8
15.93	76.23	81.4	1717.342	1418.057	15.93	333	2018-08-17T12:53:55.094466215Z	82.95	kafka-001	67.81
15.93	77.55	76.64	1125.378	1409.769	15.93	334	2018-08-17T12:54:02.10525657Z	81.4	kafka-001	67.82
15.93	78.06	74.85	1131.354	1418.653	15.93	334	2018-08-17T12:54:09.116296833Z	76.64	kafka-001	67.83
15.93	78.22	72.66	1726.241	1426.234	15.93	335	2018-08-17T12:54:16.126205229Z	74.85	kafka-001	67.84
15.93	77.43	76.29	1123.355	1418.201	15.93	335	2018-08-17T12:54:23.142769304Z	72.66	kafka-001	67.85
15.93	77.46	77.63	1720.908	1417.044	15.93	336	2018-08-17T12:54:30.154371225Z	76.29	kafka-001	67.86
15.93	76.58	72.17	1143.001	1417.515	15.93	336	2018-08-17T12:54:37.165662721Z	77.63	kafka-001	67.87
15.93	75.04	75.63	1138.232	1418.415	15.93	337	2018-08-17T12:54:44.176221416Z	72.17	kafka-001	67.88
15.93	74.87	75.5	1739.274	1435.301	15.93	337	2018-08-17T12:54:51.19816052Z	75.63	kafka-001	67.89
15.93	74.98	69.74	1144.129	1431.46	15.93	338	2018-08-17T12:54:58.213963534Z	75.5	kafka-001	67.9
15.93	74.49	64.16	1738.894	1441.402	15.93	338	2018-08-17T12:55:05.224044819Z	69.74	kafka-001	67.91
15.93	72.47	78.15	1152.706	1441.679	15.93	339	2018-08-17T12:55:12.234163303Z	64.16	kafka-001	67.92
15.93	72.56	77.12	1147.488	1435.825	15.93	339	2018-08-17T12:55:19.24381481Z	78.15	kafka-001	67.93
15.93	73.38	78.45	1736.992	1434.052	15.93	339	2018-08-17T12:55:26.254603818Z	77.12	kafka-001	67.94
15.93	73.85	78.16	1145.89	1426.21	15.93	340	2018-08-17T12:55:33.266795781Z	78.45	kafka-001	67.95
15.93	74.3	78.01	1750.298	1433.985	15.93	340	2018-08-17T12:55:40.282568156Z	78.16	kafka-001	67.96
15.93	75.67	77.98	1151.229	1438.749	15.93	341	2018-08-17T12:55:47.295558425Z	78.01	kafka-001	67.97
15.93	77.98	74.69	1156.234	1435.691	15.93	341	2018-08-17T12:55:54.307273948Z	77.98	kafka-001	67.98
15.93	77.4	74.89	1754.462	1432.122	15.93	342	2018-08-17T12:56:01.318633162Z	74.69	kafka-001	67.99
15.93	77.03	77.08	1155.262	1441.383	15.93	342	2018-08-17T12:56:08.331224837Z	74.89	kafka-001	68.0
15.93	76.8	75.28	1765.426	1446.232	15.93	342	2018-08-17T12:56:15.343057945Z	77.08	kafka-001	68.01
15.93	76.32	70.65	1162.576	1444.033	15.93	343	2018-08-17T12:56:22.356112492Z	75.28	kafka-001	68.02
15.93	75.1	78.93	1163.382	1445.187	15.93	343	2018-08-17T12:56:29.367144939Z	70.65	kafka-001	68.03
15.93	75.25	63.53	1760.678	1460.03	15.93	344	2018-08-17T12:56:36.37850011Z	78.93	kafka-001	68.04
15.93	73.39	78.58	1158.824	1443.157	15.93	344	2018-08-17T12:56:43.392290235Z	63.53	kafka-001	68.05
15.93	74.01	69.86	1774.084	1453.294	15.93	345	2018-08-17T12:56:50.404755571Z	78.58	kafka-001	68.06
15.93	72.8	75.53	1175.184	1463.487	15.93	345	2018-08-17T12:56:57.416515365Z	69.86	kafka-001	68.07
15.93	72.85	79.39	1171.885	1461.629	15.93	345	2018-08-17T12:57:04.42785294Z	75.53	kafka-001	68.08
15.93	74.3	76.05	1765.972	1463.146	15.93	346	2018-08-17T12:57:11.439396782Z	79.39	kafka-001	68.09
15.93	73.82	77.13	1176.51	1469.681	15.93	346	2018-08-17T12:57:18.453679908Z	76.05	kafka-001	68.1
15.93	76.09	80.07	1785.877	1462.646	15.93	347	2018-08-17T12:57:25.466790891Z	77.13	kafka-001	68.11
15.93	76.34	72.98	1182.278	1463.76	15.93	347	2018-08-17T12:57:32.478711825Z	80.07	kafka-001	68.12
15.93	76.86	81.85	1178.266	1463.554	15.93	348	2018-08-17T12:57:39.492000093Z	72.98	kafka-001	68.13
15.93	77.91	76.47	1787.571	1452.612	15.93	348	2018-08-17T12:57:46.504375475Z	81.85	kafka-001	68.14
15.93	77.42	82.05	1174.674	1461.007	15.93	348	2018-08-17T12:57:53.515626934Z	76.47	kafka-001	68.15
15.93	78.42	85.68	1790.812	1475.53	15.93	349	2018-08-17T12:58:00.528667784Z	82.05	kafka-001	68.16
15.93	79.85	78.97	1182.77	1475.437	15.93	349	2018-08-17T12:58:07.540092188Z	85.68	kafka-001	68.17
15.93	79.67	76.14	1185.418	1473.403	15.93	350	2018-08-17T12:58:14.551225026Z	78.97	kafka-001	68.18
15.93	80.19	82.52	1795.221	1481.417	15.93	350	2018-08-17T12:58:21.565126547Z	76.14	kafka-001	68.19
15.93	80.3	79.07	1186.764	1482.539	15.93	351	2018-08-17T12:58:28.579829859Z	82.52	kafka-001	68.2
15.93	80.74	80.89	1798.502	1483.511	15.93	351	2018-08-17T12:58:35.590803573Z	79.07	kafka-001	68.21
15.93	80.54	79.17	1181.371	1474.501	15.93	352	2018-08-17T12:58:42.601641368Z	80.89	kafka-001	68.22
15.93	79.46	90.12	1193.703	1478.935	15.93	352	2018-08-17T12:58:49.61392197Z	79.17	kafka-001	68.23
15.93	81.32	77.76	1811.836	1495.122	15.93	352	2018-08-17T12:58:56.626591666Z	90.12	kafka-001	68.24
15.93	81.59	78.42	1194.195	1490.776	15.93	352	2018-08-17T12:59:03.636951377Z	77.76	kafka-001	68.25
15.93	80.9	73.24	1821.642	1486.927	15.93	352	2018-08-17T12:59:10.650138668Z	78.42	kafka-001	68.26
15.93	79.93	78.78	1192.048	1474.371	15.93	352	2018-08-17T12:59:17.663173373Z	73.24	kafka-001	68.27
15.93	79.58	73.57	1190.474	1481.932	15.93	352	2018-08-17T12:59:24.67468395Z	78.78	kafka-001	68.28
15.93	78.65	79.09	1805.935	1487.545	15.93	352	2018-08-17T12:59:31.686017906Z	73.57	kafka-001	68.29
15.93	76.81	71.21	1188.935	1484.089	15.93	352	2018-08-17T12:59:38.696675047Z	79.09	kafka-001	68.3
15.93	75.72	81.62	1813.845	1484.944	15.93	352	2018-08-17T12:59:45.708698881Z	71.21	kafka-001	68.32
15.93	76.25	74.59	1180.881	1475.789	15.93	352	2018-08-17T12:59:52.720497429Z	81.62	kafka-001	68.32
15.93	76.48	74.5	1196.134	1480.58	15.93	352	2018-08-17T12:59:59.731394481Z	74.59	kafka-001	68.34
15.93	75.76	65.89	1812.683	1494.657	15.93	352	2018-08-17T13:00:06.742503781Z	74.5	kafka-001	68.35
15.93	74.48	79.55	1199.288	1487.975	15.93	352	2018-08-17T13:00:13.754554531Z	65.89	kafka-001	68.35
