net_send	name	memory_active_anon%	net_receive	timestamp	memory_rss%	host_cpu	host_moving_avg_cpu	memory%	sensor_count	container_cpu%
212.897	kafka-001	14.73	167.152	2019-04-24T02:20:29.251591834Z	14.73	0	nan	15.84	2	16.33
50.584	kafka-001	14.74	44.951	2019-04-24T02:20:36.266657744Z	14.74	16.33	nan	15.86	6	16.84
50.017	kafka-001	14.75	55.993	2019-04-24T02:20:43.280087718Z	14.76	16.84	nan	15.87	10	18.06
84.798	kafka-001	14.77	72.266	2019-04-24T02:20:50.292395565Z	14.77	18.06	nan	15.89	13	30.55
74.523	kafka-001	14.98	83.995	2019-04-24T02:20:57.303358183Z	14.98	30.55	nan	16.1	16	25.0
87.777	kafka-001	14.88	100.403	2019-04-24T02:21:04.313418909Z	14.88	25.0	17.8	16.0	19	14.09
129.879	kafka-001	14.89	110.072	2019-04-24T02:21:11.325578332Z	14.89	14.09	20.14	16.01	22	28.57
103.545	kafka-001	14.89	120.911	2019-04-24T02:21:18.340243386Z	14.89	28.57	22.18	16.01	25	31.55
159.892	kafka-001	14.89	133.315	2019-04-24T02:21:25.353409076Z	14.89	31.55	24.64	16.02	28	23.17
118.9	kafka-001	14.9	142.222	2019-04-24T02:21:32.371954285Z	14.9	23.17	25.49	16.02	30	22.59
128.426	kafka-001	14.9	152.209	2019-04-24T02:21:39.383674529Z	14.9	22.59	24.16	16.03	33	23.77
193.452	kafka-001	14.9	156.758	2019-04-24T02:21:46.389832074Z	14.9	23.77	23.96	16.03	35	16.69
143.182	kafka-001	14.91	165.655	2019-04-24T02:21:53.404166214Z	14.91	16.69	24.39	16.04	37	17.5
222.29	kafka-001	14.94	179.878	2019-04-24T02:22:00.417064494Z	14.94	17.5	22.54	16.08	39	20.14
160.2	kafka-001	14.94	189.021	2019-04-24T02:22:07.432434368Z	14.94	20.14	20.64	16.08	41	25.08
166.092	kafka-001	15.11	198.231	2019-04-24T02:22:14.44503805Z	15.11	25.08	20.96	16.25	43	90.37
250.182	kafka-001	15.07	206.38	2019-04-24T02:22:21.456314811Z	15.07	90.37	32.26	16.21	45	22.27
181.992	kafka-001	15.02	215.179	2019-04-24T02:22:28.469465813Z	15.02	22.27	32.01	16.16	47	34.95
263.049	kafka-001	15.02	221.566	2019-04-24T02:22:35.485192206Z	15.02	34.95	35.05	16.17	49	22.02
192.454	kafka-001	15.04	230.457	2019-04-24T02:22:42.500269809Z	15.04	22.02	35.81	16.2	51	18.91
203.102	kafka-001	15.05	244.327	2019-04-24T02:22:49.515935348Z	15.05	18.91	35.6	16.21	53	23.21
307.464	kafka-001	15.05	253.21	2019-04-24T02:22:56.53385657Z	15.05	23.21	35.29	16.21	55	33.08
216.456	kafka-001	15.22	256.255	2019-04-24T02:23:03.551947495Z	15.27	33.08	25.74	16.43	57	18.9
331.476	kafka-001	15.28	272.328	2019-04-24T02:23:10.568040891Z	15.28	18.9	25.18	16.44	59	22.84
227.118	kafka-001	15.32	276.797	2019-04-24T02:23:17.582913333Z	15.32	22.84	23.16	16.49	60	22.87
234.668	kafka-001	15.32	285.053	2019-04-24T02:23:24.596489648Z	15.32	22.87	23.3	16.49	62	18.33
356.612	kafka-001	15.32	295.9	2019-04-24T02:23:31.609037523Z	15.32	18.33	23.21	16.5	64	23.26
242.218	kafka-001	15.32	297.757	2019-04-24T02:23:38.625026709Z	15.32	23.26	23.21	16.5	65	38.83
374.78	kafka-001	15.32	306.276	2019-04-24T02:23:45.637609218Z	15.32	38.83	24.17	16.5	67	25.09
255.126	kafka-001	15.32	310.869	2019-04-24T02:23:52.650010121Z	15.32	25.09	25.2	16.51	68	24.93
259.422	kafka-001	15.32	316.737	2019-04-24T02:23:59.664678138Z	15.32	24.93	25.55	16.51	70	27.56
394.45	kafka-001	15.32	331.496	2019-04-24T02:24:06.677500476Z	15.32	27.56	26.33	16.52	71	25.93
270.992	kafka-001	15.33	332.823	2019-04-24T02:24:13.689846205Z	15.33	25.93	27.6	16.53	73	25.46
415.906	kafka-001	15.33	348.524	2019-04-24T02:24:20.706798082Z	15.48	25.46	27.97	16.69	74	50.79
280.102	kafka-001	15.48	346.773	2019-04-24T02:24:27.719426911Z	15.48	50.79	29.96	16.69	76	23.48
284.338	kafka-001	15.48	350.911	2019-04-24T02:24:34.731971319Z	15.48	23.48	29.69	16.7	77	26.12
435.79	kafka-001	15.48	363.718	2019-04-24T02:24:41.744664496Z	15.48	26.12	29.89	16.7	79	28.21
294.5	kafka-001	15.83	360.263	2019-04-24T02:24:48.754833359Z	15.93	28.21	30.0	17.16	80	23.99
450.626	kafka-001	16.29	371.908	2019-04-24T02:24:55.771153751Z	16.39	23.99	29.68	17.62	82	32.18
303.87	kafka-001	16.59	366.009	2019-04-24T02:25:02.785081087Z	16.59	32.18	30.8	17.82	83	25.37
306.288	kafka-001	16.59	378.493	2019-04-24T02:25:09.79574842Z	16.59	25.37	26.56	17.83	84	28.28
468.009	kafka-001	16.6	392.767	2019-04-24T02:25:16.804687465Z	16.6	28.28	27.36	17.85	86	31.15
316.902	kafka-001	16.59	391.104	2019-04-24T02:25:23.816561993Z	16.59	31.15	28.2	17.85	87	35.29
483.993	kafka-001	16.59	401.808	2019-04-24T02:25:30.824240703Z	16.59	35.29	29.38	17.85	88	30.1
325.269	kafka-001	16.59	398.547	2019-04-24T02:25:37.844311603Z	16.59	30.1	30.4	17.85	89	25.51
329.27	kafka-001	16.59	400.589	2019-04-24T02:25:44.851289186Z	16.59	25.51	29.28	17.86	91	21.7
492.978	kafka-001	16.59	410.402	2019-04-24T02:25:51.859744303Z	16.59	21.7	28.67	17.86	92	37.48
338.43	kafka-001	16.59	414.019	2019-04-24T02:25:58.870453177Z	16.59	37.48	30.2	17.87	93	28.82
497.869	kafka-001	16.59	411.29	2019-04-24T02:26:05.880812378Z	16.59	28.82	29.82	17.87	94	32.02
336.588	kafka-001	16.59	415.934	2019-04-24T02:26:12.890788964Z	16.59	32.02	29.27	17.88	95	31.59
343.328	kafka-001	16.59	412.7	2019-04-24T02:26:19.904322882Z	16.59	31.59	29.52	17.88	97	28.96
523.554	kafka-001	16.64	425.272	2019-04-24T02:26:26.91973882Z	16.64	28.96	30.1	17.94	98	31.56
345.808	kafka-001	16.64	431.297	2019-04-24T02:26:33.932179168Z	16.64	31.56	31.74	17.94	99	32.51
536.523	kafka-001	16.64	441.64	2019-04-24T02:26:40.942499575Z	16.64	32.51	30.91	17.95	100	31.51
352.822	kafka-001	16.64	441.906	2019-04-24T02:26:47.956322499Z	16.64	31.51	31.36	17.96	101	32.75
370.44	kafka-001	16.64	451.35	2019-04-24T02:26:54.968486409Z	16.64	32.75	31.48	17.97	102	30.89
560.34	kafka-001	16.64	462.518	2019-04-24T02:27:01.982163034Z	16.64	30.89	31.36	17.98	104	33.36
371.228	kafka-001	16.64	460.843	2019-04-24T02:27:08.991553339Z	16.64	33.36	32.1	17.98	105	30.96
564.066	kafka-001	16.64	467.414	2019-04-24T02:27:16.002528508Z	16.64	30.96	32.0	17.98	106	36.41
376.923	kafka-001	16.64	466.742	2019-04-24T02:27:23.016154036Z	16.64	36.41	32.65	17.99	107	32.39
381.474	kafka-001	17.15	474.779	2019-04-24T02:27:30.030678296Z	17.15	32.39	32.79	18.5	108	41.62
585.1	kafka-001	17.15	486.969	2019-04-24T02:27:37.043162546Z	17.15	41.62	34.27	18.51	109	36.61
388.25	kafka-001	17.15	479.407	2019-04-24T02:27:44.05300235Z	17.15	36.61	35.23	18.52	110	32.92
593.289	kafka-001	17.15	493.062	2019-04-24T02:27:51.062994216Z	17.15	32.92	35.15	18.53	112	35.52
399.182	kafka-001	17.15	495.816	2019-04-24T02:27:58.076826287Z	17.15	35.52	35.91	18.53	113	33.99
600.058	kafka-001	17.15	498.399	2019-04-24T02:28:05.091002875Z	17.15	33.99	35.51	18.54	114	37.02
408.696	kafka-001	17.15	505.737	2019-04-24T02:28:12.104080181Z	17.15	37.02	36.28	18.55	115	35.71
410.824	kafka-001	17.15	505.461	2019-04-24T02:28:19.115418669Z	17.15	35.71	35.3	18.55	116	34.93
621.622	kafka-001	17.15	515.028	2019-04-24T02:28:26.127125456Z	17.15	34.93	35.02	18.56	117	34.12
420.93	kafka-001	17.15	523.178	2019-04-24T02:28:33.140155822Z	17.15	34.12	35.22	18.57	118	36.66
627.282	kafka-001	17.15	522.542	2019-04-24T02:28:40.152935614Z	17.3	36.66	35.41	18.72	119	35.93
422.194	kafka-001	17.81	524.309	2019-04-24T02:28:47.170954426Z	17.81	35.93	35.73	19.24	120	39.36
425.03	kafka-001	17.81	528.674	2019-04-24T02:28:54.18456195Z	17.81	39.36	36.12	19.25	121	30.42
634.774	kafka-001	17.81	536.372	2019-04-24T02:29:01.198978416Z	17.81	30.42	35.24	19.25	122	40.0
431.86	kafka-001	17.81	540.927	2019-04-24T02:29:08.210734517Z	17.81	40.0	36.08	19.26	123	34.66
652.517	kafka-001	17.81	547.041	2019-04-24T02:29:15.22740583Z	17.81	34.66	36.17	19.27	124	37.49
438.57	kafka-001	17.81	546.998	2019-04-24T02:29:22.24293826Z	17.81	37.49	36.31	19.28	125	39.31
449.878	kafka-001	17.81	557.025	2019-04-24T02:29:29.256267281Z	17.81	39.31	36.87	19.28	126	37.45
686.025	kafka-001	17.81	568.756	2019-04-24T02:29:36.273104583Z	17.81	37.45	36.56	19.29	127	40.42
452.172	kafka-001	17.82	566.15	2019-04-24T02:29:43.28714881Z	17.82	40.42	38.22	19.31	128	36.72
687.352	kafka-001	17.82	568.355	2019-04-24T02:29:50.299818154Z	17.82	36.72	37.68	19.32	129	59.22
462.666	kafka-001	17.81	573.186	2019-04-24T02:29:57.311952288Z	17.81	59.22	41.77	19.32	130	42.01
462.688	kafka-001	17.81	577.296	2019-04-24T02:30:04.324743122Z	17.81	42.01	42.52	19.33	131	37.1
696.58	kafka-001	17.81	584.24	2019-04-24T02:30:11.335139567Z	17.81	37.1	42.15	19.34	132	41.85
470.818	kafka-001	17.82	584.855	2019-04-24T02:30:18.350398878Z	17.82	41.85	42.89	19.34	133	38.83
709.915	kafka-001	17.82	592.356	2019-04-24T02:30:25.3658376Z	17.82	38.83	42.62	19.35	134	45.69
474.328	kafka-001	17.82	589.507	2019-04-24T02:30:32.379177545Z	17.82	45.69	44.12	19.36	134	43.0
481.287	kafka-001	17.82	598.635	2019-04-24T02:30:39.39272094Z	17.82	43.0	41.41	19.37	135	42.09
725.317	kafka-001	17.82	600.415	2019-04-24T02:30:46.407266863Z	17.82	42.09	41.43	19.39	136	38.9
487.586	kafka-001	17.82	606.6	2019-04-24T02:30:53.421181266Z	17.82	38.9	41.73	19.39	137	41.85
718.608	kafka-001	17.82	609.092	2019-04-24T02:31:00.433296258Z	17.82	41.85	41.73	19.4	138	47.33
485.642	kafka-001	17.82	609.025	2019-04-24T02:31:07.446086639Z	17.82	47.33	43.14	19.4	139	43.26
493.844	kafka-001	17.82	620.997	2019-04-24T02:31:14.459832853Z	17.82	43.26	42.74	19.41	140	40.77
746.15	kafka-001	17.82	625.644	2019-04-24T02:31:21.472001605Z	17.82	40.77	42.37	19.42	141	44.99
492.744	kafka-001	17.82	620.182	2019-04-24T02:31:28.482916498Z	17.82	44.99	42.85	19.43	142	40.55
748.57	kafka-001	17.82	625.953	2019-04-24T02:31:35.49452744Z	17.82	40.55	43.13	19.44	143	46.84
498.624	kafka-001	17.82	627.029	2019-04-24T02:31:42.506006037Z	17.82	46.84	43.96	19.44	143	43.72
502.397	kafka-001	17.82	631.703	2019-04-24T02:31:49.517405196Z	17.82	43.72	43.36	19.45	144	45.26
757.746	kafka-001	17.82	636.694	2019-04-24T02:31:56.52850626Z	17.82	45.26	43.69	19.46	145	48.43
509.27	kafka-001	17.82	636.633	2019-04-24T02:32:03.540640009Z	17.82	48.43	44.97	19.47	146	42.21
773.553	kafka-001	17.82	649.543	2019-04-24T02:32:10.554763878Z	17.82	42.21	44.5	19.48	147	49.26
516.869	kafka-001	17.82	650.242	2019-04-24T02:32:17.569630043Z	17.82	49.26	45.95	19.49	148	46.49
519.038	kafka-001	17.82	651.915	2019-04-24T02:32:24.585397295Z	17.82	46.49	45.9	19.5	149	42.07
787.546	kafka-001	17.83	658.672	2019-04-24T02:32:31.599294944Z	17.83	42.07	45.62	19.51	150	46.31
524.367	kafka-001	18.43	660.831	2019-04-24T02:32:38.614470383Z	18.48	46.31	45.8	20.18	151	45.03
791.113	kafka-001	19.08	661.56	2019-04-24T02:32:45.626846699Z	19.08	45.03	45.23	20.79	151	48.83
532.598	kafka-001	19.08	667.166	2019-04-24T02:32:52.640549327Z	19.08	48.83	46.33	20.8	152	42.5
537.143	kafka-001	19.09	675.361	2019-04-24T02:32:59.655504881Z	19.09	42.5	45.21	20.81	153	45.62
817.294	kafka-001	19.08	681.691	2019-04-24T02:33:06.668091692Z	19.08	45.62	45.06	20.81	154	40.96
540.728	kafka-001	19.08	673.116	2019-04-24T02:33:13.68152415Z	19.08	40.96	44.88	20.82	155	46.71
824.336	kafka-001	19.08	686.923	2019-04-24T02:33:20.697285212Z	19.08	46.71	44.94	20.83	156	52.7
550.54	kafka-001	19.09	687.538	2019-04-24T02:33:27.70956604Z	19.09	52.7	46.22	20.85	156	46.64
550.702	kafka-001	19.09	686.27	2019-04-24T02:33:34.728757167Z	19.09	46.64	45.86	20.86	157	36.59
839.18	kafka-001	19.09	701.81	2019-04-24T02:33:41.746181982Z	19.09	36.59	44.87	20.87	158	49.03
557.099	kafka-001	19.09	694.415	2019-04-24T02:33:48.758852711Z	19.09	49.03	45.44	20.88	159	36.64
850.075	kafka-001	19.09	710.368	2019-04-24T02:33:55.773313252Z	19.09	36.64	44.72	20.89	160	53.1
563.982	kafka-001	19.08	709.535	2019-04-24T02:34:02.788042597Z	19.08	53.1	45.78	20.89	161	43.48
564.304	kafka-001	19.08	707.539	2019-04-24T02:34:09.801612116Z	19.08	43.48	44.25	20.9	162	48.61
857.713	kafka-001	19.08	715.598	2019-04-24T02:34:16.814389341Z	19.08	48.61	44.58	20.91	162	48.03
571.17	kafka-001	19.03	716.905	2019-04-24T02:34:23.825631468Z	19.08	48.03	46.48	20.92	163	53.56
868.719	kafka-001	19.09	721.486	2019-04-24T02:34:30.834694353Z	19.09	53.56	47.24	20.94	164	42.12
586.137	kafka-001	19.11	723.275	2019-04-24T02:34:37.848104808Z	19.11	42.12	48.15	20.96	165	46.78
572.848	kafka-001	19.13	724.015	2019-04-24T02:34:44.86020684Z	19.13	46.78	47.1	20.99	166	49.43
879.937	kafka-001	19.13	734.042	2019-04-24T02:34:51.870170483Z	19.13	49.43	48.09	21.0	167	55.55
587.274	kafka-001	19.13	739.415	2019-04-24T02:34:58.886356229Z	19.13	55.55	49.25	21.01	167	52.28
892.494	kafka-001	19.13	746.81	2019-04-24T02:35:05.903107872Z	19.13	52.28	49.95	21.02	168	51.08
593.105	kafka-001	19.13	744.861	2019-04-24T02:35:12.916907629Z	19.13	51.08	49.54	21.03	169	45.17
593.636	kafka-001	19.13	749.717	2019-04-24T02:35:19.931173731Z	19.13	45.17	50.05	21.04	170	51.07
898.892	kafka-001	19.13	758.326	2019-04-24T02:35:26.945461998Z	19.13	51.07	50.76	21.06	171	52.32
600.504	kafka-001	19.11	753.533	2019-04-24T02:35:33.960557774Z	19.16	52.32	51.25	21.09	171	49.02
912.414	kafka-001	19.16	755.092	2019-04-24T02:35:40.976407637Z	19.16	49.02	50.16	21.1	172	50.15
603.501	kafka-001	19.24	760.781	2019-04-24T02:35:47.989217421Z	19.24	50.15	49.8	21.2	173	46.65
607.262	kafka-001	19.24	764.875	2019-04-24T02:35:55.000206816Z	19.24	46.65	49.06	21.21	174	48.16
913.938	kafka-001	19.24	763.632	2019-04-24T02:36:02.015475309Z	19.24	48.16	49.56	21.22	175	50.36
616.118	kafka-001	19.24	767.197	2019-04-24T02:36:09.028869442Z	19.24	50.36	49.44	21.23	175	49.45
923.558	kafka-001	19.24	772.437	2019-04-24T02:36:16.043123433Z	19.24	49.45	48.97	21.24	176	57.65
615.812	kafka-001	19.23	767.116	2019-04-24T02:36:23.056581346Z	19.23	57.65	50.4	21.24	177	45.85
927.398	kafka-001	19.23	778.774	2019-04-24T02:36:30.069103022Z	19.23	45.85	49.69	21.25	178	52.41
618.328	kafka-001	19.23	777.154	2019-04-24T02:36:37.081214252Z	19.23	52.41	50.65	21.26	179	48.66
621.668	kafka-001	19.23	781.282	2019-04-24T02:36:44.092862971Z	19.23	48.66	50.73	21.28	179	50.59
948.264	kafka-001	19.23	798.148	2019-04-24T02:36:51.105660139Z	19.23	50.59	50.77	21.29	180	48.18
619.732	kafka-001	19.22	787.371	2019-04-24T02:36:58.117268292Z	19.22	48.18	50.56	21.28	181	50.64
947.161	kafka-001	19.22	788.7	2019-04-24T02:37:05.131454456Z	19.22	50.64	49.39	21.29	182	44.37
635.488	kafka-001	19.26	798.087	2019-04-24T02:37:12.144535846Z	19.26	44.37	49.14	21.34	182	50.74
633.402	kafka-001	19.26	799.383	2019-04-24T02:37:19.158514595Z	19.26	50.74	48.86	21.35	183	53.05
970.658	kafka-001	19.26	803.88	2019-04-24T02:37:26.174988607Z	19.26	53.05	49.6	21.37	184	49.07
644.514	kafka-001	19.26	808.074	2019-04-24T02:37:33.189353747Z	19.26	49.07	49.34	21.38	185	50.18
978.248	kafka-001	19.26	817.109	2019-04-24T02:37:40.202781403Z	19.26	50.18	49.68	21.39	185	59.13
639.652	kafka-001	19.26	812.509	2019-04-24T02:37:47.214745807Z	19.26	59.13	51.09	21.4	186	49.71
648.054	kafka-001	19.26	809.803	2019-04-24T02:37:54.225321146Z	19.26	49.71	51.98	21.41	187	51.77
988.364	kafka-001	19.26	823.168	2019-04-24T02:38:01.241495531Z	19.26	51.77	52.15	21.42	188	60.87
658.828	kafka-001	19.26	825.115	2019-04-24T02:38:08.25555931Z	19.26	60.87	53.46	21.43	188	53.83
983.002	kafka-001	19.26	825.855	2019-04-24T02:38:15.266011233Z	19.26	53.83	54.25	21.44	189	53.07
653.614	kafka-001	19.26	829.65	2019-04-24T02:38:22.281322556Z	19.26	53.07	54.73	21.45	190	54.27
653.572	kafka-001	19.26	830.997	2019-04-24T02:38:29.294894646Z	19.26	54.27	53.92	21.46	191	45.2
1003.905	kafka-001	19.26	839.612	2019-04-24T02:38:36.30582633Z	19.26	45.2	53.17	21.47	191	53.72
675.766	kafka-001	19.26	838.783	2019-04-24T02:38:43.319153845Z	19.26	53.72	53.49	21.48	192	50.91
1004.944	kafka-001	19.26	847.836	2019-04-24T02:38:50.331614404Z	19.26	50.91	51.83	21.5	193	56.15
673.772	kafka-001	19.26	847.957	2019-04-24T02:38:57.343807299Z	19.26	56.15	52.22	21.51	194	51.74
675.686	kafka-001	19.26	846.815	2019-04-24T02:39:04.359214574Z	19.26	51.74	52.0	21.52	194	51.11
1015.956	kafka-001	19.26	850.272	2019-04-24T02:39:11.36795612Z	19.26	51.11	51.47	21.53	195	50.56
679.844	kafka-001	19.28	846.575	2019-04-24T02:39:18.38101618Z	19.28	50.56	52.37	21.56	196	55.66
1031.825	kafka-001	19.28	859.488	2019-04-24T02:39:25.396366422Z	19.28	55.66	52.69	21.57	197	58.5
687.511	kafka-001	19.28	856.383	2019-04-24T02:39:32.406691477Z	19.28	58.5	53.95	21.59	197	52.97
675.074	kafka-001	19.28	857.441	2019-04-24T02:39:39.417128585Z	19.28	52.97	53.42	21.6	198	51.38
1046.122	kafka-001	19.28	868.391	2019-04-24T02:39:46.428598057Z	19.28	51.38	53.36	21.61	199	59.07
687.99	kafka-001	19.28	857.334	2019-04-24T02:39:53.442848424Z	19.38	59.07	54.69	21.72	199	55.87
1048.071	kafka-001	19.79	865.383	2019-04-24T02:40:00.455368218Z	19.79	55.87	55.58	22.14	200	58.65
697.253	kafka-001	19.79	873.218	2019-04-24T02:40:07.467464614Z	19.79	58.65	56.07	22.16	200	51.06
698.302	kafka-001	19.79	874.351	2019-04-24T02:40:14.479998011Z	19.79	51.06	54.83	22.17	201	52.31
1061.951	kafka-001	19.79	887.254	2019-04-24T02:40:21.48962882Z	19.79	52.31	54.72	22.18	202	57.48
695.86	kafka-001	19.79	876.525	2019-04-24T02:40:28.504682019Z	19.79	57.48	55.74	22.2	202	57.1
1056.682	kafka-001	19.79	881.382	2019-04-24T02:40:35.515415727Z	19.79	57.1	55.41	22.21	203	57.69
706.846	kafka-001	19.79	890.309	2019-04-24T02:40:42.526573184Z	19.79	57.69	55.72	22.22	203	62.12
706.301	kafka-001	19.79	891.535	2019-04-24T02:40:49.536906311Z	19.79	62.12	56.29	22.23	204	54.54
1076.878	kafka-001	19.79	901.401	2019-04-24T02:40:56.549682487Z	19.79	54.54	56.87	22.24	205	56.45
711.984	kafka-001	19.79	892.144	2019-04-24T02:41:03.55671892Z	19.79	56.45	57.56	22.26	205	55.05
1082.83	kafka-001	19.79	903.482	2019-04-24T02:41:10.572418921Z	19.79	55.05	57.16	22.27	206	55.26
715.238	kafka-001	19.79	897.805	2019-04-24T02:41:17.581765631Z	19.79	55.26	56.85	22.28	206	57.27
713.526	kafka-001	19.79	896.649	2019-04-24T02:41:24.592659935Z	19.79	57.27	56.78	22.3	207	57.67
1087.629	kafka-001	19.79	907.946	2019-04-24T02:41:31.602021427Z	19.79	57.67	56.04	22.31	208	62.45
721.662	kafka-001	19.79	904.347	2019-04-24T02:41:38.615069315Z	19.79	62.45	57.36	22.32	208	51.14
1086.105	kafka-001	19.8	904.446	2019-04-24T02:41:45.628272176Z	19.8	51.14	56.47	22.33	209	57.92
724.367	kafka-001	19.8	917.463	2019-04-24T02:41:52.642261591Z	19.8	57.92	56.95	22.35	210	59.88
730.332	kafka-001	19.8	919.941	2019-04-24T02:41:59.656043696Z	19.8	59.88	57.72	22.36	210	58.82
1107.294	kafka-001	19.8	916.671	2019-04-24T02:42:06.667726413Z	19.8	58.82	57.98	22.37	211	53.75
729.348	kafka-001	19.8	916.992	2019-04-24T02:42:13.680269779Z	19.8	53.75	57.33	22.39	211	56.36
1105.722	kafka-001	19.8	924.925	2019-04-24T02:42:20.693627104Z	19.8	56.36	56.31	22.4	212	53.72
735.632	kafka-001	19.8	929.328	2019-04-24T02:42:27.703192065Z	19.8	53.72	56.74	22.41	213	60.65
732.571	kafka-001	19.8	925.837	2019-04-24T02:42:34.713855568Z	19.8	60.65	57.2	22.42	213	61.81
1117.902	kafka-001	19.8	936.744	2019-04-24T02:42:41.728564899Z	19.8	61.81	57.52	22.44	214	62.94
744.627	kafka-001	19.8	934.785	2019-04-24T02:42:48.742305668Z	19.8	62.94	58.21	22.45	215	52.4
1127.489	kafka-001	19.8	945.75	2019-04-24T02:42:55.754891445Z	19.8	52.4	57.98	22.46	215	65.21
747.526	kafka-001	19.8	944.175	2019-04-24T02:43:02.769169349Z	19.8	65.21	59.46	22.48	216	53.36
744.824	kafka-001	19.8	940.1	2019-04-24T02:43:09.78106413Z	19.8	53.36	59.4	22.49	216	65.25
1140.932	kafka-001	19.8	952.603	2019-04-24T02:43:16.79688582Z	19.8	65.25	60.16	22.5	217	70.42
752.176	kafka-001	19.8	948.875	2019-04-24T02:43:23.810823256Z	19.8	70.42	61.6	22.52	218	60.01
1130.822	kafka-001	19.8	943.552	2019-04-24T02:43:30.821355108Z	19.8	60.01	61.11	22.53	218	57.13
758.574	kafka-001	19.8	961.063	2019-04-24T02:43:37.836319076Z	19.8	57.13	61.9	22.54	219	60.08
754.385	kafka-001	19.8	952.636	2019-04-24T02:43:44.84830444Z	19.8	60.08	61.04	22.56	219	60.86
1155.56	kafka-001	19.8	966.347	2019-04-24T02:43:51.860903394Z	19.8	60.86	62.29	22.57	220	51.84
763.55	kafka-001	19.8	961.861	2019-04-24T02:43:58.88011202Z	19.8	51.84	60.06	22.58	221	62.55
1149.45	kafka-001	19.8	966.162	2019-04-24T02:44:05.892199106Z	19.8	62.55	58.75	22.59	221	62.01
767.466	kafka-001	19.8	967.597	2019-04-24T02:44:12.905440471Z	19.8	62.01	59.08	22.61	222	60.21
769.179	kafka-001	19.8	968.221	2019-04-24T02:44:19.918177476Z	19.8	60.21	59.59	22.63	222	62.4
1161.79	kafka-001	19.8	972.1	2019-04-24T02:44:26.936672393Z	19.8	62.4	59.98	22.64	223	60.39
770.992	kafka-001	19.8	972.405	2019-04-24T02:44:33.949646357Z	19.8	60.39	59.9	22.65	223	61.63
1169.601	kafka-001	19.8	980.09	2019-04-24T02:44:40.961887281Z	19.8	61.63	61.53	22.67	224	73.79
780.131	kafka-001	19.81	983.609	2019-04-24T02:44:47.974274079Z	19.81	73.79	63.41	22.68	225	62.25
779.042	kafka-001	19.81	984.577	2019-04-24T02:44:54.984953619Z	19.81	62.25	63.45	22.7	225	52.19
1174.826	kafka-001	19.81	980.762	2019-04-24T02:45:01.996138193Z	19.81	52.19	62.11	22.71	226	61.22
776.276	kafka-001	19.81	979.233	2019-04-24T02:45:09.011466414Z	19.81	61.22	61.91	22.72	227	59.48
1175.825	kafka-001	19.81	982.268	2019-04-24T02:45:16.025019254Z	19.81	59.48	61.76	22.73	227	64.29
782.992	kafka-001	19.81	982.875	2019-04-24T02:45:23.039787207Z	19.81	64.29	62.2	22.75	228	59.67
778.094	kafka-001	19.81	984.68	2019-04-24T02:45:30.05228868Z	19.81	59.67	59.85	22.76	228	61.29
1181.926	kafka-001	19.81	984.382	2019-04-24T02:45:37.064475925Z	19.81	61.29	59.69	22.78	229	56.17
791.888	kafka-001	19.81	996.366	2019-04-24T02:45:44.077338621Z	19.81	56.17	60.35	22.79	229	61.3
1189.479	kafka-001	19.81	991.894	2019-04-24T02:45:51.089327061Z	19.81	61.3	60.37	22.8	230	56.93
787.842	kafka-001	19.81	996.745	2019-04-24T02:45:58.10297533Z	19.81	56.93	59.94	22.82	231	62.85
1197.392	kafka-001	20.11	997.461	2019-04-24T02:46:05.115057842Z	20.11	62.85	59.7	23.13	231	56.29
796.936	kafka-001	20.11	1005.312	2019-04-24T02:46:12.127136116Z	20.11	56.29	59.14	23.15	232	64.68
796.549	kafka-001	20.11	1005.371	2019-04-24T02:46:19.138259202Z	20.11	64.68	59.7	23.16	232	60.33
1206.227	kafka-001	20.11	1009.806	2019-04-24T02:46:26.154699236Z	20.11	60.33	60.4	23.18	233	65.03
791.122	kafka-001	20.11	1003.809	2019-04-24T02:46:33.165862585Z	20.11	65.03	61.02	23.19	233	55.79
1205.434	kafka-001	20.11	1000.282	2019-04-24T02:46:40.175244652Z	20.11	55.79	60.83	23.21	234	64.11
798.058	kafka-001	20.11	1006.117	2019-04-24T02:46:47.189060553Z	20.11	64.11	61.04	23.22	235	65.58
802.94	kafka-001	20.11	1010.504	2019-04-24T02:46:54.202490132Z	20.11	65.58	62.59	23.23	235	67.94
1224.972	kafka-001	20.11	1015.333	2019-04-24T02:47:01.214444031Z	20.11	67.94	63.13	23.25	236	64.12
814.244	kafka-001	20.11	1017.831	2019-04-24T02:47:08.227406853Z	20.11	64.12	63.76	23.26	236	64.31
1242.288	kafka-001	20.11	1027.804	2019-04-24T02:47:15.241590872Z	20.11	64.31	63.64	23.28	237	68.78
819.072	kafka-001	20.11	1024.755	2019-04-24T02:47:22.253256652Z	20.11	68.78	65.81	23.29	237	64.12
818.642	kafka-001	20.11	1032.133	2019-04-24T02:47:29.264995866Z	20.11	64.12	65.81	23.3	238	53.7
1240.404	kafka-001	20.11	1039.845	2019-04-24T02:47:36.290007488Z	20.11	53.7	63.83	23.32	238	63.39
827.512	kafka-001	20.11	1036.356	2019-04-24T02:47:43.302797876Z	20.11	63.39	63.07	23.33	239	66.14
1253.324	kafka-001	20.11	1037.41	2019-04-24T02:47:50.313163927Z	20.11	66.14	63.41	23.35	240	68.66
826.42	kafka-001	20.37	1029.917	2019-04-24T02:47:57.332135367Z	20.37	68.66	64.13	23.61	240	68.21
829.58	kafka-001	20.37	1037.284	2019-04-24T02:48:04.343990579Z	20.37	68.21	64.04	23.63	241	63.99
1257.998	kafka-001	20.37	1051.162	2019-04-24T02:48:11.359165799Z	20.37	63.99	64.02	23.64	241	61.07
834.14	kafka-001	20.37	1050.26	2019-04-24T02:48:18.371815454Z	20.37	61.07	65.24	23.66	242	67.12
1263.738	kafka-001	20.37	1050.972	2019-04-24T02:48:25.386841767Z	20.37	67.12	65.87	23.67	242	70.34
841.147	kafka-001	20.37	1053.629	2019-04-24T02:48:32.40138503Z	20.37	70.34	66.57	23.69	243	71.13
829.249	kafka-001	20.37	1057.289	2019-04-24T02:48:39.416473466Z	20.37	71.13	66.98	23.7	244	62.84
1280.062	kafka-001	20.37	1065.332	2019-04-24T02:48:46.432540401Z	20.37	62.84	66.08	23.72	244	68.96
841.095	kafka-001	20.37	1052.367	2019-04-24T02:48:53.444081547Z	20.37	68.96	66.91	23.73	245	65.22
1283.19	kafka-001	20.37	1071.706	2019-04-24T02:49:00.45483364Z	20.37	65.22	67.6	23.75	245	69.15
850.503	kafka-001	20.37	1063.559	2019-04-24T02:49:07.468473733Z	20.37	69.15	67.94	23.76	246	57.28
841.854	kafka-001	20.37	1059.838	2019-04-24T02:49:14.480110708Z	20.37	57.28	65.76	23.78	246	73.23
1286.431	kafka-001	20.37	1069.254	2019-04-24T02:49:21.492209069Z	20.37	73.23	66.11	23.79	247	64.61
847.928	kafka-001	20.37	1064.35	2019-04-24T02:49:28.50348915Z	20.37	64.61	66.41	23.81	247	64.64
1290.35	kafka-001	20.37	1074.844	2019-04-24T02:49:35.517854944Z	20.37	64.64	65.69	23.82	248	70.0
853.103	kafka-001	20.37	1070.455	2019-04-24T02:49:42.537054711Z	20.37	70.0	66.49	23.84	248	65.99
845.662	kafka-001	20.37	1060.719	2019-04-24T02:49:49.557741607Z	20.37	65.99	65.96	23.85	249	64.01
1301.531	kafka-001	20.37	1069.673	2019-04-24T02:49:56.568613792Z	20.37	64.01	67.08	23.87	249	66.61
856.892	kafka-001	20.37	1077.042	2019-04-24T02:50:03.582633681Z	20.37	66.61	65.98	23.88	250	58.71
1310.706	kafka-001	20.37	1093.303	2019-04-24T02:50:10.596528286Z	20.37	58.71	64.99	23.89	250	68.57
850.806	kafka-001	20.37	1081.348	2019-04-24T02:50:17.609887825Z	20.37	68.57	65.65	23.91	251	61.56
857.292	kafka-001	20.37	1086.601	2019-04-24T02:50:24.622632798Z	20.37	61.56	64.24	23.93	251	67.95
1315.811	kafka-001	20.37	1094.906	2019-04-24T02:50:31.634620889Z	20.37	67.95	64.57	23.94	252	63.93
865.676	kafka-001	20.37	1093.631	2019-04-24T02:50:38.647730045Z	20.37	63.93	64.56	23.96	253	70.9
1313.337	kafka-001	20.37	1095.547	2019-04-24T02:50:45.662395967Z	20.37	70.9	65.27	23.97	253	67.71
862.74	kafka-001	20.37	1086.624	2019-04-24T02:50:52.672527229Z	20.37	67.71	66.77	23.99	254	65.62
874.209	kafka-001	20.37	1101.615	2019-04-24T02:50:59.686603768Z	20.37	65.62	66.28	24.0	254	67.23
1330.418	kafka-001	20.37	1102.037	2019-04-24T02:51:06.701580231Z	20.37	67.23	67.22	24.02	255	56.05
870.32	kafka-001	20.39	1102.605	2019-04-24T02:51:13.716965955Z	20.39	56.05	65.24	24.05	255	65.46
1326.574	kafka-001	20.39	1107.65	2019-04-24T02:51:20.727271191Z	20.39	65.46	65.5	24.07	256	73.26
881.738	kafka-001	20.39	1102.451	2019-04-24T02:51:27.740744646Z	20.39	73.26	65.89	24.08	256	64.96
883.968	kafka-001	20.4	1107.284	2019-04-24T02:51:34.755938438Z	20.4	64.96	65.43	24.1	257	70.41
1347.461	kafka-001	20.4	1125.64	2019-04-24T02:51:41.764260515Z	20.4	70.41	66.23	24.12	257	64.27
886.304	kafka-001	20.4	1116.091	2019-04-24T02:51:48.775902893Z	20.4	64.27	65.74	24.13	258	67.77
1328.128	kafka-001	20.4	1120.72	2019-04-24T02:51:55.784412763Z	20.4	67.77	67.69	24.15	259	54.59
891.072	kafka-001	20.4	1119.659	2019-04-24T02:52:02.797375344Z	20.4	54.59	65.88	24.16	259	70.57
889.915	kafka-001	20.4	1126.909	2019-04-24T02:52:09.804898421Z	20.4	70.57	65.43	24.18	259	61.65
1358.79	kafka-001	20.41	1134.664	2019-04-24T02:52:16.815661754Z	20.41	61.65	64.88	24.2	260	69.27
894.822	kafka-001	20.41	1127.983	2019-04-24T02:52:23.822466782Z	20.41	69.27	64.69	24.21	260	63.85
1350.856	kafka-001	20.41	1128.825	2019-04-24T02:52:30.831879262Z	20.41	63.85	64.62	24.23	261	58.72
895.17	kafka-001	20.41	1122.018	2019-04-24T02:52:37.844759683Z	20.41	58.72	63.11	24.25	261	69.95
899.818	kafka-001	20.41	1121.066	2019-04-24T02:52:44.858367898Z	20.41	69.95	65.67	24.27	262	68.36
1355.744	kafka-001	20.46	1131.914	2019-04-24T02:52:51.866293425Z	20.56	68.36	65.3	24.43	262	64.59
890.286	kafka-001	20.76	1113.246	2019-04-24T02:52:58.881137912Z	20.76	64.59	65.79	24.65	263	72.63
1370.578	kafka-001	20.76	1139.854	2019-04-24T02:53:05.891229794Z	20.76	72.63	66.35	24.66	263	59.58
900.418	kafka-001	20.78	1133.557	2019-04-24T02:53:12.904496401Z	20.78	59.58	65.64	24.71	264	85.37
901.192	kafka-001	20.78	1130.825	2019-04-24T02:53:19.91809866Z	20.78	85.37	70.08	24.72	264	67.35
1368.467	kafka-001	20.78	1135.618	2019-04-24T02:53:26.930985642Z	20.78	67.35	69.65	24.73	265	68.02
906.558	kafka-001	20.78	1135.016	2019-04-24T02:53:33.941782347Z	20.78	68.02	69.59	24.75	265	71.23
1376.523	kafka-001	20.78	1139.497	2019-04-24T02:53:40.955790963Z	20.78	71.23	70.7	24.76	266	67.04
912.457	kafka-001	20.78	1146.007	2019-04-24T02:53:47.965259456Z	20.78	67.04	69.77	24.78	266	63.88
908.188	kafka-001	20.78	1142.227	2019-04-24T02:53:54.979048883Z	20.78	63.88	70.48	24.79	267	68.03
1386.738	kafka-001	21.04	1156.515	2019-04-24T02:54:01.990815342Z	21.04	68.03	67.59	25.06	267	67.59
910.363	kafka-001	21.04	1139.299	2019-04-24T02:54:09.003019993Z	21.04	67.59	67.63	25.08	268	68.36
1383.726	kafka-001	21.04	1157.645	2019-04-24T02:54:16.017715743Z	21.04	68.36	67.69	25.09	268	78.11
918.127	kafka-001	21.04	1155.119	2019-04-24T02:54:23.031689773Z	21.04	78.11	68.84	25.11	269	70.08
929.927	kafka-001	21.04	1168.214	2019-04-24T02:54:30.038606616Z	21.04	70.08	69.34	25.13	269	66.56
1390.38	kafka-001	21.04	1161.949	2019-04-24T02:54:37.048769176Z	21.04	66.56	69.79	25.14	270	72.0
925.678	kafka-001	21.75	1163.647	2019-04-24T02:54:44.057125214Z	21.75	72.0	70.45	25.87	270	70.37
1410.646	kafka-001	21.75	1175.872	2019-04-24T02:54:51.067339888Z	21.75	70.37	70.91	25.89	271	73.87
931.256	kafka-001	21.75	1174.837	2019-04-24T02:54:58.07958214Z	21.75	73.87	71.83	25.9	271	73.58
1404.597	kafka-001	21.71	1171.742	2019-04-24T02:55:05.09108767Z	21.71	73.58	71.08	25.88	272	68.21
933.962	kafka-001	21.71	1181.645	2019-04-24T02:55:12.099809897Z	21.71	68.21	70.77	25.9	272	73.63
931.966	kafka-001	21.71	1176.493	2019-04-24T02:55:19.121227825Z	21.71	73.63	71.94	25.91	273	72.07
1429.049	kafka-001	21.71	1192.522	2019-04-24T02:55:26.132338656Z	21.71	72.07	71.96	25.93	273	73.38
939.572	kafka-001	21.71	1182.733	2019-04-24T02:55:33.141858576Z	21.71	73.38	72.46	25.94	274	73.97
1438.663	kafka-001	21.72	8908.692	2019-04-24T02:55:40.157299515Z	21.72	73.97	72.47	26.17	274	90.25
989.962	kafka-001	21.75	18138.919	2019-04-24T02:55:47.171353594Z	21.75	90.25	75.25	26.61	275	72.98
1014.871	kafka-001	21.78	27768.853	2019-04-24T02:55:54.180876285Z	21.78	72.98	76.05	27.3	276	92.3
1511.374	kafka-001	21.76	33120.814	2019-04-24T02:56:01.192894388Z	21.76	92.3	79.16	28.07	276	80.78
1058.66	kafka-001	21.76	42109.129	2019-04-24T02:56:08.204378376Z	21.76	80.78	80.61	29.07	277	100.67
1558.585	kafka-001	21.76	46008.374	2019-04-24T02:56:15.216715404Z	21.76	100.67	85.16	30.16	277	86.18
1098.446	kafka-001	21.76	53817.413	2019-04-24T02:56:22.227094987Z	21.76	86.18	87.19	31.44	277	108.42
1106.138	kafka-001	21.76	57662.284	2019-04-24T02:56:29.237895616Z	21.76	108.42	90.22	32.81	278	101.1
1614.331	kafka-001	21.76	61964.636	2019-04-24T02:56:36.251886366Z	21.76	101.1	94.91	34.29	278	111.08
1136.964	kafka-001	21.76	65428.904	2019-04-24T02:56:43.264298029Z	21.76	111.08	98.04	35.85	279	81.08
1666.757	kafka-001	21.77	75788.861	2019-04-24T02:56:50.275152052Z	21.77	81.08	98.09	37.66	279	113.48
1172.424	kafka-001	21.77	82941.494	2019-04-24T02:56:57.288964958Z	21.77	113.48	100.22	39.64	280	99.36
1186.376	kafka-001	21.77	82956.648	2019-04-24T02:57:04.303254354Z	21.77	99.36	102.42	41.62	280	115.39
1677.093	kafka-001	22.37	85872.25	2019-04-24T02:57:11.314900429Z	22.37	115.39	103.58	44.28	281	109.94
1188.51	kafka-001	22.37	83078.851	2019-04-24T02:57:18.329946578Z	22.37	109.94	105.06	46.27	281	115.53
1704.936	kafka-001	22.37	96411.508	2019-04-24T02:57:25.347953728Z	22.37	115.53	105.8	48.58	282	117.12
1206.958	kafka-001	23.29	92254.477	2019-04-24T02:57:32.361803246Z	23.34	117.12	111.8	51.74	282	125.34
1230.882	kafka-001	27.24	97318.286	2019-04-24T02:57:39.376219572Z	27.24	125.34	113.78	57.97	283	145.04
1699.709	kafka-001	29.89	93047.375	2019-04-24T02:57:46.386358271Z	29.89	145.04	121.39	62.84	283	190.03
1222.399	kafka-001	29.88	96654.816	2019-04-24T02:57:53.400439717Z	29.88	190.03	133.83	65.13	284	116.58
1702.256	kafka-001	29.86	96557.379	2019-04-24T02:58:00.421612966Z	29.86	116.58	134.94	67.42	284	128.86
1238.303	kafka-001	29.86	102419.513	2019-04-24T02:58:07.434886748Z	29.86	128.86	137.16	69.87	285	116.15
1232.334	kafka-001	29.86	99599.502	2019-04-24T02:58:14.45004252Z	29.86	116.15	137.0	72.25	285	121.19
1709.67	kafka-001	29.91	94939.558	2019-04-24T02:58:21.461225018Z	29.91	121.19	136.31	74.56	285	109.09
1223.561	kafka-001	30.36	93721.402	2019-04-24T02:58:28.475800561Z	30.36	109.09	130.32	77.25	286	114.77
1720.516	kafka-001	30.36	99658.557	2019-04-24T02:58:35.487200468Z	30.36	114.77	117.77	79.63	286	131.03
1241.125	kafka-001	30.36	102287.463	2019-04-24T02:58:42.499672744Z	30.36	131.03	120.18	82.07	287	127.73
1227.188	kafka-001	30.36	100625.337	2019-04-24T02:58:49.513803368Z	30.36	127.73	119.99	84.48	288	121.48
1709.782	kafka-001	30.36	91602.394	2019-04-24T02:58:56.526564241Z	30.36	121.48	120.88	84.64	288	122.79
1234.383	kafka-001	30.36	99954.878	2019-04-24T02:59:03.538814871Z	30.36	122.79	121.15	84.78	288	117.85
1714.99	kafka-001	30.36	102742.13	2019-04-24T02:59:10.557109756Z	30.36	117.85	122.61	84.98	289	121.68
1228.966	kafka-001	30.36	100294.702	2019-04-24T02:59:17.580806398Z	30.36	121.68	123.76	84.59	289	118.55
1232.772	kafka-001	30.36	102216.771	2019-04-24T02:59:24.594075027Z	30.36	118.55	121.68	84.79	290	126.19
1708.614	kafka-001	30.36	102148.452	2019-04-24T02:59:31.615194905Z	30.36	126.19	121.42	84.62	290	122.92
1231.229	kafka-001	30.36	99853.201	2019-04-24T02:59:38.634342087Z	30.36	122.92	121.66	85.5	290	124.76
1706.293	kafka-001	30.36	100603.768	2019-04-24T02:59:45.650606396Z	30.36	124.76	121.99	84.89	291	100.68
1233.641	kafka-001	30.36	101502.118	2019-04-24T02:59:52.663440766Z	30.36	100.68	119.13	85.37	291	117.85
1233.461	kafka-001	30.36	102594.583	2019-04-24T02:59:59.676829204Z	30.36	117.85	118.49	85.57	292	124.98
1716.419	kafka-001	30.36	100357.183	2019-04-24T03:00:06.692532453Z	30.36	124.98	119.56	85.63	292	106.67
1234.97	kafka-001	30.36	101218.162	2019-04-24T03:00:13.707777564Z	30.36	106.67	116.31	84.98	293	118.02
1726.222	kafka-001	30.36	102032.599	2019-04-24T03:00:20.722657316Z	30.36	118.02	115.49	85.48	293	122.29
1238.115	kafka-001	30.36	100475.029	2019-04-24T03:00:27.734426807Z	30.36	122.29	115.08	85.54	293	114.44
1241.641	kafka-001	30.36	102185.298	2019-04-24T03:00:34.746234368Z	30.36	114.44	117.38	85.72	294	119.08
1722.38	kafka-001	30.36	98922.388	2019-04-24T03:00:41.760849269Z	30.36	119.08	117.58	85.67	294	116.14
1249.873	kafka-001	30.36	102362.097	2019-04-24T03:00:48.770597957Z	30.36	116.14	116.11	86.45	295	101.42
1725.347	kafka-001	30.36	98659.018	2019-04-24T03:00:55.782055278Z	30.36	101.42	115.23	86.55	295	112.74
1238.404	kafka-001	30.36	101320.111	2019-04-24T03:01:02.795932408Z	30.36	112.74	114.35	86.56	296	128.05
1239.888	kafka-001	30.36	99061.177	2019-04-24T03:01:09.809192517Z	30.36	128.05	115.31	86.7	296	119.71
1727.041	kafka-001	30.36	102420.521	2019-04-24T03:01:16.823961565Z	30.36	119.71	116.19	86.43	297	125.79
1235.499	kafka-001	30.36	98896.913	2019-04-24T03:01:23.837312896Z	30.36	125.79	117.31	86.53	297	97.99
1733.908	kafka-001	30.37	102659.676	2019-04-24T03:01:30.850591177Z	30.37	97.99	114.28	86.3	298	125.74
1249.889	kafka-001	30.37	101426.519	2019-04-24T03:01:37.867932132Z	30.37	125.74	118.34	86.43	298	116.66
1244.843	kafka-001	30.37	100478.339	2019-04-24T03:01:44.886442194Z	30.37	116.66	118.99	86.55	298	122.51
1731.218	kafka-001	30.37	101741.336	2019-04-24T03:01:51.900820291Z	30.37	122.51	118.07	86.74	299	112.53
1227.617	kafka-001	30.37	93979.936	2019-04-24T03:01:58.912299092Z	30.37	112.53	116.87	86.74	300	133.48
1732.028	kafka-001	30.37	102045.933	2019-04-24T03:02:05.927185414Z	30.37	133.48	118.15	86.93	300	106.24
1250.671	kafka-001	30.37	100683.921	2019-04-24T03:02:12.941344893Z	30.37	106.24	119.53	87.01	300	123.27
1246.023	kafka-001	30.37	100180.08	2019-04-24T03:02:19.954755025Z	30.37	123.27	119.12	86.99	301	123.19
1733.482	kafka-001	30.37	102616.446	2019-04-24T03:02:26.967703869Z	30.37	123.19	120.2	87.11	301	124.83
1252.888	kafka-001	30.37	102064.127	2019-04-24T03:02:33.977778536Z	30.37	124.83	120.59	87.53	301	103.68
1741.275	kafka-001	30.37	101765.393	2019-04-24T03:02:40.98563961Z	30.37	103.68	119.12	86.96	301	131.94
1257.375	kafka-001	30.37	102760.81	2019-04-24T03:02:47.996608297Z	30.37	131.94	118.86	87.01	301	106.57
1257.105	kafka-001	30.37	102532.929	2019-04-24T03:02:55.007931293Z	30.37	106.57	118.91	87.06	301	124.54
1729.831	kafka-001	30.37	103290.026	2019-04-24T03:03:02.021534774Z	30.37	124.54	119.13	87.28	301	111.38
1250.749	kafka-001	30.37	100588.812	2019-04-24T03:03:09.033469241Z	30.37	111.38	117.16	87.21	301	111.67
1735.147	kafka-001	30.37	102370.639	2019-04-24T03:03:16.044918602Z	30.37	111.67	114.96	86.9	301	110.18
1253.11	kafka-001	30.37	102816.912	2019-04-24T03:03:23.060371671Z	30.37	110.18	116.05	87.43	301	120.79
1735.689	kafka-001	30.37	102836.083	2019-04-24T03:03:30.071938814Z	30.37	120.79	114.19	87.58	301	106.38
1247.291	kafka-001	30.37	100088.535	2019-04-24T03:03:37.090849135Z	30.37	106.38	114.16	87.28	301	126.11
