host_moving_avg_cpu	host_cpu	container_cpu%	net_receive	name	net_send	sensor_count	memory_rss%	memory_active_anon%	memory%	timestamp
nan	0	2.05	21276778.39	kafka-001	509222.016	2	30.08	30.08	88.79	2019-04-24T22:37:42.232637686Z
nan	2.05	5.06	25.379	kafka-001	14.802	7	30.08	30.08	88.79	2019-04-24T22:37:49.249928046Z
nan	5.06	5.53	46.218	kafka-001	45.04	11	30.08	30.08	88.79	2019-04-24T22:37:56.264189795Z
nan	5.53	5.65	63.903	kafka-001	45.527	15	30.08	30.08	88.79	2019-04-24T22:38:03.280567026Z
nan	5.65	9.47	83.52	kafka-001	89.259	19	30.08	30.08	88.79	2019-04-24T22:38:10.294252324Z
4.63	9.47	8.23	96.893	kafka-001	71.852	23	30.08	30.08	88.79	2019-04-24T22:38:17.307857857Z
6.0	8.23	10.99	112.013	kafka-001	83.139	26	30.08	30.08	88.79	2019-04-24T22:38:24.321794965Z
7.49	10.99	10.54	128.158	kafka-001	143.438	30	30.08	30.08	88.79	2019-04-24T22:38:31.337690194Z
8.4	10.54	10.74	142.501	kafka-001	107.385	33	30.08	30.08	88.8	2019-04-24T22:38:38.350756653Z
9.27	10.74	14.24	156.746	kafka-001	179.909	36	30.08	30.08	88.8	2019-04-24T22:38:45.371860135Z
10.7	14.24	12.32	167.609	kafka-001	128.646	40	30.09	30.09	88.81	2019-04-24T22:38:52.400400098Z
11.18	12.32	14.9	180.135	kafka-001	138.064	43	30.09	30.09	88.81	2019-04-24T22:38:59.414091819Z
12.29	14.9	13.96	194.574	kafka-001	226.27	46	30.09	30.09	88.81	2019-04-24T22:39:06.428358283Z
12.78	13.96	16.74	206.351	kafka-001	160.164	49	30.09	30.09	88.82	2019-04-24T22:39:13.441567457Z
13.82	16.74	17.25	222.342	kafka-001	256.861	52	30.09	30.09	88.82	2019-04-24T22:39:20.455567795Z
14.9	17.25	17.29	231.986	kafka-001	179.545	55	30.09	30.09	88.82	2019-04-24T22:39:27.469801658Z
15.41	17.29	16.11	244.06	kafka-001	189.263	58	30.09	30.09	88.83	2019-04-24T22:39:34.48394413Z
16.04	16.11	18.54	259.25	kafka-001	303.888	61	30.09	30.09	88.83	2019-04-24T22:39:41.500648412Z
16.65	18.54	18.35	269.519	kafka-001	206.046	64	30.09	30.09	88.83	2019-04-24T22:39:48.512419104Z
17.38	18.35	21.13	281.842	kafka-001	331.868	66	30.09	30.09	88.83	2019-04-24T22:39:55.524822652Z
18.11	21.13	18.07	288.685	kafka-001	226.717	69	30.09	30.09	88.84	2019-04-24T22:40:02.539160681Z
18.25	18.07	22.27	302.947	kafka-001	233.217	72	30.09	30.09	88.84	2019-04-24T22:40:09.557696319Z
19.08	22.27	21.06	310.376	kafka-001	370.564	74	30.09	30.09	88.85	2019-04-24T22:40:16.571509087Z
19.9	21.06	23.06	325.253	kafka-001	253.274	77	30.09	30.09	88.86	2019-04-24T22:40:23.585041389Z
20.66	23.06	20.95	338.761	kafka-001	396.98	79	30.09	30.09	88.86	2019-04-24T22:40:30.596800424Z
21.09	20.95	24.63	346.44	kafka-001	268.042	82	30.09	30.09	88.86	2019-04-24T22:40:37.611338351Z
21.67	24.63	23.68	357.125	kafka-001	277.078	84	30.09	30.09	88.87	2019-04-24T22:40:44.626081828Z
22.61	23.68	26.3	366.886	kafka-001	433.75	86	30.09	30.09	88.88	2019-04-24T22:40:51.639565413Z
23.28	26.3	23.24	376.801	kafka-001	292.154	89	30.09	30.09	88.88	2019-04-24T22:40:58.652547612Z
23.64	23.24	27.36	387.884	kafka-001	457.092	91	30.09	30.09	88.88	2019-04-24T22:41:05.665224914Z
24.36	27.36	26.23	398.525	kafka-001	306.92	93	30.09	30.09	88.89	2019-04-24T22:41:12.678202525Z
25.24	26.23	29.42	406.011	kafka-001	313.006	96	30.09	30.09	88.89	2019-04-24T22:41:19.700902788Z
26.04	29.42	26.01	415.451	kafka-001	492.474	98	30.09	30.09	88.9	2019-04-24T22:41:26.716727795Z
26.43	26.01	29.2	425.3	kafka-001	331.638	100	30.09	30.09	88.91	2019-04-24T22:41:33.728528435Z
26.91	29.2	30.23	438.502	kafka-001	517.25	102	30.09	30.09	88.91	2019-04-24T22:41:40.742881715Z
28.07	30.23	29.85	446.691	kafka-001	346.426	105	30.09	30.09	88.92	2019-04-24T22:41:47.756543137Z
28.49	29.85	29.63	458.052	kafka-001	352.622	107	30.09	30.09	88.93	2019-04-24T22:41:54.769444651Z
29.06	29.63	32.48	467.779	kafka-001	550.393	109	30.09	30.09	88.93	2019-04-24T22:42:01.783825395Z
29.57	32.48	31.72	473.977	kafka-001	363.784	111	30.09	30.09	88.94	2019-04-24T22:42:08.801563845Z
30.52	31.72	32.19	483.198	kafka-001	566.257	113	30.09	30.09	88.95	2019-04-24T22:42:15.817401758Z
31.02	32.19	32.91	484.753	kafka-001	379.928	115	30.09	30.09	88.95	2019-04-24T22:42:22.832430745Z
31.46	32.91	34.79	496.657	kafka-001	387.305	117	30.09	30.09	88.96	2019-04-24T22:42:29.850788429Z
32.29	34.79	33.72	510.11	kafka-001	596.995	119	30.09	30.09	88.96	2019-04-24T22:42:36.865294034Z
32.97	33.72	36.57	515.873	kafka-001	396.715	121	30.09	30.09	88.97	2019-04-24T22:42:43.880106826Z
33.65	36.57	35.35	524.374	kafka-001	619.568	123	30.09	30.09	88.98	2019-04-24T22:42:50.894432988Z
34.25	35.35	35.04	531.191	kafka-001	413.397	125	30.09	30.09	88.99	2019-04-24T22:42:57.908003997Z
34.73	35.04	34.07	539.863	kafka-001	420.267	127	30.09	30.09	88.99	2019-04-24T22:43:04.920081471Z
34.92	34.07	37.78	548.556	kafka-001	646.734	129	30.09	30.09	89.0	2019-04-24T22:43:11.936137034Z
35.42	37.78	34.01	556.287	kafka-001	433.326	131	30.09	30.09	89.01	2019-04-24T22:43:18.948619294Z
35.47	34.01	40.99	567.006	kafka-001	670.48	132	30.09	30.09	89.02	2019-04-24T22:43:25.963840896Z
36.21	40.99	36.95	573.179	kafka-001	445.828	134	30.09	30.09	89.03	2019-04-24T22:43:32.977966014Z
36.47	36.95	40.06	582.018	kafka-001	450.942	136	30.09	30.09	89.03	2019-04-24T22:43:39.992420901Z
37.31	40.06	38.27	591.425	kafka-001	698.984	138	30.09	30.09	89.04	2019-04-24T22:43:47.006234469Z
38.01	38.27	39.47	595.275	kafka-001	465.192	140	30.09	30.09	89.05	2019-04-24T22:43:54.020827325Z
38.29	39.47	34.62	589.77	kafka-001	707.872	142	30.09	30.09	89.06	2019-04-24T22:44:01.033707787Z
38.39	34.62	41.91	609.845	kafka-001	474.422	144	30.09	30.09	89.06	2019-04-24T22:44:08.045274448Z
38.55	41.91	40.94	622.832	kafka-001	734.796	145	30.09	30.09	89.08	2019-04-24T22:44:15.058043034Z
39.21	40.94	43.37	625.725	kafka-001	489.231	147	30.09	30.09	89.09	2019-04-24T22:44:22.077115243Z
39.76	43.37	40.67	628.545	kafka-001	490.22	149	30.09	30.09	89.09	2019-04-24T22:44:29.090066441Z
40.16	40.67	41.78	636.23	kafka-001	762.518	151	30.09	30.09	89.1	2019-04-24T22:44:36.103802146Z
40.55	41.78	38.83	646.188	kafka-001	508.238	152	30.09	30.09	89.11	2019-04-24T22:44:43.115427338Z
41.25	38.83	52.23	655.941	kafka-001	784.578	154	30.09	30.09	89.12	2019-04-24T22:44:50.12993436Z
42.97	52.23	45.73	661.341	kafka-001	519.21	156	30.09	30.09	89.13	2019-04-24T22:44:57.143510611Z
43.77	45.73	49.76	669.405	kafka-001	523.017	157	30.09	30.09	89.14	2019-04-24T22:45:04.155820093Z
44.83	49.76	43.19	679.316	kafka-001	799.385	159	30.09	30.09	89.15	2019-04-24T22:45:11.167511188Z
45.25	43.19	38.62	676.381	kafka-001	528.176	161	30.09	30.09	89.16	2019-04-24T22:45:18.181262568Z
44.73	38.62	45.18	694.658	kafka-001	824.36	163	30.09	30.09	89.17	2019-04-24T22:45:25.190512927Z
45.78	45.18	47.42	694.049	kafka-001	543.404	164	30.09	30.09	89.18	2019-04-24T22:45:32.205180133Z
44.98	47.42	45.19	706.609	kafka-001	550.153	166	30.09	30.09	89.18	2019-04-24T22:45:39.221057922Z
44.89	45.19	48.65	715.814	kafka-001	849.076	168	30.09	30.09	89.2	2019-04-24T22:45:46.236808294Z
44.71	48.65	46.93	724.105	kafka-001	561.136	169	30.09	30.09	89.21	2019-04-24T22:45:53.247923912Z
45.33	46.93	50.44	737.518	kafka-001	867.302	171	30.09	30.09	89.22	2019-04-24T22:46:00.261438765Z
47.3	50.44	49.22	742.307	kafka-001	574.884	172	30.09	30.09	89.23	2019-04-24T22:46:07.274843733Z
47.97	49.22	57.78	744.359	kafka-001	576.464	174	30.09	30.09	89.23	2019-04-24T22:46:14.290901607Z
49.7	57.78	44.7	754.822	kafka-001	893.61	176	30.09	30.09	89.25	2019-04-24T22:46:21.302103802Z
49.62	44.7	50.5	752.499	kafka-001	587.184	177	30.09	30.09	89.25	2019-04-24T22:46:28.317263948Z
49.93	50.5	51.13	757.432	kafka-001	907.146	179	30.09	30.09	89.27	2019-04-24T22:46:35.32417974Z
50.63	51.13	46.49	765.553	kafka-001	595.07	180	30.09	30.09	89.28	2019-04-24T22:46:42.335734828Z
49.97	46.49	49.21	770.983	kafka-001	611.043	182	30.09	30.09	89.29	2019-04-24T22:46:49.345165767Z
49.97	49.21	52.76	787.768	kafka-001	918.289	183	30.09	30.09	89.3	2019-04-24T22:46:56.359183091Z
49.13	52.76	50.29	789.241	kafka-001	614.874	185	30.09	30.09	89.31	2019-04-24T22:47:03.377651188Z
50.06	50.29	54.72	795.882	kafka-001	941.149	186	30.09	30.09	89.32	2019-04-24T22:47:10.390049117Z
50.77	54.72	50.85	801.421	kafka-001	622.759	188	30.09	30.09	89.33	2019-04-24T22:47:17.401559049Z
50.72	50.85	52.59	809.001	kafka-001	629.582	189	30.09	30.09	89.34	2019-04-24T22:47:24.413899613Z
51.74	52.59	55.45	818.206	kafka-001	972.953	191	30.09	30.09	89.35	2019-04-24T22:47:31.42526107Z
52.78	55.45	55.79	818.717	kafka-001	637.856	192	30.09	30.09	88.23	2019-04-24T22:47:38.436920727Z
53.28	55.79	54.95	834.709	kafka-001	984.959	194	30.09	30.09	88.25	2019-04-24T22:47:45.448329622Z
54.06	54.95	56.56	831.774	kafka-001	649.446	195	30.09	30.09	88.26	2019-04-24T22:47:52.464285299Z
54.37	56.56	49.8	829.077	kafka-001	649.403	197	30.09	30.09	88.27	2019-04-24T22:47:59.477032229Z
54.19	49.8	55.49	845.548	kafka-001	1004.386	198	30.09	30.09	88.28	2019-04-24T22:48:06.48927348Z
54.67	55.49	59.49	845.458	kafka-001	659.355	200	30.09	30.09	88.29	2019-04-24T22:48:13.501671233Z
55.35	59.49	52.74	856.975	kafka-001	1016.782	201	30.09	30.09	88.3	2019-04-24T22:48:20.515104798Z
54.84	52.74	56.03	863.543	kafka-001	672.951	202	30.09	30.09	88.31	2019-04-24T22:48:27.523037469Z
55.02	56.03	50.78	871.963	kafka-001	676.788	204	30.09	30.09	88.33	2019-04-24T22:48:34.535745383Z
54.06	50.78	59.67	880.252	kafka-001	1045.858	205	30.09	30.09	88.34	2019-04-24T22:48:41.554803122Z
55.7	59.67	59.28	881.661	kafka-001	683.926	207	30.09	30.09	88.35	2019-04-24T22:48:48.567943898Z
56.33	59.28	60.3	893.526	kafka-001	1056.978	208	30.09	30.09	88.36	2019-04-24T22:48:55.580009732Z
56.47	60.3	56.47	891.839	kafka-001	691.932	209	30.09	30.09	88.38	2019-04-24T22:49:02.595261859Z
57.09	56.47	58.15	899.407	kafka-001	695.6	211	30.09	30.09	88.39	2019-04-24T22:49:09.608800475Z
57.44	58.15	54.59	903.324	kafka-001	1069.573	212	30.09	30.09	88.4	2019-04-24T22:49:16.621727777Z
58.08	54.59	57.88	909.833	kafka-001	708.532	213	30.09	30.09	88.42	2019-04-24T22:49:23.633450831Z
57.78	57.88	57.63	922.526	kafka-001	1092.263	215	30.09	30.09	88.43	2019-04-24T22:49:30.646947699Z
57.5	57.63	63.36	919.583	kafka-001	715.416	216	30.09	30.09	88.44	2019-04-24T22:49:37.664648784Z
58.01	63.36	58.1	934.157	kafka-001	721.688	218	30.09	30.09	88.46	2019-04-24T22:49:44.677670865Z
58.29	58.1	63.66	941.6	kafka-001	1112.285	219	30.09	30.09	88.47	2019-04-24T22:49:51.694249345Z
59.2	63.66	59.24	940.963	kafka-001	731.906	220	30.09	30.09	88.48	2019-04-24T22:49:58.707913782Z
59.98	59.24	58.41	941.65	kafka-001	1120.86	222	30.09	30.09	88.5	2019-04-24T22:50:05.718072837Z
60.07	58.41	62.85	945.853	kafka-001	738.727	223	30.09	30.09	88.51	2019-04-24T22:50:12.73305858Z
60.94	62.85	63.07	959.693	kafka-001	744.125	224	30.09	30.09	88.52	2019-04-24T22:50:19.744567538Z
60.89	63.07	57.22	967.312	kafka-001	1143.13	226	30.09	30.09	88.54	2019-04-24T22:50:26.756460696Z
60.74	57.22	66.5	967.653	kafka-001	752.179	227	30.09	30.09	88.55	2019-04-24T22:50:33.76933691Z
61.22	66.5	57.9	982.122	kafka-001	1155.906	228	30.09	30.09	88.56	2019-04-24T22:50:40.78520843Z
60.99	57.9	63.64	981.049	kafka-001	761.732	230	30.09	30.09	88.58	2019-04-24T22:50:47.798283763Z
61.86	63.64	45.77	987.741	kafka-001	765.406	231	30.09	30.09	88.59	2019-04-24T22:50:54.80884454Z
59.02	45.77	63.96	991.413	kafka-001	1174.807	232	30.09	30.09	88.6	2019-04-24T22:51:01.825481729Z
59.16	63.96	62.19	995.648	kafka-001	774.143	233	30.09	30.09	88.62	2019-04-24T22:51:08.840665483Z
59.99	62.19	67.77	1004.071	kafka-001	1189.587	235	30.09	30.09	88.63	2019-04-24T22:51:15.853503961Z
60.21	67.77	63.5	1004.302	kafka-001	784.254	236	30.09	30.09	88.64	2019-04-24T22:51:22.866310755Z
61.14	63.5	63.27	1009.757	kafka-001	789.693	237	30.09	30.09	88.66	2019-04-24T22:51:29.87902004Z
61.08	63.27	70.69	1015.96	kafka-001	1207.09	239	30.09	30.09	88.67	2019-04-24T22:51:36.89329133Z
65.23	70.69	70.02	1020.538	kafka-001	793.114	240	30.09	30.09	88.69	2019-04-24T22:51:43.90436666Z
66.24	70.02	58.81	1030.807	kafka-001	1226.645	241	30.09	30.09	88.7	2019-04-24T22:51:50.916563432Z
65.68	58.81	70.04	1035.938	kafka-001	803.73	242	30.09	30.09	88.72	2019-04-24T22:51:57.929650023Z
66.06	70.04	61.2	1038.98	kafka-001	809.792	244	30.09	30.09	88.73	2019-04-24T22:52:04.941688496Z
65.67	61.2	67.42	1044.444	kafka-001	1241.382	245	30.09	30.09	88.74	2019-04-24T22:52:11.953158836Z
66.36	67.42	57.58	1052.005	kafka-001	819.908	246	30.09	30.09	88.76	2019-04-24T22:52:18.966352168Z
64.18	57.58	67.53	1057.282	kafka-001	1252.718	247	30.09	30.09	88.77	2019-04-24T22:52:25.985881172Z
63.76	67.53	64.98	1056.239	kafka-001	822.276	249	30.09	30.09	88.79	2019-04-24T22:52:33.001547492Z
64.79	64.98	73.15	1065.713	kafka-001	829.954	250	30.09	30.09	88.8	2019-04-24T22:52:40.016779322Z
65.31	73.15	66.23	1074.655	kafka-001	1269.217	251	30.09	30.09	88.82	2019-04-24T22:52:47.035254139Z
66.15	66.23	70.5	1075.64	kafka-001	835.978	253	30.09	30.09	88.83	2019-04-24T22:52:54.04936131Z
66.66	70.5	67.74	1090.325	kafka-001	1292.677	254	30.09	30.09	88.85	2019-04-24T22:53:01.064345158Z
68.36	67.74	76.1	1090.891	kafka-001	848.099	256	30.09	30.09	88.86	2019-04-24T22:53:08.076559424Z
69.78	76.1	74.1	1091.281	kafka-001	1300.932	257	30.09	30.09	88.88	2019-04-24T22:53:15.090060791Z
71.3	74.1	73.34	1099.695	kafka-001	857.76	258	30.09	30.09	88.9	2019-04-24T22:53:22.106178441Z
71.34	73.34	69.67	1106.579	kafka-001	863.296	260	30.09	30.09	88.91	2019-04-24T22:53:29.117230476Z
71.91	69.67	69.64	1116.31	kafka-001	1326.771	261	30.09	30.09	88.93	2019-04-24T22:53:36.133430869Z
71.77	69.64	68.6	1120.645	kafka-001	868.096	263	30.09	30.09	88.94	2019-04-24T22:53:43.14856732Z
71.91	68.6	72.75	1118.825	kafka-001	1335.026	264	30.09	30.09	88.96	2019-04-24T22:53:50.161963163Z
71.35	72.75	58.78	1134.92	kafka-001	880.049	265	30.09	30.09	88.98	2019-04-24T22:53:57.175745584Z
68.8	58.78	71.69	1131.21	kafka-001	882.57	267	30.09	30.09	88.99	2019-04-24T22:54:04.190341446Z
68.52	71.69	63.5	1145.461	kafka-001	1360.613	268	30.09	30.09	89.0	2019-04-24T22:54:11.202437114Z
67.49	63.5	76.39	1146.769	kafka-001	893.076	269	30.09	30.09	89.02	2019-04-24T22:54:18.218164421Z
68.62	76.39	59.3	1158.033	kafka-001	1377.235	271	30.09	30.09	89.04	2019-04-24T22:54:25.228767779Z
67.07	59.3	76.52	1156.887	kafka-001	903.645	272	30.09	30.09	89.05	2019-04-24T22:54:32.240637628Z
67.7	76.52	70.83	1165.276	kafka-001	906.05	273	30.1	30.1	89.07	2019-04-24T22:54:39.253292527Z
69.71	70.83	75.02	1176.37	kafka-001	1401.205	275	30.09	30.09	89.09	2019-04-24T22:54:46.268054277Z
70.26	75.02	74.17	1181.119	kafka-001	912.998	276	30.09	30.09	89.1	2019-04-24T22:54:53.283531704Z
72.04	74.17	80.03	1180.47	kafka-001	1408.172	277	30.09	30.09	89.12	2019-04-24T22:55:00.294758143Z
72.65	80.03	76.92	1185.233	kafka-001	925.564	279	30.09	30.09	89.13	2019-04-24T22:55:07.308343785Z
75.58	76.92	80.43	1189.751	kafka-001	929.561	280	30.09	30.09	89.15	2019-04-24T22:55:14.324970123Z
76.23	80.43	71.76	1192.276	kafka-001	1418.355	281	30.09	30.09	89.17	2019-04-24T22:55:21.335308134Z
76.39	71.76	81.99	1196.559	kafka-001	934.978	283	30.09	30.09	89.19	2019-04-24T22:55:28.346830779Z
77.55	81.99	73.35	1198.528	kafka-001	1434.622	284	30.09	30.09	89.2	2019-04-24T22:55:35.358912873Z
77.41	73.35	77.27	1206.539	kafka-001	948.545	285	30.09	30.09	89.22	2019-04-24T22:55:42.37296629Z
76.95	77.27	79.68	1206.661	kafka-001	947.946	287	30.09	30.09	89.24	2019-04-24T22:55:49.385100447Z
77.41	79.68	76.18	1212.777	kafka-001	1458.804	288	30.09	30.09	89.25	2019-04-24T22:55:56.397746399Z
76.71	76.18	57.92	1212.342	kafka-001	956.992	289	30.09	30.09	89.27	2019-04-24T22:56:03.40895275Z
74.4	57.92	79.9	1231.54	kafka-001	1468.743	290	30.09	30.09	89.29	2019-04-24T22:56:10.423331393Z
74.05	79.9	74.97	1235.567	kafka-001	970.878	292	30.09	30.09	89.31	2019-04-24T22:56:17.437571962Z
74.32	74.97	80.73	1243.139	kafka-001	969.954	293	30.09	30.09	89.32	2019-04-24T22:56:24.449199045Z
74.9	80.73	73.62	1235.77	kafka-001	1484.164	294	30.09	30.09	88.24	2019-04-24T22:56:31.461981347Z
73.89	73.62	82.31	1238.759	kafka-001	979.099	295	30.09	30.09	88.26	2019-04-24T22:56:38.48068883Z
74.91	82.31	60.64	1255.356	kafka-001	1509.768	297	30.09	30.09	88.28	2019-04-24T22:56:45.496940075Z
75.36	60.64	79.4	1259.819	kafka-001	989.856	298	30.09	30.09	88.29	2019-04-24T22:56:52.51260211Z
75.28	79.4	69.43	1255.697	kafka-001	991.039	299	30.09	30.09	88.31	2019-04-24T22:56:59.525542551Z
74.36	69.43	80.51	1277.73	kafka-001	1522.142	300	30.09	30.09	88.33	2019-04-24T22:57:06.536685958Z
74.32	80.51	79.99	1277.263	kafka-001	993.648	302	30.09	30.09	88.35	2019-04-24T22:57:13.54942912Z
75.38	79.99	87.56	1287.428	kafka-001	1532.98	303	30.1	30.1	88.36	2019-04-24T22:57:20.563880196Z
76.26	87.56	79.13	1285.845	kafka-001	1007.68	304	30.1	30.1	88.39	2019-04-24T22:57:27.576562202Z
79.34	79.13	84.52	1296.641	kafka-001	1006.928	305	30.1	30.1	88.4	2019-04-24T22:57:34.588158706Z
80.19	84.52	75.21	1303.524	kafka-001	1557.224	307	30.1	30.1	88.42	2019-04-24T22:57:41.600838622Z
81.15	75.21	87.52	1307.143	kafka-001	1020.842	308	30.1	30.1	88.44	2019-04-24T22:57:48.611493281Z
82.32	87.52	77.42	1304.638	kafka-001	1563.492	309	30.1	30.1	88.46	2019-04-24T22:57:55.622923225Z
81.89	77.42	86.02	1310.601	kafka-001	1030.796	310	30.1	30.1	88.47	2019-04-24T22:58:02.64120483Z
81.64	86.02	89.08	1321.289	kafka-001	1033.406	311	30.1	30.1	88.49	2019-04-24T22:58:09.652459197Z
83.3	89.08	86.81	1321.832	kafka-001	1579.542	312	30.1	30.1	88.51	2019-04-24T22:58:16.666576901Z
83.68	86.81	72.23	1328.591	kafka-001	1043.469	314	30.1	30.1	88.53	2019-04-24T22:58:23.676536927Z
83.18	72.23	92.92	1335.994	kafka-001	1595.111	315	30.1	30.1	88.55	2019-04-24T22:58:30.691130481Z
84.08	92.92	78.63	1340.843	kafka-001	1051.343	316	30.1	30.1	88.57	2019-04-24T22:58:37.702186181Z
84.28	78.63	85.99	1330.57	kafka-001	1047.1	317	30.1	30.1	88.59	2019-04-24T22:58:44.715786334Z
84.28	85.99	81.47	1346.575	kafka-001	1614.393	318	30.1	30.1	88.61	2019-04-24T22:58:51.729679451Z
83.01	81.47	89.08	1356.047	kafka-001	1055.793	319	30.1	30.1	88.62	2019-04-24T22:58:58.7442748Z
83.39	89.08	83.33	1365.186	kafka-001	1625.518	321	30.1	30.1	88.64	2019-04-24T22:59:05.757358598Z
85.24	83.33	86.62	1370.799	kafka-001	1069.152	322	30.1	30.1	88.66	2019-04-24T22:59:12.772990629Z
84.19	86.62	88.03	1373.978	kafka-001	1075.869	323	30.1	30.1	88.68	2019-04-24T22:59:19.78355757Z
85.75	88.03	89.2	1377.353	kafka-001	1634.172	324	30.1	30.1	88.7	2019-04-24T22:59:26.796890762Z
86.29	89.2	77.59	1380.893	kafka-001	1076.645	325	30.1	30.1	88.72	2019-04-24T22:59:33.810167046Z
85.64	77.59	78.86	1390.028	kafka-001	1659.435	326	30.1	30.1	88.74	2019-04-24T22:59:40.824460539Z
83.94	78.86	89.51	1395.289	kafka-001	1086.652	328	30.1	30.1	88.76	2019-04-24T22:59:47.836893675Z
84.97	89.51	86.02	1398.591	kafka-001	1094.59	329	30.1	30.1	88.78	2019-04-24T22:59:54.849225919Z
84.87	86.02	90.95	1403.239	kafka-001	1665.845	330	30.1	30.1	88.8	2019-04-24T23:00:01.863419891Z
85.36	90.95	87.92	1394.79	kafka-001	1094.0	331	30.1	30.1	88.82	2019-04-24T23:00:08.878132376Z
85.14	87.92	87.38	1408.03	kafka-001	1686.607	332	30.1	30.1	88.84	2019-04-24T23:00:15.88986142Z
86.77	87.38	87.0	1412.787	kafka-001	1110.007	333	30.1	30.1	88.85	2019-04-24T23:00:22.901446677Z
88.13	87.0	77.86	1412.969	kafka-001	1106.113	335	30.1	30.1	88.88	2019-04-24T23:00:29.918176135Z
86.19	77.86	88.39	1427.484	kafka-001	1694.966	336	30.1	30.1	88.89	2019-04-24T23:00:36.937443897Z
86.58	88.39	90.79	1420.523	kafka-001	1117.77	337	30.1	30.1	88.92	2019-04-24T23:00:43.958810771Z
86.56	90.79	88.59	1427.012	kafka-001	1707.958	338	30.1	30.1	88.94	2019-04-24T23:00:50.972113491Z
86.67	88.59	95.15	1429.499	kafka-001	1121.491	339	30.1	30.1	88.96	2019-04-24T23:00:57.984936153Z
87.96	95.15	84.49	1427.464	kafka-001	1125.497	340	30.1	30.1	88.98	2019-04-24T23:01:04.999040779Z
87.55	84.49	90.51	1449.609	kafka-001	1728.016	341	30.1	30.1	89.0	2019-04-24T23:01:12.012873161Z
89.65	90.51	95.47	1446.749	kafka-001	1137.822	343	30.1	30.1	89.02	2019-04-24T23:01:19.028116011Z
90.83	95.47	83.12	1450.3	kafka-001	1742.594	344	30.1	30.1	89.03	2019-04-24T23:01:26.041601813Z
89.56	83.12	84.42	1453.806	kafka-001	1142.772	345	30.1	30.1	89.06	2019-04-24T23:01:33.057181475Z
88.86	84.42	92.67	1473.719	kafka-001	1751.555	346	30.1	30.1	89.08	2019-04-24T23:01:40.070544818Z
88.45	92.67	89.16	1463.573	kafka-001	1149.113	347	30.1	30.1	89.1	2019-04-24T23:01:47.085093825Z
89.23	89.16	93.13	1473.483	kafka-001	1154.872	348	30.1	30.1	89.12	2019-04-24T23:01:54.099492465Z
89.66	93.13	81.72	1482.125	kafka-001	1767.258	349	30.1	30.1	89.14	2019-04-24T23:02:01.111820126Z
87.37	81.72	96.78	1480.007	kafka-001	1163.023	350	30.1	30.1	89.16	2019-04-24T23:02:08.131947677Z
89.65	96.78	89.59	1496.129	kafka-001	1785.194	351	30.1	30.1	89.18	2019-04-24T23:02:15.144077665Z
90.51	89.59	91.12	1485.752	kafka-001	1166.904	352	30.1	30.1	89.2	2019-04-24T23:02:22.154187289Z
90.25	91.12	83.2	1499.478	kafka-001	1171.613	354	30.1	30.1	89.22	2019-04-24T23:02:29.166301364Z
89.26	83.2	90.98	1510.912	kafka-001	1800.147	355	30.1	30.1	89.24	2019-04-24T23:02:36.179909711Z
88.9	90.98	96.26	1504.856	kafka-001	1175.253	356	30.1	30.1	89.26	2019-04-24T23:02:43.19343099Z
91.32	96.26	100.47	1514.302	kafka-001	1801.278	357	30.1	30.1	89.29	2019-04-24T23:02:50.209184059Z
91.94	100.47	93.13	1505.814	kafka-001	1185.277	358	30.1	30.1	89.31	2019-04-24T23:02:57.223015386Z
92.53	93.13	92.37	1518.575	kafka-001	1187.215	359	30.1	30.1	88.26	2019-04-24T23:03:04.232574033Z
92.74	92.37	78.6	1525.664	kafka-001	1825.112	360	30.1	30.1	88.28	2019-04-24T23:03:11.24617695Z
91.97	78.6	90.66	1527.387	kafka-001	1197.77	361	30.1	30.1	88.3	2019-04-24T23:03:18.26045852Z
91.92	90.66	90.79	1538.527	kafka-001	1833.714	362	30.1	30.1	88.32	2019-04-24T23:03:25.276312489Z
91.0	90.79	99.36	1538.792	kafka-001	1208.647	363	30.1	30.1	88.34	2019-04-24T23:03:32.288655009Z
90.82	99.36	89.26	1538.055	kafka-001	1204.09	364	30.1	30.1	88.37	2019-04-24T23:03:39.300869574Z
90.17	89.26	96.44	1555.65	kafka-001	1858.032	365	30.1	30.1	88.38	2019-04-24T23:03:46.311137076Z
90.85	96.44	97.94	1561.411	kafka-001	1218.398	366	30.1	30.1	88.41	2019-04-24T23:03:53.324877904Z
94.08	97.94	98.59	1565.424	kafka-001	1858.36	367	30.1	30.1	88.43	2019-04-24T23:04:00.337775438Z
95.4	98.59	83.75	1573.109	kafka-001	1223.996	369	30.1	30.1	88.45	2019-04-24T23:04:07.351781744Z
94.22	83.75	96.53	1570.883	kafka-001	1226.393	370	30.1	30.1	88.48	2019-04-24T23:04:14.363397723Z
93.75	96.53	80.65	1583.31	kafka-001	1871.706	371	30.1	30.1	88.5	2019-04-24T23:04:21.37343919Z
92.32	80.65	101.44	1559.624	kafka-001	1232.342	372	30.1	30.1	88.52	2019-04-24T23:04:28.385510306Z
93.15	101.44	104.18	1578.933	kafka-001	1887.485	373	30.1	30.1	88.54	2019-04-24T23:04:35.39819056Z
94.19	104.18	97.2	1585.319	kafka-001	1235.565	374	30.1	30.1	88.56	2019-04-24T23:04:42.409997824Z
93.96	97.2	86.66	1596.846	kafka-001	1243.92	375	30.1	30.1	88.59	2019-04-24T23:04:49.435933252Z
94.44	86.66	102.67	1594.316	kafka-001	1914.081	376	30.1	30.1	88.61	2019-04-24T23:04:56.447944326Z
95.47	102.67	92.23	1605.11	kafka-001	1247.572	377	30.1	30.1	88.63	2019-04-24T23:05:03.463860238Z
97.4	92.23	100.05	1602.45	kafka-001	1917.963	378	30.1	30.1	88.65	2019-04-24T23:05:10.478333531Z
97.17	100.05	91.11	1598.775	kafka-001	1255.865	379	30.1	30.1	88.67	2019-04-24T23:05:17.492097014Z
94.99	91.11	100.22	1600.711	kafka-001	1257.804	380	30.1	30.1	88.7	2019-04-24T23:05:24.50866751Z
95.49	100.22	93.36	1616.084	kafka-001	1934.732	381	30.1	30.1	88.72	2019-04-24T23:05:31.525975588Z
96.61	93.36	98.0	1616.719	kafka-001	1266.728	382	30.1	30.1	88.74	2019-04-24T23:05:38.543827653Z
95.83	98.0	85.45	1630.61	kafka-001	1942.355	383	30.1	30.1	88.77	2019-04-24T23:05:45.560205742Z
94.7	85.45	97.42	2204.799	kafka-001	1276.142	384	30.1	30.1	88.8	2019-04-24T23:05:52.574193457Z
94.26	97.42	108.49	19911.964	kafka-001	1335.388	385	30.1	30.1	89.27	2019-04-24T23:05:59.586199024Z
97.16	108.49	119.57	34397.54	kafka-001	2054.401	386	30.1	30.1	88.97	2019-04-24T23:06:06.600879711Z
100.38	119.57	134.48	47162.824	kafka-001	1412.246	387	30.1	30.1	88.78	2019-04-24T23:06:13.618437226Z
107.24	134.48	138.69	61282.539	kafka-001	2126.903	388	30.1	30.1	89.17	2019-04-24T23:06:20.634984185Z
114.02	138.69	138.34	70733.156	kafka-001	1473.48	389	30.1	30.1	88.71	2019-04-24T23:06:27.648577771Z
122.83	138.34	150.35	80610.114	kafka-001	1516.16	390	30.1	30.1	88.55	2019-04-24T23:06:34.657430183Z
131.65	150.35	147.56	83541.356	kafka-001	2197.239	391	30.1	30.1	88.46	2019-04-24T23:06:41.669856271Z
138.17	147.56	142.95	82108.628	kafka-001	1515.073	392	30.1	30.1	88.34	2019-04-24T23:06:48.683382706Z
142.06	142.95	131.07	88157.432	kafka-001	2214.851	393	30.1	30.1	88.38	2019-04-24T23:06:55.696672121Z
141.49	131.07	146.28	93794.824	kafka-001	1549.224	394	30.1	30.1	88.55	2019-04-24T23:07:02.713570978Z
142.76	146.28	139.39	96245.67	kafka-001	1560.05	395	30.1	30.1	88.79	2019-04-24T23:07:09.725911447Z
142.93	139.39	146.2	96806.266	kafka-001	2235.626	396	30.1	30.1	89.05	2019-04-24T23:07:16.735939329Z
142.24	146.2	145.56	98745.825	kafka-001	1577.571	397	30.1	30.1	89.11	2019-04-24T23:07:23.748055053Z
141.91	145.56	144.53	98463.061	kafka-001	2238.882	398	30.1	30.1	88.39	2019-04-24T23:07:30.760712659Z
142.17	144.53	148.2	93244.457	kafka-001	1556.583	399	30.1	30.1	88.58	2019-04-24T23:07:37.77181297Z
145.03	148.2	149.46	98131.259	kafka-001	1561.041	400	30.1	30.1	88.9	2019-04-24T23:07:44.783208954Z
145.56	149.46	147.16	98140.93	kafka-001	2238.811	401	30.1	30.1	89.21	2019-04-24T23:07:51.796311337Z
146.85	147.16	150.72	98447.342	kafka-001	1557.265	402	30.1	30.1	88.49	2019-04-24T23:07:58.808699782Z
147.61	150.72	127.02	94639.297	kafka-001	2247.284	403	30.1	30.1	88.5	2019-04-24T23:08:05.820984067Z
144.52	127.02	141.99	99323.755	kafka-001	1562.751	404	30.1	30.1	88.38	2019-04-24T23:08:12.834145057Z
144.09	141.99	124.47	98014.325	kafka-001	1562.373	405	30.1	30.1	88.72	2019-04-24T23:08:19.849534846Z
140.14	124.47	141.94	90450.659	kafka-001	2273.696	406	30.1	30.1	88.87	2019-04-24T23:08:26.865255389Z
138.88	141.94	124.19	98799.909	kafka-001	1511.933	407	30.1	30.1	89.24	2019-04-24T23:08:33.87752101Z
135.06	124.19	140.76	99516.199	kafka-001	2252.966	408	30.1	30.1	88.39	2019-04-24T23:08:40.889228353Z
133.4	140.76	132.66	98866.815	kafka-001	1564.553	408	30.1	30.1	89.23	2019-04-24T23:08:47.900542894Z
134.34	132.66	121.0	99270.679	kafka-001	1565.004	409	30.1	30.1	88.59	2019-04-24T23:08:54.915496162Z
130.84	121.0	140.31	97252.899	kafka-001	2274.77	410	30.1	30.1	88.98	2019-04-24T23:09:01.927458203Z
133.48	140.31	147.51	99396.674	kafka-001	1579.891	410	30.1	30.1	88.41	2019-04-24T23:09:08.941220136Z
134.41	147.51	132.89	99027.904	kafka-001	2257.743	411	30.1	30.1	88.81	2019-04-24T23:09:15.954247249Z
135.86	132.89	148.58	99804.26	kafka-001	1589.172	412	30.1	30.1	89.25	2019-04-24T23:09:22.97341053Z
137.16	148.58	132.1	98743.133	kafka-001	1585.746	412	30.1	30.1	88.64	2019-04-24T23:09:29.985300191Z
137.07	132.1	149.6	100010.537	kafka-001	2269.811	413	30.1	30.1	88.86	2019-04-24T23:09:37.002678545Z
141.83	149.6	149.02	93224.237	kafka-001	1569.198	414	30.1	30.1	89.16	2019-04-24T23:09:44.016149909Z
143.28	149.02	137.35	97886.875	kafka-001	2265.191	414	30.1	30.1	88.49	2019-04-24T23:09:51.029655055Z
141.59	137.35	146.71	99437.216	kafka-001	1595.78	415	30.1	30.1	88.94	2019-04-24T23:09:58.041230271Z
143.89	146.71	146.74	98763.614	kafka-001	1589.584	416	30.1	30.1	89.31	2019-04-24T23:10:05.05436156Z
143.59	146.74	135.33	98343.266	kafka-001	2264.343	416	30.1	30.1	88.78	2019-04-24T23:10:12.072214975Z
144.13	135.33	152.59	99341.275	kafka-001	1589.863	417	30.1	30.1	89.03	2019-04-24T23:10:19.084625174Z
144.62	152.59	131.07	97206.911	kafka-001	2264.482	418	30.1	30.1	88.88	2019-04-24T23:10:26.096155135Z
141.63	131.07	152.73	99134.222	kafka-001	1610.898	419	30.1	30.1	89.12	2019-04-24T23:10:33.106740077Z
144.2	152.73	138.79	96704.799	kafka-001	2283.325	420	30.1	30.1	88.99	2019-04-24T23:10:40.118755353Z
142.88	138.79	153.99	99436.887	kafka-001	1619.058	421	30.1	30.1	89.02	2019-04-24T23:10:47.134182113Z
144.08	153.99	144.39	94824.875	kafka-001	1603.37	422	30.1	30.1	88.85	2019-04-24T23:10:54.145685236Z
145.59	144.39	143.15	98887.767	kafka-001	2294.069	422	30.1	30.1	88.89	2019-04-24T23:11:01.160985185Z
144.02	143.15	144.75	94296.528	kafka-001	1609.79	422	30.1	30.1	89.28	2019-04-24T23:11:08.179269979Z
146.3	144.75	158.68	102191.14	kafka-001	2295.804	422	30.1	30.1	88.92	2019-04-24T23:11:15.192982405Z
147.29	158.68	145.11	98858.532	kafka-001	1611.798	422	30.1	30.1	88.45	2019-04-24T23:11:22.204591978Z
148.35	145.11	131.03	98869.095	kafka-001	1613.441	422	30.1	30.1	88.96	2019-04-24T23:11:29.216023646Z
144.52	131.03	141.74	102028.157	kafka-001	2293.328	422	30.1	30.1	88.63	2019-04-24T23:11:36.226190824Z
144.08	141.74	148.46	101175.417	kafka-001	1612.255	422	30.1	30.1	88.53	2019-04-24T23:11:43.240233905Z
144.96	148.46	141.04	101874.565	kafka-001	2282.812	422	30.1	30.1	88.2	2019-04-24T23:11:50.248422735Z
144.34	141.04	146.34	100688.419	kafka-001	1621.576	422	30.1	30.1	88.63	2019-04-24T23:11:57.262598689Z
142.29	146.34	151.42	102033.101	kafka-001	1598.823	422	30.1	30.1	88.74	2019-04-24T23:12:04.274942457Z
143.34	151.42	144.39	102479.426	kafka-001	2283.681	422	30.1	30.1	89.34	2019-04-24T23:12:11.286555055Z
145.57	144.39	145.69	101474.808	kafka-001	1603.981	422	30.1	30.1	89.17	2019-04-24T23:12:18.300600454Z
