container_cpu%	host_moving_avg_cpu	name	memory%	host_cpu	net_send	sensor_count	memory_active_anon%	timestamp	memory_rss%	net_receive
3.62	nan	kafka-001	88.25	0	936011.209	2	30.52	2019-04-24T00:43:29.207512704Z	30.52	35376497.436
6.07	nan	kafka-001	88.26	3.62	50.76	5	30.52	2019-04-24T00:43:36.220242792Z	30.52	45.092
4.95	nan	kafka-001	88.25	6.07	54.823	9	30.52	2019-04-24T00:43:43.233394134Z	30.52	57.515
9.18	nan	kafka-001	88.26	4.95	89.77	13	30.52	2019-04-24T00:43:50.246667272Z	30.52	74.666
7.2	nan	kafka-001	88.26	9.18	72.692	16	30.52	2019-04-24T00:43:57.260104867Z	30.52	82.343
7.19	5.17	kafka-001	88.26	7.2	84.714	19	30.52	2019-04-24T00:44:04.272401692Z	30.52	98.599
11.12	6.37	kafka-001	88.26	7.19	138.46	22	30.52	2019-04-24T00:44:11.286341272Z	30.52	118.248
9.44	7.62	kafka-001	88.26	11.12	109.039	24	30.52	2019-04-24T00:44:18.301413991Z	30.52	125.239
12.54	8.18	kafka-001	88.26	9.44	167.378	27	30.52	2019-04-24T00:44:25.317019954Z	30.52	139.186
10.8	9.44	kafka-001	88.27	12.54	124.062	30	30.52	2019-04-24T00:44:32.328871543Z	30.52	146.117
11.7	9.72	kafka-001	88.27	10.8	130.056	32	30.52	2019-04-24T00:44:39.343869971Z	30.52	154.693
10.12	10.46	kafka-001	88.27	11.7	200.28	34	30.52	2019-04-24T00:44:46.352955477Z	30.52	164.024
12.17	10.95	kafka-001	88.27	10.12	146.795	36	30.52	2019-04-24T00:44:53.365764753Z	30.52	172.857
12.62	11.13	kafka-001	88.27	12.17	223.221	38	30.52	2019-04-24T00:45:00.379479341Z	30.52	186.938
13.03	11.66	kafka-001	88.28	12.62	161.973	40	30.52	2019-04-24T00:45:07.394919388Z	30.52	190.231
13.78	11.74	kafka-001	88.28	13.03	166.756	42	30.52	2019-04-24T00:45:14.407688501Z	30.52	196.906
13.45	12.24	kafka-001	88.28	13.78	253.851	44	30.52	2019-04-24T00:45:21.420125742Z	30.52	210.009
15.48	12.53	kafka-001	88.29	13.45	179.466	46	30.52	2019-04-24T00:45:28.441885556Z	30.52	212.129
17.99	13.42	kafka-001	88.29	15.48	273.234	48	30.52	2019-04-24T00:45:35.453632883Z	30.52	224.43
15.46	14.39	kafka-001	88.29	17.99	191.612	50	30.52	2019-04-24T00:45:42.469554714Z	30.52	230.237
17.97	14.86	kafka-001	88.29	15.46	199.468	51	30.52	2019-04-24T00:45:49.481600466Z	30.52	237.728
16.34	15.69	kafka-001	88.3	17.97	300.922	53	30.52	2019-04-24T00:45:56.493303683Z	30.52	248.689
16.65	16.11	kafka-001	88.3	16.34	207.434	55	30.52	2019-04-24T00:46:03.505692545Z	30.52	253.269
17.47	16.65	kafka-001	88.31	16.65	316.734	56	30.52	2019-04-24T00:46:10.520188041Z	30.52	258.508
16.95	16.98	kafka-001	88.31	17.47	219.086	58	30.52	2019-04-24T00:46:17.533286438Z	30.52	262.546
17.63	16.81	kafka-001	88.31	16.95	219.386	59	30.52	2019-04-24T00:46:24.546090587Z	30.52	269.324
18.57	17.17	kafka-001	88.31	17.63	339.922	61	30.52	2019-04-24T00:46:31.560020036Z	30.52	279.172
18.53	17.27	kafka-001	88.32	18.57	234.322	63	30.52	2019-04-24T00:46:38.575480987Z	30.52	286.445
22.6	17.63	kafka-001	88.32	18.53	356.652	64	30.52	2019-04-24T00:46:45.59019299Z	30.52	297.51
19.53	18.62	kafka-001	88.32	22.6	245.302	66	30.52	2019-04-24T00:46:52.602278733Z	30.52	300.787
20.36	18.97	kafka-001	88.33	19.53	251.06	67	30.52	2019-04-24T00:46:59.612781763Z	30.52	305.147
19.89	19.54	kafka-001	88.33	20.36	379.72	68	30.52	2019-04-24T00:47:06.624017947Z	30.52	313.616
19.98	19.91	kafka-001	88.34	19.89	260.912	70	30.52	2019-04-24T00:47:13.636421972Z	30.52	316.525
25.36	20.15	kafka-001	88.34	19.98	394.328	71	30.52	2019-04-24T00:47:20.648730961Z	30.52	323.364
21.42	21.29	kafka-001	88.35	25.36	267.264	73	30.52	2019-04-24T00:47:27.670994477Z	30.52	327.791
22.38	21.09	kafka-001	88.35	21.42	274.062	74	30.52	2019-04-24T00:47:34.684477114Z	30.52	339.129
22.43	21.56	kafka-001	88.36	22.38	418.618	76	30.52	2019-04-24T00:47:41.699865648Z	30.52	350.77
18.28	21.91	kafka-001	88.36	22.43	280.972	77	30.52	2019-04-24T00:47:48.71171621Z	30.52	346.695
25.79	21.64	kafka-001	88.36	18.28	429.896	78	30.52	2019-04-24T00:47:55.727586022Z	30.52	360.069
23.18	22.61	kafka-001	88.37	25.79	292.962	80	30.52	2019-04-24T00:48:02.740718205Z	30.52	360.445
32.0	22.25	kafka-001	88.37	23.18	295.832	81	30.52	2019-04-24T00:48:09.756610157Z	30.52	366.768
20.88	24.01	kafka-001	88.38	32.0	448.478	83	30.52	2019-04-24T00:48:16.768341413Z	30.52	377.364
23.83	23.76	kafka-001	88.39	20.88	303.222	84	30.52	2019-04-24T00:48:23.784125794Z	30.52	376.143
24.66	23.99	kafka-001	88.39	23.83	465.238	85	30.52	2019-04-24T00:48:30.797439799Z	30.52	386.004
25.57	25.06	kafka-001	88.39	24.66	315.087	86	30.52	2019-04-24T00:48:37.812528799Z	30.52	384.947
24.55	25.02	kafka-001	88.4	25.57	317.21	88	30.52	2019-04-24T00:48:44.824901589Z	30.52	389.083
29.69	25.25	kafka-001	88.41	24.55	486.51	89	30.52	2019-04-24T00:48:51.837364569Z	30.52	403.828
26.95	24.86	kafka-001	88.41	29.69	327.868	90	30.52	2019-04-24T00:48:58.851346466Z	30.52	403.299
29.23	25.87	kafka-001	88.42	26.95	497.018	91	30.52	2019-04-24T00:49:05.864800578Z	30.52	411.236
24.47	26.77	kafka-001	88.42	29.23	335.82	93	30.52	2019-04-24T00:49:12.892924305Z	30.52	409.483
30.73	26.74	kafka-001	88.43	24.47	340.155	94	30.52	2019-04-24T00:49:19.914287288Z	30.52	414.902
23.7	27.6	kafka-001	88.44	30.73	513.486	95	30.52	2019-04-24T00:49:26.939685582Z	30.52	420.889
27.24	27.46	kafka-001	88.44	23.7	347.072	96	30.52	2019-04-24T00:49:33.953572033Z	30.52	421.583
30.76	27.05	kafka-001	88.44	27.24	521.358	97	30.52	2019-04-24T00:49:40.968783269Z	30.52	437.636
27.67	27.69	kafka-001	88.45	30.76	356.136	98	30.52	2019-04-24T00:49:47.982612896Z	30.52	435.745
26.81	27.43	kafka-001	88.46	27.67	357.016	100	30.52	2019-04-24T00:49:54.995920391Z	30.52	432.539
29.19	27.82	kafka-001	88.46	26.81	541.272	101	30.52	2019-04-24T00:50:02.00847782Z	30.52	450.418
26.77	27.56	kafka-001	88.47	29.19	367.02	102	30.52	2019-04-24T00:50:09.020518968Z	30.52	447.115
38.5	28.07	kafka-001	88.47	26.77	549.133	103	30.52	2019-04-24T00:50:16.03556375Z	30.52	449.994
26.59	29.95	kafka-001	88.48	38.5	373.952	104	30.52	2019-04-24T00:50:23.050639162Z	30.52	458.625
28.3	29.25	kafka-001	88.49	26.59	564.632	105	30.52	2019-04-24T00:50:30.065132295Z	30.52	467.118
40.94	29.36	kafka-001	88.49	28.3	379.076	106	30.52	2019-04-24T00:50:37.079095133Z	30.52	465.919
35.49	31.71	kafka-001	88.5	40.94	385.362	107	30.52	2019-04-24T00:50:44.095229428Z	30.52	473.651
28.74	32.76	kafka-001	88.5	35.49	583.296	108	30.52	2019-04-24T00:50:51.115472078Z	30.52	484.981
30.9	33.09	kafka-001	88.51	28.74	384.029	109	30.52	2019-04-24T00:50:58.12886521Z	30.52	476.71
33.45	31.83	kafka-001	88.52	30.9	593.488	110	30.52	2019-04-24T00:51:05.138944355Z	30.52	493.224
26.03	32.97	kafka-001	88.52	33.45	395.808	111	30.52	2019-04-24T00:51:12.150783386Z	30.52	492.891
31.39	32.59	kafka-001	88.53	26.03	401.804	112	30.52	2019-04-24T00:51:19.158874523Z	30.52	501.815
34.04	31.0	kafka-001	88.54	31.39	607.439	113	30.52	2019-04-24T00:51:26.179793328Z	30.52	508.052
32.03	30.76	kafka-001	88.54	34.04	404.36	114	30.52	2019-04-24T00:51:33.19727378Z	30.52	505.697
34.92	31.31	kafka-001	88.55	32.03	619.224	115	30.52	2019-04-24T00:51:40.209328837Z	30.52	517.774
32.3	31.98	kafka-001	88.56	34.92	415.902	116	30.52	2019-04-24T00:51:47.221260377Z	30.52	517.327
32.19	31.78	kafka-001	88.57	32.3	417.718	118	30.52	2019-04-24T00:51:54.234329536Z	30.52	524.914
30.74	32.81	kafka-001	88.57	32.19	631.124	119	30.52	2019-04-24T00:52:01.244460676Z	30.52	531.275
34.4	32.7	kafka-001	88.58	30.74	427.553	119	30.52	2019-04-24T00:52:08.25772757Z	30.52	533.587
37.73	32.76	kafka-001	88.59	34.4	644.026	121	30.52	2019-04-24T00:52:15.271934706Z	30.52	538.578
43.15	33.71	kafka-001	88.59	37.73	431.303	122	30.52	2019-04-24T00:52:22.285001034Z	30.52	539.849
41.66	35.08	kafka-001	88.6	43.15	435.922	123	30.52	2019-04-24T00:52:29.30008331Z	30.52	547.355
37.48	36.64	kafka-001	88.61	41.66	661.471	124	30.52	2019-04-24T00:52:36.315312892Z	30.52	555.574
32.97	37.53	kafka-001	88.62	37.48	436.426	124	30.52	2019-04-24T00:52:43.32905684Z	30.52	551.995
36.14	37.9	kafka-001	88.62	32.97	669.94	125	30.52	2019-04-24T00:52:50.339987681Z	30.52	562.03
35.7	38.19	kafka-001	88.63	36.14	447.778	126	30.52	2019-04-24T00:52:57.349501386Z	30.52	561.782
33.76	37.85	kafka-001	88.64	35.7	448.888	127	30.52	2019-04-24T00:53:04.364342551Z	30.52	566.234
35.83	36.28	kafka-001	88.64	33.76	683.768	128	30.52	2019-04-24T00:53:11.375118166Z	30.52	572.116
35.27	35.31	kafka-001	88.65	35.83	452.99	129	30.52	2019-04-24T00:53:18.388016218Z	30.52	571.741
38.81	34.94	kafka-001	88.66	35.27	690.373	130	30.52	2019-04-24T00:53:25.401464504Z	30.52	577.042
34.78	35.92	kafka-001	88.66	38.81	458.9	130	30.52	2019-04-24T00:53:32.416201395Z	30.52	578.071
36.66	35.69	kafka-001	88.67	34.78	463.392	131	30.52	2019-04-24T00:53:39.429360028Z	30.52	579.612
39.44	35.85	kafka-001	88.68	36.66	698.919	132	30.52	2019-04-24T00:53:46.442219034Z	30.52	586.365
37.25	36.8	kafka-001	88.69	39.44	469.47	133	30.52	2019-04-24T00:53:53.452016257Z	30.52	587.555
36.73	37.03	kafka-001	88.7	37.25	713.116	134	30.52	2019-04-24T00:54:00.464125722Z	30.52	591.52
37.47	37.28	kafka-001	88.71	36.73	478.047	135	30.52	2019-04-24T00:54:07.472813691Z	30.52	597.441
35.57	37.05	kafka-001	88.72	37.47	476.938	136	30.52	2019-04-24T00:54:14.490782702Z	30.52	597.567
39.64	37.19	kafka-001	88.73	35.57	727.121	136	30.52	2019-04-24T00:54:21.501507646Z	30.52	609.02
34.23	37.68	kafka-001	88.73	39.64	487.826	137	30.52	2019-04-24T00:54:28.518762345Z	30.52	606.944
39.68	36.81	kafka-001	88.74	34.23	730.001	138	30.52	2019-04-24T00:54:35.527821316Z	30.52	612.587
39.58	37.22	kafka-001	88.75	39.68	491.306	139	30.52	2019-04-24T00:54:42.541697184Z	30.52	610.955
37.56	37.69	kafka-001	88.76	39.58	492.981	140	30.52	2019-04-24T00:54:49.561500015Z	30.52	616.976
35.83	37.71	kafka-001	88.77	37.56	742.044	140	30.52	2019-04-24T00:54:56.577180986Z	30.52	623.377
40.04	37.75	kafka-001	88.77	35.83	495.054	141	30.52	2019-04-24T00:55:03.590416568Z	30.52	624.643
41.0	37.82	kafka-001	88.78	40.04	754.368	142	30.52	2019-04-24T00:55:10.604296429Z	30.52	626.132
38.02	38.95	kafka-001	88.79	41.0	496.028	142	30.52	2019-04-24T00:55:17.616617327Z	30.52	621.061
38.34	38.67	kafka-001	88.8	38.02	497.958	143	30.52	2019-04-24T00:55:24.6310122Z	30.52	624.543
42.26	38.47	kafka-001	88.8	38.34	757.085	143	30.52	2019-04-24T00:55:31.643939786Z	30.52	630.96
39.92	39.25	kafka-001	88.82	42.26	505.494	143	30.52	2019-04-24T00:55:38.656926462Z	30.52	631.431
41.81	39.93	kafka-001	88.82	39.92	763.164	144	30.52	2019-04-24T00:55:45.672045162Z	30.52	633.864
40.09	40.23	kafka-001	88.83	41.81	507.938	145	30.52	2019-04-24T00:55:52.694132911Z	30.52	634.619
41.54	40.07	kafka-001	88.84	40.09	511.312	146	30.52	2019-04-24T00:55:59.705903277Z	30.52	637.603
37.68	40.66	kafka-001	88.85	41.54	775.528	146	30.52	2019-04-24T00:56:06.719616229Z	30.52	643.975
40.34	40.55	kafka-001	88.86	37.68	517.476	147	30.52	2019-04-24T00:56:13.736007231Z	30.52	644.198
39.26	40.23	kafka-001	88.87	40.34	792.019	148	30.52	2019-04-24T00:56:20.74963541Z	30.52	661.336
42.02	40.12	kafka-001	88.88	39.26	525.542	149	30.52	2019-04-24T00:56:27.763198296Z	30.52	652.567
49.08	40.16	kafka-001	88.88	42.02	526.392	149	30.52	2019-04-24T00:56:34.777089742Z	30.52	657.119
41.37	41.65	kafka-001	88.89	49.08	798.222	150	30.52	2019-04-24T00:56:41.788538732Z	30.52	656.95
38.73	41.62	kafka-001	88.9	41.37	525.132	151	30.52	2019-04-24T00:56:48.801261783Z	30.52	661.937
46.32	41.8	kafka-001	88.91	38.73	802.515	152	30.52	2019-04-24T00:56:55.821682988Z	30.52	670.908
41.73	42.8	kafka-001	88.92	46.32	535.242	152	30.52	2019-04-24T00:57:02.834985337Z	30.52	668.097
40.86	43.21	kafka-001	88.93	41.73	536.848	153	30.52	2019-04-24T00:57:09.849977984Z	30.52	665.374
40.43	43.02	kafka-001	88.94	40.86	816.783	154	30.52	2019-04-24T00:57:16.865792049Z	30.52	678.395
42.48	41.57	kafka-001	88.95	40.43	544.354	155	30.52	2019-04-24T00:57:23.878966265Z	30.52	670.58
38.62	41.76	kafka-001	88.96	42.48	827.072	155	30.52	2019-04-24T00:57:30.892055284Z	30.52	686.865
42.43	41.74	kafka-001	88.96	38.62	547.286	156	30.52	2019-04-24T00:57:37.905739583Z	30.52	682.497
41.73	41.09	kafka-001	88.97	42.43	550.645	157	30.52	2019-04-24T00:57:44.919317136Z	30.52	683.425
43.13	41.09	kafka-001	88.98	41.73	834.314	158	30.52	2019-04-24T00:57:51.936137088Z	30.52	692.119
44.72	41.47	kafka-001	88.1	43.13	552.526	158	30.52	2019-04-24T00:57:58.947927729Z	30.52	681.054
45.93	42.19	kafka-001	88.11	44.72	834.711	159	30.52	2019-04-24T00:58:05.96337388Z	30.52	686.43
36.28	42.76	kafka-001	88.12	45.93	553.67	160	30.52	2019-04-24T00:58:12.97652796Z	30.52	691.383
45.97	42.37	kafka-001	88.13	36.28	561.332	161	30.52	2019-04-24T00:58:19.988779469Z	30.52	695.017
38.53	42.96	kafka-001	88.13	45.97	849.723	161	30.52	2019-04-24T00:58:27.002002694Z	30.52	709.552
45.82	42.43	kafka-001	88.15	38.53	563.148	162	30.52	2019-04-24T00:58:34.017250629Z	30.52	703.581
45.58	42.88	kafka-001	88.15	45.82	861.474	163	30.52	2019-04-24T00:58:41.0301741Z	30.52	720.52
46.38	43.02	kafka-001	88.16	45.58	571.79	163	30.52	2019-04-24T00:58:48.042594722Z	30.52	714.007
47.01	43.09	kafka-001	88.17	46.38	581.143	164	30.52	2019-04-24T00:58:55.056212861Z	30.52	720.858
46.95	44.88	kafka-001	88.18	47.01	863.926	165	30.52	2019-04-24T00:59:02.06920299Z	30.52	723.215
49.84	45.05	kafka-001	88.19	46.95	579.942	166	30.52	2019-04-24T00:59:09.082279335Z	30.52	724.951
44.46	46.93	kafka-001	88.2	49.84	874.014	166	30.52	2019-04-24T00:59:16.095314159Z	30.52	729.272
46.19	46.7	kafka-001	88.21	44.46	574.949	167	30.52	2019-04-24T00:59:23.108087118Z	30.52	721.733
49.7	46.81	kafka-001	88.22	46.19	888.874	168	30.52	2019-04-24T00:59:30.123893428Z	30.52	740.422
42.31	47.36	kafka-001	88.23	49.7	587.408	168	30.52	2019-04-24T00:59:37.136474352Z	30.52	736.963
44.85	46.58	kafka-001	88.24	42.31	591.22	169	30.52	2019-04-24T00:59:44.148395423Z	30.52	740.579
42.28	46.23	kafka-001	88.26	44.85	892.297	170	30.52	2019-04-24T00:59:51.158746348Z	30.52	746.834
45.37	44.97	kafka-001	88.26	42.28	590.518	170	30.52	2019-04-24T00:59:58.170465941Z	30.52	737.961
44.82	45.12	kafka-001	88.28	45.37	905.733	171	30.52	2019-04-24T01:00:05.184526103Z	30.52	757.366
46.74	44.89	kafka-001	88.28	44.82	596.421	172	30.52	2019-04-24T01:00:12.198498612Z	30.52	746.801
46.99	44.4	kafka-001	88.3	46.74	595.923	172	30.52	2019-04-24T01:00:19.210995079Z	30.52	752.475
49.58	45.18	kafka-001	88.3	46.99	911.136	173	30.52	2019-04-24T01:00:26.224503797Z	30.52	765.602
40.56	45.96	kafka-001	88.32	49.58	603.436	174	30.52	2019-04-24T01:00:33.236269813Z	30.52	761.925
50.93	45.68	kafka-001	88.32	40.56	913.323	174	30.52	2019-04-24T01:00:40.249806083Z	30.52	766.041
47.97	46.6	kafka-001	88.33	50.93	612.216	175	30.52	2019-04-24T01:00:47.265039764Z	30.52	768.966
46.75	47.13	kafka-001	88.34	47.97	611.69	176	30.52	2019-04-24T01:00:54.276769656Z	30.52	763.007
46.43	47.13	kafka-001	88.36	46.75	931.269	176	30.52	2019-04-24T01:01:01.290588436Z	30.52	778.16
47.92	47.04	kafka-001	88.37	46.43	618.504	177	30.52	2019-04-24T01:01:08.303416943Z	30.52	772.283
44.29	46.76	kafka-001	88.38	47.92	936.247	178	30.52	2019-04-24T01:01:15.320822701Z	30.52	785.761
49.56	47.38	kafka-001	88.39	44.29	620.976	179	30.52	2019-04-24T01:01:22.334622039Z	30.52	779.046
49.11	47.15	kafka-001	88.4	49.56	627.48	179	30.52	2019-04-24T01:01:29.345314753Z	30.52	787.205
50.9	47.34	kafka-001	88.41	49.11	948.659	180	30.52	2019-04-24T01:01:36.35797402Z	30.52	792.388
50.77	48.04	kafka-001	88.42	50.9	636.309	180	30.52	2019-04-24T01:01:43.370442069Z	30.52	789.593
52.47	48.76	kafka-001	88.43	50.77	943.258	181	30.52	2019-04-24T01:01:50.384351306Z	30.52	790.764
45.69	49.52	kafka-001	88.44	52.47	633.544	182	30.52	2019-04-24T01:01:57.397886424Z	30.52	796.067
49.89	49.75	kafka-001	88.45	45.69	633.448	182	30.52	2019-04-24T01:02:04.412367644Z	30.52	795.539
46.88	49.81	kafka-001	88.46	49.89	950.996	183	30.52	2019-04-24T01:02:11.427427368Z	30.52	791.704
53.96	49.43	kafka-001	88.47	46.88	639.145	184	30.52	2019-04-24T01:02:18.440940018Z	30.52	803.337
52.66	49.94	kafka-001	88.49	53.96	967.048	184	30.52	2019-04-24T01:02:25.453293742Z	30.52	805.996
51.93	50.26	kafka-001	88.5	52.66	646.394	185	30.52	2019-04-24T01:02:32.466992878Z	30.52	811.369
47.17	50.17	kafka-001	88.5	51.93	644.365	186	30.52	2019-04-24T01:02:39.4843904Z	30.52	807.585
52.39	50.42	kafka-001	88.52	47.17	979.914	186	30.52	2019-04-24T01:02:46.497854376Z	30.52	818.15
51.98	50.83	kafka-001	88.53	52.39	651.382	187	30.52	2019-04-24T01:02:53.515174329Z	30.52	820.095
56.76	51.68	kafka-001	88.54	51.98	988.749	187	30.52	2019-04-24T01:03:00.527770329Z	30.52	824.796
43.54	52.15	kafka-001	88.55	56.76	656.376	188	30.52	2019-04-24T01:03:07.540151132Z	30.52	823.953
53.17	50.63	kafka-001	88.56	43.54	649.428	189	30.52	2019-04-24T01:03:14.5523421Z	30.52	821.187
45.23	50.84	kafka-001	88.58	53.17	995.225	189	30.52	2019-04-24T01:03:21.565215898Z	30.52	834.136
45.21	50.51	kafka-001	88.59	45.23	660.427	190	30.52	2019-04-24T01:03:28.584247126Z	30.52	830.421
52.89	49.32	kafka-001	88.6	45.21	999.534	191	30.52	2019-04-24T01:03:35.597866713Z	30.52	834.302
53.54	49.47	kafka-001	88.61	52.89	660.87	191	30.52	2019-04-24T01:03:42.611570828Z	30.52	835.675
48.99	48.93	kafka-001	88.62	53.54	668.35	192	30.52	2019-04-24T01:03:49.622848498Z	30.52	836.899
50.59	49.84	kafka-001	88.63	48.99	1013.497	192	30.52	2019-04-24T01:03:56.63695402Z	30.52	846.836
53.66	49.41	kafka-001	88.64	50.59	672.931	193	30.52	2019-04-24T01:04:03.654496095Z	30.52	846.425
61.47	50.81	kafka-001	88.65	53.66	1014.484	194	30.52	2019-04-24T01:04:10.666867505Z	30.52	846.924
48.51	53.52	kafka-001	88.67	61.47	670.703	194	30.52	2019-04-24T01:04:17.679429249Z	30.52	841.031
52.11	52.79	kafka-001	88.68	48.51	672.096	195	30.52	2019-04-24T01:04:24.688327665Z	30.52	841.159
49.77	52.56	kafka-001	88.69	52.11	1023.306	195	30.52	2019-04-24T01:04:31.69677709Z	30.52	852.408
51.97	52.69	kafka-001	88.7	49.77	679.095	196	30.52	2019-04-24T01:04:38.711206873Z	30.52	848.813
57.69	52.92	kafka-001	88.71	51.97	1039.613	197	30.52	2019-04-24T01:04:45.723433427Z	30.52	870.016
53.12	53.59	kafka-001	88.72	57.69	682.648	197	30.52	2019-04-24T01:04:52.737189955Z	30.52	862.207
47.34	52.2	kafka-001	88.73	53.12	684.197	198	30.52	2019-04-24T01:04:59.749108546Z	30.52	853.725
53.58	52.0	kafka-001	88.75	47.34	1041.07	198	30.52	2019-04-24T01:05:06.762695818Z	30.52	870.616
53.22	52.25	kafka-001	88.76	53.58	688.814	199	30.52	2019-04-24T01:05:13.774571935Z	30.52	869.157
56.43	52.82	kafka-001	88.77	53.22	1046.583	200	30.52	2019-04-24T01:05:20.78673882Z	30.52	876.288
50.54	53.56	kafka-001	88.78	56.43	688.055	200	30.52	2019-04-24T01:05:27.8127751Z	30.52	869.055
57.49	52.37	kafka-001	88.79	50.54	689.825	200	30.52	2019-04-24T01:05:34.8254932Z	30.52	874.867
55.89	53.1	kafka-001	88.81	57.49	1049.142	201	30.52	2019-04-24T01:05:41.837924185Z	30.52	879.07
55.03	54.53	kafka-001	88.82	55.89	698.688	202	30.52	2019-04-24T01:05:48.851076588Z	30.52	882.175
55.18	54.77	kafka-001	88.83	55.03	1053.271	202	30.52	2019-04-24T01:05:55.864105487Z	30.52	882.236
53.87	55.09	kafka-001	88.84	55.18	697.254	202	30.52	2019-04-24T01:06:02.877651942Z	30.52	879.021
51.76	54.67	kafka-001	88.85	53.87	702.549	203	30.52	2019-04-24T01:06:09.890052134Z	30.52	878.684
53.54	54.87	kafka-001	88.87	51.76	1057.05	203	30.52	2019-04-24T01:06:16.901434602Z	30.52	880.678
52.84	54.21	kafka-001	88.88	53.54	703.594	204	30.52	2019-04-24T01:06:23.908590102Z	30.52	882.187
56.64	53.7	kafka-001	88.89	52.84	1067.186	204	30.52	2019-04-24T01:06:30.919481616Z	30.52	892.301
56.59	53.97	kafka-001	88.9	56.64	708.844	205	30.52	2019-04-24T01:06:37.930342181Z	30.52	892.526
50.37	54.21	kafka-001	88.91	56.59	707.88	205	30.52	2019-04-24T01:06:44.945368547Z	30.52	890.476
56.35	53.62	kafka-001	88.92	50.37	1079.342	206	30.52	2019-04-24T01:06:51.957742647Z	30.52	897.172
48.44	54.39	kafka-001	88.94	56.35	710.433	206	30.52	2019-04-24T01:06:58.967342145Z	30.52	894.382
57.7	53.54	kafka-001	88.95	48.44	1082.31	207	30.52	2019-04-24T01:07:05.975893601Z	30.52	904.967
55.48	54.35	kafka-001	88.07	57.7	720.835	207	30.52	2019-04-24T01:07:12.988842699Z	30.52	907.241
54.21	54.16	kafka-001	88.08	55.48	713.389	208	30.52	2019-04-24T01:07:19.999881894Z	30.52	904.595
59.19	53.76	kafka-001	88.09	54.21	1089.122	208	30.52	2019-04-24T01:07:27.013638698Z	30.52	909.17
44.9	55.23	kafka-001	88.1	59.19	719.662	208	30.52	2019-04-24T01:07:34.02370113Z	30.52	906.063
57.83	53.32	kafka-001	88.12	44.9	1086.939	209	30.52	2019-04-24T01:07:41.037715579Z	30.52	913.861
54.56	54.89	kafka-001	88.13	57.83	719.86	209	30.52	2019-04-24T01:07:48.04837399Z	30.52	902.136
56.76	54.36	kafka-001	88.15	54.56	727.558	210	30.52	2019-04-24T01:07:55.058962434Z	30.52	910.462
56.66	54.58	kafka-001	88.16	56.76	1091.953	210	30.52	2019-04-24T01:08:02.068980883Z	30.52	911.385
57.75	54.98	kafka-001	88.17	56.66	732.09	210	30.52	2019-04-24T01:08:09.083451313Z	30.52	918.362
55.2	54.74	kafka-001	88.18	57.75	1099.862	211	30.52	2019-04-24T01:08:16.096431703Z	30.52	915.733
49.69	56.46	kafka-001	88.2	55.2	723.174	211	30.52	2019-04-24T01:08:23.109198719Z	30.52	912.303
61.14	55.1	kafka-001	88.21	49.69	1105.319	211	30.52	2019-04-24T01:08:30.121508462Z	30.52	919.682
57.77	56.2	kafka-001	88.22	61.14	732.112	212	30.52	2019-04-24T01:08:37.132917545Z	30.52	921.899
57.39	56.37	kafka-001	88.23	57.77	729.791	212	30.52	2019-04-24T01:08:44.146079028Z	30.52	923.173
50.46	56.49	kafka-001	88.24	57.39	1100.034	212	30.52	2019-04-24T01:08:51.157028935Z	30.52	927.342
63.56	55.28	kafka-001	88.26	50.46	731.09	213	30.52	2019-04-24T01:08:58.170562626Z	30.52	910.393
56.84	56.67	kafka-001	88.27	63.56	1111.224	213	30.52	2019-04-24T01:09:05.183125053Z	30.52	924.49
57.7	57.86	kafka-001	88.28	56.84	737.874	213	30.52	2019-04-24T01:09:12.197157827Z	30.52	928.505
52.12	57.29	kafka-001	88.29	57.7	737.761	214	30.52	2019-04-24T01:09:19.210910741Z	30.52	930.899
58.88	56.35	kafka-001	88.31	52.12	1119.393	214	30.52	2019-04-24T01:09:26.225003327Z	30.52	937.292
49.96	56.59	kafka-001	88.32	58.88	741.438	215	30.52	2019-04-24T01:09:33.24047858Z	30.52	936.351
59.65	56.51	kafka-001	88.33	49.96	1128.15	215	30.52	2019-04-24T01:09:40.255281171Z	30.52	948.842
50.43	55.86	kafka-001	88.35	59.65	747.818	216	30.52	2019-04-24T01:09:47.267541803Z	30.52	939.623
58.26	54.79	kafka-001	88.36	50.43	746.272	217	30.52	2019-04-24T01:09:54.280046124Z	30.52	942.047
60.34	54.88	kafka-001	88.37	58.26	1132.833	217	30.52	2019-04-24T01:10:01.295866538Z	30.52	947.59
56.65	56.25	kafka-001	88.39	60.34	754.086	218	30.52	2019-04-24T01:10:08.307840134Z	30.52	948.73
51.67	55.88	kafka-001	88.4	56.65	1138.421	218	30.52	2019-04-24T01:10:15.320785418Z	30.52	958.165
57.68	56.17	kafka-001	88.41	51.67	750.998	219	30.52	2019-04-24T01:10:22.333027933Z	30.52	949.455
53.33	55.84	kafka-001	88.42	57.68	756.708	219	30.52	2019-04-24T01:10:29.34466519Z	30.52	954.059
59.2	56.32	kafka-001	88.44	53.33	1149.624	220	30.52	2019-04-24T01:10:36.356933138Z	30.52	958.28
56.16	56.48	kafka-001	88.45	59.2	758.168	220	30.52	2019-04-24T01:10:43.369977954Z	30.52	958.119
58.67	55.78	kafka-001	88.47	56.16	1146.999	221	30.52	2019-04-24T01:10:50.386000968Z	30.52	962.252
53.04	56.12	kafka-001	88.48	58.67	762.56	221	30.52	2019-04-24T01:10:57.402446218Z	30.52	963.163
58.11	56.35	kafka-001	88.49	53.04	764.966	222	30.52	2019-04-24T01:11:04.415699433Z	30.52	962.69
54.56	56.42	kafka-001	88.5	58.11	1159.02	222	30.52	2019-04-24T01:11:11.428925092Z	30.52	966.745
59.39	56.62	kafka-001	88.52	54.56	767.222	223	30.52	2019-04-24T01:11:18.442885492Z	30.52	960.249
58.2	56.66	kafka-001	88.53	59.39	1163.614	223	30.52	2019-04-24T01:11:25.45912274Z	30.52	970.246
60.37	57.0	kafka-001	88.54	58.2	773.345	224	30.52	2019-04-24T01:11:32.471985713Z	30.52	972.093
60.78	57.28	kafka-001	88.56	60.37	777.534	224	30.52	2019-04-24T01:11:39.486241488Z	30.52	979.265
60.68	58.57	kafka-001	88.57	60.78	1169.715	225	30.52	2019-04-24T01:11:46.500085279Z	30.52	981.94
61.27	59.0	kafka-001	88.58	60.68	772.531	225	30.52	2019-04-24T01:11:53.515021144Z	30.52	975.293
62.81	60.12	kafka-001	88.6	61.27	1172.048	226	30.52	2019-04-24T01:12:00.528180753Z	30.52	979.602
57.94	60.69	kafka-001	88.61	62.81	777.73	226	30.52	2019-04-24T01:12:07.539694923Z	30.52	973.938
60.59	60.64	kafka-001	88.62	57.94	774.64	226	30.52	2019-04-24T01:12:14.551333752Z	30.52	967.754
62.72	60.68	kafka-001	88.64	60.59	1178.368	227	30.52	2019-04-24T01:12:21.564862614Z	30.52	983.23
61.06	61.0	kafka-001	88.65	62.72	778.068	227	30.52	2019-04-24T01:12:28.580025572Z	30.52	971.665
57.69	61.07	kafka-001	88.66	61.06	1173.868	227	30.52	2019-04-24T01:12:35.594494344Z	30.52	975.734
61.11	60.47	kafka-001	88.68	57.69	783.027	228	30.52	2019-04-24T01:12:42.606012532Z	30.52	980.559
55.96	60.19	kafka-001	88.69	61.11	780.828	228	30.52	2019-04-24T01:12:49.620482299Z	30.52	981.379
59.85	59.86	kafka-001	88.7	55.96	1192.571	228	30.52	2019-04-24T01:12:56.633769611Z	30.52	989.818
54.64	59.73	kafka-001	88.72	59.85	787.19	229	30.52	2019-04-24T01:13:03.648553517Z	30.52	991.725
64.02	58.39	kafka-001	88.73	54.64	1182.048	229	30.52	2019-04-24T01:13:10.659613296Z	30.52	989.243
52.06	58.88	kafka-001	88.74	64.02	786.794	229	30.52	2019-04-24T01:13:17.671129896Z	30.52	996.152
62.55	57.94	kafka-001	88.76	52.06	791.957	229	30.52	2019-04-24T01:13:24.683907471Z	30.52	993.907
52.34	58.18	kafka-001	88.77	62.55	1192.929	230	30.52	2019-04-24T01:13:31.70102842Z	30.52	990.944
59.5	57.58	kafka-001	88.78	52.34	791.724	230	30.52	2019-04-24T01:13:38.711560323Z	30.52	986.362
61.64	57.52	kafka-001	88.8	59.5	1193.144	230	30.52	2019-04-24T01:13:45.721699071Z	30.52	994.391
61.18	58.69	kafka-001	88.81	61.64	789.876	231	30.52	2019-04-24T01:13:52.733575815Z	30.52	986.796
61.03	58.21	kafka-001	88.83	61.18	792.777	231	30.52	2019-04-24T01:13:59.744683155Z	30.52	993.09
60.17	59.71	kafka-001	88.84	61.03	1205.858	231	30.52	2019-04-24T01:14:06.75693765Z	30.52	1000.206
61.65	59.31	kafka-001	88.85	60.17	788.733	232	30.52	2019-04-24T01:14:13.768483139Z	30.52	985.439
64.91	60.86	kafka-001	88.87	61.65	1205.611	232	30.52	2019-04-24T01:14:20.780562175Z	30.52	997.102
63.3	61.76	kafka-001	88.88	64.91	797.464	232	30.52	2019-04-24T01:14:27.793299493Z	30.52	1003.307
62.35	62.04	kafka-001	88.9	63.3	792.992	233	30.52	2019-04-24T01:14:34.806335211Z	30.52	1001.035
60.81	62.24	kafka-001	88.91	62.35	1214.166	233	30.52	2019-04-24T01:14:41.818414153Z	30.52	1014.016
63.15	62.2	kafka-001	88.92	60.81	793.586	233	30.52	2019-04-24T01:14:48.830773902Z	30.52	1007.959
56.7	62.7	kafka-001	88.94	63.15	1218.245	234	30.52	2019-04-24T01:14:55.842433131Z	30.52	1017.784
58.84	61.87	kafka-001	88.05	56.7	808.917	234	30.52	2019-04-24T01:15:02.854803226Z	30.52	1012.481
56.93	60.86	kafka-001	88.07	58.84	806.874	235	30.52	2019-04-24T01:15:09.869541429Z	30.52	1017.197
59.97	59.8	kafka-001	88.08	56.93	1227.467	235	30.52	2019-04-24T01:15:16.884254345Z	30.52	1013.22
63.09	59.4	kafka-001	88.1	59.97	807.374	235	30.52	2019-04-24T01:15:23.897658516Z	30.52	1014.905
61.44	59.78	kafka-001	88.11	63.09	1229.444	236	30.52	2019-04-24T01:15:30.911063951Z	30.52	1026.39
60.69	59.5	kafka-001	88.13	61.44	801.518	236	30.52	2019-04-24T01:15:37.922031743Z	30.52	1020.527
63.32	60.16	kafka-001	88.14	60.69	812.132	236	30.52	2019-04-24T01:15:44.932730356Z	30.52	1023.277
60.01	60.91	kafka-001	88.15	63.32	1236.009	236	30.52	2019-04-24T01:15:51.946437047Z	30.52	1019.024
66.58	61.42	kafka-001	88.17	60.01	814.692	237	30.52	2019-04-24T01:15:58.960746627Z	30.52	1023.085
67.38	62.52	kafka-001	88.18	66.58	1228.397	237	30.52	2019-04-24T01:16:05.9732038Z	30.52	1021.992
60.81	63.24	kafka-001	88.2	67.38	807.47	237	30.52	2019-04-24T01:16:12.987523036Z	30.52	1020.145
61.78	63.13	kafka-001	88.21	60.81	816.196	237	30.52	2019-04-24T01:16:19.999888776Z	30.52	1027.448
64.3	63.31	kafka-001	88.22	61.78	1232.747	238	30.52	2019-04-24T01:16:27.01202823Z	30.52	1014.689
58.1	63.48	kafka-001	88.24	64.3	811.527	238	30.52	2019-04-24T01:16:34.032551364Z	30.52	1021.271
73.98	63.16	kafka-001	88.25	58.1	1227.049	238	30.52	2019-04-24T01:16:41.043479923Z	30.52	1025.658
64.67	64.39	kafka-001	88.27	73.98	821.246	238	30.52	2019-04-24T01:16:48.054672856Z	30.52	1029.25
56.85	63.94	kafka-001	88.28	64.67	1236.378	239	30.52	2019-04-24T01:16:55.066722146Z	30.52	1032.257
70.42	63.28	kafka-001	88.29	56.85	824.184	239	30.52	2019-04-24T01:17:02.079130184Z	30.52	1037.347
62.26	64.72	kafka-001	88.31	70.42	820.594	239	30.52	2019-04-24T01:17:09.095430631Z	30.52	1036.555
59.64	64.38	kafka-001	88.32	62.26	1249.487	239	30.52	2019-04-24T01:17:16.10766876Z	30.52	1044.222
60.5	64.64	kafka-001	88.34	59.64	818.694	240	30.52	2019-04-24T01:17:23.119054483Z	30.52	1034.691
56.26	62.39	kafka-001	88.35	60.5	1250.995	240	30.52	2019-04-24T01:17:30.135036587Z	30.52	1043.3
55.74	60.99	kafka-001	88.37	56.26	815.218	240	30.52	2019-04-24T01:17:37.150019019Z	30.52	1034.659
56.02	60.8	kafka-001	88.38	55.74	825.013	240	30.52	2019-04-24T01:17:44.15752495Z	30.52	1037.329
57.12	58.4	kafka-001	88.39	56.02	1257.537	241	30.52	2019-04-24T01:17:51.172565016Z	30.52	1051.144
64.34	57.55	kafka-001	88.41	57.12	829.054	241	30.52	2019-04-24T01:17:58.186426987Z	30.52	1044.845
63.79	58.33	kafka-001	88.42	64.34	1256.152	241	30.52	2019-04-24T01:18:05.199860169Z	30.52	1049.178
59.68	58.88	kafka-001	88.43	63.79	829.043	242	30.52	2019-04-24T01:18:12.208958332Z	30.52	1039.065
63.53	59.45	kafka-001	88.45	59.68	821.363	242	30.52	2019-04-24T01:18:19.221125861Z	30.52	1031.777
57.23	60.75	kafka-001	88.47	63.53	1258.84	242	30.52	2019-04-24T01:18:26.230514585Z	30.52	1046.584
63.91	60.95	kafka-001	88.48	57.23	830.363	242	30.52	2019-04-24T01:18:33.243600561Z	30.52	1050.323
63.24	62.08	kafka-001	88.49	63.91	1261.44	243	30.52	2019-04-24T01:18:40.260024588Z	30.52	1060.81
64.26	61.9	kafka-001	88.51	63.24	828.32	243	30.52	2019-04-24T01:18:47.271912031Z	30.52	1033.634
71.69	61.98	kafka-001	88.53	64.26	832.132	243	30.52	2019-04-24T01:18:54.28098335Z	30.52	1050.332
64.62	63.98	kafka-001	88.54	71.69	1269.284	243	30.52	2019-04-24T01:19:01.292594408Z	30.52	1058.054
57.88	64.16	kafka-001	88.55	64.62	838.726	244	30.52	2019-04-24T01:19:08.303469604Z	30.52	1054.138
64.49	64.27	kafka-001	88.57	57.88	1270.783	244	30.52	2019-04-24T01:19:15.322877286Z	30.52	1056.041
62.95	64.36	kafka-001	88.58	64.49	836.163	244	30.52	2019-04-24T01:19:22.338853124Z	30.52	1054.17
63.98	64.32	kafka-001	88.6	62.95	841.593	245	30.52	2019-04-24T01:19:29.36009981Z	30.52	1060.64
64.05	64.27	kafka-001	88.61	63.98	1276.034	245	30.52	2019-04-24T01:19:36.373818102Z	30.52	1061.996
64.68	63.0	kafka-001	88.63	64.05	847.182	246	30.52	2019-04-24T01:19:43.388766922Z	30.52	1063.925
67.22	63.01	kafka-001	88.64	64.68	1288.751	246	30.52	2019-04-24T01:19:50.402291388Z	30.52	1070.424
62.41	64.56	kafka-001	88.66	67.22	831.095	247	30.52	2019-04-24T01:19:57.415181697Z	30.52	1064.184
66.1	64.22	kafka-001	88.67	62.41	853.834	247	30.52	2019-04-24T01:20:04.426324885Z	30.52	1070.97
64.42	64.74	kafka-001	88.69	66.1	1292.014	248	30.52	2019-04-24T01:20:11.439194033Z	30.52	1082.73
58.11	64.81	kafka-001	88.7	64.42	853.129	248	30.52	2019-04-24T01:20:18.451130581Z	30.52	1066.815
69.04	63.82	kafka-001	88.71	58.11	1295.642	248	30.52	2019-04-24T01:20:25.464767366Z	30.52	1073.124
66.32	64.55	kafka-001	88.73	69.04	854.723	249	30.52	2019-04-24T01:20:32.480344922Z	30.52	1068.244
59.53	64.4	kafka-001	88.74	66.32	851.203	249	30.52	2019-04-24T01:20:39.495534839Z	30.52	1072.0
66.25	63.92	kafka-001	88.76	59.53	1303.728	250	30.52	2019-04-24T01:20:46.503872598Z	30.52	1083.743
65.97	63.95	kafka-001	88.77	66.25	863.273	250	30.52	2019-04-24T01:20:53.514521609Z	30.52	1081.8
78.18	64.2	kafka-001	88.79	65.97	1312.466	251	30.52	2019-04-24T01:21:00.528517277Z	30.52	1089.178
61.13	67.55	kafka-001	88.8	78.18	861.862	251	30.52	2019-04-24T01:21:07.539897521Z	30.52	1088.807
65.92	66.23	kafka-001	88.82	61.13	859.382	252	30.52	2019-04-24T01:21:14.550442719Z	30.52	1079.305
61.54	66.16	kafka-001	88.83	65.92	1312.997	252	30.52	2019-04-24T01:21:21.564236953Z	30.52	1094.14
64.77	66.5	kafka-001	88.84	61.54	867.334	253	30.52	2019-04-24T01:21:28.575041118Z	30.52	1083.015
67.11	66.25	kafka-001	88.86	64.77	1312.131	253	30.52	2019-04-24T01:21:35.599810238Z	30.52	1088.592
63.25	66.44	kafka-001	88.88	67.11	868.509	254	30.52	2019-04-24T01:21:42.611845659Z	30.52	1088.261
59.37	63.95	kafka-001	88.01	63.25	866.178	254	30.52	2019-04-24T01:21:49.626240326Z	30.52	1095.455
66.25	63.66	kafka-001	88.02	59.37	1327.28	255	30.52	2019-04-24T01:21:56.641572359Z	30.52	1103.302
59.95	63.72	kafka-001	88.04	66.25	866.132	255	30.52	2019-04-24T01:22:03.655174393Z	30.52	1098.303
72.66	63.45	kafka-001	88.05	59.95	1337.176	256	30.52	2019-04-24T01:22:10.66696761Z	30.52	1107.456
67.5	64.76	kafka-001	88.07	72.66	875.211	256	30.52	2019-04-24T01:22:17.68063252Z	30.52	1100.305
69.75	64.83	kafka-001	88.09	67.5	877.996	256	30.52	2019-04-24T01:22:24.693182603Z	30.52	1107.817
55.56	65.91	kafka-001	88.1	69.75	1339.456	257	30.52	2019-04-24T01:22:31.708421834Z	30.52	1117.864
66.89	65.28	kafka-001	88.12	55.56	879.063	257	30.52	2019-04-24T01:22:38.720329594Z	30.52	1098.063
60.54	65.39	kafka-001	88.13	66.89	1336.465	258	30.52	2019-04-24T01:22:45.73295201Z	30.52	1107.776
66.21	65.48	kafka-001	88.14	60.54	883.992	258	30.52	2019-04-24T01:22:52.744486155Z	30.52	1112.758
68.11	64.41	kafka-001	88.16	66.21	887.051	259	30.52	2019-04-24T01:22:59.758758479Z	30.52	1121.084
66.59	64.51	kafka-001	88.17	68.11	1337.063	259	30.52	2019-04-24T01:23:06.772071307Z	30.52	1125.198
72.97	63.98	kafka-001	88.19	66.59	890.961	259	30.52	2019-04-24T01:23:13.784479708Z	30.52	1121.439
71.48	66.89	kafka-001	88.21	72.97	1352.051	260	30.52	2019-04-24T01:23:20.795287154Z	30.52	1125.398
65.8	67.65	kafka-001	88.22	71.48	888.125	260	30.52	2019-04-24T01:23:27.808722071Z	30.52	1119.526
67.03	68.53	kafka-001	88.24	65.8	889.531	260	30.52	2019-04-24T01:23:34.819298663Z	30.52	1128.244
67.02	68.66	kafka-001	88.25	67.03	1342.268	261	30.52	2019-04-24T01:23:41.834270337Z	30.52	1124.794
65.5	68.48	kafka-001	88.27	67.02	889.309	261	30.52	2019-04-24T01:23:48.850336918Z	30.52	1125.993
74.44	68.3	kafka-001	88.28	65.5	1362.946	261	30.52	2019-04-24T01:23:55.863520184Z	30.52	1139.012
68.36	68.55	kafka-001	88.3	74.44	883.82	261	30.52	2019-04-24T01:24:02.879172281Z	30.52	1127.987
66.24	68.03	kafka-001	88.31	68.36	892.748	262	30.52	2019-04-24T01:24:09.891039899Z	30.52	1130.748
76.6	68.1	kafka-001	88.33	66.24	1362.639	262	30.52	2019-04-24T01:24:16.907381071Z	30.52	1139.517
71.8	69.69	kafka-001	88.35	76.6	898.705	262	30.52	2019-04-24T01:24:23.923379498Z	30.52	1141.507
76.54	70.49	kafka-001	88.36	71.8	1370.949	263	30.52	2019-04-24T01:24:30.935946314Z	30.52	1143.622
73.01	72.33	kafka-001	88.38	76.54	901.694	263	30.52	2019-04-24T01:24:37.947543479Z	30.52	1143.505
68.42	72.09	kafka-001	88.39	73.01	901.322	263	30.52	2019-04-24T01:24:44.959209632Z	30.52	1141.911
68.04	72.1	kafka-001	88.41	68.42	1367.195	264	30.52	2019-04-24T01:24:51.969541263Z	30.52	1137.173
68.68	72.4	kafka-001	88.42	68.04	902.467	264	30.52	2019-04-24T01:24:58.98396524Z	30.52	1138.38
61.13	71.08	kafka-001	88.44	68.68	1370.012	264	30.52	2019-04-24T01:25:05.996868624Z	30.52	1149.234
75.63	69.3	kafka-001	88.46	61.13	906.044	265	30.52	2019-04-24T01:25:13.008133376Z	30.52	1139.887
72.98	69.15	kafka-001	88.47	75.63	901.906	265	30.52	2019-04-24T01:25:20.023578888Z	30.52	1140.432
69.83	69.15	kafka-001	88.49	72.98	1366.738	265	30.52	2019-04-24T01:25:27.037297677Z	30.52	1143.795
61.83	69.38	kafka-001	88.5	69.83	908.756	265	30.52	2019-04-24T01:25:34.051566238Z	30.52	1149.829
69.77	68.35	kafka-001	88.52	61.83	1375.852	266	30.52	2019-04-24T01:25:41.066648854Z	30.52	1146.358
72.69	68.53	kafka-001	88.53	69.77	911.784	266	30.52	2019-04-24T01:25:48.080443715Z	30.52	1149.711
69.15	70.46	kafka-001	88.55	72.69	1382.158	266	30.52	2019-04-24T01:25:55.093316978Z	30.52	1151.717
65.42	69.38	kafka-001	88.56	69.15	901.516	267	30.52	2019-04-24T01:26:02.10788888Z	30.52	1139.42
62.53	68.12	kafka-001	88.58	65.42	916.06	267	30.52	2019-04-24T01:26:09.124085854Z	30.52	1147.74
68.28	66.9	kafka-001	88.6	62.53	1385.174	267	30.52	2019-04-24T01:26:16.134664733Z	30.52	1160.269
75.67	67.97	kafka-001	88.61	68.28	915.554	267	30.52	2019-04-24T01:26:23.149475074Z	30.52	1152.827
71.24	68.96	kafka-001	88.63	75.67	1391.79	268	30.52	2019-04-24T01:26:30.161574203Z	30.52	1160.656
74.97	68.72	kafka-001	88.64	71.24	912.03	268	30.52	2019-04-24T01:26:37.173258354Z	30.52	1153.055
71.98	69.69	kafka-001	88.66	74.97	917.453	268	30.52	2019-04-24T01:26:44.191004749Z	30.52	1158.137
72.36	70.78	kafka-001	88.68	71.98	1392.835	268	30.52	2019-04-24T01:26:51.201474153Z	30.52	1161.144
58.76	72.42	kafka-001	88.69	72.36	911.566	269	30.52	2019-04-24T01:26:58.216934195Z	30.52	1142.063
72.57	70.83	kafka-001	88.71	58.76	1387.325	269	30.52	2019-04-24T01:27:05.2340127Z	30.52	1159.3
64.5	70.31	kafka-001	88.72	72.57	925.434	269	30.52	2019-04-24T01:27:12.247197451Z	30.52	1162.621
68.86	69.19	kafka-001	88.74	64.5	918.204	270	30.52	2019-04-24T01:27:19.262144977Z	30.52	1142.413
64.24	68.17	kafka-001	88.76	68.86	1393.295	270	30.52	2019-04-24T01:27:26.277214574Z	30.52	1162.304
72.24	66.88	kafka-001	88.77	64.24	923.448	270	30.52	2019-04-24T01:27:33.296997953Z	30.52	1161.256
68.57	66.86	kafka-001	88.79	72.24	1400.368	270	30.52	2019-04-24T01:27:40.310318721Z	30.52	1163.125
71.99	68.5	kafka-001	88.8	68.57	921.884	271	30.52	2019-04-24T01:27:47.322294706Z	30.52	1164.057
60.06	68.4	kafka-001	88.82	71.99	923.928	271	30.52	2019-04-24T01:27:54.336297893Z	30.52	1160.763
69.99	67.66	kafka-001	88.84	60.06	1412.12	272	30.52	2019-04-24T01:28:01.350951825Z	30.52	1168.386
66.15	67.85	kafka-001	88.85	69.99	932.185	272	30.52	2019-04-24T01:28:08.364773653Z	30.52	1168.815
67.51	68.17	kafka-001	88.87	66.15	1420.687	272	30.52	2019-04-24T01:28:15.378608368Z	30.52	1178.228
67.18	67.38	kafka-001	87.99	67.51	939.906	273	30.52	2019-04-24T01:28:22.391925146Z	30.52	1181.264
80.98	67.15	kafka-001	88.01	67.18	938.151	273	30.52	2019-04-24T01:28:29.406203709Z	30.52	1172.4
64.58	68.65	kafka-001	88.02	80.98	1428.948	274	30.52	2019-04-24T01:28:36.419510139Z	30.52	1189.972
72.47	69.4	kafka-001	88.04	64.58	938.312	274	30.52	2019-04-24T01:28:43.432384762Z	30.52	1181.764
87.6	69.81	kafka-001	88.4	72.47	1462.425	274	30.52	2019-04-24T01:28:50.444065133Z	30.52	15364.316
76.83	73.39	kafka-001	88.82	87.6	997.257	275	30.52	2019-04-24T01:28:57.457976055Z	30.52	18103.774
87.89	74.94	kafka-001	88.48	76.83	997.867	275	30.52	2019-04-24T01:29:04.469108432Z	30.52	24226.317
90.99	78.39	kafka-001	88.36	87.89	1519.094	276	30.52	2019-04-24T01:29:11.482484901Z	30.52	33215.303
85.43	80.06	kafka-001	88.23	90.99	1035.378	276	30.52	2019-04-24T01:29:18.495172391Z	30.52	32803.055
101.07	83.54	kafka-001	88.43	85.43	1559.455	277	30.52	2019-04-24T01:29:25.508400147Z	30.52	46351.716
81.43	88.3	kafka-001	88.49	101.07	1070.092	277	30.52	2019-04-24T01:29:32.525784794Z	30.52	45255.601
79.42	87.27	kafka-001	88.82	81.43	1088.424	277	30.52	2019-04-24T01:29:39.541504808Z	30.52	52263.435
95.54	87.71	kafka-001	88.08	79.42	1595.143	278	30.52	2019-04-24T01:29:46.552326877Z	30.52	58639.716
119.99	88.98	kafka-001	88.52	95.54	1115.079	278	30.52	2019-04-24T01:29:53.564894896Z	30.52	60969.113
112.55	93.81	kafka-001	88.16	119.99	1635.481	279	30.52	2019-04-24T01:30:00.578421292Z	30.52	70360.327
91.37	98.33	kafka-001	88.73	112.55	1118.463	279	30.52	2019-04-24T01:30:07.594997244Z	30.52	62279.758
116.15	96.72	kafka-001	88.24	91.37	1166.019	279	30.52	2019-04-24T01:30:14.609249868Z	30.52	78239.057
102.4	102.5	kafka-001	88.17	116.15	1665.332	280	30.52	2019-04-24T01:30:21.622475317Z	30.52	82533.474
107.15	106.33	kafka-001	88.22	102.4	1176.312	280	30.52	2019-04-24T01:30:28.634698268Z	30.52	80657.466
99.84	108.27	kafka-001	88.21	107.15	1645.012	281	30.52	2019-04-24T01:30:35.644896532Z	30.52	75299.959
110.76	104.91	kafka-001	88.31	99.84	1183.826	281	30.52	2019-04-24T01:30:42.657650485Z	30.52	85128.322
115.55	104.61	kafka-001	88.31	110.76	1193.435	281	30.52	2019-04-24T01:30:49.669606538Z	30.52	85302.413
117.19	108.64	kafka-001	88.59	115.55	1678.368	282	30.52	2019-04-24T01:30:56.686570148Z	30.52	87336.004
116.38	108.82	kafka-001	88.83	117.19	1197.628	282	30.52	2019-04-24T01:31:03.699016007Z	30.52	85771.201
116.3	111.14	kafka-001	88.68	116.38	1677.871	283	30.52	2019-04-24T01:31:10.706785999Z	30.52	88144.095
101.94	112.67	kafka-001	88.18	116.3	1206.837	283	30.52	2019-04-24T01:31:17.718087615Z	30.52	93628.155
97.97	113.02	kafka-001	88.69	101.94	1217.559	283	30.52	2019-04-24T01:31:24.727374661Z	30.52	97312.586
121.48	110.89	kafka-001	88.4	97.97	1724.503	284	30.53	2019-04-24T01:31:31.752287748Z	30.53	101646.187
103.92	111.88	kafka-001	88.01	121.48	1227.432	284	30.53	2019-04-24T01:31:38.764158759Z	30.53	97683.509
120.07	109.66	kafka-001	88.64	103.92	1728.375	285	30.53	2019-04-24T01:31:45.778191022Z	30.53	102781.425
112.08	110.28	kafka-001	88.32	120.07	1236.701	285	30.53	2019-04-24T01:31:52.786403625Z	30.53	100474.203
115.18	109.58	kafka-001	88.03	112.08	1241.308	285	30.53	2019-04-24T01:31:59.798022047Z	30.53	101392.306
121.76	111.78	kafka-001	88.6	115.18	1720.749	286	30.53	2019-04-24T01:32:06.807837143Z	30.53	99845.169
113.16	115.75	kafka-001	88.29	121.76	1226.78	286	30.53	2019-04-24T01:32:13.824560022Z	30.53	101085.705
117.07	114.36	kafka-001	88.0	113.16	1723.77	286	30.53	2019-04-24T01:32:20.835916224Z	30.53	101683.756
119.0	116.55	kafka-001	88.66	117.07	1240.137	287	30.52	2019-04-24T01:32:27.851952821Z	30.52	103912.396
106.03	116.38	kafka-001	88.35	119.0	1224.806	287	30.52	2019-04-24T01:32:34.869265204Z	30.52	101716.658
118.47	115.37	kafka-001	88.1	106.03	1736.143	288	30.52	2019-04-24T01:32:41.883058605Z	30.52	102350.698
112.45	115.92	kafka-001	88.76	118.47	1238.651	288	30.52	2019-04-24T01:32:48.89219869Z	30.52	103849.246
120.45	114.36	kafka-001	88.25	112.45	1718.385	288	30.52	2019-04-24T01:32:55.905251836Z	30.52	101396.361
116.63	115.58	kafka-001	87.98	120.45	1242.425	289	30.52	2019-04-24T01:33:02.917902146Z	30.52	103289.727
118.4	115.51	kafka-001	88.54	116.63	1227.754	289	30.52	2019-04-24T01:33:09.931500091Z	30.52	98878.859
116.68	115.41	kafka-001	88.27	118.4	1732.666	290	30.52	2019-04-24T01:33:16.941911498Z	30.52	102830.047
115.08	117.18	kafka-001	88.0	116.68	1239.837	290	30.52	2019-04-24T01:33:23.952639636Z	30.52	102755.499
114.66	116.62	kafka-001	88.53	115.08	1724.354	290	30.52	2019-04-24T01:33:30.972055318Z	30.52	98099.993
117.39	116.98	kafka-001	88.26	114.66	1243.067	291	30.52	2019-04-24T01:33:37.987460662Z	30.52	102527.473
119.14	116.47	kafka-001	88.42	117.39	1241.504	291	30.52	2019-04-24T01:33:44.997096784Z	30.52	101744.77
107.76	116.89	kafka-001	88.11	119.14	1718.051	291	30.52	2019-04-24T01:33:52.009095623Z	30.52	101128.049
115.79	115.12	kafka-001	88.71	107.76	1237.794	292	30.52	2019-04-24T01:33:59.019284591Z	30.52	101220.607
115.84	114.97	kafka-001	88.39	115.79	1712.557	292	30.52	2019-04-24T01:34:06.033210018Z	30.52	100283.106
117.74	115.1	kafka-001	88.13	115.84	1240.238	293	30.52	2019-04-24T01:34:13.040077945Z	30.52	102943.797
113.83	115.61	kafka-001	88.73	117.74	1251.731	293	30.52	2019-04-24T01:34:20.051278319Z	30.52	101199.334
117.45	115.02	kafka-001	88.41	113.83	1717.125	293	30.52	2019-04-24T01:34:27.0610637Z	30.52	100597.977
106.3	114.74	kafka-001	88.14	117.45	1243.889	294	30.52	2019-04-24T01:34:34.071188701Z	30.52	102188.399
117.09	114.49	kafka-001	88.72	106.3	1712.673	294	30.52	2019-04-24T01:34:41.084491384Z	30.52	100243.229
118.22	114.71	kafka-001	88.23	117.09	1224.449	295	30.52	2019-04-24T01:34:48.096326907Z	30.52	92693.751
126.82	115.11	kafka-001	87.9	118.22	1730.384	295	30.52	2019-04-24T01:34:55.109103771Z	30.52	101916.421
112.25	116.62	kafka-001	88.53	126.82	1248.392	296	30.52	2019-04-24T01:35:02.120022859Z	30.52	103149.512
110.99	116.36	kafka-001	88.25	112.25	1247.373	296	30.52	2019-04-24T01:35:09.140248926Z	30.52	102845.366
125.13	115.28	kafka-001	88.79	110.99	1709.527	296	30.52	2019-04-24T01:35:16.155043872Z	30.52	98756.976
118.26	118.42	kafka-001	88.52	125.13	1242.519	297	30.52	2019-04-24T01:35:23.166843Z	30.52	102833.52
99.72	118.61	kafka-001	88.26	118.26	1731.656	297	30.52	2019-04-24T01:35:30.176524087Z	30.52	102933.523
118.16	115.53	kafka-001	88.71	99.72	1250.293	297	30.52	2019-04-24T01:35:37.192943509Z	30.52	94584.387
109.22	114.08	kafka-001	88.32	118.16	1203.77	298	30.52	2019-04-24T01:35:44.206013584Z	30.52	97642.732
114.73	113.58	kafka-001	88.0	109.22	1728.632	298	30.52	2019-04-24T01:35:51.217422647Z	30.52	100383.956
98.15	114.2	kafka-001	88.61	114.73	1240.687	299	30.52	2019-04-24T01:35:58.230647925Z	30.52	101604.555
122.26	109.71	kafka-001	88.29	98.15	1732.242	299	30.52	2019-04-24T01:36:05.242514212Z	30.52	100054.345
114.43	110.37	kafka-001	87.98	122.26	1241.615	299	30.53	2019-04-24T01:36:12.256418782Z	30.53	100867.308
121.71	112.82	kafka-001	88.43	114.43	1251.821	300	30.53	2019-04-24T01:36:19.27025035Z	30.53	103690.004
119.81	113.42	kafka-001	88.12	121.71	1734.189	300	30.53	2019-04-24T01:36:26.285955173Z	30.53	100923.912
121.68	115.18	kafka-001	88.73	119.81	1249.9	301	30.52	2019-04-24T01:36:33.299570143Z	30.52	101979.79
125.65	116.34	kafka-001	88.49	121.68	1735.357	301	30.52	2019-04-24T01:36:40.314425833Z	30.52	103493.737
119.73	120.92	kafka-001	88.13	125.65	1251.431	301	30.52	2019-04-24T01:36:47.326347467Z	30.52	103539.541
112.72	120.5	kafka-001	87.86	119.73	1241.355	301	30.52	2019-04-24T01:36:54.338770647Z	30.52	102249.05
119.69	120.22	kafka-001	88.53	112.72	1738.986	301	30.52	2019-04-24T01:37:01.351203366Z	30.52	103796.186
115.37	119.88	kafka-001	88.28	119.69	1240.617	301	30.52	2019-04-24T01:37:08.368327639Z	30.52	104540.113
109.07	119.14	kafka-001	88.0	115.37	1745.264	301	30.52	2019-04-24T01:37:15.382428569Z	30.52	100319.809
115.29	117.04	kafka-001	88.65	109.07	1249.076	301	30.52	2019-04-24T01:37:22.396257218Z	30.52	103217.899
120.15	115.31	kafka-001	88.37	115.29	1243.979	301	30.52	2019-04-24T01:37:29.407115053Z	30.52	102026.635
108.83	115.38	kafka-001	88.1	120.15	1736.657	301	30.52	2019-04-24T01:37:36.420855898Z	30.52	102754.672
115.88	114.73	kafka-001	88.72	108.83	1250.201	301	30.52	2019-04-24T01:37:43.43709448Z	30.52	101775.532
121.51	114.1	kafka-001	88.47	115.88	1740.183	301	30.52	2019-04-24T01:37:50.45280126Z	30.52	102984.922
117.41	115.12	kafka-001	88.21	121.51	1243.052	301	30.52	2019-04-24T01:37:57.466153465Z	30.52	103106.99
