sensor_count	memory_active_anon%	memory%	name	net_receive	timestamp	net_send	container_cpu%	host_moving_avg_cpu	memory_rss%	host_cpu
2	18.8	19.9	kafka-001	18666.655	2019-04-24T15:01:52.151501831Z	26737.911	3.77	nan	18.8	0
6	18.8	19.9	kafka-001	42.039	2019-04-24T15:01:59.165062737Z	39.075	7.86	nan	18.8	3.77
10	18.81	19.91	kafka-001	63.788	2019-04-24T15:02:06.179757504Z	72.428	9.66	nan	18.81	7.86
13	18.81	19.91	kafka-001	73.605	2019-04-24T15:02:13.203378773Z	66.411	9.65	nan	18.81	9.66
17	18.81	19.91	kafka-001	92.586	2019-04-24T15:02:20.216417217Z	110.399	19.14	nan	18.81	9.65
20	18.81	19.92	kafka-001	103.525	2019-04-24T15:02:27.231115319Z	93.466	12.84	8.35	18.81	19.14
22	18.88	20.0	kafka-001	114.641	2019-04-24T15:02:34.245040125Z	99.564	12.6	10.49	18.88	12.84
25	18.81	19.93	kafka-001	134.748	2019-04-24T15:02:41.25983679Z	161.45	16.52	11.96	18.81	12.6
28	18.81	19.92	kafka-001	139.015	2019-04-24T15:02:48.272916952Z	119.368	13.91	13.4	18.81	16.52
30	18.81	19.93	kafka-001	153.542	2019-04-24T15:02:55.288930858Z	184.137	22.0	14.11	18.81	13.91
32	18.81	19.93	kafka-001	159.487	2019-04-24T15:03:02.308792835Z	137.042	24.77	16.17	18.81	22.0
35	18.81	19.94	kafka-001	168.843	2019-04-24T15:03:09.324186645Z	143.466	15.44	17.11	18.81	24.77
37	18.81	19.94	kafka-001	179.39	2019-04-24T15:03:16.341164393Z	213.332	16.82	17.54	18.81	15.44
39	18.81	19.94	kafka-001	183.445	2019-04-24T15:03:23.355117475Z	153.783	18.07	18.24	18.81	16.82
41	18.84	19.97	kafka-001	190.952	2019-04-24T15:03:30.36478125Z	229.481	39.38	18.5	18.84	18.07
43	18.85	19.98	kafka-001	197.131	2019-04-24T15:03:37.377632174Z	159.826	22.99	22.75	18.85	39.38
46	18.85	19.98	kafka-001	209.559	2019-04-24T15:03:44.390216183Z	174.819	19.3	22.91	18.85	22.99
48	18.85	19.99	kafka-001	216.828	2019-04-24T15:03:51.403007417Z	262.244	17.67	22.0	18.85	19.3
50	18.95	20.08	kafka-001	216.631	2019-04-24T15:03:58.415782248Z	183.612	18.05	22.37	18.95	17.67
51	18.85	20.0	kafka-001	240.402	2019-04-24T15:04:05.428002874Z	291.346	20.48	22.58	18.85	18.05
53	18.99	20.14	kafka-001	240.559	2019-04-24T15:04:12.449958048Z	204.434	19.12	22.98	18.99	20.48
55	18.99	20.14	kafka-001	252.369	2019-04-24T15:04:19.464190338Z	211.872	20.05	19.6	18.99	19.12
57	18.99	20.14	kafka-001	266.728	2019-04-24T15:04:26.480259204Z	321.208	19.29	19.11	18.99	20.05
59	18.99	20.15	kafka-001	268.465	2019-04-24T15:04:33.496294538Z	220.94	19.51	19.11	18.99	19.29
60	18.99	20.15	kafka-001	279.146	2019-04-24T15:04:40.508626812Z	339.47	26.17	19.42	18.99	19.51
62	18.99	20.16	kafka-001	283.211	2019-04-24T15:04:47.523857704Z	234.444	21.19	20.77	18.99	26.17
64	18.99	20.16	kafka-001	289.559	2019-04-24T15:04:54.537701243Z	241.62	24.98	20.89	18.99	21.19
66	18.99	20.16	kafka-001	301.85	2019-04-24T15:05:01.554824086Z	363.814	25.46	21.87	18.99	24.98
67	18.99	20.17	kafka-001	304.243	2019-04-24T15:05:08.572123699Z	251.666	23.02	22.77	18.99	25.46
69	18.99	20.17	kafka-001	314.114	2019-04-24T15:05:15.590256758Z	385.821	22.76	23.39	18.99	23.02
70	18.99	20.18	kafka-001	315.193	2019-04-24T15:05:22.606949377Z	261.678	23.13	23.93	18.99	22.76
72	19.0	20.18	kafka-001	319.229	2019-04-24T15:05:29.616759633Z	263.764	21.78	23.42	19.0	23.13
73	19.0	20.19	kafka-001	336.286	2019-04-24T15:05:36.629469893Z	408.006	23.39	23.52	19.0	21.78
75	19.0	20.19	kafka-001	336.927	2019-04-24T15:05:43.645673566Z	277.137	25.03	23.26	19.0	23.39
76	19.0	20.19	kafka-001	345.536	2019-04-24T15:05:50.659939175Z	418.541	33.35	23.19	19.0	25.03
78	19.0	20.2	kafka-001	348.621	2019-04-24T15:05:57.67255266Z	283.763	21.3	24.91	19.0	33.35
79	19.0	20.2	kafka-001	357.313	2019-04-24T15:06:04.685268824Z	291.689	24.9	24.66	19.0	21.3
80	19.0	20.21	kafka-001	372.024	2019-04-24T15:06:11.697605827Z	444.344	28.64	24.96	19.0	24.9
82	19.0	20.22	kafka-001	368.962	2019-04-24T15:06:18.71287256Z	299.12	26.18	26.1	19.0	28.64
83	19.0	20.22	kafka-001	382.015	2019-04-24T15:06:25.727913811Z	454.872	30.04	26.57	19.0	26.18
84	19.0	20.22	kafka-001	382.119	2019-04-24T15:06:32.741160732Z	310.296	27.08	27.4	19.0	30.04
86	19.0	20.23	kafka-001	384.055	2019-04-24T15:06:39.750482657Z	312.172	24.01	26.36	19.0	27.08
87	19.0	20.24	kafka-001	396.022	2019-04-24T15:06:46.761916334Z	477.872	26.62	26.81	19.0	24.01
88	19.0	20.24	kafka-001	396.427	2019-04-24T15:06:53.776782135Z	324.756	28.05	27.1	19.0	26.62
90	19.0	20.25	kafka-001	406.43	2019-04-24T15:07:00.788786447Z	488.889	29.68	27.0	19.0	28.05
91	19.0	20.25	kafka-001	401.419	2019-04-24T15:07:07.801510802Z	330.966	26.89	27.58	19.0	29.68
92	19.0	20.26	kafka-001	408.129	2019-04-24T15:07:14.814728314Z	332.578	27.72	27.06	19.0	26.89
93	19.0	20.26	kafka-001	425.238	2019-04-24T15:07:21.828816845Z	511.928	27.48	27.16	19.0	27.72
95	19.0	20.27	kafka-001	421.76	2019-04-24T15:07:28.845459945Z	342.598	27.29	27.74	19.0	27.48
96	19.0	20.27	kafka-001	430.247	2019-04-24T15:07:35.861250929Z	520.35	30.7	27.85	19.0	27.29
97	19.0	20.28	kafka-001	429.057	2019-04-24T15:07:42.872079759Z	349.536	30.65	28.29	19.0	30.7
98	19.0	20.28	kafka-001	439.369	2019-04-24T15:07:49.885281245Z	355.092	31.18	28.46	19.0	30.65
99	19.0	20.29	kafka-001	443.552	2019-04-24T15:07:56.89789872Z	539.344	31.03	29.17	19.0	31.18
101	19.0	20.3	kafka-001	443.801	2019-04-24T15:08:03.913901821Z	363.637	51.18	29.72	19.0	31.03
102	19.0	20.3	kafka-001	457.253	2019-04-24T15:08:10.928279853Z	552.501	38.2	33.67	19.0	51.18
103	19.0	20.31	kafka-001	456.333	2019-04-24T15:08:17.942599202Z	367.124	30.18	35.49	19.0	38.2
104	19.0	20.32	kafka-001	459.084	2019-04-24T15:08:24.957183219Z	373.464	30.94	35.4	19.0	30.18
105	19.0	20.32	kafka-001	471.08	2019-04-24T15:08:31.969051498Z	568.584	27.59	35.45	19.0	30.94
107	19.1	20.43	kafka-001	468.067	2019-04-24T15:08:38.981231529Z	382.742	33.99	34.85	19.1	27.59
108	19.1	20.44	kafka-001	483.004	2019-04-24T15:08:45.997133139Z	578.486	36.42	35.35	19.1	33.99
109	19.1	20.44	kafka-001	482.899	2019-04-24T15:08:53.011028474Z	391.666	33.83	32.89	19.1	36.42
110	19.1	20.45	kafka-001	484.408	2019-04-24T15:09:00.022894336Z	395.426	34.71	32.16	19.1	33.83
111	19.1	20.46	kafka-001	493.687	2019-04-24T15:09:07.032969494Z	595.544	34.83	32.91	19.1	34.71
112	19.1	20.46	kafka-001	498.639	2019-04-24T15:09:14.041254364Z	402.428	28.57	33.56	19.1	34.83
113	19.1	20.47	kafka-001	511.126	2019-04-24T15:09:21.053292152Z	610.032	36.19	33.73	19.1	28.57
114	19.1	20.47	kafka-001	509.561	2019-04-24T15:09:28.064126082Z	411.028	32.99	34.09	19.1	36.19
116	19.1	20.48	kafka-001	516.792	2019-04-24T15:09:35.079801618Z	421.887	40.81	33.52	19.1	32.99
117	19.1	20.49	kafka-001	519.353	2019-04-24T15:09:42.093804386Z	619.866	64.83	34.68	19.1	40.81
118	19.1	20.5	kafka-001	519.613	2019-04-24T15:09:49.112136446Z	418.872	34.99	39.7	19.1	64.83
119	19.1	20.51	kafka-001	531.67	2019-04-24T15:09:56.120916661Z	632.577	37.03	39.73	19.1	34.99
120	19.1	20.51	kafka-001	528.424	2019-04-24T15:10:03.132610422Z	421.425	36.42	41.14	19.1	37.03
121	19.1	20.52	kafka-001	539.085	2019-04-24T15:10:10.146365057Z	639.733	35.54	41.18	19.1	36.42
122	19.1	20.53	kafka-001	539.701	2019-04-24T15:10:17.161617986Z	429.723	38.8	41.6	19.1	35.54
123	19.1	20.54	kafka-001	541.281	2019-04-24T15:10:24.17045299Z	434.783	30.76	41.27	19.1	38.8
124	19.1	20.54	kafka-001	554.462	2019-04-24T15:10:31.181096428Z	667.388	39.26	35.59	19.1	30.76
125	19.1	20.55	kafka-001	553.113	2019-04-24T15:10:38.194661141Z	442.595	38.18	36.3	19.1	39.26
126	19.1	20.56	kafka-001	564.91	2019-04-24T15:10:45.208663561Z	675.842	42.53	36.49	19.1	38.18
127	19.1	20.56	kafka-001	562.216	2019-04-24T15:10:52.220811479Z	450.484	38.72	37.51	19.1	42.53
128	19.26	20.72	kafka-001	561.758	2019-04-24T15:10:59.23416164Z	458.829	38.98	38.04	19.26	38.72
129	19.26	20.73	kafka-001	575.18	2019-04-24T15:11:06.246206465Z	683.42	37.31	38.07	19.26	38.98
130	19.26	20.74	kafka-001	572.771	2019-04-24T15:11:13.257589647Z	459.248	39.66	39.16	19.26	37.31
131	19.26	20.75	kafka-001	580.238	2019-04-24T15:11:20.27072402Z	693.321	44.57	39.23	19.26	39.66
132	19.26	20.76	kafka-001	582.873	2019-04-24T15:11:27.284694909Z	470.586	34.82	40.3	19.26	44.57
133	19.26	20.76	kafka-001	581.002	2019-04-24T15:11:34.294154441Z	463.764	39.25	39.01	19.26	34.82
134	19.26	20.77	kafka-001	587.357	2019-04-24T15:11:41.305287307Z	705.015	40.16	39.1	19.26	39.25
135	19.26	20.78	kafka-001	590.254	2019-04-24T15:11:48.313297202Z	474.073	39.5	39.3	19.26	40.16
136	19.26	20.79	kafka-001	593.675	2019-04-24T15:11:55.327893963Z	716.42	40.33	39.66	19.26	39.5
137	19.26	20.8	kafka-001	594.923	2019-04-24T15:12:02.336328555Z	475.448	39.76	39.77	19.26	40.33
138	19.26	20.8	kafka-001	606.533	2019-04-24T15:12:09.34883208Z	481.816	40.99	38.97	19.26	39.76
139	19.26	20.81	kafka-001	612.561	2019-04-24T15:12:16.362801683Z	727.166	41.45	40.0	19.26	40.99
139	19.26	20.82	kafka-001	608.36	2019-04-24T15:12:23.37515943Z	485.198	38.71	40.37	19.26	41.45
140	19.26	20.83	kafka-001	619.218	2019-04-24T15:12:30.390497185Z	734.062	57.34	40.12	19.26	38.71
141	19.26	20.84	kafka-001	621.141	2019-04-24T15:12:37.402285133Z	496.968	36.83	43.1	19.26	57.34
142	19.26	20.85	kafka-001	623.269	2019-04-24T15:12:44.409866784Z	494.518	42.75	42.51	19.26	36.83
143	19.26	20.86	kafka-001	626.642	2019-04-24T15:12:51.421330205Z	745.638	39.74	43.01	19.26	42.75
144	19.26	20.86	kafka-001	624.926	2019-04-24T15:12:58.434330421Z	501.27	42.01	42.8	19.26	39.74
145	19.26	20.87	kafka-001	632.649	2019-04-24T15:13:05.448907229Z	759.006	39.73	42.9	19.26	42.01
146	19.26	20.88	kafka-001	638.079	2019-04-24T15:13:12.460081415Z	510.148	45.12	43.07	19.26	39.73
147	19.26	20.89	kafka-001	643.343	2019-04-24T15:13:19.471310033Z	511.326	44.09	41.03	19.26	45.12
148	19.26	20.9	kafka-001	643.848	2019-04-24T15:13:26.486586327Z	772.495	46.17	42.24	19.26	44.09
149	19.26	20.91	kafka-001	653.509	2019-04-24T15:13:33.501826205Z	517.424	38.78	42.81	19.26	46.17
150	19.26	20.92	kafka-001	658.36	2019-04-24T15:13:40.514282003Z	783.87	47.45	42.65	19.26	38.78
151	19.26	20.92	kafka-001	659.545	2019-04-24T15:13:47.528962788Z	524.509	44.09	43.56	19.26	47.45
152	19.26	20.93	kafka-001	663.815	2019-04-24T15:13:54.542480219Z	525.326	42.16	44.28	19.26	44.09
152	19.26	20.94	kafka-001	667.316	2019-04-24T15:14:01.556260417Z	795.103	38.01	43.79	19.26	42.16
153	19.26	20.95	kafka-001	660.863	2019-04-24T15:14:08.572122447Z	533.951	44.68	42.78	19.26	38.01
154	19.26	20.96	kafka-001	675.788	2019-04-24T15:14:15.584204619Z	804.706	41.64	42.53	19.26	44.68
155	19.26	20.97	kafka-001	679.491	2019-04-24T15:14:22.595287433Z	542.879	46.73	43.01	19.26	41.64
156	19.26	20.98	kafka-001	683.339	2019-04-24T15:14:29.606899652Z	539.946	43.42	42.89	19.26	46.73
157	19.26	20.99	kafka-001	680.934	2019-04-24T15:14:36.62044739Z	819.388	46.98	42.77	19.26	43.42
158	19.26	21.0	kafka-001	691.347	2019-04-24T15:14:43.632918036Z	545.07	40.84	43.58	19.26	46.98
158	19.26	21.01	kafka-001	697.592	2019-04-24T15:14:50.647617649Z	830.841	50.63	44.05	19.26	40.84
159	19.26	21.02	kafka-001	695.497	2019-04-24T15:14:57.665891292Z	552.561	42.31	45.04	19.26	50.63
160	19.26	21.03	kafka-001	691.493	2019-04-24T15:15:04.679599944Z	552.062	48.14	45.15	19.26	42.31
161	19.26	21.04	kafka-001	703.693	2019-04-24T15:15:11.694584087Z	843.482	42.94	45.39	19.26	48.14
162	19.26	21.05	kafka-001	698.929	2019-04-24T15:15:18.706820159Z	555.456	46.86	45.31	19.26	42.94
162	19.26	21.05	kafka-001	703.837	2019-04-24T15:15:25.717211179Z	845.221	45.79	45.29	19.26	46.86
163	19.26	21.06	kafka-001	711.543	2019-04-24T15:15:32.731728393Z	562.594	48.13	46.11	19.26	45.79
164	19.26	21.08	kafka-001	715.227	2019-04-24T15:15:39.7450023Z	570.676	47.94	45.7	19.26	48.13
165	19.26	21.09	kafka-001	726.24	2019-04-24T15:15:46.758284544Z	876.02	49.84	46.63	19.26	47.94
166	19.26	21.1	kafka-001	726.033	2019-04-24T15:15:53.77181Z	580.415	45.6	46.92	19.26	49.84
167	19.26	21.1	kafka-001	736.262	2019-04-24T15:16:00.783545293Z	879.627	43.88	47.36	19.26	45.6
167	19.26	21.12	kafka-001	734.227	2019-04-24T15:16:07.79867054Z	585.87	44.7	46.86	19.26	43.88
168	19.26	21.13	kafka-001	738.859	2019-04-24T15:16:14.81630209Z	590.466	49.91	46.68	19.26	44.7
169	19.26	21.13	kafka-001	746.03	2019-04-24T15:16:21.831708463Z	895.596	48.14	46.98	19.26	49.91
170	19.26	21.15	kafka-001	745.751	2019-04-24T15:16:28.847364159Z	591.494	50.48	47.01	19.26	48.14
171	19.26	21.16	kafka-001	755.65	2019-04-24T15:16:35.867220433Z	894.547	56.94	47.12	19.26	50.48
172	19.26	21.17	kafka-001	748.465	2019-04-24T15:16:42.88055555Z	599.7	49.84	49.01	19.26	56.94
172	19.26	21.18	kafka-001	754.945	2019-04-24T15:16:49.892468625Z	602.684	45.81	50.0	19.26	49.84
173	19.26	21.19	kafka-001	759.276	2019-04-24T15:16:56.904733135Z	909.534	49.75	50.19	19.26	45.81
174	19.26	21.2	kafka-001	760.311	2019-04-24T15:17:03.917419591Z	605.094	48.52	50.16	19.26	49.75
175	19.26	21.21	kafka-001	767.55	2019-04-24T15:17:10.931152326Z	918.59	52.21	50.22	19.26	48.52
176	19.26	21.22	kafka-001	760.839	2019-04-24T15:17:17.947266026Z	609.063	51.03	50.51	19.26	52.21
176	19.26	21.23	kafka-001	774.297	2019-04-24T15:17:24.960794256Z	617.28	52.52	49.53	19.26	51.03
177	19.26	21.24	kafka-001	777.922	2019-04-24T15:17:31.974831631Z	922.523	52.63	49.97	19.26	52.52
178	19.26	21.25	kafka-001	776.751	2019-04-24T15:17:38.986186484Z	616.803	52.06	51.11	19.26	52.63
179	19.26	21.26	kafka-001	783.649	2019-04-24T15:17:46.000668931Z	936.535	53.42	51.5	19.26	52.06
180	19.26	21.28	kafka-001	783.584	2019-04-24T15:17:53.014352294Z	621.344	58.77	52.31	19.26	53.42
180	19.26	21.28	kafka-001	792.096	2019-04-24T15:18:00.025971576Z	627.556	45.44	53.41	19.26	58.77
181	19.3	21.34	kafka-001	793.565	2019-04-24T15:18:07.036353423Z	952.89	52.04	52.47	19.3	45.44
182	19.3	21.35	kafka-001	790.819	2019-04-24T15:18:14.050792795Z	626.398	54.98	52.39	19.3	52.04
183	19.3	21.36	kafka-001	795.582	2019-04-24T15:18:21.073219254Z	951.01	52.38	52.79	19.3	54.98
183	19.3	21.37	kafka-001	800.434	2019-04-24T15:18:28.089427561Z	634.198	54.94	52.84	19.3	52.38
184	19.3	21.38	kafka-001	802.441	2019-04-24T15:18:35.101496067Z	963.33	55.08	53.09	19.3	54.94
185	19.31	21.39	kafka-001	808.207	2019-04-24T15:18:42.116606593Z	643.726	46.18	52.48	19.31	55.08
186	19.3	21.4	kafka-001	813.513	2019-04-24T15:18:49.128940074Z	645.223	54.81	52.6	19.3	46.18
187	19.3	21.41	kafka-001	819.828	2019-04-24T15:18:56.14349476Z	985.562	52.25	53.06	19.3	54.81
187	19.3	21.43	kafka-001	815.239	2019-04-24T15:19:03.157140199Z	647.178	54.75	52.61	19.3	52.25
188	19.3	21.43	kafka-001	823.03	2019-04-24T15:19:10.168717572Z	988.408	56.75	53.0	19.3	54.75
189	19.3	21.45	kafka-001	817.651	2019-04-24T15:19:17.181117978Z	655.954	52.34	53.3	19.3	56.75
190	19.3	21.46	kafka-001	826.087	2019-04-24T15:19:24.194160944Z	652.56	53.29	52.85	19.3	52.34
190	19.3	21.47	kafka-001	830.206	2019-04-24T15:19:31.205743757Z	1000.73	55.46	54.03	19.3	53.29
191	19.3	21.48	kafka-001	835.151	2019-04-24T15:19:38.217908317Z	665.886	49.8	54.14	19.3	55.46
192	19.3	21.49	kafka-001	837.362	2019-04-24T15:19:45.230199066Z	1006.614	60.39	53.73	19.3	49.8
193	19.3	21.5	kafka-001	842.645	2019-04-24T15:19:52.242772872Z	672.246	53.61	54.67	19.3	60.39
193	19.3	21.51	kafka-001	840.03	2019-04-24T15:19:59.254224825Z	663.308	55.65	54.15	19.3	53.61
194	19.3	21.52	kafka-001	849.467	2019-04-24T15:20:06.266299059Z	1012.195	54.12	54.7	19.3	55.65
195	19.3	21.54	kafka-001	846.455	2019-04-24T15:20:13.283362745Z	679.622	53.44	54.84	19.3	54.12
196	19.3	21.55	kafka-001	853.26	2019-04-24T15:20:20.303271921Z	1022.312	61.64	54.5	19.3	53.44
196	19.3	21.56	kafka-001	855.252	2019-04-24T15:20:27.315011438Z	676.854	57.07	56.48	19.3	61.64
197	19.3	21.57	kafka-001	856.798	2019-04-24T15:20:34.327921654Z	684.584	51.2	55.92	19.3	57.07
198	19.3	21.58	kafka-001	859.633	2019-04-24T15:20:41.342158578Z	1036.206	57.74	55.52	19.3	51.2
199	19.3	21.6	kafka-001	861.083	2019-04-24T15:20:48.354610898Z	690.11	60.61	55.87	19.3	57.74
199	19.3	21.61	kafka-001	868.475	2019-04-24T15:20:55.36584806Z	1047.408	61.77	56.95	19.3	60.61
200	19.3	21.62	kafka-001	868.791	2019-04-24T15:21:02.378035047Z	695.464	53.37	58.34	19.3	61.77
201	19.31	21.63	kafka-001	870.393	2019-04-24T15:21:09.392486278Z	698.695	61.11	56.96	19.31	53.37
202	19.31	21.64	kafka-001	883.008	2019-04-24T15:21:16.404999548Z	1053.798	55.5	57.63	19.31	61.11
202	19.31	21.66	kafka-001	880.819	2019-04-24T15:21:23.418579364Z	696.345	58.97	58.35	19.31	55.5
203	19.31	21.67	kafka-001	888.778	2019-04-24T15:21:30.437575365Z	1066.229	62.28	58.56	19.31	58.97
204	19.31	21.68	kafka-001	886.409	2019-04-24T15:21:37.451176759Z	706.97	66.72	58.83	19.31	62.28
205	19.31	21.69	kafka-001	895.051	2019-04-24T15:21:44.468240838Z	712.226	55.31	59.66	19.31	66.72
205	19.31	21.71	kafka-001	892.238	2019-04-24T15:21:51.480362825Z	1065.023	56.46	59.98	19.31	55.31
206	19.31	21.72	kafka-001	888.037	2019-04-24T15:21:58.498044886Z	709.987	56.1	59.21	19.31	56.46
207	19.31	21.73	kafka-001	905.638	2019-04-24T15:22:05.51004886Z	1082.364	62.25	59.31	19.31	56.1
208	19.31	21.74	kafka-001	904.723	2019-04-24T15:22:12.520897609Z	721.971	55.59	59.85	19.31	62.25
208	19.31	21.76	kafka-001	904.675	2019-04-24T15:22:19.533094754Z	710.734	59.34	58.74	19.31	55.59
209	19.31	21.77	kafka-001	916.906	2019-04-24T15:22:26.544891123Z	1094.49	61.35	57.51	19.31	59.34
210	19.31	21.78	kafka-001	911.527	2019-04-24T15:22:33.55756023Z	728.196	58.85	58.52	19.31	61.35
211	19.31	21.79	kafka-001	917.579	2019-04-24T15:22:40.566363017Z	1103.436	64.72	58.91	19.31	58.85
211	19.31	21.81	kafka-001	917.278	2019-04-24T15:22:47.578976211Z	725.652	61.1	60.35	19.31	64.72
212	19.31	21.82	kafka-001	922.009	2019-04-24T15:22:54.589590086Z	734.562	56.8	60.16	19.31	61.1
213	19.31	21.83	kafka-001	932.983	2019-04-24T15:23:01.602718113Z	1115.704	60.54	60.36	19.31	56.8
213	19.31	21.85	kafka-001	928.692	2019-04-24T15:23:08.612810671Z	740.362	61.46	60.56	19.31	60.54
214	19.31	21.86	kafka-001	928.776	2019-04-24T15:23:15.632696124Z	1124.236	61.37	60.58	19.31	61.46
215	19.31	21.87	kafka-001	933.443	2019-04-24T15:23:22.648924463Z	745.291	57.6	61.0	19.31	61.37
216	19.31	21.88	kafka-001	936.991	2019-04-24T15:23:29.663060325Z	741.652	62.67	59.81	19.31	57.6
216	19.31	21.89	kafka-001	938.552	2019-04-24T15:23:36.673761098Z	1125.809	58.8	60.07	19.31	62.67
217	19.31	21.91	kafka-001	938.991	2019-04-24T15:23:43.686812075Z	749.417	55.53	60.41	19.31	58.8
218	19.31	21.92	kafka-001	952.042	2019-04-24T15:23:50.696376212Z	1143.135	66.44	59.57	19.31	55.53
218	19.31	21.94	kafka-001	938.097	2019-04-24T15:23:57.709531104Z	745.542	62.0	60.4	19.31	66.44
219	19.31	21.95	kafka-001	946.053	2019-04-24T15:24:04.718516422Z	753.522	56.53	60.51	19.31	62.0
220	19.31	21.96	kafka-001	950.596	2019-04-24T15:24:11.731991416Z	1145.829	73.12	60.33	19.31	56.53
221	19.31	21.97	kafka-001	956.311	2019-04-24T15:24:18.74379864Z	761.936	63.38	62.07	19.31	73.12
221	19.31	21.99	kafka-001	961.98	2019-04-24T15:24:25.759806624Z	1161.897	62.01	62.83	19.31	63.38
222	19.31	22.0	kafka-001	958.49	2019-04-24T15:24:32.770866827Z	767.143	61.29	63.91	19.31	62.01
223	19.31	22.02	kafka-001	955.56	2019-04-24T15:24:39.791058436Z	764.906	63.18	63.06	19.31	61.29
223	19.31	22.03	kafka-001	969.992	2019-04-24T15:24:46.801837469Z	1159.094	65.38	63.25	19.31	63.18
224	19.31	22.04	kafka-001	967.143	2019-04-24T15:24:53.816211972Z	766.602	65.38	64.73	19.31	65.38
225	19.31	22.05	kafka-001	981.91	2019-04-24T15:25:00.831343046Z	1170.491	68.29	63.44	19.31	65.38
225	19.31	22.07	kafka-001	972.177	2019-04-24T15:25:07.843155768Z	769.444	62.18	64.26	19.31	68.29
226	19.31	22.08	kafka-001	980.045	2019-04-24T15:25:14.851317622Z	782.344	63.57	64.28	19.31	62.18
227	19.31	22.1	kafka-001	989.096	2019-04-24T15:25:21.86528413Z	1180.34	58.44	64.66	19.31	63.57
227	19.31	22.11	kafka-001	987.109	2019-04-24T15:25:28.880623653Z	786.079	65.91	63.87	19.31	58.44
228	19.31	22.13	kafka-001	996.666	2019-04-24T15:25:35.895320799Z	1194.881	61.1	63.96	19.31	65.91
228	19.31	22.14	kafka-001	995.669	2019-04-24T15:25:42.907728086Z	790.554	72.51	63.25	19.31	61.1
229	19.31	22.15	kafka-001	988.247	2019-04-24T15:25:49.921946656Z	783.086	64.3	63.95	19.31	72.51
230	19.31	22.17	kafka-001	997.647	2019-04-24T15:25:56.938216169Z	1201.524	60.56	64.31	19.31	64.3
231	19.31	22.18	kafka-001	1000.828	2019-04-24T15:26:03.956231118Z	792.034	53.3	63.8	19.31	60.56
231	19.31	22.19	kafka-001	1006.528	2019-04-24T15:26:10.96953518Z	1212.008	69.72	62.95	19.31	53.3
232	19.31	22.21	kafka-001	999.888	2019-04-24T15:26:17.986153153Z	793.83	61.92	63.58	19.31	69.72
233	19.31	22.22	kafka-001	996.853	2019-04-24T15:26:24.995541296Z	800.122	68.87	63.72	19.31	61.92
233	19.31	22.24	kafka-001	1011.561	2019-04-24T15:26:32.01205127Z	1214.632	56.15	63.11	19.31	68.87
234	19.31	22.25	kafka-001	1011.263	2019-04-24T15:26:39.027736572Z	807.684	67.17	61.75	19.31	56.15
235	19.31	22.26	kafka-001	1024.918	2019-04-24T15:26:46.037741483Z	1225.876	49.08	62.86	19.31	67.17
235	19.31	22.28	kafka-001	1016.377	2019-04-24T15:26:53.05037528Z	815.27	66.52	62.15	19.31	49.08
236	19.31	22.29	kafka-001	1020.142	2019-04-24T15:27:00.06699282Z	943.998	67.51	61.62	19.31	66.52
237	19.31	22.31	kafka-001	1019.433	2019-04-24T15:27:07.079895218Z	1096.494	68.04	62.55	19.31	67.51
237	19.31	22.32	kafka-001	1008.825	2019-04-24T15:27:14.093030201Z	805.042	62.82	62.41	19.31	68.04
238	19.31	22.33	kafka-001	1026.537	2019-04-24T15:27:21.110615594Z	1235.426	67.21	63.52	19.31	62.82
238	19.31	22.35	kafka-001	1026.498	2019-04-24T15:27:28.121193268Z	817.794	55.67	63.53	19.31	67.21
239	19.31	22.36	kafka-001	1023.562	2019-04-24T15:27:35.136014535Z	1236.309	71.84	64.63	19.31	55.67
240	19.31	22.38	kafka-001	1029.696	2019-04-24T15:27:42.15131864Z	820.754	58.53	65.52	19.31	71.84
240	19.31	22.39	kafka-001	1035.674	2019-04-24T15:27:49.164298057Z	823.406	69.03	64.02	19.31	58.53
241	19.31	22.4	kafka-001	1036.784	2019-04-24T15:27:56.1777773Z	1244.253	63.14	64.18	19.31	69.03
242	19.31	22.42	kafka-001	1037.279	2019-04-24T15:28:03.188959599Z	828.004	67.48	64.24	19.31	63.14
242	19.31	22.43	kafka-001	1037.807	2019-04-24T15:28:10.200811689Z	1248.908	65.18	64.28	19.31	67.48
243	19.31	22.45	kafka-001	1038.818	2019-04-24T15:28:17.214941585Z	830.409	67.75	65.87	19.31	65.18
244	19.31	22.46	kafka-001	1044.451	2019-04-24T15:28:24.228170767Z	831.115	58.82	65.19	19.31	67.75
244	19.31	22.47	kafka-001	1053.474	2019-04-24T15:28:31.24025368Z	1262.396	77.7	65.23	19.31	58.82
245	19.31	22.49	kafka-001	1047.347	2019-04-24T15:28:38.253748631Z	833.452	64.51	66.68	19.31	77.7
246	19.31	22.51	kafka-001	1046.132	2019-04-24T15:28:45.273818329Z	1268.242	60.21	66.91	19.31	64.51
246	19.31	22.52	kafka-001	1052.255	2019-04-24T15:28:52.288318585Z	837.978	71.43	65.7	19.31	60.21
247	19.46	22.74	kafka-001	1054.5	2019-04-24T15:28:59.301543041Z	845.136	71.04	66.74	19.51	71.43
247	19.51	22.75	kafka-001	1062.991	2019-04-24T15:29:06.312806224Z	1288.558	58.34	67.29	19.51	71.04
248	19.51	22.76	kafka-001	1061.645	2019-04-24T15:29:13.327013001Z	837.102	70.29	67.21	19.51	58.34
249	19.51	22.78	kafka-001	1073.426	2019-04-24T15:29:20.341662011Z	1286.588	60.81	65.97	19.51	70.29
249	19.51	22.8	kafka-001	1072.205	2019-04-24T15:29:27.358942039Z	852.454	70.78	65.35	19.51	60.81
250	19.51	22.81	kafka-001	1075.733	2019-04-24T15:29:34.371162664Z	850.886	70.08	67.12	19.51	70.78
251	19.52	22.93	kafka-001	1077.151	2019-04-24T15:29:41.385181293Z	1289.419	69.57	66.89	19.62	70.08
251	19.92	23.24	kafka-001	1077.56	2019-04-24T15:29:48.394943372Z	858.508	69.2	66.65	19.92	69.57
252	19.92	23.26	kafka-001	1069.797	2019-04-24T15:29:55.409679641Z	1295.968	67.98	68.46	19.92	69.2
252	19.92	23.28	kafka-001	1074.08	2019-04-24T15:30:02.424923848Z	861.066	68.02	68.07	19.92	67.98
253	19.92	23.29	kafka-001	1083.445	2019-04-24T15:30:09.445582415Z	867.154	70.47	69.27	19.92	68.02
254	19.92	23.31	kafka-001	1083.64	2019-04-24T15:30:16.457824747Z	1306.446	72.3	69.22	19.92	70.47
254	19.92	23.32	kafka-001	1088.973	2019-04-24T15:30:23.471411455Z	874.02	75.38	69.59	19.92	72.3
255	19.92	23.34	kafka-001	1108.594	2019-04-24T15:30:30.484646991Z	1335.934	64.04	70.56	19.92	75.38
255	19.92	23.35	kafka-001	1086.077	2019-04-24T15:30:37.495813722Z	873.186	73.04	69.7	19.92	64.04
256	19.92	23.37	kafka-001	1106.851	2019-04-24T15:30:44.512415229Z	880.859	62.9	70.54	19.92	73.04
257	19.92	23.38	kafka-001	1110.636	2019-04-24T15:30:51.52592929Z	1331.45	64.95	69.69	19.92	62.9
257	19.92	23.4	kafka-001	1105.629	2019-04-24T15:30:58.540056304Z	882.692	67.75	68.77	19.92	64.95
258	19.92	23.42	kafka-001	1120.114	2019-04-24T15:31:05.55373506Z	1340.157	76.34	68.01	19.92	67.75
258	19.92	23.43	kafka-001	1121.259	2019-04-24T15:31:12.566036907Z	888.668	67.73	68.17	19.92	76.34
259	19.92	23.44	kafka-001	1116.691	2019-04-24T15:31:19.580353062Z	887.85	72.86	68.79	19.92	67.73
259	19.92	23.46	kafka-001	1114.636	2019-04-24T15:31:26.597421159Z	1346.467	69.49	68.76	19.92	72.86
260	19.92	23.48	kafka-001	1121.155	2019-04-24T15:31:33.615953618Z	892.5	74.74	69.85	19.92	69.49
261	19.92	23.49	kafka-001	1137.006	2019-04-24T15:31:40.631266159Z	1362.625	75.71	71.49	19.92	74.74
261	19.92	23.51	kafka-001	1132.271	2019-04-24T15:31:47.642645436Z	899.938	73.82	72.81	19.92	75.71
262	19.92	23.52	kafka-001	1137.377	2019-04-24T15:31:54.657566894Z	900.818	67.77	72.39	19.92	73.82
262	19.92	23.54	kafka-001	1135.29	2019-04-24T15:32:01.668865594Z	1363.39	83.18	72.4	19.92	67.77
263	19.92	23.55	kafka-001	1128.007	2019-04-24T15:32:08.682546525Z	902.509	66.53	74.12	19.92	83.18
264	19.92	23.57	kafka-001	1144.938	2019-04-24T15:32:15.704228858Z	1374.619	78.4	73.63	19.92	66.53
264	19.92	23.59	kafka-001	1134.827	2019-04-24T15:32:22.721790313Z	906.751	66.86	74.24	19.92	78.4
265	19.92	23.6	kafka-001	1141.179	2019-04-24T15:32:29.739927902Z	942.756	77.12	72.76	19.92	66.86
265	19.92	23.62	kafka-001	1151.512	2019-04-24T15:32:36.754561454Z	1379.625	72.69	73.31	19.92	77.12
266	19.92	23.63	kafka-001	1149.473	2019-04-24T15:32:43.769781314Z	909.064	75.94	74.13	19.92	72.69
266	19.92	23.65	kafka-001	1164.628	2019-04-24T15:32:50.785732368Z	1382.113	75.02	72.92	19.92	75.94
267	19.92	23.66	kafka-001	1152.34	2019-04-24T15:32:57.807365099Z	915.922	75.8	74.34	19.92	75.02
267	19.92	23.68	kafka-001	1152.556	2019-04-24T15:33:04.821605425Z	905.859	68.19	73.91	19.92	75.8
268	19.92	23.7	kafka-001	1156.133	2019-04-24T15:33:11.836036105Z	1390.941	75.04	74.13	19.92	68.19
269	19.92	23.71	kafka-001	1157.258	2019-04-24T15:33:18.851089153Z	920.952	77.11	73.78	19.92	75.04
269	19.93	23.73	kafka-001	1172.878	2019-04-24T15:33:25.864320632Z	1409.954	78.9	74.52	19.93	77.11
270	19.93	23.75	kafka-001	1162.143	2019-04-24T15:33:32.881392938Z	928.026	75.57	75.01	19.93	78.9
270	19.93	23.76	kafka-001	1168.999	2019-04-24T15:33:39.897633148Z	931.317	73.85	75.1	19.93	75.57
271	19.93	23.78	kafka-001	1165.483	2019-04-24T15:33:46.909611393Z	1405.753	72.44	74.78	19.93	73.85
271	19.93	23.79	kafka-001	1166.616	2019-04-24T15:33:53.92459073Z	924.777	76.71	75.49	19.93	72.44
272	19.93	23.81	kafka-001	1179.786	2019-04-24T15:34:00.94045439Z	1418.286	77.66	75.76	19.93	76.71
273	19.93	23.83	kafka-001	1161.201	2019-04-24T15:34:07.951871765Z	915.715	76.55	75.86	19.93	77.66
273	19.93	23.84	kafka-001	1179.671	2019-04-24T15:34:14.965054095Z	938.046	68.2	75.46	19.93	76.55
274	19.93	23.86	kafka-001	1182.946	2019-04-24T15:34:21.991491487Z	1409.014	68.45	74.24	19.93	68.2
274	19.93	23.88	kafka-001	1179.057	2019-04-24T15:34:29.004725526Z	933.169	76.56	73.34	19.93	68.45
275	19.93	23.89	kafka-001	1183.572	2019-04-24T15:34:36.016705231Z	1424.757	76.85	74.02	19.93	76.56
275	19.93	23.91	kafka-001	1179.027	2019-04-24T15:34:43.028538551Z	942.514	77.28	74.05	19.93	76.85
276	19.93	23.93	kafka-001	1180.38	2019-04-24T15:34:50.041964152Z	943.031	68.59	73.98	19.93	77.28
277	19.93	23.94	kafka-001	1190.987	2019-04-24T15:34:57.053235448Z	1423.039	75.46	72.66	19.93	68.59
277	19.93	23.96	kafka-001	1189.885	2019-04-24T15:35:04.062638764Z	943.223	68.0	73.87	19.93	75.46
278	19.93	23.98	kafka-001	1192.957	2019-04-24T15:35:11.07185367Z	1433.799	73.44	73.79	19.93	68.0
278	19.93	23.99	kafka-001	1200.916	2019-04-24T15:35:18.085680768Z	955.574	84.17	73.27	19.93	73.44
279	19.93	24.0	kafka-001	1199.918	2019-04-24T15:35:25.098197767Z	1450.977	77.91	74.49	19.93	84.17
279	19.93	24.02	kafka-001	1189.449	2019-04-24T15:35:32.110153491Z	944.919	72.95	74.6	19.93	77.91
280	19.93	24.04	kafka-001	1203.653	2019-04-24T15:35:39.131548664Z	961.728	77.72	75.32	19.93	72.95
281	19.93	24.06	kafka-001	1203.802	2019-04-24T15:35:46.142651364Z	1451.626	77.29	75.7	19.93	77.72
281	19.93	24.07	kafka-001	1202.879	2019-04-24T15:35:53.151275375Z	954.538	76.1	77.25	19.93	77.29
282	19.93	24.09	kafka-001	1209.486	2019-04-24T15:36:00.165074142Z	1457.916	75.71	77.69	19.93	76.1
282	19.93	24.1	kafka-001	1204.631	2019-04-24T15:36:07.177602029Z	963.648	77.23	76.28	19.93	75.71
283	19.93	24.12	kafka-001	1204.927	2019-04-24T15:36:14.190129434Z	963.426	78.61	76.17	19.93	77.23
283	19.93	24.14	kafka-001	1223.922	2019-04-24T15:36:21.198070384Z	1466.024	75.34	77.11	19.93	78.61
284	19.93	24.16	kafka-001	1211.027	2019-04-24T15:36:28.21109048Z	970.784	78.71	76.71	19.93	75.34
285	19.93	24.18	kafka-001	1228.952	2019-04-24T15:36:35.223974803Z	1471.856	82.37	76.95	19.93	78.71
285	19.93	24.2	kafka-001	1223.961	2019-04-24T15:36:42.23520723Z	968.99	75.82	78.0	19.93	82.37
286	19.93	24.21	kafka-001	1228.727	2019-04-24T15:36:49.242412739Z	978.906	77.94	78.01	19.93	75.82
286	19.93	24.23	kafka-001	1229.27	2019-04-24T15:36:56.256558877Z	1478.103	79.19	78.13	19.93	77.94
287	19.93	24.24	kafka-001	1222.897	2019-04-24T15:37:03.267882961Z	960.974	82.24	78.23	19.93	79.19
287	19.93	24.26	kafka-001	1229.024	2019-04-24T15:37:10.278896384Z	1481.819	76.96	79.38	19.93	82.24
288	19.93	24.28	kafka-001	1235.673	2019-04-24T15:37:17.291128651Z	983.838	78.21	79.09	19.93	76.96
288	19.93	24.29	kafka-001	1228.357	2019-04-24T15:37:24.302857785Z	980.816	76.03	78.39	19.93	78.21
289	19.93	24.31	kafka-001	1249.088	2019-04-24T15:37:31.310313334Z	1503.164	77.72	78.43	19.93	76.03
289	19.93	24.33	kafka-001	1240.108	2019-04-24T15:37:38.322686762Z	984.07	81.94	78.39	19.93	77.72
290	19.93	24.35	kafka-001	1241.247	2019-04-24T15:37:45.3388407Z	1487.2	87.22	78.85	19.93	81.94
290	19.93	24.37	kafka-001	1252.797	2019-04-24T15:37:52.351197737Z	992.113	81.0	79.68	19.93	87.22
291	19.93	24.39	kafka-001	1242.474	2019-04-24T15:37:59.364720558Z	989.928	77.35	80.35	19.93	81.0
292	19.93	24.4	kafka-001	1244.111	2019-04-24T15:38:06.384344956Z	1503.186	63.83	80.21	19.93	77.35
292	19.93	24.42	kafka-001	1242.155	2019-04-24T15:38:13.396192308Z	1008.085	76.55	78.18	19.93	63.83
293	19.93	24.44	kafka-001	1242.127	2019-04-24T15:38:20.413332498Z	1506.018	74.23	77.98	19.93	76.55
293	19.93	24.45	kafka-001	1242.947	2019-04-24T15:38:27.424955292Z	994.862	79.38	76.7	19.93	74.23
294	19.93	24.47	kafka-001	1256.396	2019-04-24T15:38:34.436563832Z	1004.295	75.2	75.39	19.93	79.38
294	19.93	24.49	kafka-001	1257.572	2019-04-24T15:38:41.44959487Z	1511.97	80.9	74.42	19.93	75.2
295	19.93	24.5	kafka-001	1257.713	2019-04-24T15:38:48.463767008Z	999.873	66.31	75.02	19.93	80.9
295	20.28	24.88	kafka-001	1255.871	2019-04-24T15:38:55.477224976Z	1517.422	75.25	75.43	20.28	66.31
296	20.28	24.89	kafka-001	1263.011	2019-04-24T15:39:02.490901357Z	1006.894	78.58	75.21	20.28	75.25
296	20.28	24.91	kafka-001	1254.724	2019-04-24T15:39:09.502203094Z	1007.641	85.2	75.94	20.28	78.58
297	20.28	24.93	kafka-001	1269.292	2019-04-24T15:39:16.515531991Z	1538.927	72.94	76.91	20.28	85.2
297	20.28	24.95	kafka-001	1275.759	2019-04-24T15:39:23.528908477Z	1017.265	88.8	76.53	20.29	72.94
298	20.29	24.96	kafka-001	1275.094	2019-04-24T15:39:30.543092422Z	1531.07	72.85	77.85	20.29	88.8
298	20.29	24.98	kafka-001	1275.905	2019-04-24T15:39:37.556003965Z	1013.094	81.84	78.94	20.29	72.85
299	20.29	25.0	kafka-001	1281.401	2019-04-24T15:39:44.569404316Z	1018.437	80.95	80.04	20.29	81.84
299	20.29	25.02	kafka-001	1285.266	2019-04-24T15:39:51.582027473Z	1528.88	82.08	80.43	20.29	80.95
300	20.29	25.03	kafka-001	1275.037	2019-04-24T15:39:58.595371912Z	1012.324	85.23	79.91	20.29	82.08
300	20.29	25.06	kafka-001	1287.522	2019-04-24T15:40:05.607825169Z	1549.574	73.84	81.96	20.29	85.23
301	20.29	25.07	kafka-001	1279.639	2019-04-24T15:40:12.621282096Z	1023.26	74.01	79.47	20.29	73.84
301	20.29	25.09	kafka-001	1274.503	2019-04-24T15:40:19.637068351Z	1023.044	84.13	79.66	20.29	74.01
302	20.29	25.11	kafka-001	1271.61	2019-04-24T15:40:26.652778568Z	1549.403	79.93	80.04	20.29	84.13
303	20.29	25.13	kafka-001	1300.617	2019-04-24T15:40:33.667931207Z	1034.821	87.12	79.87	20.29	79.93
303	20.29	25.14	kafka-001	1300.58	2019-04-24T15:40:40.679891557Z	1563.856	84.9	80.71	20.29	87.12
304	20.29	25.17	kafka-001	1295.837	2019-04-24T15:40:47.697826562Z	1037.257	86.53	80.66	20.29	84.9
304	20.29	25.18	kafka-001	1304.71	2019-04-24T15:40:54.712676353Z	1028.67	81.78	82.77	20.29	86.53
305	20.29	25.2	kafka-001	1320.155	2019-04-24T15:41:01.727205805Z	1578.007	79.23	84.07	20.29	81.78
305	20.29	25.22	kafka-001	1307.329	2019-04-24T15:41:08.74224124Z	1043.298	86.73	83.25	20.29	79.23
306	20.29	25.24	kafka-001	1324.546	2019-04-24T15:41:15.756958269Z	1587.32	89.58	84.38	20.29	86.73
306	20.29	25.25	kafka-001	1317.09	2019-04-24T15:41:22.77027277Z	1046.106	83.06	84.79	20.29	89.58
307	20.29	25.27	kafka-001	1312.343	2019-04-24T15:41:29.784883691Z	1045.559	87.52	84.49	20.29	83.06
307	20.29	25.29	kafka-001	1324.307	2019-04-24T15:41:36.79911686Z	1592.991	84.95	84.65	20.29	87.52
308	20.29	25.31	kafka-001	1324.407	2019-04-24T15:41:43.813943598Z	1052.192	84.34	85.18	20.29	84.95
308	20.29	25.33	kafka-001	1320.284	2019-04-24T15:41:50.829443618Z	1589.36	81.17	86.03	20.29	84.34
309	20.29	25.34	kafka-001	1311.815	2019-04-24T15:41:57.841592612Z	1051.396	84.74	85.1	20.29	81.17
309	20.29	25.36	kafka-001	1324.133	2019-04-24T15:42:04.856621403Z	1057.032	85.1	84.3	20.29	84.74
310	20.29	25.38	kafka-001	1338.039	2019-04-24T15:42:11.869974638Z	1610.579	85.02	84.64	20.29	85.1
310	20.29	25.4	kafka-001	1328.53	2019-04-24T15:42:18.884686593Z	1048.289	84.15	84.22	20.29	85.02
311	20.29	25.42	kafka-001	1343.46	2019-04-24T15:42:25.903461845Z	1604.942	93.0	84.09	20.29	84.15
311	20.29	25.44	kafka-001	1340.425	2019-04-24T15:42:32.917170937Z	1063.802	81.94	85.53	20.29	93.0
312	20.29	25.46	kafka-001	1343.767	2019-04-24T15:42:39.934532938Z	1068.374	83.52	85.66	20.29	81.94
312	20.29	25.48	kafka-001	1335.226	2019-04-24T15:42:46.949331378Z	1615.526	70.67	85.46	20.29	83.52
313	20.29	25.5	kafka-001	1346.681	2019-04-24T15:42:53.963390438Z	1072.588	88.42	83.05	20.29	70.67
313	20.29	25.51	kafka-001	1351.042	2019-04-24T15:43:00.981220229Z	1619.788	88.04	83.62	20.29	88.42
314	20.29	25.53	kafka-001	1349.303	2019-04-24T15:43:07.99838949Z	1067.754	85.4	84.27	20.29	88.04
314	20.29	25.55	kafka-001	1344.038	2019-04-24T15:43:15.01342435Z	1076.476	84.97	83.0	20.29	85.4
315	20.3	25.58	kafka-001	1359.117	2019-04-24T15:43:22.024938041Z	1625.631	106.19	83.5	20.3	84.97
315	20.29	25.59	kafka-001	1350.428	2019-04-24T15:43:29.039940595Z	1076.434	81.57	87.28	20.29	106.19
316	20.29	25.61	kafka-001	1355.487	2019-04-24T15:43:36.051372777Z	1630.173	87.39	89.1	20.29	81.57
316	20.29	25.63	kafka-001	1346.865	2019-04-24T15:43:43.064959095Z	1072.407	79.96	88.93	20.29	87.39
317	20.29	25.64	kafka-001	1349.201	2019-04-24T15:43:50.079951921Z	1623.477	89.02	87.58	20.29	79.96
317	20.29	25.66	kafka-001	1360.942	2019-04-24T15:43:57.092628599Z	1080.635	85.96	88.18	20.29	89.02
318	20.29	25.68	kafka-001	1349.086	2019-04-24T15:44:04.105068336Z	1069.886	83.67	88.35	20.29	85.96
318	20.29	25.75	kafka-001	1360.494	2019-04-24T15:44:11.119714852Z	1639.554	76.2	84.6	20.34	83.67
319	21.66	27.09	kafka-001	1365.03	2019-04-24T15:44:18.136783629Z	1090.728	93.72	83.7	21.66	76.2
319	21.66	27.11	kafka-001	1377.496	2019-04-24T15:44:25.150587374Z	1654.933	95.31	84.76	21.66	93.72
320	21.66	27.13	kafka-001	1371.599	2019-04-24T15:44:32.165614235Z	1096.289	86.45	87.31	21.66	95.31
320	21.66	27.15	kafka-001	1357.969	2019-04-24T15:44:39.17814746Z	1077.102	86.91	86.89	21.66	86.45
321	21.66	27.16	kafka-001	1378.456	2019-04-24T15:44:46.195839202Z	1663.785	88.47	87.04	21.66	86.91
321	21.66	27.19	kafka-001	1366.54	2019-04-24T15:44:53.208553251Z	1093.041	76.03	87.84	21.66	88.47
321	21.66	27.21	kafka-001	1380.793	2019-04-24T15:45:00.219894791Z	1664.254	92.05	87.82	21.66	76.03
322	21.66	27.22	kafka-001	1381.171	2019-04-24T15:45:07.232697457Z	1098.483	81.18	87.54	21.66	92.05
322	21.66	27.24	kafka-001	1378.418	2019-04-24T15:45:14.251453084Z	1100.775	89.14	85.18	21.66	81.18
323	21.67	27.27	kafka-001	1383.219	2019-04-24T15:45:21.26245656Z	1667.56	73.62	85.63	21.67	89.14
323	21.67	27.28	kafka-001	1388.785	2019-04-24T15:45:28.277315421Z	1094.871	84.8	83.42	21.67	73.62
324	21.67	27.3	kafka-001	1385.968	2019-04-24T15:45:35.288987937Z	1676.232	92.79	82.8	21.67	84.8
324	21.67	27.32	kafka-001	1395.839	2019-04-24T15:45:42.304820636Z	1107.637	89.68	85.6	21.67	92.79
325	21.82	27.6	kafka-001	1393.667	2019-04-24T15:45:49.316270995Z	1106.461	84.49	85.2	21.92	89.68
325	22.73	28.42	kafka-001	1394.008	2019-04-24T15:45:56.326136633Z	1684.364	92.71	85.75	22.73	84.49
326	22.73	28.44	kafka-001	1403.845	2019-04-24T15:46:03.337033253Z	1113.538	77.46	86.35	22.73	92.71
326	22.73	28.46	kafka-001	1409.436	2019-04-24T15:46:10.350842975Z	1680.984	94.61	86.99	22.73	77.46
326	22.73	28.48	kafka-001	1403.707	2019-04-24T15:46:17.373602506Z	1115.393	81.71	88.62	22.73	94.61
327	22.73	28.5	kafka-001	1397.733	2019-04-24T15:46:24.392540609Z	1116.073	84.0	86.78	22.73	81.71
327	23.03	28.82	kafka-001	1404.876	2019-04-24T15:46:31.402909246Z	1683.563	87.58	85.83	23.03	84.0
328	23.84	29.65	kafka-001	1386.913	2019-04-24T15:46:38.419591976Z	1102.679	88.11	86.35	23.84	87.58
328	23.84	29.67	kafka-001	1402.25	2019-04-24T15:46:45.429424976Z	1695.278	83.46	85.58	23.84	88.11
329	23.84	29.69	kafka-001	1407.471	2019-04-24T15:46:52.446340188Z	1116.306	88.54	86.58	23.84	83.46
329	23.81	29.68	kafka-001	1409.159	2019-04-24T15:46:59.456280245Z	1117.105	184.16	85.57	23.81	88.54
330	23.83	30.07	kafka-001	15978.261	2019-04-24T15:47:06.468129561Z	1743.133	169.34	102.64	23.83	184.16
330	23.83	30.49	kafka-001	17894.801	2019-04-24T15:47:13.47603298Z	1173.891	100.11	116.87	23.83	169.34
331	23.83	31.21	kafka-001	30625.286	2019-04-24T15:47:20.489956246Z	1780.496	121.9	118.95	23.83	100.11
331	23.83	31.98	kafka-001	32673.568	2019-04-24T15:47:27.499847555Z	1205.902	102.94	124.59	23.83	121.9
331	23.84	32.98	kafka-001	41962.297	2019-04-24T15:47:34.51381405Z	1238.986	117.44	127.83	23.84	102.94
332	23.84	34.07	kafka-001	45964.611	2019-04-24T15:47:41.528339062Z	1835.898	102.78	132.65	23.84	117.44
332	23.84	35.31	kafka-001	51968.996	2019-04-24T15:47:48.544071828Z	1267.625	127.43	119.09	23.84	102.78
333	23.84	36.7	kafka-001	58770.833	2019-04-24T15:47:55.553639052Z	1863.681	133.94	112.1	23.84	127.43
333	23.84	38.17	kafka-001	61901.961	2019-04-24T15:48:02.563714964Z	1300.77	137.01	117.74	23.84	133.94
334	23.84	39.86	kafka-001	70564.878	2019-04-24T15:48:09.573833124Z	1315.61	125.11	120.26	23.84	137.01
334	23.84	41.56	kafka-001	71357.485	2019-04-24T15:48:16.587262352Z	1902.287	131.24	123.95	23.84	125.11
335	23.84	43.51	kafka-001	82163.173	2019-04-24T15:48:23.601484292Z	1353.103	133.7	126.25	23.84	131.24
335	23.84	45.48	kafka-001	82247.669	2019-04-24T15:48:30.616270535Z	1933.398	102.47	131.41	23.84	133.7
335	23.84	47.45	kafka-001	82812.357	2019-04-24T15:48:37.629401652Z	1362.337	129.87	127.25	23.84	102.47
336	23.84	49.5	kafka-001	85511.476	2019-04-24T15:48:44.64315474Z	1367.888	132.31	126.57	23.84	129.87
336	23.84	51.52	kafka-001	84736.703	2019-04-24T15:48:51.653293019Z	1938.263	138.14	125.78	23.84	132.31
337	24.2	53.99	kafka-001	88666.406	2019-04-24T15:48:58.666941085Z	1379.559	125.74	127.96	24.2	138.14
337	24.2	56.14	kafka-001	89973.521	2019-04-24T15:49:05.674111426Z	1968.618	131.63	127.04	24.2	125.74
338	24.2	58.35	kafka-001	92918.285	2019-04-24T15:49:12.689190184Z	1390.799	143.71	126.69	24.2	131.63
338	24.2	60.54	kafka-001	91800.847	2019-04-24T15:49:19.697118449Z	1387.922	148.61	133.57	24.2	143.71
339	24.2	62.79	kafka-001	94233.509	2019-04-24T15:49:26.709863525Z	1962.908	141.13	136.69	24.2	148.61
339	24.2	64.96	kafka-001	91002.328	2019-04-24T15:49:33.719928067Z	1388.792	107.8	138.16	24.2	141.13
339	24.2	67.13	kafka-001	91097.459	2019-04-24T15:49:40.732659732Z	1972.851	137.28	133.1	24.2	107.8
340	24.56	69.76	kafka-001	95541.303	2019-04-24T15:49:47.739475354Z	1399.797	142.94	135.03	24.56	137.28
340	24.56	72.1	kafka-001	97844.331	2019-04-24T15:49:54.753591245Z	1409.83	132.06	136.91	24.56	142.94
341	24.56	74.46	kafka-001	98964.96	2019-04-24T15:50:01.764246172Z	1990.653	156.84	134.97	24.56	132.06
341	24.56	76.81	kafka-001	98458.47	2019-04-24T15:50:08.778604347Z	1399.177	147.83	136.34	24.56	156.84
342	24.56	79.24	kafka-001	101342.975	2019-04-24T15:50:15.786943984Z	1995.195	142.66	137.46	24.56	147.83
342	24.56	81.61	kafka-001	99313.495	2019-04-24T15:50:22.801232304Z	1409.798	141.41	143.27	24.56	142.66
343	24.56	83.58	kafka-001	101862.233	2019-04-24T15:50:29.816577638Z	1417.821	136.62	143.96	24.56	141.41
343	24.56	83.56	kafka-001	99307.614	2019-04-24T15:50:36.828280718Z	1989.55	140.98	142.9	24.56	136.62
344	24.56	84.2	kafka-001	101836.808	2019-04-24T15:50:43.845755111Z	1422.3	153.53	144.39	24.56	140.98
344	24.52	84.15	kafka-001	99625.192	2019-04-24T15:50:50.862872566Z	1993.817	113.19	143.84	24.52	153.53
345	24.52	84.15	kafka-001	101417.696	2019-04-24T15:50:57.873600915Z	1416.074	152.65	138.07	24.52	113.19
345	24.52	84.53	kafka-001	99486.876	2019-04-24T15:51:04.889211585Z	1415.173	134.57	139.73	24.52	152.65
346	24.52	84.52	kafka-001	100092.855	2019-04-24T15:51:11.901760448Z	1998.573	151.79	138.59	24.52	134.57
346	24.98	84.52	kafka-001	100879.701	2019-04-24T15:51:18.920330231Z	1416.236	143.29	141.12	24.98	151.79
346	24.98	84.54	kafka-001	100521.685	2019-04-24T15:51:25.934896497Z	2005.12	140.07	141.5	24.98	143.29
347	24.98	84.81	kafka-001	101895.633	2019-04-24T15:51:32.953089944Z	1420.716	129.82	139.26	24.98	140.07
347	24.98	84.79	kafka-001	99139.838	2019-04-24T15:51:39.968230226Z	1413.868	133.14	142.03	24.98	129.82
348	24.98	84.57	kafka-001	98856.427	2019-04-24T15:51:46.982423029Z	2011.866	131.76	138.78	24.98	133.14
348	27.25	83.85	kafka-001	99218.112	2019-04-24T15:51:53.995602571Z	1419.99	158.23	138.31	27.25	131.76
349	28.11	85.2	kafka-001	101749.249	2019-04-24T15:52:01.00987885Z	1992.457	145.36	139.39	28.11	158.23
349	28.11	84.55	kafka-001	98383.489	2019-04-24T15:52:08.021992087Z	1399.063	128.09	139.73	28.11	145.36
350	28.19	85.3	kafka-001	101472.587	2019-04-24T15:52:15.036549679Z	1414.634	133.1	137.73	28.19	128.09
350	28.19	84.68	kafka-001	99905.897	2019-04-24T15:52:22.05060368Z	1992.007	141.24	138.28	28.19	133.1
351	28.19	85.55	kafka-001	98829.366	2019-04-24T15:52:29.064954288Z	1418.478	137.15	139.63	28.19	141.24
351	28.2	84.98	kafka-001	101317.364	2019-04-24T15:52:36.077516302Z	1992.397	136.31	140.53	28.2	137.15
351	29.34	85.73	kafka-001	98738.112	2019-04-24T15:52:43.091592901Z	1417.678	127.22	136.88	29.34	136.31
352	29.34	85.23	kafka-001	101704.068	2019-04-24T15:52:50.103550977Z	1997.167	138.91	133.85	29.34	127.22
352	29.34	86.1	kafka-001	97875.598	2019-04-24T15:52:57.11492604Z	1417.212	128.19	135.66	29.34	138.91
353	29.34	85.63	kafka-001	101176.695	2019-04-24T15:53:04.127539507Z	1425.005	143.38	134.84	29.34	128.19
353	29.34	86.52	kafka-001	98776.784	2019-04-24T15:53:11.146271462Z	1993.603	140.08	135.19	29.34	143.38
354	29.34	86.02	kafka-001	101887.616	2019-04-24T15:53:18.156467736Z	1422.666	131.82	135.68	29.34	140.08
354	29.34	85.46	kafka-001	99186.63	2019-04-24T15:53:25.166802178Z	1982.269	119.51	134.93	29.34	131.82
355	29.34	86.39	kafka-001	100874.618	2019-04-24T15:53:32.177786185Z	1417.526	144.09	133.65	29.34	119.51
355	29.34	85.9	kafka-001	102074.457	2019-04-24T15:53:39.190016517Z	1432.251	146.34	134.51	29.34	144.09
355	29.34	86.78	kafka-001	98055.273	2019-04-24T15:53:46.203796015Z	1982.116	144.54	137.54	29.34	146.34
356	29.34	86.28	kafka-001	101740.36	2019-04-24T15:53:53.216702801Z	1429.356	136.82	137.73	29.34	144.54
356	29.34	85.71	kafka-001	98870.597	2019-04-24T15:54:00.23044358Z	1993.687	144.71	137.19	29.34	136.82
357	29.34	86.69	kafka-001	102087.929	2019-04-24T15:54:07.243715903Z	1422.124	128.61	139.34	29.34	144.71
357	29.34	86.05	kafka-001	95753.253	2019-04-24T15:54:14.262355917Z	1421.595	144.08	140.85	29.34	128.61
358	29.34	87.0	kafka-001	101184.775	2019-04-24T15:54:21.273994067Z	2012.113	132.26	140.85	29.34	144.08
358	29.34	86.45	kafka-001	99538.573	2019-04-24T15:54:28.29511843Z	1423.858	140.75	138.5	29.34	132.26
358	29.34	87.4	kafka-001	100812.265	2019-04-24T15:54:35.308606604Z	2019.747	128.91	137.87	29.34	140.75
359	29.4	86.95	kafka-001	100986.121	2019-04-24T15:54:42.32397393Z	1435.674	130.65	136.55	29.4	128.91
359	29.4	86.41	kafka-001	98997.608	2019-04-24T15:54:49.33490119Z	1433.941	120.9	134.21	29.4	130.65
360	29.4	87.41	kafka-001	102301.602	2019-04-24T15:54:56.350930559Z	2024.698	141.17	132.93	29.4	120.9
360	29.4	86.86	kafka-001	98246.676	2019-04-24T15:55:03.367177025Z	1432.18	128.82	132.44	29.4	141.17
361	29.4	86.31	kafka-001	99149.467	2019-04-24T15:55:10.384588884Z	2041.132	152.59	131.87	29.4	128.82
361	29.4	87.23	kafka-001	99444.724	2019-04-24T15:55:17.401135472Z	1444.802	132.15	133.84	29.4	152.59
361	29.4	86.75	kafka-001	99194.693	2019-04-24T15:55:24.412168463Z	1447.125	136.06	134.38	29.4	132.15
362	29.4	87.73	kafka-001	101731.948	2019-04-24T15:55:31.425696473Z	2020.66	136.25	135.28	29.4	136.06
362	29.4	87.29	kafka-001	102382.998	2019-04-24T15:55:38.438131098Z	1445.202	143.47	137.84	29.4	136.25
362	29.4	86.8	kafka-001	100507.466	2019-04-24T15:55:45.449855741Z	2018.102	139.84	138.22	29.4	143.47
362	29.41	87.8	kafka-001	101997.955	2019-04-24T15:55:52.463579851Z	1454.041	151.26	140.06	29.41	139.84
362	29.41	87.33	kafka-001	101131.575	2019-04-24T15:55:59.478016254Z	1444.522	130.84	139.84	29.41	151.26
362	29.41	86.89	kafka-001	102203.403	2019-04-24T15:56:06.489757794Z	2019.055	148.94	139.62	29.41	130.84
362	29.41	87.88	kafka-001	102004.998	2019-04-24T15:56:13.508552237Z	1445.549	142.3	141.77	29.41	148.94
362	29.41	87.37	kafka-001	99591.979	2019-04-24T15:56:20.528697252Z	2033.061	114.49	142.78	29.41	142.3
362	29.41	86.92	kafka-001	101528.717	2019-04-24T15:56:27.538672786Z	1437.913	130.8	137.95	29.41	114.49
362	29.41	87.93	kafka-001	101897.202	2019-04-24T15:56:34.558198011Z	1436.909	140.9	136.44	29.41	130.8
362	29.41	87.51	kafka-001	102213.47	2019-04-24T15:56:41.574787872Z	2014.231	140.82	134.71	29.41	140.9
362	29.41	87.05	kafka-001	100664.038	2019-04-24T15:56:48.589544045Z	1435.367	137.63	136.38	29.41	140.82
