memory_active_anon%	memory%	memory_rss%	timestamp	container_cpu%	net_send	sensor_count	name	net_receive	host_moving_avg_cpu	host_cpu
30.45	87.82	30.45	2019-04-24T03:10:21.241899661Z	3.99	339925.595	2	kafka-001	8039320.878	nan	0
30.45	87.82	30.45	2019-04-24T03:10:28.253623348Z	4.7	41.627	6	kafka-001	42.427	nan	3.99
30.45	87.83	30.45	2019-04-24T03:10:35.267431274Z	8.13	72.096	10	kafka-001	61.108	nan	4.7
30.45	87.83	30.45	2019-04-24T03:10:42.281540967Z	8.14	69.964	13	kafka-001	74.913	nan	8.13
30.46	87.83	30.46	2019-04-24T03:10:49.295590787Z	8.12	80.593	16	kafka-001	90.973	nan	8.14
30.46	87.83	30.46	2019-04-24T03:10:56.310682293Z	8.86	122.951	19	kafka-001	106.34	5.51	8.12
30.46	87.83	30.46	2019-04-24T03:11:03.32287496Z	9.36	100.938	22	kafka-001	116.779	6.99	8.86
30.46	87.83	30.46	2019-04-24T03:11:10.333724992Z	10.88	153.978	25	kafka-001	131.414	7.88	9.36
30.46	87.83	30.46	2019-04-24T03:11:17.345857033Z	11.72	118.504	28	kafka-001	140.765	8.91	10.88
30.46	87.84	30.46	2019-04-24T03:11:24.360559243Z	10.34	128.174	30	kafka-001	152.337	9.51	11.72
30.46	87.84	30.46	2019-04-24T03:11:31.373097523Z	12.5	198.454	33	kafka-001	165.868	9.88	10.34
30.46	87.84	30.46	2019-04-24T03:11:38.393834884Z	20.2	142.86	35	kafka-001	168.985	10.61	12.5
30.46	87.85	30.46	2019-04-24T03:11:45.407931084Z	17.45	222.68	37	kafka-001	181.6	12.5	20.2
30.46	87.85	30.46	2019-04-24T03:11:52.422105479Z	14.6	160.908	40	kafka-001	188.513	13.85	17.45
30.46	87.84	30.46	2019-04-24T03:11:59.437528022Z	14.97	165.64	42	kafka-001	196.909	14.47	14.6
30.46	87.85	30.46	2019-04-24T03:12:06.451458942Z	14.95	249.77	44	kafka-001	206.584	15.01	14.97
30.46	87.85	30.46	2019-04-24T03:12:13.460844233Z	15.2	180.395	46	kafka-001	212.059	15.78	14.95
30.46	87.85	30.46	2019-04-24T03:12:20.474219479Z	15.41	270.354	48	kafka-001	224.878	16.23	15.2
30.41	87.86	30.46	2019-04-24T03:12:27.48638015Z	17.36	194.048	49	kafka-001	230.669	15.43	15.41
30.49	87.89	30.49	2019-04-24T03:12:34.496879495Z	13.94	199.702	51	kafka-001	239.125	15.41	17.36
30.49	87.89	30.49	2019-04-24T03:12:41.508345095Z	18.39	305.232	53	kafka-001	252.038	15.3	13.94
30.49	87.9	30.49	2019-04-24T03:12:48.520460598Z	14.89	211.174	55	kafka-001	251.463	15.87	18.39
30.49	87.9	30.49	2019-04-24T03:12:55.53181063Z	22.53	320.304	57	kafka-001	260.459	15.86	14.89
30.49	87.9	30.49	2019-04-24T03:13:02.543612058Z	19.09	225.032	59	kafka-001	271.472	17.09	22.53
30.49	87.91	30.49	2019-04-24T03:13:09.55475685Z	18.56	229.924	60	kafka-001	279.429	17.7	19.09
30.54	87.96	30.54	2019-04-24T03:13:16.564538295Z	19.82	347.768	62	kafka-001	288.757	17.9	18.56
30.54	87.97	30.54	2019-04-24T03:13:23.57723193Z	20.11	241.622	64	kafka-001	292.045	18.88	19.82
30.54	87.97	30.54	2019-04-24T03:13:30.59035243Z	24.38	366.274	65	kafka-001	305.181	19.17	20.11
30.54	87.98	30.54	2019-04-24T03:13:37.608185221Z	20.77	248.07	67	kafka-001	305.027	20.75	24.38
30.54	87.98	30.54	2019-04-24T03:13:44.620617024Z	21.52	253.87	69	kafka-001	314.315	20.45	20.77
30.54	87.98	30.54	2019-04-24T03:13:51.634203242Z	18.23	391.912	70	kafka-001	323.795	20.86	21.52
30.54	87.99	30.54	2019-04-24T03:13:58.653452226Z	22.75	266.334	72	kafka-001	328.054	20.8	18.23
30.54	87.99	30.54	2019-04-24T03:14:05.669076029Z	26.54	407.75	73	kafka-001	337.611	21.29	22.75
30.54	88.0	30.54	2019-04-24T03:14:12.679838691Z	29.73	277.876	75	kafka-001	338.27	22.36	26.54
30.54	88.0	30.54	2019-04-24T03:14:19.692329052Z	23.37	280.164	76	kafka-001	343.011	23.26	29.73
30.54	88.01	30.54	2019-04-24T03:14:26.699842536Z	22.71	426.247	77	kafka-001	351.738	23.69	23.37
30.54	88.01	30.54	2019-04-24T03:14:33.714013788Z	24.33	290.82	79	kafka-001	355.681	23.89	22.71
30.54	88.01	30.54	2019-04-24T03:14:40.724978983Z	23.83	439.606	80	kafka-001	359.624	24.9	24.33
30.54	88.02	30.54	2019-04-24T03:14:47.740512232Z	26.34	301.644	81	kafka-001	370.531	25.08	23.83
30.54	88.02	30.54	2019-04-24T03:14:54.755489767Z	23.97	301.644	83	kafka-001	372.205	25.05	26.34
30.54	88.03	30.54	2019-04-24T03:15:01.768229755Z	27.35	461.699	84	kafka-001	385.53	24.09	23.97
30.54	88.03	30.54	2019-04-24T03:15:08.780983341Z	25.29	308.528	85	kafka-001	384.535	24.76	27.35
30.54	88.04	30.54	2019-04-24T03:15:15.797723651Z	31.18	471.668	87	kafka-001	393.726	25.18	25.29
30.54	88.05	30.54	2019-04-24T03:15:22.808754894Z	27.5	323.86	88	kafka-001	395.829	26.33	31.18
30.54	88.05	30.54	2019-04-24T03:15:29.822934364Z	17.51	324.576	89	kafka-001	402.155	26.94	27.5
30.54	88.05	30.54	2019-04-24T03:15:36.83031316Z	27.36	495.79	91	kafka-001	412.176	25.47	17.51
30.54	88.06	30.54	2019-04-24T03:15:43.842291015Z	26.33	335.238	92	kafka-001	411.055	26.03	27.36
30.54	88.06	30.54	2019-04-24T03:15:50.85146868Z	30.08	505.28	93	kafka-001	422.128	25.86	26.33
30.54	88.07	30.54	2019-04-24T03:15:57.860135232Z	34.82	342.359	94	kafka-001	420.356	26.66	30.08
30.54	88.08	30.54	2019-04-24T03:16:04.86981447Z	28.89	347.638	96	kafka-001	429.094	27.27	34.82
30.54	88.08	30.54	2019-04-24T03:16:11.88594911Z	28.44	522.314	97	kafka-001	434.789	27.5	28.89
30.54	88.09	30.54	2019-04-24T03:16:18.896272682Z	28.59	356.696	98	kafka-001	439.308	29.32	28.44
30.54	88.1	30.54	2019-04-24T03:16:25.908943049Z	34.3	530.554	99	kafka-001	442.156	29.53	28.59
30.54	88.1	30.54	2019-04-24T03:16:32.918833789Z	27.09	365.604	101	kafka-001	449.527	30.85	34.3
30.54	88.11	30.54	2019-04-24T03:16:39.932631489Z	26.11	364.834	102	kafka-001	453.913	30.36	27.09
30.54	88.11	30.54	2019-04-24T03:16:46.940953726Z	30.8	552.815	103	kafka-001	458.487	28.9	26.11
30.54	88.12	30.54	2019-04-24T03:16:53.95362751Z	27.2	377.812	104	kafka-001	464.954	29.22	30.8
30.54	88.12	30.54	2019-04-24T03:17:00.962303005Z	32.61	566.024	105	kafka-001	471.694	29.02	27.2
30.54	88.13	30.54	2019-04-24T03:17:07.971223883Z	31.23	384.742	107	kafka-001	474.162	29.69	32.61
30.54	88.14	30.54	2019-04-24T03:17:14.984701041Z	31.66	387.242	108	kafka-001	475.058	29.17	31.23
30.54	88.14	30.54	2019-04-24T03:17:21.996380301Z	25.75	587.304	109	kafka-001	489.098	29.94	31.66
30.54	88.15	30.54	2019-04-24T03:17:29.007098704Z	32.52	393.056	110	kafka-001	485.749	29.88	25.75
30.54	88.16	30.54	2019-04-24T03:17:36.018642503Z	31.0	596.14	111	kafka-001	492.175	30.16	32.52
30.54	88.16	30.54	2019-04-24T03:17:43.033102488Z	32.86	397.713	112	kafka-001	493.482	30.8	31.0
30.54	88.17	30.54	2019-04-24T03:17:50.046357895Z	34.38	410.422	113	kafka-001	506.65	30.84	32.86
30.54	88.18	30.54	2019-04-24T03:17:57.069890588Z	35.99	607.216	114	kafka-001	509.637	31.36	34.38
30.54	88.19	30.54	2019-04-24T03:18:04.083884807Z	31.71	412.516	115	kafka-001	512.289	32.08	35.99
30.54	88.19	30.54	2019-04-24T03:18:11.097101668Z	34.12	629.22	116	kafka-001	525.376	33.08	31.71
30.54	88.2	30.54	2019-04-24T03:18:18.114157447Z	33.57	420.78	118	kafka-001	526.943	33.34	34.12
30.54	88.21	30.54	2019-04-24T03:18:25.128627031Z	37.69	639.684	119	kafka-001	536.072	33.77	33.57
30.54	88.22	30.54	2019-04-24T03:18:32.139797695Z	33.54	428.658	120	kafka-001	534.039	34.58	37.69
30.54	88.22	30.54	2019-04-24T03:18:39.153650936Z	34.49	430.08	121	kafka-001	538.859	34.44	33.54
30.54	88.23	30.54	2019-04-24T03:18:46.168099323Z	41.5	657.133	122	kafka-001	547.675	34.19	34.49
30.54	88.24	30.54	2019-04-24T03:18:53.179947493Z	36.42	437.879	123	kafka-001	547.001	35.82	41.5
30.54	88.25	30.54	2019-04-24T03:19:00.192618744Z	40.61	666.512	124	kafka-001	559.455	36.2	36.42
30.54	88.25	30.54	2019-04-24T03:19:07.20472832Z	38.61	448.067	125	kafka-001	560.377	37.38	40.61
30.54	88.26	30.54	2019-04-24T03:19:14.219172218Z	35.4	445.964	126	kafka-001	560.771	37.53	38.61
30.54	88.26	30.54	2019-04-24T03:19:21.234691534Z	36.73	688.425	127	kafka-001	573.298	37.84	35.4
30.54	88.27	30.54	2019-04-24T03:19:28.248278547Z	32.5	451.002	128	kafka-001	569.848	38.21	36.73
30.54	88.28	30.54	2019-04-24T03:19:35.263996873Z	39.94	693.28	129	kafka-001	575.705	36.71	32.5
30.54	88.29	30.54	2019-04-24T03:19:42.280975701Z	35.82	460.981	130	kafka-001	573.915	37.3	39.94
30.54	88.29	30.54	2019-04-24T03:19:49.294752932Z	47.65	466.272	131	kafka-001	581.32	36.5	35.82
30.54	88.3	30.54	2019-04-24T03:19:56.307395326Z	35.43	701.446	132	kafka-001	583.938	38.01	47.65
30.54	88.32	30.54	2019-04-24T03:20:03.320233819Z	38.54	471.374	133	kafka-001	586.126	38.01	35.43
30.55	88.32	30.55	2019-04-24T03:20:10.330053928Z	48.03	714.83	134	kafka-001	593.45	38.31	38.54
30.55	88.34	30.55	2019-04-24T03:20:17.340655913Z	41.77	478.531	135	kafka-001	599.293	40.9	48.03
30.55	88.34	30.55	2019-04-24T03:20:24.352534838Z	37.31	481.278	136	kafka-001	602.861	41.21	41.77
30.55	88.35	30.55	2019-04-24T03:20:31.36382101Z	37.97	729.665	137	kafka-001	611.766	41.45	37.31
30.55	88.36	30.55	2019-04-24T03:20:38.378326025Z	38.75	487.8	138	kafka-001	606.916	39.84	37.97
30.55	88.37	30.55	2019-04-24T03:20:45.391995692Z	43.93	742.248	139	kafka-001	617.647	40.39	38.75
30.55	88.37	30.55	2019-04-24T03:20:52.40422753Z	39.97	491.5	140	kafka-001	609.852	41.29	43.93
30.55	88.38	30.55	2019-04-24T03:20:59.417325487Z	40.77	497.726	141	kafka-001	624.588	39.95	39.97
30.55	88.39	30.55	2019-04-24T03:21:06.432299713Z	41.19	756.144	142	kafka-001	630.585	39.78	40.77
30.55	88.4	30.55	2019-04-24T03:21:13.44505069Z	41.45	505.068	143	kafka-001	632.706	40.43	41.19
30.55	88.41	30.55	2019-04-24T03:21:20.460703517Z	45.67	769.132	143	kafka-001	640.27	41.01	41.45
30.55	88.42	30.55	2019-04-24T03:21:27.479617207Z	43.01	510.918	144	kafka-001	640.409	42.16	45.67
30.55	88.43	30.55	2019-04-24T03:21:34.493730559Z	43.86	512.97	145	kafka-001	643.865	42.01	43.01
30.55	88.44	30.55	2019-04-24T03:21:41.50814705Z	44.02	776.472	146	kafka-001	650.428	42.66	43.86
30.55	88.45	30.55	2019-04-24T03:21:48.525824874Z	37.34	519.934	147	kafka-001	646.536	43.2	44.02
30.55	88.45	30.55	2019-04-24T03:21:55.541893854Z	47.14	780.86	148	kafka-001	649.979	42.56	37.34
30.55	88.46	30.55	2019-04-24T03:22:02.554027067Z	39.04	522.43	149	kafka-001	652.037	43.51	47.14
30.55	88.47	30.55	2019-04-24T03:22:09.568835108Z	43.84	529.416	150	kafka-001	655.871	42.4	39.04
30.55	88.48	30.55	2019-04-24T03:22:16.584905677Z	42.02	804.462	151	kafka-001	667.576	42.54	43.84
30.55	88.49	30.55	2019-04-24T03:22:23.607567475Z	45.47	535.342	152	kafka-001	666.605	42.23	42.02
30.55	88.5	30.55	2019-04-24T03:22:30.621826077Z	47.05	812.549	152	kafka-001	675.054	42.48	45.47
30.55	88.51	30.55	2019-04-24T03:22:37.636304818Z	44.53	534.576	153	kafka-001	663.479	44.09	47.05
30.55	88.52	30.55	2019-04-24T03:22:44.648893314Z	42.75	536.124	154	kafka-001	662.235	43.66	44.53
30.55	88.52	30.55	2019-04-24T03:22:51.664469747Z	46.79	825.463	155	kafka-001	678.36	44.28	42.75
30.55	88.53	30.55	2019-04-24T03:22:58.677411436Z	40.18	548.502	156	kafka-001	682.333	44.77	46.79
30.55	88.54	30.55	2019-04-24T03:23:05.690666021Z	49.64	834.982	157	kafka-001	692.051	44.46	40.18
30.54	88.55	30.54	2019-04-24T03:23:12.700051245Z	38.12	550.296	157	kafka-001	685.378	45.16	49.64
30.54	88.55	30.54	2019-04-24T03:23:19.716248659Z	45.13	554.24	158	kafka-001	692.959	43.67	38.12
30.54	88.57	30.54	2019-04-24T03:23:26.735055892Z	43.4	840.32	159	kafka-001	701.592	43.77	45.13
30.54	88.57	30.54	2019-04-24T03:23:33.748922556Z	46.6	560.076	160	kafka-001	693.071	43.88	43.4
30.54	88.59	30.54	2019-04-24T03:23:40.763711146Z	48.38	851.004	161	kafka-001	708.974	43.84	46.6
30.54	88.6	30.54	2019-04-24T03:23:47.774644191Z	44.88	568.318	162	kafka-001	705.197	45.21	48.38
30.54	88.6	30.54	2019-04-24T03:23:54.785239284Z	39.09	563.976	162	kafka-001	707.649	44.42	44.88
30.54	88.61	30.54	2019-04-24T03:24:01.796927594Z	49.17	867.146	163	kafka-001	720.85	44.58	39.09
30.54	88.62	30.54	2019-04-24T03:24:08.811112201Z	44.91	576.192	164	kafka-001	721.133	45.25	49.17
30.54	88.64	30.54	2019-04-24T03:24:15.823698651Z	51.06	870.818	165	kafka-001	723.847	45.5	44.91
30.54	88.64	30.54	2019-04-24T03:24:22.836776578Z	38.11	581.12	166	kafka-001	728.642	46.25	51.06
30.54	88.65	30.54	2019-04-24T03:24:29.848373991Z	47.82	587.674	166	kafka-001	727.759	44.54	38.11
30.54	88.55	30.54	2019-04-24T03:24:36.856096303Z	39.82	877.928	167	kafka-001	739.368	45.03	47.82
30.54	88.56	30.54	2019-04-24T03:24:43.873319303Z	47.67	589.929	168	kafka-001	737.201	45.15	39.82
30.54	88.57	30.54	2019-04-24T03:24:50.887704546Z	43.78	893.425	169	kafka-001	745.106	44.9	47.67
30.54	88.58	30.54	2019-04-24T03:24:57.896776473Z	50.07	595.772	170	kafka-001	744.281	44.71	43.78
30.54	88.59	30.54	2019-04-24T03:25:04.909858177Z	43.33	594.636	170	kafka-001	740.017	44.54	50.07
30.55	88.6	30.55	2019-04-24T03:25:11.924256918Z	45.79	902.461	171	kafka-001	754.166	45.41	43.33
30.55	88.62	30.55	2019-04-24T03:25:18.935301634Z	37.76	598.344	172	kafka-001	746.147	45.08	45.79
30.55	88.63	30.55	2019-04-24T03:25:25.944721954Z	45.71	909.95	173	kafka-001	760.51	44.73	37.76
30.54	88.64	30.54	2019-04-24T03:25:32.957216466Z	40.81	609.028	173	kafka-001	764.087	44.41	45.71
30.54	88.65	30.54	2019-04-24T03:25:39.977672509Z	43.13	603.79	174	kafka-001	764.603	43.91	40.81
30.54	88.66	30.54	2019-04-24T03:25:46.99175072Z	38.61	926.714	175	kafka-001	774.113	42.75	43.13
30.54	88.67	30.54	2019-04-24T03:25:54.00349497Z	38.55	615.027	176	kafka-001	768.108	41.97	38.61
30.54	88.68	30.54	2019-04-24T03:26:01.020686717Z	47.77	931.45	176	kafka-001	781.212	40.76	38.55
30.54	88.69	30.54	2019-04-24T03:26:08.031967212Z	50.48	619.602	177	kafka-001	770.775	42.43	47.77
30.55	88.7	30.55	2019-04-24T03:26:15.04338686Z	52.34	626.364	178	kafka-001	777.812	43.22	50.48
30.55	88.71	30.55	2019-04-24T03:26:22.057094355Z	52.19	939.448	179	kafka-001	780.849	45.15	52.34
30.55	88.72	30.55	2019-04-24T03:26:29.065579072Z	45.4	628.046	180	kafka-001	782.867	46.66	52.19
30.55	88.73	30.55	2019-04-24T03:26:36.078379984Z	49.59	952.855	180	kafka-001	790.881	47.79	45.4
30.55	88.75	30.55	2019-04-24T03:26:43.086318391Z	49.26	632.456	181	kafka-001	790.268	49.63	49.59
30.55	88.75	30.55	2019-04-24T03:26:50.100345169Z	49.96	951.304	182	kafka-001	791.225	49.88	49.26
30.54	88.76	30.54	2019-04-24T03:26:57.110271964Z	43.9	630.726	182	kafka-001	789.05	49.79	49.96
30.54	88.77	30.54	2019-04-24T03:27:04.122674465Z	52.51	640.327	183	kafka-001	798.091	48.38	43.9
30.54	88.78	30.54	2019-04-24T03:27:11.136462234Z	53.52	972.485	184	kafka-001	809.593	48.44	52.51
30.54	88.79	30.54	2019-04-24T03:27:18.148454069Z	51.07	644.112	185	kafka-001	806.618	49.79	53.52
30.54	88.09	30.54	2019-04-24T03:27:25.158682731Z	52.54	972.796	185	kafka-001	815.802	50.04	51.07
30.54	88.1	30.54	2019-04-24T03:27:32.170573238Z	51.38	647.598	186	kafka-001	807.834	50.58	52.54
30.54	88.11	30.54	2019-04-24T03:27:39.181047146Z	52.19	649.734	187	kafka-001	816.712	50.82	51.38
30.54	88.13	30.54	2019-04-24T03:27:46.193484608Z	55.5	991.626	188	kafka-001	826.534	52.2	52.19
30.54	88.14	30.54	2019-04-24T03:27:53.20663781Z	53.29	656.972	188	kafka-001	824.574	52.7	55.5
30.54	88.15	30.54	2019-04-24T03:28:00.221965801Z	56.99	992.437	189	kafka-001	832.501	52.66	53.29
30.54	88.16	30.54	2019-04-24T03:28:07.234996865Z	55.55	660.914	190	kafka-001	828.625	53.65	56.99
30.55	88.18	30.55	2019-04-24T03:28:14.247229433Z	50.51	656.586	191	kafka-001	823.591	54.15	55.55
30.55	88.19	30.55	2019-04-24T03:28:21.260070653Z	50.76	1001.933	191	kafka-001	838.164	54.0	50.51
30.54	88.19	30.54	2019-04-24T03:28:28.273032718Z	54.02	674.401	192	kafka-001	837.189	53.77	50.76
30.54	88.21	30.54	2019-04-24T03:28:35.286046292Z	55.95	1007.788	193	kafka-001	840.98	53.52	54.02
30.54	88.22	30.54	2019-04-24T03:28:42.314091174Z	64.67	672.15	193	kafka-001	832.055	53.96	55.95
30.54	88.23	30.54	2019-04-24T03:28:49.324034168Z	53.34	670.103	194	kafka-001	841.953	55.24	64.67
30.54	88.24	30.54	2019-04-24T03:28:56.337340321Z	56.99	1026.508	195	kafka-001	858.034	54.87	53.34
30.54	88.25	30.54	2019-04-24T03:29:03.348358Z	54.56	682.934	196	kafka-001	856.357	55.95	56.99
30.55	88.26	30.55	2019-04-24T03:29:10.359781869Z	57.88	1029.998	196	kafka-001	859.437	56.59	54.56
30.55	88.28	30.55	2019-04-24T03:29:17.368636221Z	53.47	683.53	197	kafka-001	860.24	57.23	57.88
30.55	88.29	30.55	2019-04-24T03:29:24.382028021Z	52.64	686.672	198	kafka-001	858.296	56.82	53.47
30.55	88.3	30.55	2019-04-24T03:29:31.394594313Z	57.38	1047.445	199	kafka-001	864.681	54.81	52.64
30.55	88.31	30.55	2019-04-24T03:29:38.405024818Z	51.2	682.795	199	kafka-001	854.193	55.49	57.38
30.55	88.32	30.55	2019-04-24T03:29:45.413941277Z	56.61	1050.639	200	kafka-001	872.094	54.52	51.2
30.55	88.34	30.55	2019-04-24T03:29:52.427488836Z	54.11	697.168	201	kafka-001	875.575	54.86	56.61
30.55	88.35	30.55	2019-04-24T03:29:59.435007529Z	56.78	696.894	201	kafka-001	877.917	54.23	54.11
30.55	88.36	30.55	2019-04-24T03:30:06.450309478Z	54.37	1059.25	202	kafka-001	877.968	54.79	56.78
30.55	88.37	30.55	2019-04-24T03:30:13.46321144Z	63.27	700.424	203	kafka-001	884.089	55.07	54.37
30.55	88.39	30.55	2019-04-24T03:30:20.476929546Z	58.22	1069.506	203	kafka-001	890.674	56.06	63.27
30.55	88.4	30.55	2019-04-24T03:30:27.492625289Z	56.37	706.843	204	kafka-001	888.195	57.23	58.22
30.55	88.41	30.55	2019-04-24T03:30:34.505027635Z	54.95	712.054	205	kafka-001	893.719	57.19	56.37
30.55	88.42	30.55	2019-04-24T03:30:41.519828214Z	57.77	1070.671	205	kafka-001	891.044	57.33	54.95
30.55	88.44	30.55	2019-04-24T03:30:48.529157869Z	49.88	711.928	206	kafka-001	896.565	57.49	57.77
30.55	88.45	30.55	2019-04-24T03:30:55.541510318Z	69.02	1087.075	207	kafka-001	909.072	56.74	49.88
30.55	88.46	30.55	2019-04-24T03:31:02.553499217Z	55.2	716.93	207	kafka-001	900.792	57.7	69.02
30.55	88.47	30.55	2019-04-24T03:31:09.565430715Z	59.59	720.694	208	kafka-001	903.39	57.2	55.2
30.55	88.49	30.55	2019-04-24T03:31:16.578937284Z	59.85	1091.365	209	kafka-001	915.352	57.73	59.59
30.55	88.5	30.55	2019-04-24T03:31:23.590918581Z	55.99	725.885	209	kafka-001	917.843	58.55	59.85
30.55	88.52	30.55	2019-04-24T03:31:30.60740149Z	58.41	1106.317	210	kafka-001	921.485	58.26	55.99
30.55	88.52	30.55	2019-04-24T03:31:37.623048636Z	57.68	720.958	210	kafka-001	910.66	59.68	58.41
30.55	88.54	30.55	2019-04-24T03:31:44.636049659Z	55.84	732.523	211	kafka-001	919.051	57.79	57.68
30.55	88.55	30.55	2019-04-24T03:31:51.64873689Z	61.89	1114.629	212	kafka-001	927.43	57.89	55.84
30.55	88.56	30.55	2019-04-24T03:31:58.666635587Z	52.95	734.768	212	kafka-001	921.553	58.28	61.89
30.55	88.57	30.55	2019-04-24T03:32:05.682690481Z	62.0	1116.596	213	kafka-001	932.472	57.13	52.95
30.55	88.59	30.55	2019-04-24T03:32:12.696654308Z	48.48	737.982	213	kafka-001	926.856	58.13	62.0
30.55	88.6	30.55	2019-04-24T03:32:19.708810147Z	60.25	739.914	214	kafka-001	932.454	56.47	48.48
30.55	88.61	30.55	2019-04-24T03:32:26.720728181Z	57.13	1127.32	215	kafka-001	944.039	56.9	60.25
30.55	88.62	30.55	2019-04-24T03:32:33.729683071Z	61.03	745.812	215	kafka-001	930.806	57.12	57.13
30.55	88.64	30.55	2019-04-24T03:32:40.742414694Z	63.01	1124.691	216	kafka-001	945.378	56.97	61.03
30.55	88.65	30.55	2019-04-24T03:32:47.756518575Z	66.68	747.896	216	kafka-001	942.515	58.65	63.01
30.55	88.66	30.55	2019-04-24T03:32:54.77089585Z	59.83	750.267	217	kafka-001	947.455	59.43	66.68
30.55	88.68	30.55	2019-04-24T03:33:01.783616099Z	64.79	1142.44	218	kafka-001	955.638	61.32	59.83
30.56	88.69	30.56	2019-04-24T03:33:08.797268888Z	60.78	758.534	218	kafka-001	951.691	62.08	64.79
30.56	88.71	30.56	2019-04-24T03:33:15.814644855Z	63.34	1148.41	219	kafka-001	958.94	62.69	60.78
30.55	88.72	30.55	2019-04-24T03:33:22.830884189Z	50.28	759.076	219	kafka-001	957.243	63.07	63.34
30.55	88.73	30.55	2019-04-24T03:33:29.844134128Z	61.29	757.094	220	kafka-001	955.834	60.95	50.28
30.55	88.74	30.55	2019-04-24T03:33:36.85902591Z	54.98	1157.551	221	kafka-001	959.039	60.05	61.29
30.55	88.75	30.55	2019-04-24T03:33:43.870309834Z	69.9	765.488	221	kafka-001	957.717	59.24	54.98
30.55	88.77	30.55	2019-04-24T03:33:50.884004223Z	63.25	1163.46	222	kafka-001	970.698	60.1	69.9
30.55	88.78	30.55	2019-04-24T03:33:57.901654677Z	61.87	768.142	223	kafka-001	970.197	60.51	63.25
30.55	88.09	30.55	2019-04-24T03:34:04.914339933Z	55.49	770.59	223	kafka-001	970.903	60.26	61.87
30.55	88.1	30.55	2019-04-24T03:34:11.929170839Z	57.41	1168.055	224	kafka-001	966.43	61.13	55.49
30.55	88.12	30.55	2019-04-24T03:34:18.945545648Z	56.15	772.597	224	kafka-001	973.902	60.48	57.41
30.55	88.13	30.55	2019-04-24T03:34:25.962735711Z	64.5	1177.99	225	kafka-001	981.489	60.68	56.15
30.55	88.14	30.55	2019-04-24T03:34:32.977933093Z	63.51	779.281	225	kafka-001	976.221	59.78	64.5
30.55	88.16	30.55	2019-04-24T03:34:39.991077689Z	62.82	781.195	226	kafka-001	984.727	59.82	63.51
30.55	88.17	30.55	2019-04-24T03:34:47.006161525Z	62.83	1186.059	227	kafka-001	982.558	59.98	62.82
30.55	88.19	30.55	2019-04-24T03:34:54.020915715Z	64.0	787.514	227	kafka-001	990.409	61.2	62.83
30.55	88.2	30.55	2019-04-24T03:35:01.034482255Z	61.14	1190.058	228	kafka-001	993.456	62.3	64.0
30.55	88.21	30.55	2019-04-24T03:35:08.047980509Z	67.04	788.118	229	kafka-001	989.573	63.13	61.14
30.55	88.23	30.55	2019-04-24T03:35:15.061411283Z	72.4	836.658	229	kafka-001	987.786	63.56	67.04
30.56	88.24	30.56	2019-04-24T03:35:22.074974063Z	70.2	1154.434	230	kafka-001	995.429	65.04	72.4
30.56	88.25	30.56	2019-04-24T03:35:29.087935506Z	54.68	796.276	230	kafka-001	997.441	66.27	70.2
30.56	88.27	30.56	2019-04-24T03:35:36.105952645Z	62.39	1204.164	231	kafka-001	1002.132	64.91	54.68
30.56	88.28	30.56	2019-04-24T03:35:43.119341542Z	56.94	796.954	231	kafka-001	999.783	64.64	62.39
30.56	88.3	30.56	2019-04-24T03:35:50.134465677Z	71.4	1215.991	232	kafka-001	1011.75	63.94	56.94
30.56	88.31	30.56	2019-04-24T03:35:57.147462376Z	59.39	799.519	233	kafka-001	1001.729	64.67	71.4
30.56	88.33	30.56	2019-04-24T03:36:04.161147483Z	63.82	806.308	233	kafka-001	1004.665	62.5	59.39
30.56	88.34	30.56	2019-04-24T03:36:11.172532893Z	67.42	1228.022	234	kafka-001	1017.506	61.44	63.82
30.56	88.36	30.56	2019-04-24T03:36:18.185350512Z	65.82	807.228	234	kafka-001	1012.585	63.56	67.42
30.56	88.37	30.56	2019-04-24T03:36:25.197703068Z	62.99	1225.33	235	kafka-001	1024.262	64.13	65.82
30.56	88.38	30.56	2019-04-24T03:36:32.209142668Z	64.96	813.061	235	kafka-001	1014.997	65.14	62.99
30.56	88.4	30.56	2019-04-24T03:36:39.223822043Z	52.43	813.284	236	kafka-001	1017.714	64.07	64.96
30.56	88.41	30.56	2019-04-24T03:36:46.238713315Z	65.82	1239.258	237	kafka-001	1020.843	62.91	52.43
30.56	88.43	30.56	2019-04-24T03:36:53.253123979Z	60.47	813.784	237	kafka-001	1021.505	63.24	65.82
30.56	88.44	30.56	2019-04-24T03:37:00.266748057Z	71.61	1244.48	238	kafka-001	1030.553	62.08	60.47
30.56	88.45	30.56	2019-04-24T03:37:07.282341216Z	67.24	818.092	238	kafka-001	1019.03	63.05	71.61
30.56	88.46	30.56	2019-04-24T03:37:14.295011474Z	64.69	824.698	239	kafka-001	1033.074	63.76	67.24
30.56	88.48	30.56	2019-04-24T03:37:21.307070172Z	58.92	1244.593	239	kafka-001	1040.169	63.71	64.69
30.56	88.49	30.56	2019-04-24T03:37:28.321095965Z	67.1	825.288	240	kafka-001	1031.009	64.79	58.92
30.56	88.51	30.56	2019-04-24T03:37:35.332294172Z	62.65	1252.404	240	kafka-001	1039.65	65.01	67.1
30.56	88.52	30.56	2019-04-24T03:37:42.346606044Z	68.71	826.369	241	kafka-001	1029.075	65.37	62.65
30.56	88.53	30.56	2019-04-24T03:37:49.359741807Z	65.8	831.918	241	kafka-001	1045.991	64.89	68.71
30.56	88.55	30.56	2019-04-24T03:37:56.374861313Z	68.46	1261.841	242	kafka-001	1048.834	64.64	65.8
30.56	88.57	30.56	2019-04-24T03:38:03.391806679Z	66.39	832.557	242	kafka-001	1045.115	65.27	68.46
30.56	88.58	30.56	2019-04-24T03:38:10.405428609Z	72.06	1269.839	243	kafka-001	1057.619	66.52	66.39
30.56	88.6	30.56	2019-04-24T03:38:17.425473171Z	57.75	836.922	243	kafka-001	1052.418	67.34	72.06
30.56	88.61	30.56	2019-04-24T03:38:24.437579659Z	62.01	840.256	244	kafka-001	1049.023	66.53	57.75
30.56	88.62	30.56	2019-04-24T03:38:31.451524107Z	73.22	1282.071	245	kafka-001	1058.792	65.41	62.01
30.56	88.64	30.56	2019-04-24T03:38:38.465225761Z	76.84	838.49	245	kafka-001	1051.78	66.65	73.22
30.56	88.65	30.56	2019-04-24T03:38:45.477978518Z	70.68	1279.873	246	kafka-001	1060.104	68.04	76.84
30.56	88.67	30.56	2019-04-24T03:38:52.493344662Z	70.76	846.281	246	kafka-001	1068.196	68.76	70.68
30.56	88.68	30.56	2019-04-24T03:38:59.508467291Z	72.44	847.368	247	kafka-001	1062.483	68.54	70.76
30.56	88.7	30.56	2019-04-24T03:39:06.524332751Z	67.55	1290.848	247	kafka-001	1076.986	70.99	72.44
30.56	88.71	30.56	2019-04-24T03:39:13.536836243Z	68.89	855.072	248	kafka-001	1071.461	71.91	67.55
30.56	88.73	30.56	2019-04-24T03:39:20.549489674Z	73.55	1300.804	248	kafka-001	1082.044	71.19	68.89
30.56	88.74	30.56	2019-04-24T03:39:27.563684404Z	61.11	857.744	249	kafka-001	1080.537	70.64	73.55
30.56	88.75	30.56	2019-04-24T03:39:34.578291161Z	65.28	855.854	250	kafka-001	1082.522	69.05	61.11
30.56	88.77	30.56	2019-04-24T03:39:41.59595416Z	63.7	1307.408	250	kafka-001	1088.876	68.14	65.28
30.56	88.09	30.56	2019-04-24T03:39:48.607349839Z	75.21	859.483	251	kafka-001	1085.276	66.68	63.7
30.56	88.1	30.56	2019-04-24T03:39:55.620431634Z	70.05	1312.868	251	kafka-001	1101.934	67.96	75.21
30.56	88.12	30.56	2019-04-24T03:40:02.638288917Z	70.6	865.273	252	kafka-001	1091.889	68.15	70.05
30.56	88.14	30.56	2019-04-24T03:40:09.652617847Z	77.6	866.802	252	kafka-001	1093.563	67.66	70.6
30.56	88.15	30.56	2019-04-24T03:40:16.663688173Z	70.71	1320.414	253	kafka-001	1098.284	70.41	77.6
30.56	88.17	30.56	2019-04-24T03:40:23.675093729Z	73.75	871.901	253	kafka-001	1095.205	71.31	70.71
30.56	88.18	30.56	2019-04-24T03:40:30.685188868Z	67.81	1322.414	254	kafka-001	1100.188	72.99	73.75
30.56	88.2	30.56	2019-04-24T03:40:37.695745821Z	66.02	876.608	254	kafka-001	1100.445	71.75	67.81
30.56	88.22	30.56	2019-04-24T03:40:44.709091051Z	71.58	875.157	255	kafka-001	1099.8	71.08	66.02
30.56	88.23	30.56	2019-04-24T03:40:51.720332314Z	70.83	1322.179	256	kafka-001	1110.217	71.24	71.58
30.56	88.25	30.56	2019-04-24T03:40:58.740477352Z	63.76	875.56	256	kafka-001	1107.527	70.12	70.83
30.56	88.27	30.56	2019-04-24T03:41:05.751357124Z	74.18	1344.68	257	kafka-001	1118.848	68.96	63.76
30.57	88.28	30.57	2019-04-24T03:41:12.762925911Z	68.08	884.075	257	kafka-001	1110.301	69.03	74.18
30.57	88.3	30.57	2019-04-24T03:41:19.769669684Z	65.11	879.651	258	kafka-001	1118.833	69.07	68.08
30.57	88.31	30.57	2019-04-24T03:41:26.782967904Z	74.75	1347.951	258	kafka-001	1123.709	68.92	65.11
30.57	88.33	30.57	2019-04-24T03:41:33.793764246Z	71.6	883.54	259	kafka-001	1112.608	69.45	74.75
30.57	88.34	30.57	2019-04-24T03:41:40.808338935Z	75.3	1352.249	259	kafka-001	1120.922	69.58	71.6
30.57	88.36	30.57	2019-04-24T03:41:47.81691638Z	72.41	893.55	260	kafka-001	1122.983	71.5	75.3
30.57	88.38	30.57	2019-04-24T03:41:54.833365325Z	64.46	888.919	260	kafka-001	1121.86	71.21	72.41
30.57	88.39	30.57	2019-04-24T03:42:01.84233748Z	77.7	1351.786	261	kafka-001	1134.139	70.6	64.46
30.56	88.4	30.56	2019-04-24T03:42:08.861291404Z	71.64	897.014	261	kafka-001	1127.923	72.7	77.7
30.56	88.42	30.56	2019-04-24T03:42:15.86935804Z	75.75	1366.413	262	kafka-001	1138.171	72.18	71.64
30.56	88.43	30.56	2019-04-24T03:42:22.884108158Z	65.3	901.283	262	kafka-001	1130.24	72.88	75.75
30.57	88.34	30.57	2019-04-24T03:42:29.891540387Z	70.14	902.88	263	kafka-001	1133.197	71.21	65.3
30.57	88.36	30.57	2019-04-24T03:42:36.904287135Z	72.13	1367.402	263	kafka-001	1136.306	70.83	70.14
30.57	88.38	30.57	2019-04-24T03:42:43.911874851Z	68.57	905.22	264	kafka-001	1136.433	72.11	72.13
30.57	88.39	30.57	2019-04-24T03:42:50.92625615Z	82.92	1373.527	265	kafka-001	1151.392	70.59	68.57
30.57	88.41	30.57	2019-04-24T03:42:57.936138697Z	65.47	910.624	265	kafka-001	1141.731	72.47	82.92
30.57	88.42	30.57	2019-04-24T03:43:04.947264464Z	73.38	908.431	265	kafka-001	1151.207	70.76	65.47
30.57	88.44	30.57	2019-04-24T03:43:11.957620997Z	75.02	1385.829	266	kafka-001	1149.474	72.1	73.38
30.57	88.46	30.57	2019-04-24T03:43:18.968155279Z	74.76	912.312	266	kafka-001	1151.599	72.91	75.02
30.57	88.47	30.57	2019-04-24T03:43:25.978943343Z	83.92	1389.469	267	kafka-001	1159.01	73.35	74.76
30.57	88.49	30.57	2019-04-24T03:43:32.990830633Z	66.35	918.408	267	kafka-001	1153.905	75.91	83.92
30.57	88.5	30.57	2019-04-24T03:43:40.001414799Z	59.87	921.06	268	kafka-001	1155.72	73.15	66.35
30.57	88.52	30.57	2019-04-24T03:43:47.016519442Z	71.39	1395.369	268	kafka-001	1152.991	72.22	59.87
30.57	88.54	30.57	2019-04-24T03:43:54.028729162Z	71.57	922.599	269	kafka-001	1156.419	71.88	71.39
30.57	88.55	30.57	2019-04-24T03:44:01.046066134Z	68.67	1399.091	270	kafka-001	1164.432	71.31	71.57
30.57	88.57	30.57	2019-04-24T03:44:08.057772396Z	72.95	926.167	270	kafka-001	1154.272	70.3	68.67
30.57	88.58	30.57	2019-04-24T03:44:15.070406254Z	75.53	932.866	270	kafka-001	1168.827	68.47	72.95
30.57	88.6	30.57	2019-04-24T03:44:22.081218539Z	72.82	1406.308	271	kafka-001	1161.239	70.0	75.53
30.57	88.62	30.57	2019-04-24T03:44:29.098627831Z	74.91	927.578	271	kafka-001	1162.791	72.15	72.82
30.57	88.63	30.57	2019-04-24T03:44:36.112359782Z	74.69	1415.109	272	kafka-001	1166.014	72.74	74.91
30.57	88.65	30.57	2019-04-24T03:44:43.127375941Z	63.63	938.375	273	kafka-001	1176.229	73.26	74.69
30.57	88.67	30.58	2019-04-24T03:44:50.141779589Z	80.12	1426.492	273	kafka-001	1178.116	72.42	63.63
30.57	88.68	30.57	2019-04-24T03:44:57.154131694Z	68.04	933.175	274	kafka-001	1158.845	73.62	80.12
30.57	88.69	30.57	2019-04-24T03:45:04.165777044Z	72.66	939.381	274	kafka-001	1170.391	72.37	68.04
30.57	88.43	30.57	2019-04-24T03:45:11.182332876Z	81.44	1480.486	275	kafka-001	17715.805	72.34	72.66
30.57	88.01	30.57	2019-04-24T03:45:18.196785546Z	84.53	987.269	275	kafka-001	17833.715	73.43	81.44
30.57	88.65	30.57	2019-04-24T03:45:25.208785217Z	95.34	1495.549	275	kafka-001	27237.353	75.07	84.53
30.57	88.47	30.57	2019-04-24T03:45:32.22181808Z	94.16	1029.128	276	kafka-001	34767.331	80.35	95.34
30.57	88.16	30.57	2019-04-24T03:45:39.240225859Z	84.3	1070.911	277	kafka-001	44049.44	82.69	94.16
30.57	87.84	30.57	2019-04-24T03:45:46.252582668Z	104.27	1549.017	277	kafka-001	43564.959	85.4	84.3
30.57	88.27	30.57	2019-04-24T03:45:53.265024206Z	98.45	1114.076	278	kafka-001	60088.261	90.67	104.27
30.57	88.26	30.57	2019-04-24T03:46:00.280427956Z	113.43	1593.287	278	kafka-001	57186.561	93.51	98.45
30.57	88.62	30.57	2019-04-24T03:46:07.292389451Z	116.11	1145.984	279	kafka-001	71303.518	98.32	113.43
30.57	88.27	30.57	2019-04-24T03:46:14.305131279Z	118.54	1139.134	279	kafka-001	70099.984	101.79	116.11
30.57	87.84	30.57	2019-04-24T03:46:21.321425146Z	118.04	1663.819	280	kafka-001	80776.415	105.85	118.54
30.57	88.74	30.57	2019-04-24T03:46:28.336229057Z	118.09	1172.663	280	kafka-001	79611.036	111.47	118.04
30.57	88.71	30.57	2019-04-24T03:46:35.350504858Z	106.21	1682.406	281	kafka-001	83098.344	113.78	118.09
30.57	88.03	30.57	2019-04-24T03:46:42.361553601Z	121.83	1183.224	281	kafka-001	84282.181	115.07	106.21
30.57	88.7	30.57	2019-04-24T03:46:49.374160447Z	111.85	1189.653	282	kafka-001	85144.774	116.47	121.83
30.57	88.38	30.57	2019-04-24T03:46:56.388013931Z	115.47	1683.065	282	kafka-001	87471.803	115.76	111.85
30.57	88.07	30.57	2019-04-24T03:47:03.401365258Z	120.59	1193.975	282	kafka-001	85786.397	115.25	115.47
30.57	89.11	30.57	2019-04-24T03:47:10.413747665Z	128.04	1720.263	283	kafka-001	99842.64	115.67	120.59
30.57	89.14	30.57	2019-04-24T03:47:17.426893052Z	120.51	1232.364	283	kafka-001	99127.869	117.33	128.04
30.58	88.0	30.58	2019-04-24T03:47:24.44146071Z	121.4	1236.992	284	kafka-001	100057.052	119.72	120.51
30.58	88.99	30.58	2019-04-24T03:47:31.458155745Z	122.02	1710.993	284	kafka-001	97712.574	119.64	121.4
30.58	88.62	30.58	2019-04-24T03:47:38.472648754Z	130.49	1239.104	285	kafka-001	102896.683	121.34	122.02
30.58	88.45	30.58	2019-04-24T03:47:45.48694411Z	123.63	1707.845	285	kafka-001	96904.862	123.84	130.49
30.58	88.22	30.58	2019-04-24T03:47:52.499742128Z	122.52	1249.656	286	kafka-001	102244.957	124.35	123.63
30.57	89.34	30.57	2019-04-24T03:47:59.511804236Z	110.24	1229.364	286	kafka-001	102560.499	123.43	122.52
30.57	88.05	30.57	2019-04-24T03:48:06.521923878Z	121.8	1719.606	286	kafka-001	97597.594	121.72	110.24
30.57	89.16	30.57	2019-04-24T03:48:13.535273001Z	107.51	1242.107	287	kafka-001	102007.499	121.78	121.8
30.57	88.88	30.57	2019-04-24T03:48:20.54952507Z	124.07	1721.953	287	kafka-001	99560.4	119.36	107.51
30.57	88.71	30.57	2019-04-24T03:48:27.56281449Z	123.34	1246.913	288	kafka-001	103771.599	118.3	124.07
30.57	88.8	30.57	2019-04-24T03:48:34.579891409Z	126.18	1245.4	288	kafka-001	100655.238	118.25	123.34
30.58	88.63	30.58	2019-04-24T03:48:41.593571105Z	117.09	1735.98	289	kafka-001	103703.35	118.86	126.18
30.58	88.41	30.58	2019-04-24T03:48:48.60928083Z	120.35	1234.517	289	kafka-001	101074.378	120.0	117.09
30.58	88.91	30.58	2019-04-24T03:48:55.628866825Z	111.91	1732.545	290	kafka-001	104031.042	119.76	120.35
30.58	88.32	30.58	2019-04-24T03:49:02.645147313Z	118.31	1235.145	290	kafka-001	98645.114	120.49	111.91
30.58	89.49	30.58	2019-04-24T03:49:09.664040694Z	112.92	1244.061	291	kafka-001	104001.138	119.53	118.31
30.58	89.28	30.58	2019-04-24T03:49:16.677081337Z	115.42	1723.24	291	kafka-001	100728.588	117.79	112.92
30.58	88.46	30.58	2019-04-24T03:49:23.692337133Z	104.83	1240.789	292	kafka-001	101661.612	116.0	115.42
30.58	89.56	30.58	2019-04-24T03:49:30.702293895Z	112.61	1731.863	292	kafka-001	100859.119	113.96	104.83
30.58	88.45	30.58	2019-04-24T03:49:37.715761129Z	113.11	1255.031	293	kafka-001	103368.985	112.67	112.61
30.58	89.55	30.58	2019-04-24T03:49:44.725903775Z	125.48	1238.973	293	kafka-001	100674.087	112.87	113.11
30.58	89.39	30.58	2019-04-24T03:49:51.739487492Z	126.01	1730.815	294	kafka-001	102222.969	114.06	125.48
30.58	89.2	30.58	2019-04-24T03:49:58.752997977Z	123.43	1235.68	294	kafka-001	100708.424	116.24	126.01
30.58	89.07	30.58	2019-04-24T03:50:05.764624755Z	111.75	1724.953	295	kafka-001	103436.231	117.58	123.43
30.58	89.24	30.58	2019-04-24T03:50:12.779086111Z	119.06	1236.511	295	kafka-001	100809.927	118.73	111.75
30.58	89.04	30.58	2019-04-24T03:50:19.795949723Z	117.96	1242.934	296	kafka-001	99642.884	119.81	119.06
30.58	88.89	30.58	2019-04-24T03:50:26.810919261Z	121.06	1726.885	296	kafka-001	101438.343	120.62	117.96
30.58	88.76	30.58	2019-04-24T03:50:33.828530952Z	115.9	1247.23	297	kafka-001	102401.826	119.88	121.06
30.58	88.56	30.58	2019-04-24T03:50:40.844971391Z	110.07	1725.201	297	kafka-001	99121.406	118.19	115.9
30.58	89.71	30.58	2019-04-24T03:50:47.860179827Z	123.9	1242.85	298	kafka-001	101875.495	115.97	110.07
30.58	88.53	30.58	2019-04-24T03:50:54.874361922Z	117.22	1240.946	298	kafka-001	97361.447	117.99	123.9
30.58	88.72	30.58	2019-04-24T03:51:01.889892802Z	120.26	1729.718	299	kafka-001	101257.474	117.69	117.22
30.58	88.92	30.58	2019-04-24T03:51:08.908849105Z	110.44	1248.31	299	kafka-001	101222.349	118.07	120.26
30.58	88.77	30.58	2019-04-24T03:51:15.920537685Z	118.38	1728.343	299	kafka-001	100118.692	116.3	110.44
30.58	88.86	30.58	2019-04-24T03:51:22.932426599Z	122.01	1246.091	300	kafka-001	101824.43	116.71	118.38
30.58	89.01	30.58	2019-04-24T03:51:29.948769826Z	114.56	1240.045	300	kafka-001	98544.376	118.7	122.01
30.58	89.22	30.58	2019-04-24T03:51:36.960449387Z	123.44	1738.912	301	kafka-001	101263.729	117.15	114.56
30.58	89.15	30.58	2019-04-24T03:51:43.976545083Z	109.49	1252.376	301	kafka-001	102566.158	118.18	123.44
30.58	89.06	30.58	2019-04-24T03:51:50.989947702Z	122.71	1738.357	301	kafka-001	101711.198	116.39	109.49
30.58	88.99	30.58	2019-04-24T03:51:58.00757225Z	108.84	1252.814	301	kafka-001	102580.09	118.43	122.71
30.58	88.96	30.58	2019-04-24T03:52:05.025247161Z	123.17	1252.396	301	kafka-001	102848.451	116.84	108.84
30.58	88.92	30.58	2019-04-24T03:52:12.039311502Z	119.79	1733.546	301	kafka-001	102991.729	117.04	123.17
30.58	88.89	30.58	2019-04-24T03:52:19.058814675Z	109.96	1250.223	301	kafka-001	103882.867	117.91	119.79
30.58	88.87	30.58	2019-04-24T03:52:26.073190662Z	121.51	1730.001	301	kafka-001	102997.686	115.66	109.96
30.58	88.84	30.58	2019-04-24T03:52:33.092058662Z	121.15	1252.346	301	kafka-001	103099.633	117.66	121.51
30.58	88.83	30.58	2019-04-24T03:52:40.110885793Z	117.79	1744.504	301	kafka-001	103439.435	117.4	121.15
30.58	88.79	30.58	2019-04-24T03:52:47.124156314Z	99.26	1250.049	301	kafka-001	100843.341	118.89	117.79
30.58	89.36	30.58	2019-04-24T03:52:54.138529006Z	118.09	1251.614	301	kafka-001	100744.68	114.91	99.26
30.58	89.35	30.58	2019-04-24T03:53:01.152032584Z	124.37	1731.282	301	kafka-001	102750.103	114.63	118.09
