memory_rss%	timestamp	net_receive	container_cpu%	memory_active_anon%	sensor_count	host_moving_avg_cpu	name	host_cpu	net_send	memory%
30.36	2019-04-23T23:48:12.758855299Z	24925363.416	3.19	30.36	2	nan	kafka-001	0	524137.055	89.26
30.36	2019-04-23T23:48:19.769726391Z	43.681	4.58	30.36	7	nan	kafka-001	3.19	42.188	89.14
30.36	2019-04-23T23:48:26.778915953Z	67.324	6.09	30.36	10	nan	kafka-001	4.58	78.519	89.14
30.36	2019-04-23T23:48:33.793073777Z	76.813	6.36	30.36	14	nan	kafka-001	6.09	70.666	89.15
30.36	2019-04-23T23:48:40.805630004Z	94.94	10.31	30.36	17	nan	kafka-001	6.36	114.003	89.15
30.36	2019-04-23T23:48:47.817814132Z	102.149	8.07	30.36	19	5.09	kafka-001	10.31	91.294	89.14
30.36	2019-04-23T23:48:54.829266124Z	112.411	8.95	30.36	22	6.43	kafka-001	8.07	98.024	89.04
30.36	2019-04-23T23:49:01.842521529Z	131.042	10.36	30.36	25	7.39	kafka-001	8.95	155.195	89.04
30.36	2019-04-23T23:49:08.856981802Z	139.171	10.51	30.36	28	8.36	kafka-001	10.36	119.124	89.04
30.36	2019-04-23T23:49:15.869135787Z	154.372	13.49	30.36	30	9.09	kafka-001	10.51	185.883	89.04
30.36	2019-04-23T23:49:22.877760042Z	160.541	10.57	30.36	32	10.28	kafka-001	13.49	136.508	89.05
30.36	2019-04-23T23:49:29.891076385Z	168.765	11.78	30.36	35	10.32	kafka-001	10.57	142.006	89.05
30.36	2019-04-23T23:49:36.900470125Z	181.678	10.97	30.36	37	10.94	kafka-001	11.78	217.433	89.05
30.36	2019-04-23T23:49:43.915008534Z	185.269	11.73	30.36	39	11.28	kafka-001	10.97	156.989	89.05
30.36	2019-04-23T23:49:50.924223596Z	193.686	15.16	30.36	41	11.51	kafka-001	11.73	231.91	89.06
30.36	2019-04-23T23:49:57.935374555Z	201.689	11.02	30.36	43	12.28	kafka-001	15.16	171.019	89.06
30.36	2019-04-23T23:50:04.944729898Z	206.081	13.21	30.36	45	11.87	kafka-001	11.02	175.938	89.06
30.36	2019-04-23T23:50:11.958577143Z	219.988	14.77	30.36	47	12.31	kafka-001	13.21	267.038	89.07
30.36	2019-04-23T23:50:18.967262612Z	228.243	13.64	30.36	49	12.81	kafka-001	14.77	188.88	89.07
30.36	2019-04-23T23:50:25.979104565Z	238.62	18.21	30.36	50	13.26	kafka-001	13.64	286.443	89.08
30.36	2019-04-23T23:50:32.991289354Z	241.153	16.37	30.36	52	14.34	kafka-001	18.21	202.903	89.08
30.36	2019-04-23T23:50:40.006220091Z	251.622	16.32	30.36	54	14.54	kafka-001	16.37	210.627	89.08
30.36	2019-04-23T23:50:47.019317397Z	259.403	16.87	30.36	56	15.42	kafka-001	16.32	315.093	89.09
30.36	2019-04-23T23:50:54.031748448Z	264.533	17.94	30.36	58	16.03	kafka-001	16.87	220.225	89.09
30.36	2019-04-23T23:51:01.042686805Z	276.032	17.12	30.36	59	16.56	kafka-001	17.94	334.46	89.1
30.36	2019-04-23T23:51:08.054812903Z	279.815	17.02	30.36	61	17.14	kafka-001	17.12	230.42	89.1
30.36	2019-04-23T23:51:15.069149449Z	296.038	21.79	30.36	62	16.94	kafka-001	17.02	353.222	89.1
30.36	2019-04-23T23:51:22.08490545Z	294.031	17.38	30.36	64	17.84	kafka-001	21.79	242.736	89.1
30.36	2019-04-23T23:51:29.094406125Z	299.215	16.7	30.36	66	18.02	kafka-001	17.38	244.104	89.1
30.36	2019-04-23T23:51:36.108145215Z	313.164	18.96	30.36	67	17.99	kafka-001	16.7	377.33	89.11
30.36	2019-04-23T23:51:43.117875209Z	316.167	20.94	30.36	69	18.16	kafka-001	18.96	256.844	89.12
30.36	2019-04-23T23:51:50.131845686Z	328.17	20.9	30.36	70	18.8	kafka-001	20.94	390.926	89.12
30.36	2019-04-23T23:51:57.141668344Z	323.517	19.01	30.36	72	19.45	kafka-001	20.9	263.81	89.12
30.36	2019-04-23T23:52:04.155273275Z	330.751	21.42	30.36	73	18.98	kafka-001	19.01	272.032	89.12
30.36	2019-04-23T23:52:11.166688646Z	346.332	22.6	30.36	75	19.66	kafka-001	21.42	415.082	89.14
30.36	2019-04-23T23:52:18.180967668Z	343.979	20.87	30.36	76	20.64	kafka-001	22.6	281.058	89.14
30.36	2019-04-23T23:52:25.196097929Z	352.226	24.57	30.36	77	20.96	kafka-001	20.87	430.262	89.14
30.36	2019-04-23T23:52:32.209602477Z	356.705	19.16	30.36	79	21.56	kafka-001	24.57	289.2	89.15
30.36	2019-04-23T23:52:39.222763338Z	359.943	22.48	30.36	80	21.27	kafka-001	19.16	294.342	89.16
30.36	2019-04-23T23:52:46.235915966Z	369.644	24.85	30.36	82	21.85	kafka-001	22.48	451.184	89.16
30.37	2019-04-23T23:52:53.248775399Z	373.037	22.9	30.37	83	22.42	kafka-001	24.85	306.485	89.16
30.37	2019-04-23T23:53:00.262695279Z	383.982	21.11	30.37	84	22.47	kafka-001	22.9	462.357	89.17
30.37	2019-04-23T23:53:07.280843624Z	384.249	24.52	30.37	86	22.51	kafka-001	21.11	316.028	89.17
30.36	2019-04-23T23:53:14.2937531Z	386.787	25.48	30.36	87	22.5	kafka-001	24.52	314.519	89.18
30.36	2019-04-23T23:53:21.312401554Z	401.51	26.94	30.36	88	23.56	kafka-001	25.48	481.922	89.19
30.36	2019-04-23T23:53:28.324255937Z	394.073	21.84	30.36	89	24.3	kafka-001	26.94	325.624	89.19
30.36	2019-04-23T23:53:35.337485041Z	407.122	27.44	30.36	91	23.8	kafka-001	21.84	491.174	89.2
30.36	2019-04-23T23:53:42.348864733Z	410.711	25.82	30.36	92	24.56	kafka-001	27.44	335.748	89.2
30.36	2019-04-23T23:53:49.360584445Z	415.521	26.54	30.36	93	25.34	kafka-001	25.82	341.058	89.2
30.36	2019-04-23T23:53:56.37240952Z	422.266	25.19	30.36	95	25.68	kafka-001	26.54	512.78	89.21
30.36	2019-04-23T23:54:03.38673215Z	427.829	26.12	30.36	96	25.63	kafka-001	25.19	346.63	89.22
30.37	2019-04-23T23:54:10.400762303Z	437.314	25.95	30.37	97	25.49	kafka-001	26.12	527.74	89.22
30.37	2019-04-23T23:54:17.415571349Z	435.997	27.83	30.37	98	26.18	kafka-001	25.95	357.967	89.23
30.37	2019-04-23T23:54:24.431497433Z	445.523	25.18	30.37	99	26.24	kafka-001	27.83	357.834	89.24
30.37	2019-04-23T23:54:31.443758055Z	453.241	29.95	30.37	100	26.14	kafka-001	25.18	543.448	89.24
30.37	2019-04-23T23:54:38.463032735Z	454.205	24.14	30.37	102	26.7	kafka-001	29.95	363.74	89.24
30.37	2019-04-23T23:54:45.476256858Z	464.923	31.72	30.37	103	26.53	kafka-001	24.14	558.314	89.25
30.37	2019-04-23T23:54:52.488236554Z	466.059	26.9	30.37	104	27.46	kafka-001	31.72	374.502	89.26
30.37	2019-04-23T23:54:59.501121386Z	468.007	29.3	30.37	105	27.62	kafka-001	26.9	377.946	89.27
30.37	2019-04-23T23:55:06.51484244Z	481.058	28.35	30.37	106	27.87	kafka-001	29.3	575.32	89.27
30.36	2019-04-23T23:55:13.526794476Z	476.703	30.19	30.36	107	28.39	kafka-001	28.35	382.812	89.27
30.36	2019-04-23T23:55:20.542923767Z	485.182	29.25	30.36	108	28.43	kafka-001	30.19	584.121	89.28
30.36	2019-04-23T23:55:27.557171874Z	479.751	29.11	30.36	109	29.29	kafka-001	29.25	391.948	89.28
30.36	2019-04-23T23:55:34.57145996Z	482.471	28.6	30.36	111	28.85	kafka-001	29.11	396.044	89.29
30.36	2019-04-23T23:55:41.586743133Z	503.26	31.42	30.36	112	29.13	kafka-001	28.6	603.927	89.3
30.36	2019-04-23T23:55:48.600855137Z	504.28	27.71	30.36	113	29.49	kafka-001	31.42	399.31	89.31
30.36	2019-04-23T23:55:55.612699823Z	510.425	35.11	30.36	114	29.38	kafka-001	27.71	614.571	89.31
30.36	2019-04-23T23:56:02.627961982Z	510.521	29.57	30.36	115	30.2	kafka-001	35.11	408.881	89.32
30.36	2019-04-23T23:56:09.639713785Z	515.851	32.24	30.36	116	30.25	kafka-001	29.57	411.448	89.33
30.36	2019-04-23T23:56:16.652427613Z	528.048	28.38	30.36	117	30.78	kafka-001	32.24	628.644	89.34
30.36	2019-04-23T23:56:23.664701314Z	519.957	32.22	30.36	118	30.74	kafka-001	28.38	417.914	89.34
30.36	2019-04-23T23:56:30.678392322Z	535.57	33.29	30.36	119	30.87	kafka-001	32.22	641.408	89.35
30.36	2019-04-23T23:56:37.691295563Z	531.714	31.38	30.36	120	31.8	kafka-001	33.29	425.535	89.36
30.36	2019-04-23T23:56:44.702907598Z	539.796	31.92	30.36	121	31.18	kafka-001	31.38	433.278	89.37
30.36	2019-04-23T23:56:51.711832262Z	547.344	33.96	30.36	122	31.57	kafka-001	31.92	654.104	89.37
30.36	2019-04-23T23:56:58.724148803Z	540.777	33.68	30.36	123	31.86	kafka-001	33.96	435.644	89.38
30.37	2019-04-23T23:57:05.735807635Z	554.912	38.43	30.37	124	32.74	kafka-001	33.68	669.142	89.39
30.37	2019-04-23T23:57:12.747111458Z	550.851	30.08	30.37	125	33.78	kafka-001	38.43	444.87	89.4
30.37	2019-04-23T23:57:19.758739764Z	556.261	34.59	30.37	126	33.24	kafka-001	30.08	451.151	88.34
30.37	2019-04-23T23:57:26.776006001Z	573.209	35.51	30.37	127	33.78	kafka-001	34.59	675.71	88.35
30.37	2019-04-23T23:57:33.78840399Z	568.398	33.27	30.37	128	34.38	kafka-001	35.51	455.12	88.36
30.37	2019-04-23T23:57:40.802734701Z	572.136	40.98	30.37	129	34.26	kafka-001	33.27	688.704	88.37
30.37	2019-04-23T23:57:47.813763548Z	579.149	34.7	30.37	130	35.48	kafka-001	40.98	463.062	88.38
30.37	2019-04-23T23:57:54.827345739Z	582.967	28.23	30.37	131	34.86	kafka-001	34.7	467.067	88.38
30.37	2019-04-23T23:58:01.840428139Z	593.762	36.63	30.37	132	34.55	kafka-001	28.23	702.816	88.39
30.37	2019-04-23T23:58:08.851736054Z	590.53	33.14	30.37	133	34.89	kafka-001	36.63	471.219	88.4
30.37	2019-04-23T23:58:15.864686705Z	598.653	37.9	30.37	134	34.49	kafka-001	33.14	713.979	88.41
30.37	2019-04-23T23:58:22.875875194Z	593.145	30.69	30.37	135	35.26	kafka-001	37.9	477.984	88.41
30.37	2019-04-23T23:58:29.886961457Z	597.809	33.49	30.37	136	33.55	kafka-001	30.69	481.052	88.42
30.37	2019-04-23T23:58:36.899685622Z	611.988	34.58	30.37	137	33.35	kafka-001	33.49	733.344	88.43
30.37	2019-04-23T23:58:43.914592822Z	603.863	38.46	30.37	138	34.41	kafka-001	34.58	485.32	88.44
30.37	2019-04-23T23:58:50.926933313Z	616.022	40.44	30.37	139	34.71	kafka-001	38.46	740.445	88.45
30.37	2019-04-23T23:58:57.939594887Z	614.592	37.65	30.37	140	35.93	kafka-001	40.44	494.236	88.46
30.37	2019-04-23T23:59:04.953608458Z	619.54	36.59	30.37	141	35.89	kafka-001	37.65	497.69	88.47
30.37	2019-04-23T23:59:11.969938701Z	626.684	36.27	30.37	141	36.87	kafka-001	36.59	752.698	88.47
30.37	2019-04-23T23:59:18.980404816Z	624.237	35.15	30.37	142	37.33	kafka-001	36.27	500.139	88.48
30.37	2019-04-23T23:59:25.995098779Z	628.74	41.17	30.37	143	37.43	kafka-001	35.15	763.537	88.49
30.37	2019-04-23T23:59:33.010384676Z	629.168	40.33	30.37	144	37.88	kafka-001	41.17	506.59	88.5
30.37	2019-04-23T23:59:40.023835922Z	631.649	41.02	30.37	145	37.86	kafka-001	40.33	510.685	88.51
30.37	2019-04-23T23:59:47.035714787Z	638.855	38.57	30.37	146	38.42	kafka-001	41.02	769.946	88.52
30.37	2019-04-23T23:59:54.048104041Z	635.279	36.57	30.37	147	38.75	kafka-001	38.57	510.89	88.53
30.37	2019-04-24T00:00:01.05825348Z	649.719	35.24	30.37	148	38.8	kafka-001	36.57	781.34	88.53
30.37	2019-04-24T00:00:08.072297852Z	647.374	39.65	30.37	148	38.82	kafka-001	35.24	523.06	88.54
30.37	2019-04-24T00:00:15.08689698Z	654.115	42.28	30.37	149	38.56	kafka-001	39.65	793.524	88.55
30.37	2019-04-24T00:00:22.101257539Z	659.486	39.72	30.37	150	38.89	kafka-001	42.28	528.316	88.56
30.37	2019-04-24T00:00:29.116041782Z	666.605	35.29	30.37	151	38.67	kafka-001	39.72	534.835	88.57
30.37	2019-04-24T00:00:36.127153424Z	675.542	38.3	30.37	152	38.13	kafka-001	35.29	812.036	88.58
30.37	2019-04-24T00:00:43.137094709Z	674.477	36.84	30.37	153	38.41	kafka-001	38.3	538.494	88.58
30.37	2019-04-24T00:00:50.151814675Z	683.89	42.95	30.37	154	38.68	kafka-001	36.84	821.627	88.59
30.37	2019-04-24T00:00:57.16853847Z	679.219	42.61	30.37	155	39.23	kafka-001	42.95	546.356	88.6
30.37	2019-04-24T00:01:04.182219675Z	685.199	41.5	30.37	155	39.29	kafka-001	42.61	546.718	88.61
30.37	2019-04-24T00:01:11.196287257Z	693.136	40.31	30.37	156	39.58	kafka-001	41.5	834.258	88.62
30.37	2019-04-24T00:01:18.209702409Z	686.945	33.15	30.37	157	40.42	kafka-001	40.31	549.6	88.63
30.37	2019-04-24T00:01:25.222388129Z	696.404	50.58	30.37	158	39.56	kafka-001	33.15	832.164	88.64
30.37	2019-04-24T00:01:32.238260605Z	686.487	41.34	30.37	159	41.85	kafka-001	50.58	555.186	88.65
30.37	2019-04-24T00:01:39.250075344Z	690.465	42.34	30.37	160	41.58	kafka-001	41.34	554.652	88.66
30.37	2019-04-24T00:01:46.261445Z	699.411	44.97	30.37	160	41.54	kafka-001	42.34	851.334	88.67
30.37	2019-04-24T00:01:53.277360778Z	698.28	42.25	30.37	161	42.12	kafka-001	44.97	561.602	88.68
30.37	2019-04-24T00:02:00.289098221Z	706.918	36.7	30.37	162	42.44	kafka-001	42.25	856.068	88.69
30.37	2019-04-24T00:02:07.296688926Z	711.871	36.68	30.37	163	43.03	kafka-001	36.7	572.294	88.7
30.37	2019-04-24T00:02:14.311435328Z	715.319	43.74	30.37	163	40.71	kafka-001	36.68	572.27	88.71
30.37	2019-04-24T00:02:21.323793383Z	721.41	49.09	30.37	164	41.11	kafka-001	43.74	868.859	88.72
30.37	2019-04-24T00:02:28.335719263Z	722.989	42.64	30.37	165	42.24	kafka-001	49.09	578.83	88.73
30.37	2019-04-24T00:02:35.345222248Z	731.042	43.2	30.37	166	41.85	kafka-001	42.64	871.007	88.74
30.37	2019-04-24T00:02:42.356786901Z	729.639	43.68	30.37	167	42.01	kafka-001	43.2	582.921	88.75
30.37	2019-04-24T00:02:49.373396463Z	731.051	44.66	30.37	167	43.17	kafka-001	43.68	583.585	88.76
30.37	2019-04-24T00:02:56.387599165Z	735.914	45.1	30.37	168	44.5	kafka-001	44.66	882.431	88.77
30.37	2019-04-24T00:03:03.399476418Z	740.049	40.79	30.37	169	44.73	kafka-001	45.1	591.516	88.78
30.37	2019-04-24T00:03:10.412975334Z	746.742	46.35	30.37	170	43.35	kafka-001	40.79	896.716	88.79
30.37	2019-04-24T00:03:17.425161505Z	744.704	47.81	30.37	170	43.96	kafka-001	46.35	595.562	88.8
30.37	2019-04-24T00:03:24.438343156Z	747.126	44.32	30.37	171	44.73	kafka-001	47.81	599.773	88.81
30.37	2019-04-24T00:03:31.452568872Z	758.788	43.56	30.37	172	44.84	kafka-001	44.32	907.61	88.82
30.37	2019-04-24T00:03:38.465912797Z	759.217	42.93	30.37	173	44.66	kafka-001	43.56	599.194	88.83
30.37	2019-04-24T00:03:45.473576641Z	762.716	54.97	30.37	173	44.29	kafka-001	42.93	911.973	88.84
30.38	2019-04-24T00:03:52.485584973Z	754.137	45.95	30.38	174	46.66	kafka-001	54.97	602.336	88.86
30.38	2019-04-24T00:03:59.497219515Z	768.455	40.8	30.38	175	46.59	kafka-001	45.95	613.548	88.87
30.38	2019-04-24T00:04:06.510724382Z	777.248	47.39	30.38	176	45.42	kafka-001	40.8	923.417	88.88
30.38	2019-04-24T00:04:13.521659333Z	772.733	47.26	30.38	176	45.93	kafka-001	47.39	619.129	88.89
30.38	2019-04-24T00:04:20.533637861Z	778.542	44.53	30.38	177	46.55	kafka-001	47.26	933.295	88.9
30.38	2019-04-24T00:04:27.543231187Z	779.054	43.68	30.38	178	46.82	kafka-001	44.53	618.944	88.91
30.38	2019-04-24T00:04:34.555836738Z	780.64	43.25	30.38	178	44.94	kafka-001	43.68	619.858	88.92
30.38	2019-04-24T00:04:41.563289291Z	784.58	41.39	30.38	179	44.49	kafka-001	43.25	933.226	88.93
30.38	2019-04-24T00:04:48.578638694Z	787.115	42.74	30.38	180	44.58	kafka-001	41.39	626.194	88.94
30.37	2019-04-24T00:04:55.589197421Z	794.089	59.19	30.37	181	43.81	kafka-001	42.74	954.216	88.95
30.37	2019-04-24T00:05:02.602643848Z	794.658	44.69	30.37	181	45.8	kafka-001	59.19	630.735	88.96
30.37	2019-04-24T00:05:09.615585741Z	786.057	47.7	30.37	182	45.82	kafka-001	44.69	632.59	88.97
30.37	2019-04-24T00:05:16.626638159Z	791.928	46.29	30.37	183	46.49	kafka-001	47.7	959.182	88.98
30.37	2019-04-24T00:05:23.639103101Z	802.737	48.63	30.37	184	47.0	kafka-001	46.29	640.765	88.99
30.37	2019-04-24T00:05:30.652163899Z	807.81	50.99	30.37	184	48.21	kafka-001	48.63	966.76	89.0
30.37	2019-04-24T00:05:37.66012417Z	804.301	47.95	30.37	185	49.58	kafka-001	50.99	642.432	89.01
30.37	2019-04-24T00:05:44.674479711Z	810.437	50.32	30.37	186	47.71	kafka-001	47.95	640.242	89.03
30.38	2019-04-24T00:05:51.68809336Z	818.722	49.78	30.38	186	48.65	kafka-001	50.32	982.909	89.04
30.38	2019-04-24T00:05:58.702201379Z	811.239	41.96	30.38	187	48.99	kafka-001	49.78	645.231	89.05
30.38	2019-04-24T00:06:05.710311612Z	828.078	52.93	30.38	188	48.27	kafka-001	41.96	990.166	89.06
30.38	2019-04-24T00:06:12.726807544Z	826.287	49.69	30.38	188	48.99	kafka-001	52.93	657.155	89.07
30.38	2019-04-24T00:06:19.739702652Z	825.288	50.19	30.38	189	48.77	kafka-001	49.69	653.543	89.09
30.38	2019-04-24T00:06:26.750353623Z	839.485	43.75	30.38	190	49.15	kafka-001	50.19	997.531	89.1
30.38	2019-04-24T00:06:33.764465181Z	830.999	50.79	30.38	190	48.05	kafka-001	43.75	659.427	89.11
30.38	2019-04-24T00:06:40.784902362Z	836.106	52.47	30.38	191	48.22	kafka-001	50.79	1007.947	89.12
30.38	2019-04-24T00:06:47.804136467Z	833.213	50.53	30.38	192	49.97	kafka-001	52.47	666.454	89.13
30.38	2019-04-24T00:06:54.816247282Z	833.977	46.28	30.38	192	49.57	kafka-001	50.53	666.86	89.14
30.37	2019-04-24T00:07:01.827696572Z	847.254	52.92	30.37	193	49.0	kafka-001	46.28	1018.459	89.15
30.37	2019-04-24T00:07:08.839040355Z	845.814	57.2	30.37	194	49.46	kafka-001	52.92	671.43	89.16
30.37	2019-04-24T00:07:15.854766629Z	854.311	67.97	30.37	195	51.7	kafka-001	57.2	1020.742	89.17
30.37	2019-04-24T00:07:22.870947389Z	853.82	48.48	30.37	195	54.56	kafka-001	67.97	677.574	89.19
30.37	2019-04-24T00:07:29.885028408Z	853.534	43.69	30.37	196	53.9	kafka-001	48.48	678.508	89.2
30.37	2019-04-24T00:07:36.900831622Z	863.97	43.54	30.37	197	52.76	kafka-001	43.69	1036.005	89.21
30.37	2019-04-24T00:07:43.913325148Z	851.527	47.6	30.37	197	52.3	kafka-001	43.54	686.006	89.22
30.38	2019-04-24T00:07:50.928837884Z	867.516	48.18	30.38	198	51.41	kafka-001	47.6	1039.45	89.24
30.38	2019-04-24T00:07:57.942332174Z	855.323	47.35	30.38	199	49.91	kafka-001	48.18	687.376	89.25
30.38	2019-04-24T00:08:04.95672983Z	872.717	49.77	30.38	199	46.47	kafka-001	47.35	694.893	89.26
30.38	2019-04-24T00:08:11.980574793Z	874.438	50.54	30.38	200	46.69	kafka-001	49.77	1043.898	89.27
30.38	2019-04-24T00:08:18.996902478Z	876.479	47.42	30.38	200	47.83	kafka-001	50.54	700.294	89.28
30.38	2019-04-24T00:08:26.012037059Z	882.008	54.75	30.38	201	48.48	kafka-001	47.42	1058.37	89.3
30.38	2019-04-24T00:08:33.027457237Z	872.103	52.21	30.38	202	49.67	kafka-001	54.75	695.914	89.31
30.38	2019-04-24T00:08:40.038205326Z	874.087	46.16	30.38	202	50.34	kafka-001	52.21	706.628	89.32
30.38	2019-04-24T00:08:47.052662863Z	879.222	44.66	30.38	203	50.14	kafka-001	46.16	1050.219	89.33
30.38	2019-04-24T00:08:54.069055516Z	886.969	53.79	30.38	203	49.29	kafka-001	44.66	700.312	89.34
30.38	2019-04-24T00:09:01.083435104Z	890.904	47.82	30.38	204	49.83	kafka-001	53.79	1068.957	89.35
30.38	2019-04-24T00:09:08.094643376Z	883.903	53.44	30.38	204	49.9	kafka-001	47.82	709.427	89.37
30.38	2019-04-24T00:09:15.106670752Z	899.364	56.19	30.38	205	49.68	kafka-001	53.44	1082.594	88.35
30.38	2019-04-24T00:09:22.118491413Z	891.968	54.74	30.38	205	50.34	kafka-001	56.19	702.634	88.36
30.38	2019-04-24T00:09:29.136198059Z	883.73	54.5	30.38	206	51.77	kafka-001	54.74	708.099	88.37
30.38	2019-04-24T00:09:36.148561003Z	899.179	54.98	30.38	207	53.41	kafka-001	54.5	1085.981	88.38
30.38	2019-04-24T00:09:43.160280827Z	901.658	53.81	30.38	207	53.61	kafka-001	54.98	719.158	88.39
30.38	2019-04-24T00:09:50.172562173Z	903.208	54.07	30.38	208	54.61	kafka-001	53.81	1086.207	88.41
30.38	2019-04-24T00:09:57.185000412Z	904.663	43.09	30.38	208	54.72	kafka-001	54.07	724.445	88.43
30.38	2019-04-24T00:10:04.200875512Z	906.065	51.76	30.38	209	52.53	kafka-001	43.09	724.924	88.44
30.38	2019-04-24T00:10:11.214127537Z	916.534	50.36	30.38	209	52.04	kafka-001	51.76	1101.989	88.45
30.38	2019-04-24T00:10:18.229921326Z	908.885	52.14	30.38	210	51.35	kafka-001	50.36	726.902	88.46
30.38	2019-04-24T00:10:25.242590949Z	919.288	53.73	30.38	210	50.87	kafka-001	52.14	1103.65	88.47
30.38	2019-04-24T00:10:32.25648187Z	916.591	54.59	30.38	211	50.86	kafka-001	53.73	727.148	88.49
30.38	2019-04-24T00:10:39.268677174Z	914.106	39.43	30.38	211	50.95	kafka-001	54.59	729.148	88.5
30.38	2019-04-24T00:10:46.283529124Z	921.143	54.7	30.38	212	50.34	kafka-001	39.43	1106.583	88.51
30.38	2019-04-24T00:10:53.298924913Z	917.425	50.08	30.38	212	50.83	kafka-001	54.7	734.748	88.53
30.38	2019-04-24T00:11:00.313857316Z	927.206	57.84	30.38	213	50.78	kafka-001	50.08	1110.632	88.54
30.38	2019-04-24T00:11:07.327315332Z	926.471	48.52	30.38	214	51.73	kafka-001	57.84	741.924	88.55
30.38	2019-04-24T00:11:14.340766009Z	928.471	54.29	30.38	214	50.86	kafka-001	48.52	737.036	88.56
30.38	2019-04-24T00:11:21.351991924Z	935.698	46.52	30.38	215	50.81	kafka-001	54.29	1121.644	88.57
30.38	2019-04-24T00:11:28.365428279Z	934.317	55.97	30.38	215	51.99	kafka-001	46.52	743.746	88.58
30.38	2019-04-24T00:11:35.378788366Z	943.374	52.67	30.38	216	52.2	kafka-001	55.97	1131.263	88.6
30.38	2019-04-24T00:11:42.391615402Z	944.127	58.15	30.38	216	52.64	kafka-001	52.67	749.758	88.61
30.38	2019-04-24T00:11:49.404997277Z	947.053	53.52	30.38	217	52.69	kafka-001	58.15	751.924	88.62
30.38	2019-04-24T00:11:56.419091203Z	948.428	57.56	30.38	217	53.52	kafka-001	53.52	1133.794	88.64
30.38	2019-04-24T00:12:03.429788864Z	948.813	44.58	30.38	218	54.07	kafka-001	57.56	750.986	88.65
30.38	2019-04-24T00:12:10.441195308Z	956.358	61.57	30.38	218	53.74	kafka-001	44.58	1144.508	88.66
30.38	2019-04-24T00:12:17.458037313Z	952.661	52.19	30.38	219	54.68	kafka-001	61.57	758.625	88.68
30.38	2019-04-24T00:12:24.473969205Z	960.715	59.92	30.38	219	54.6	kafka-001	52.19	760.567	88.69
30.38	2019-04-24T00:12:31.484984614Z	962.796	55.1	30.38	220	54.89	kafka-001	59.92	1154.092	88.71
30.38	2019-04-24T00:12:38.502977421Z	959.813	59.86	30.38	220	55.15	kafka-001	55.1	763.132	88.72
30.38	2019-04-24T00:12:45.514828395Z	962.634	58.03	30.38	221	55.54	kafka-001	59.86	1147.826	88.73
30.38	2019-04-24T00:12:52.526691442Z	968.6	58.13	30.38	221	57.78	kafka-001	58.03	766.672	88.74
30.38	2019-04-24T00:12:59.54017804Z	971.254	54.71	30.38	222	57.21	kafka-001	58.13	765.726	88.76
30.39	2019-04-24T00:13:06.552452522Z	979.336	57.27	30.39	223	57.63	kafka-001	54.71	1167.75	88.77
30.39	2019-04-24T00:13:13.566311969Z	973.803	58.72	30.39	223	57.18	kafka-001	57.27	769.396	88.78
30.39	2019-04-24T00:13:20.581526567Z	983.836	61.22	30.39	224	57.79	kafka-001	58.72	1169.594	88.8
30.39	2019-04-24T00:13:27.597095723Z	978.069	52.01	30.39	224	58.01	kafka-001	61.22	774.396	88.81
30.39	2019-04-24T00:13:34.617404937Z	978.113	60.81	30.39	225	57.01	kafka-001	52.01	770.087	88.83
30.39	2019-04-24T00:13:41.630718089Z	981.35	53.44	30.39	225	57.46	kafka-001	60.81	1173.922	88.84
30.39	2019-04-24T00:13:48.645125019Z	982.801	58.28	30.39	226	57.25	kafka-001	53.44	776.983	88.85
30.39	2019-04-24T00:13:55.656840387Z	993.018	56.44	30.39	226	57.41	kafka-001	58.28	1186.403	88.87
30.39	2019-04-24T00:14:02.669110334Z	985.001	57.69	30.39	227	57.03	kafka-001	56.44	778.284	88.88
30.39	2019-04-24T00:14:09.684267465Z	990.723	55.79	30.39	227	56.45	kafka-001	57.69	783.204	88.89
30.39	2019-04-24T00:14:16.698789103Z	992.404	60.33	30.39	228	57.08	kafka-001	55.79	1196.61	88.91
30.39	2019-04-24T00:14:23.710519621Z	986.139	60.55	30.39	228	57.0	kafka-001	60.33	780.246	88.92
30.39	2019-04-24T00:14:30.722640205Z	1004.56	64.03	30.39	229	58.18	kafka-001	60.55	1199.075	88.93
30.39	2019-04-24T00:14:37.734772674Z	999.705	59.89	30.39	229	59.14	kafka-001	64.03	792.746	88.95
30.39	2019-04-24T00:14:44.748381068Z	996.313	60.95	30.39	230	59.71	kafka-001	59.89	792.629	88.96
30.39	2019-04-24T00:14:51.761786073Z	998.997	61.83	30.39	230	60.26	kafka-001	60.95	1201.623	88.98
30.39	2019-04-24T00:14:58.777156547Z	996.508	60.57	30.39	231	61.26	kafka-001	61.83	796.966	88.99
30.39	2019-04-24T00:15:05.785880698Z	1006.261	58.5	30.39	231	61.3	kafka-001	60.57	1210.017	89.0
30.39	2019-04-24T00:15:12.797689004Z	1004.642	61.94	30.39	232	60.96	kafka-001	58.5	800.544	89.02
30.39	2019-04-24T00:15:19.808367203Z	997.541	53.69	30.39	232	60.61	kafka-001	61.94	802.66	89.03
30.39	2019-04-24T00:15:26.822922067Z	999.375	59.29	30.39	233	59.58	kafka-001	53.69	1222.517	89.04
30.39	2019-04-24T00:15:33.833121315Z	1003.658	54.61	30.39	233	59.3	kafka-001	59.29	788.742	89.06
30.39	2019-04-24T00:15:40.844838734Z	1012.943	62.74	30.39	234	58.1	kafka-001	54.61	1210.207	89.08
30.39	2019-04-24T00:15:47.852935834Z	1012.724	59.64	30.39	235	58.46	kafka-001	62.74	814.358	89.09
30.39	2019-04-24T00:15:54.864523606Z	1008.222	58.27	30.39	235	58.65	kafka-001	59.64	799.922	89.1
30.39	2019-04-24T00:16:01.875394698Z	1022.467	57.32	30.39	236	58.04	kafka-001	58.27	1233.086	89.12
30.39	2019-04-24T00:16:08.888170364Z	1021.061	61.14	30.39	236	58.65	kafka-001	57.32	815.409	89.13
30.39	2019-04-24T00:16:15.896014063Z	1024.98	54.83	30.39	237	58.95	kafka-001	61.14	1232.493	89.14
30.39	2019-04-24T00:16:22.906987717Z	1025.805	67.78	30.39	237	58.99	kafka-001	54.83	818.028	89.16
30.39	2019-04-24T00:16:29.917067713Z	1032.221	67.77	30.39	238	59.83	kafka-001	67.78	819.994	89.17
30.39	2019-04-24T00:16:36.9305888Z	1034.898	62.6	30.39	238	61.19	kafka-001	67.77	1244.319	89.19
30.39	2019-04-24T00:16:43.940115682Z	1030.123	60.23	30.39	239	61.91	kafka-001	62.6	816.078	89.2
30.39	2019-04-24T00:16:50.952710594Z	1040.196	56.24	30.39	239	62.39	kafka-001	60.23	1248.472	89.22
30.39	2019-04-24T00:16:57.960474561Z	1030.796	55.43	30.39	240	61.58	kafka-001	56.24	825.025	89.23
30.39	2019-04-24T00:17:04.973557066Z	1031.44	56.8	30.39	240	61.68	kafka-001	55.43	825.01	89.24
30.39	2019-04-24T00:17:11.983857653Z	1041.29	58.39	30.39	240	59.85	kafka-001	56.8	1248.205	89.26
30.39	2019-04-24T00:17:18.994855571Z	1037.943	62.29	30.39	241	58.28	kafka-001	58.39	827.69	89.27
30.39	2019-04-24T00:17:26.007307423Z	1038.47	65.92	30.39	241	58.23	kafka-001	62.29	1249.994	89.29
30.39	2019-04-24T00:17:33.020575207Z	1033.023	52.59	30.39	242	59.18	kafka-001	65.92	829.64	88.3
30.39	2019-04-24T00:17:40.030093014Z	1033.914	56.3	30.39	242	58.57	kafka-001	52.59	823.257	88.32
30.39	2019-04-24T00:17:47.041625125Z	1048.867	61.71	30.39	243	58.72	kafka-001	56.3	1259.116	88.33
30.39	2019-04-24T00:17:54.055335093Z	1045.731	62.48	30.39	243	59.53	kafka-001	61.71	838.582	88.34
30.39	2019-04-24T00:18:01.066630352Z	1060.108	61.72	30.39	244	60.22	kafka-001	62.48	1279.699	88.36
30.39	2019-04-24T00:18:08.081151283Z	1054.565	62.66	30.39	244	60.12	kafka-001	61.72	845.528	88.37
30.39	2019-04-24T00:18:15.093191917Z	1061.794	61.9	30.39	245	59.58	kafka-001	62.66	1282.2	88.39
30.39	2019-04-24T00:18:22.103203232Z	1048.865	57.92	30.39	245	61.13	kafka-001	61.9	841.38	88.4
30.39	2019-04-24T00:18:29.114223643Z	1059.539	62.18	30.39	246	61.4	kafka-001	57.92	847.06	88.42
30.39	2019-04-24T00:18:36.122303806Z	1064.008	66.4	30.39	246	61.48	kafka-001	62.18	1286.766	88.43
30.39	2019-04-24T00:18:43.134694515Z	1062.623	59.67	30.39	246	62.13	kafka-001	66.4	848.745	88.45
30.39	2019-04-24T00:18:50.146163027Z	1062.71	64.61	30.39	247	61.79	kafka-001	59.67	1281.762	88.46
30.39	2019-04-24T00:18:57.159715596Z	1059.703	55.41	30.39	247	62.11	kafka-001	64.61	852.146	88.48
30.39	2019-04-24T00:19:04.169224614Z	1068.468	58.73	30.39	248	61.03	kafka-001	55.41	849.14	88.49
30.39	2019-04-24T00:19:11.179183355Z	1076.047	65.24	30.39	248	61.17	kafka-001	58.73	1291.333	88.51
30.39	2019-04-24T00:19:18.188426421Z	1074.049	63.19	30.39	249	61.68	kafka-001	65.24	859.079	88.52
30.39	2019-04-24T00:19:25.20023028Z	1079.59	70.96	30.39	249	61.14	kafka-001	63.19	1300.876	88.54
30.39	2019-04-24T00:19:32.212481408Z	1071.673	63.81	30.39	250	63.02	kafka-001	70.96	857.3	88.55
30.39	2019-04-24T00:19:39.227573095Z	1076.877	59.17	30.39	250	62.89	kafka-001	63.81	859.158	88.57
30.39	2019-04-24T00:19:46.239925723Z	1090.804	63.95	30.39	251	63.52	kafka-001	59.17	1309.802	88.58
30.39	2019-04-24T00:19:53.253055696Z	1075.414	66.41	30.39	251	64.39	kafka-001	63.95	862.294	88.6
30.39	2019-04-24T00:20:00.265142841Z	1098.704	67.55	30.39	252	64.58	kafka-001	66.41	1310.482	88.61
30.4	2019-04-24T00:20:07.279774433Z	1091.552	66.23	30.4	252	65.31	kafka-001	67.55	867.089	88.63
30.4	2019-04-24T00:20:14.295374938Z	1096.247	69.39	30.4	253	64.52	kafka-001	66.23	866.454	88.64
30.4	2019-04-24T00:20:21.316116666Z	1100.194	72.2	30.4	253	65.45	kafka-001	69.39	1315.282	88.66
30.4	2019-04-24T00:20:28.327131765Z	1103.931	71.94	30.4	254	67.62	kafka-001	72.2	875.065	88.67
30.4	2019-04-24T00:20:35.3390431Z	1097.336	66.14	30.4	254	68.95	kafka-001	71.94	1324.969	88.69
30.4	2019-04-24T00:20:42.353732108Z	1100.999	67.31	30.4	255	68.91	kafka-001	66.14	877.884	88.7
30.4	2019-04-24T00:20:49.368366092Z	1102.561	60.58	30.4	255	68.87	kafka-001	67.31	879.19	88.72
30.4	2019-04-24T00:20:56.379907141Z	1116.341	67.72	30.4	256	67.93	kafka-001	60.58	1333.209	88.74
30.4	2019-04-24T00:21:03.396679686Z	1103.438	63.96	30.4	256	67.65	kafka-001	67.72	877.126	88.75
30.4	2019-04-24T00:21:10.409728792Z	1114.508	67.13	30.4	257	66.28	kafka-001	63.96	1339.941	88.76
30.4	2019-04-24T00:21:17.421287925Z	1113.141	64.89	30.4	257	65.47	kafka-001	67.13	884.082	88.78
30.4	2019-04-24T00:21:24.444044905Z	1116.541	58.42	30.4	258	65.27	kafka-001	64.89	887.085	88.8
30.4	2019-04-24T00:21:31.458898866Z	1121.604	68.54	30.4	258	63.78	kafka-001	58.42	1347.111	88.81
30.4	2019-04-24T00:21:38.47654651Z	1119.763	59.08	30.4	259	65.11	kafka-001	68.54	885.447	88.83
30.4	2019-04-24T00:21:45.490596598Z	1105.444	66.82	30.4	259	63.67	kafka-001	59.08	1344.602	88.84
30.4	2019-04-24T00:21:52.502506508Z	1116.887	65.57	30.4	260	64.15	kafka-001	66.82	895.674	88.86
30.4	2019-04-24T00:21:59.517393816Z	1123.655	64.21	30.4	260	63.89	kafka-001	65.57	892.316	88.87
30.4	2019-04-24T00:22:06.530396195Z	1122.834	68.11	30.4	261	63.77	kafka-001	64.21	1358.98	88.89
30.4	2019-04-24T00:22:13.542846827Z	1121.439	61.37	30.4	261	65.39	kafka-001	68.11	888.835	88.9
30.4	2019-04-24T00:22:20.557376378Z	1137.694	72.0	30.4	262	64.19	kafka-001	61.37	1363.834	88.92
30.4	2019-04-24T00:22:27.570204892Z	1131.491	62.85	30.4	262	66.35	kafka-001	72.0	900.819	88.93
30.4	2019-04-24T00:22:34.583343656Z	1126.815	68.8	30.4	262	65.69	kafka-001	62.85	901.438	88.95
30.4	2019-04-24T00:22:41.593340848Z	1142.056	56.93	30.4	263	66.22	kafka-001	68.8	1363.982	88.97
30.4	2019-04-24T00:22:48.60689097Z	1140.885	64.02	30.4	263	65.01	kafka-001	56.93	906.082	88.98
30.4	2019-04-24T00:22:55.61783226Z	1148.554	67.47	30.4	264	64.33	kafka-001	64.02	1371.593	88.99
30.4	2019-04-24T00:23:02.630524Z	1140.766	66.38	30.4	264	65.35	kafka-001	67.47	907.874	89.01
30.4	2019-04-24T00:23:09.642703068Z	1142.126	65.74	30.4	265	64.41	kafka-001	66.38	910.092	89.03
30.4	2019-04-24T00:23:16.653826467Z	1138.855	68.0	30.4	265	64.89	kafka-001	65.74	1382.911	89.05
30.4	2019-04-24T00:23:23.672019213Z	1139.106	61.56	30.4	266	64.76	kafka-001	68.0	911.026	89.06
30.4	2019-04-24T00:23:30.690669263Z	1147.122	69.2	30.4	266	65.53	kafka-001	61.56	1383.52	89.08
30.4	2019-04-24T00:23:37.705434448Z	1144.213	67.56	30.4	267	66.39	kafka-001	69.2	911.948	89.09
30.4	2019-04-24T00:23:44.717764485Z	1146.386	76.68	30.4	267	66.41	kafka-001	67.56	914.724	89.11
30.4	2019-04-24T00:23:51.731135808Z	1160.835	70.25	30.4	268	68.12	kafka-001	76.68	1400.641	89.12
30.4	2019-04-24T00:23:58.747047169Z	1161.169	68.27	30.4	268	68.88	kafka-001	70.25	917.433	89.14
30.4	2019-04-24T00:24:05.761989828Z	1164.921	67.15	30.4	268	68.92	kafka-001	68.27	1395.558	89.15
30.4	2019-04-24T00:24:12.777981486Z	1164.294	69.14	30.4	269	69.85	kafka-001	67.15	921.676	89.17
30.43	2019-04-24T00:24:19.792416157Z	1164.481	58.76	30.43	269	69.84	kafka-001	69.14	925.241	89.21
30.43	2019-04-24T00:24:26.805316469Z	1177.68	68.57	30.43	270	68.38	kafka-001	58.76	1401.221	89.23
30.43	2019-04-24T00:24:33.816494885Z	1170.075	58.27	30.43	270	67.02	kafka-001	68.57	943.653	89.25
30.43	2019-04-24T00:24:40.83037641Z	1175.41	72.41	30.43	271	65.03	kafka-001	58.27	1391.358	89.26
30.43	2019-04-24T00:24:47.845464086Z	1175.297	67.65	30.43	271	65.72	kafka-001	72.41	933.032	89.28
30.43	2019-04-24T00:24:54.857704021Z	1167.755	73.38	30.43	272	65.8	kafka-001	67.65	925.729	88.32
30.43	2019-04-24T00:25:01.872096103Z	1182.798	65.45	30.43	272	66.51	kafka-001	73.38	1419.359	88.34
30.43	2019-04-24T00:25:08.884205117Z	1179.367	66.89	30.43	273	67.62	kafka-001	65.45	939.055	88.35
30.43	2019-04-24T00:25:15.896046713Z	1188.184	65.81	30.43	273	67.34	kafka-001	66.89	1418.621	88.37
30.43	2019-04-24T00:25:22.907171642Z	1179.229	51.65	30.43	273	68.6	kafka-001	65.81	937.484	88.39
30.43	2019-04-24T00:25:29.918670623Z	1180.411	54.61	30.43	274	65.14	kafka-001	51.65	939.692	88.4
30.43	2019-04-24T00:25:36.936227483Z	10916.476	79.78	30.43	274	62.97	kafka-001	54.61	1467.253	88.65
30.43	2019-04-24T00:25:43.951034236Z	18042.934	71.06	30.43	275	64.03	kafka-001	79.78	987.285	89.07
30.43	2019-04-24T00:25:50.963827592Z	23660.392	80.09	30.43	275	64.97	kafka-001	71.06	1488.356	88.66
30.43	2019-04-24T00:25:57.973637784Z	33904.515	55.94	30.43	276	67.17	kafka-001	80.09	1035.569	88.5
30.43	2019-04-24T00:26:04.987119211Z	31890.04	88.85	30.43	276	65.52	kafka-001	55.94	1027.307	89.25
30.43	2019-04-24T00:26:12.004323626Z	45693.946	88.42	30.43	277	71.72	kafka-001	88.85	1555.726	89.26
30.43	2019-04-24T00:26:19.017131445Z	46884.909	85.72	30.43	277	77.36	kafka-001	88.42	1064.87	88.11
30.43	2019-04-24T00:26:26.026753026Z	57548.225	97.15	30.43	278	78.35	kafka-001	85.72	1589.875	88.52
30.43	2019-04-24T00:26:33.044029578Z	59009.087	100.92	30.43	278	82.7	kafka-001	97.15	1105.903	88.91
30.43	2019-04-24T00:26:40.060752925Z	64154.979	88.04	30.43	278	86.17	kafka-001	100.92	1338.304	88.46
30.43	2019-04-24T00:26:47.074944402Z	72376.134	105.08	30.43	279	91.52	kafka-001	88.04	1430.194	89.23
30.43	2019-04-24T00:26:54.092498836Z	75385.972	85.61	30.43	279	94.22	kafka-001	105.08	1166.539	89.12
30.43	2019-04-24T00:27:01.109995096Z	81314.094	104.78	30.43	280	93.75	kafka-001	85.61	1661.164	89.18
30.43	2019-04-24T00:27:08.124020112Z	79050.289	84.76	30.43	280	96.93	kafka-001	104.78	1178.408	89.16
30.43	2019-04-24T00:27:15.138624915Z	87894.028	108.56	30.43	281	94.87	kafka-001	84.76	1692.524	88.41
30.43	2019-04-24T00:27:22.153316304Z	86460.901	103.52	30.43	281	96.14	kafka-001	108.56	1193.338	88.58
30.43	2019-04-24T00:27:29.163254191Z	84701.011	94.9	30.43	281	98.72	kafka-001	103.52	1197.273	88.71
30.43	2019-04-24T00:27:36.174573116Z	85189.254	102.61	30.43	282	97.02	kafka-001	94.9	1676.03	88.86
30.43	2019-04-24T00:27:43.188439202Z	98324.72	117.7	30.43	282	99.86	kafka-001	102.61	1233.381	88.38
30.43	2019-04-24T00:27:50.20280428Z	100312.357	111.59	30.43	283	102.01	kafka-001	117.7	1720.294	88.91
30.43	2019-04-24T00:27:57.214618993Z	96608.495	100.26	30.43	283	106.48	kafka-001	111.59	1219.565	88.41
30.43	2019-04-24T00:28:04.228360082Z	96452.791	105.48	30.43	284	105.1	kafka-001	100.26	1238.317	88.85
30.43	2019-04-24T00:28:11.242367335Z	101721.188	111.86	30.43	284	105.42	kafka-001	105.48	1713.775	88.48
30.43	2019-04-24T00:28:18.255617456Z	101307.548	111.28	30.43	284	108.25	kafka-001	111.86	1236.934	89.04
30.43	2019-04-24T00:28:25.272987544Z	102321.879	112.77	30.43	285	109.7	kafka-001	111.28	1728.879	88.6
30.43	2019-04-24T00:28:32.291364654Z	93578.654	104.27	30.43	285	108.87	kafka-001	112.77	1224.386	88.99
30.43	2019-04-24T00:28:39.306221926Z	104001.074	109.22	30.43	286	107.65	kafka-001	104.27	1242.641	88.71
30.43	2019-04-24T00:28:46.315558083Z	101242.962	103.36	30.43	286	109.15	kafka-001	109.22	1724.561	89.07
30.43	2019-04-24T00:28:53.328883163Z	99451.298	98.05	30.43	286	108.79	kafka-001	103.36	1227.75	88.69
30.43	2019-04-24T00:29:00.339847377Z	101445.445	110.93	30.43	287	106.49	kafka-001	98.05	1730.531	89.29
30.43	2019-04-24T00:29:07.349934024Z	94095.668	110.32	30.43	287	106.43	kafka-001	110.93	1221.045	88.79
30.43	2019-04-24T00:29:14.358510803Z	103088.5	105.27	30.43	288	106.03	kafka-001	110.32	1235.334	88.51
30.43	2019-04-24T00:29:21.371179361Z	98715.162	115.26	30.43	288	106.19	kafka-001	105.27	1725.139	89.03
30.43	2019-04-24T00:29:28.38592809Z	101247.499	109.12	30.43	288	107.2	kafka-001	115.26	1234.124	88.71
30.43	2019-04-24T00:29:35.397705176Z	100628.37	114.55	30.43	289	108.16	kafka-001	109.12	1716.109	89.28
30.43	2019-04-24T00:29:42.41473131Z	99024.777	97.07	30.43	289	110.91	kafka-001	114.55	1235.108	88.9
30.43	2019-04-24T00:29:49.425354492Z	94480.45	115.81	30.43	290	108.6	kafka-001	97.07	1224.92	88.41
30.43	2019-04-24T00:29:56.440006236Z	101828.62	111.99	30.43	290	109.51	kafka-001	115.81	1724.906	89.01
30.43	2019-04-24T00:30:03.453276254Z	102300.579	110.45	30.43	290	110.63	kafka-001	111.99	1238.311	88.7
30.43	2019-04-24T00:30:10.466626651Z	101655.315	92.57	30.43	291	109.83	kafka-001	110.45	1726.218	89.31
30.43	2019-04-24T00:30:17.478528896Z	99355.859	110.58	30.43	291	107.07	kafka-001	92.57	1230.201	88.93
30.43	2019-04-24T00:30:24.489834773Z	102843.091	101.3	30.43	292	106.41	kafka-001	110.58	1239.685	88.64
30.43	2019-04-24T00:30:31.500128639Z	98138.964	117.04	30.43	292	107.12	kafka-001	101.3	1720.058	89.16
30.43	2019-04-24T00:30:38.509437944Z	94439.414	110.97	30.43	293	107.32	kafka-001	117.04	1227.912	88.67
30.43	2019-04-24T00:30:45.521171012Z	103930.998	119.21	30.43	293	107.15	kafka-001	110.97	1723.564	89.31
30.43	2019-04-24T00:30:52.532313216Z	100950.526	111.98	30.43	293	108.61	kafka-001	119.21	1238.158	88.97
30.43	2019-04-24T00:30:59.545449904Z	102775.724	100.66	30.43	294	111.85	kafka-001	111.98	1245.677	88.66
30.43	2019-04-24T00:31:06.603294137Z	100281.818	104.8	30.43	294	110.19	kafka-001	100.66	1720.916	89.24
30.44	2019-04-24T00:31:13.618516182Z	103178.879	113.94	30.44	295	110.78	kafka-001	104.8	1246.853	88.96
30.44	2019-04-24T00:31:20.625909071Z	102495.909	113.07	30.44	295	110.26	kafka-001	113.94	1726.009	88.66
30.44	2019-04-24T00:31:27.638538257Z	100324.183	103.89	30.44	295	110.61	kafka-001	113.07	1232.544	89.23
30.44	2019-04-24T00:31:34.650007915Z	102920.064	113.6	30.44	296	108.06	kafka-001	103.89	1237.894	88.94
30.44	2019-04-24T00:31:41.663535778Z	102298.551	98.86	30.44	296	108.33	kafka-001	113.6	1726.37	88.64
30.44	2019-04-24T00:31:48.671019088Z	101052.117	114.31	30.44	296	108.03	kafka-001	98.86	1239.047	89.23
30.44	2019-04-24T00:31:55.681447207Z	99429.577	124.44	30.44	297	109.61	kafka-001	114.31	1726.173	88.85
30.44	2019-04-24T00:32:02.691694931Z	100204.202	113.5	30.44	297	111.36	kafka-001	124.44	1235.246	88.49
30.44	2019-04-24T00:32:09.703362849Z	102550.693	108.33	30.44	298	111.43	kafka-001	113.5	1247.759	89.12
30.44	2019-04-24T00:32:16.717748501Z	103295.169	121.17	30.44	298	112.17	kafka-001	108.33	1737.636	88.83
30.44	2019-04-24T00:32:23.737083583Z	101608.011	110.33	30.44	298	113.44	kafka-001	121.17	1235.465	89.32
30.44	2019-04-24T00:32:30.748468838Z	103337.768	121.32	30.44	299	115.35	kafka-001	110.33	1729.297	89.04
30.44	2019-04-24T00:32:37.760372217Z	99669.793	105.79	30.44	299	116.52	kafka-001	121.32	1241.307	88.12
30.44	2019-04-24T00:32:44.777549861Z	99939.782	120.8	30.44	300	113.41	kafka-001	105.79	1250.185	89.14
30.44	2019-04-24T00:32:51.792912462Z	101499.894	106.19	30.44	300	114.62	kafka-001	120.8	1725.476	88.8
30.44	2019-04-24T00:32:58.803782028Z	99931.195	117.67	30.44	300	114.27	kafka-001	106.19	1240.865	88.43
30.44	2019-04-24T00:33:05.820431805Z	102557.298	104.66	30.44	301	113.68	kafka-001	117.67	1742.406	89.05
30.44	2019-04-24T00:33:12.832523223Z	101668.501	113.53	30.44	301	112.74	kafka-001	104.66	1246.582	88.73
30.44	2019-04-24T00:33:19.845832233Z	102939.629	114.95	30.44	301	111.44	kafka-001	113.53	1252.385	88.44
30.44	2019-04-24T00:33:26.861854581Z	104082.039	114.97	30.44	301	112.97	kafka-001	114.95	1743.017	89.09
30.44	2019-04-24T00:33:33.876415712Z	100977.113	103.09	30.44	301	112.0	kafka-001	114.97	1236.948	88.72
30.44	2019-04-24T00:33:40.887870333Z	97147.109	124.96	30.44	301	111.48	kafka-001	103.09	1733.438	89.25
30.44	2019-04-24T00:33:47.900739598Z	104100.273	109.93	30.44	301	112.69	kafka-001	124.96	1254.299	88.99
30.44	2019-04-24T00:33:54.917252489Z	99507.516	117.46	30.44	301	113.57	kafka-001	109.93	1249.736	88.61
30.44	2019-04-24T00:34:01.932094853Z	98872.598	109.37	30.44	301	114.23	kafka-001	117.46	1734.248	89.15
30.44	2019-04-24T00:34:08.947497026Z	104731.834	120.16	30.44	301	113.3	kafka-001	109.37	1254.588	88.9
30.44	2019-04-24T00:34:15.962466594Z	103283.788	105.28	30.44	301	114.16	kafka-001	120.16	1742.053	88.64
30.44	2019-04-24T00:34:22.976081689Z	103108.577	113.52	30.44	301	114.53	kafka-001	105.28	1252.044	89.27
