memory%	host_moving_avg_cpu	sensor_count	memory_active_anon%	net_send	memory_rss%	timestamp	net_receive	name	container_cpu%	host_cpu
88.1	nan	2	30.59	806226.794	30.59	2019-04-24T18:11:31.773195525Z	33180104.597	kafka-001	2.42	0
88.1	nan	7	30.59	16.031	30.59	2019-04-24T18:11:38.787378172Z	27.033	kafka-001	3.86	2.42
88.1	nan	11	30.59	48.688	30.59	2019-04-24T18:11:45.800761425Z	49.2	kafka-001	7.65	3.86
88.1	nan	15	30.59	45.38	30.59	2019-04-24T18:11:52.816196008Z	65.403	kafka-001	5.71	7.65
88.11	nan	19	30.59	58.145	30.59	2019-04-24T18:11:59.831937065Z	82.257	kafka-001	7.3	5.71
88.11	4.49	23	30.59	107.846	30.59	2019-04-24T18:12:06.846302077Z	99.866	kafka-001	8.1	7.3
88.11	5.84	27	30.59	85.27	30.59	2019-04-24T18:12:13.859417546Z	115.723	kafka-001	9.43	8.1
88.11	7.01	31	30.59	149.034	30.59	2019-04-24T18:12:20.874479878Z	133.538	kafka-001	12.54	9.43
88.11	8.46	34	30.59	110.206	30.59	2019-04-24T18:12:27.886941715Z	144.801	kafka-001	11.51	12.54
88.12	9.1	37	30.59	119.022	30.59	2019-04-24T18:12:34.902501884Z	160.165	kafka-001	11.21	11.51
88.12	10.01	41	30.59	198.392	30.59	2019-04-24T18:12:41.917146802Z	173.636	kafka-001	12.49	11.21
88.12	10.88	44	30.59	141.75	30.59	2019-04-24T18:12:48.933336231Z	186.273	kafka-001	12.84	12.49
88.13	11.67	47	30.59	234.97	30.59	2019-04-24T18:12:55.945969537Z	201.972	kafka-001	18.01	12.84
88.13	13.1	50	30.59	162.794	30.59	2019-04-24T18:13:02.958174518Z	210.669	kafka-001	12.59	18.01
88.13	13.11	53	30.59	172.652	30.59	2019-04-24T18:13:09.969534748Z	226.577	kafka-001	16.81	12.59
88.13	13.99	56	30.59	276.33	30.59	2019-04-24T18:13:16.981044937Z	238.147	kafka-001	16.3	16.81
88.14	14.84	59	30.59	192.548	30.59	2019-04-24T18:13:23.99525778Z	253.252	kafka-001	18.99	16.3
88.14	15.92	62	30.59	307.757	30.59	2019-04-24T18:13:31.008295429Z	266.36	kafka-001	21.65	18.99
88.15	17.39	65	30.59	212.78	30.59	2019-04-24T18:13:38.01904466Z	275.145	kafka-001	20.71	21.65
88.15	17.84	67	30.59	222.571	30.59	2019-04-24T18:13:45.028929993Z	288.136	kafka-001	20.47	20.71
88.16	19.16	70	30.59	347.401	30.59	2019-04-24T18:13:52.061100143Z	296.957	kafka-001	21.39	20.47
88.16	19.92	72	30.59	237.332	30.59	2019-04-24T18:13:59.071434803Z	309.947	kafka-001	22.6	21.39
88.16	20.97	75	30.59	374.79	30.59	2019-04-24T18:14:06.08402854Z	318.142	kafka-001	24.29	22.6
88.17	21.85	77	30.59	253.968	30.59	2019-04-24T18:14:13.098297812Z	328.451	kafka-001	22.15	24.29
88.17	21.94	80	30.59	401.609	30.59	2019-04-24T18:14:20.112016743Z	340.76	kafka-001	24.68	22.15
88.18	22.6	82	30.59	270.69	30.59	2019-04-24T18:14:27.125241624Z	348.677	kafka-001	23.14	24.68
88.18	23.04	84	30.59	276.382	30.59	2019-04-24T18:14:34.136312287Z	361.805	kafka-001	22.9	23.14
88.19	23.29	87	30.59	436.574	30.59	2019-04-24T18:14:41.144967269Z	371.341	kafka-001	25.59	22.9
88.19	23.79	89	30.59	294.38	30.59	2019-04-24T18:14:48.159001278Z	376.818	kafka-001	25.74	25.59
88.2	24.03	91	30.59	457.104	30.59	2019-04-24T18:14:55.171067214Z	388.031	kafka-001	28.92	25.74
88.2	25.16	93	30.59	307.96	30.59	2019-04-24T18:15:02.183344188Z	396.826	kafka-001	25.31	28.92
88.21	25.27	96	30.59	314.47	30.59	2019-04-24T18:15:09.199032098Z	405.407	kafka-001	27.08	25.31
88.22	25.92	98	30.59	491.08	30.59	2019-04-24T18:15:16.213890973Z	415.584	kafka-001	28.1	27.08
88.22	26.79	100	30.59	330.944	30.59	2019-04-24T18:15:23.223824529Z	424.611	kafka-001	29.73	28.1
88.23	27.48	102	30.59	515.2	30.59	2019-04-24T18:15:30.235295304Z	436.698	kafka-001	31.12	29.73
88.23	28.38	104	30.59	344.899	30.59	2019-04-24T18:15:37.242930449Z	438.883	kafka-001	28.12	31.12
88.24	28.24	107	30.59	348.808	30.59	2019-04-24T18:15:44.254445103Z	448.723	kafka-001	30.21	28.12
88.24	29.06	109	30.59	547.714	30.59	2019-04-24T18:15:51.262142362Z	464.304	kafka-001	31.23	30.21
88.25	29.75	111	30.59	368.115	30.59	2019-04-24T18:15:58.274856566Z	474.751	kafka-001	31.88	31.23
88.26	30.38	113	30.59	568.533	30.59	2019-04-24T18:16:05.284565126Z	486.786	kafka-001	33.65	31.88
88.26	31.04	115	30.59	381.554	30.59	2019-04-24T18:16:12.297557422Z	492.929	kafka-001	33.21	33.65
88.27	31.38	117	30.59	387.41	30.59	2019-04-24T18:16:19.307025422Z	498.859	kafka-001	34.03	33.21
88.28	32.37	119	30.59	600.024	30.59	2019-04-24T18:16:26.319712784Z	504.961	kafka-001	35.83	34.03
88.29	33.31	121	30.59	397.616	30.59	2019-04-24T18:16:33.329725842Z	512.398	kafka-001	33.77	35.83
88.3	33.73	123	30.59	621.217	30.59	2019-04-24T18:16:40.344600739Z	527.88	kafka-001	36.94	33.77
88.3	34.57	125	30.59	413.924	30.59	2019-04-24T18:16:47.352425897Z	532.121	kafka-001	36.43	36.94
88.31	35.04	127	30.59	419.366	30.59	2019-04-24T18:16:54.365694476Z	539.333	kafka-001	37.15	36.43
88.32	35.69	128	30.59	643.518	30.59	2019-04-24T18:17:01.374555551Z	549.516	kafka-001	38.05	37.15
88.35	36.36	130	30.62	433.513	30.62	2019-04-24T18:17:08.386615703Z	556.051	kafka-001	34.54	38.05
88.36	36.15	132	30.62	665.809	30.62	2019-04-24T18:17:15.3992896Z	565.814	kafka-001	37.62	34.54
88.36	36.79	134	30.62	444.446	30.62	2019-04-24T18:17:22.415007649Z	572.69	kafka-001	32.39	37.62
88.38	36.03	136	30.62	449.094	30.62	2019-04-24T18:17:29.42324495Z	572.732	kafka-001	38.8	32.39
88.38	36.43	138	30.62	698.363	30.62	2019-04-24T18:17:36.432863058Z	593.572	kafka-001	20.57	38.8
88.39	33.66	140	30.62	463.161	30.62	2019-04-24T18:17:43.448681555Z	589.496	kafka-001	41.56	20.57
88.4	34.25	141	30.62	714.147	30.62	2019-04-24T18:17:50.462137416Z	604.23	kafka-001	42.92	41.56
88.41	35.64	143	30.62	475.284	30.62	2019-04-24T18:17:57.476525297Z	611.442	kafka-001	37.47	42.92
88.42	35.62	145	30.62	480.144	30.62	2019-04-24T18:18:04.494111933Z	616.842	kafka-001	40.06	37.47
88.43	36.9	147	30.62	742.011	30.62	2019-04-24T18:18:11.510498223Z	627.969	kafka-001	43.92	40.06
88.44	37.75	148	30.62	489.791	30.62	2019-04-24T18:18:18.526338304Z	631.703	kafka-001	44.32	43.92
88.44	41.71	150	30.62	758.648	30.62	2019-04-24T18:18:25.539380931Z	640.664	kafka-001	46.47	44.32
88.45	42.53	152	30.62	505.678	30.62	2019-04-24T18:18:32.555311782Z	651.365	kafka-001	39.81	46.47
88.46	42.01	153	30.62	508.704	30.62	2019-04-24T18:18:39.572438861Z	654.203	kafka-001	43.19	39.81
87.58	42.96	155	30.62	783.633	30.62	2019-04-24T18:18:46.589411376Z	663.022	kafka-001	39.99	43.19
87.59	42.95	157	30.62	519.395	30.62	2019-04-24T18:18:53.603357057Z	670.931	kafka-001	46.35	39.99
87.6	43.36	158	30.62	803.554	30.62	2019-04-24T18:19:00.617027341Z	684.47	kafka-001	45.87	46.35
87.6	43.61	160	30.62	529.212	30.62	2019-04-24T18:19:07.63027287Z	686.345	kafka-001	46.35	45.87
87.62	43.59	162	30.62	537.184	30.62	2019-04-24T18:19:14.643360916Z	694.091	kafka-001	44.48	46.35
87.63	44.37	163	30.62	828.419	30.62	2019-04-24T18:19:21.656994645Z	699.108	kafka-001	47.03	44.48
87.64	45.01	165	30.62	541.614	30.62	2019-04-24T18:19:28.674322989Z	697.879	kafka-001	44.44	47.03
87.64	45.75	166	30.62	846.307	30.62	2019-04-24T18:19:35.687420216Z	710.49	kafka-001	50.13	44.44
87.66	46.38	168	30.62	558.977	30.62	2019-04-24T18:19:42.700849951Z	714.205	kafka-001	40.95	50.13
87.66	45.56	170	30.62	561.622	30.62	2019-04-24T18:19:49.714020529Z	719.124	kafka-001	47.94	40.95
87.68	45.83	171	30.62	863.684	30.62	2019-04-24T18:19:56.728699951Z	730.131	kafka-001	44.42	47.94
87.69	45.82	173	30.62	570.812	30.62	2019-04-24T18:20:03.740577374Z	725.463	kafka-001	50.07	44.42
87.7	46.33	174	30.62	885.317	30.62	2019-04-24T18:20:10.757129875Z	745.878	kafka-001	49.69	50.07
87.71	47.2	176	30.62	580.088	30.62	2019-04-24T18:20:17.772719053Z	741.146	kafka-001	50.36	49.69
87.72	47.24	177	30.62	583.342	30.62	2019-04-24T18:20:24.784185258Z	751.344	kafka-001	49.05	50.36
87.73	48.59	179	30.62	905.829	30.62	2019-04-24T18:20:31.797856095Z	763.834	kafka-001	51.25	49.05
87.74	49.14	180	30.62	595.25	30.62	2019-04-24T18:20:38.809704128Z	773.489	kafka-001	52.53	51.25
87.75	50.49	182	30.62	924.619	30.62	2019-04-24T18:20:45.833095829Z	781.112	kafka-001	55.77	52.53
87.76	51.44	183	30.62	607.068	30.62	2019-04-24T18:20:52.845918504Z	785.325	kafka-001	52.87	55.77
87.77	51.97	185	30.62	611.959	30.62	2019-04-24T18:20:59.856943565Z	789.705	kafka-001	53.03	52.87
87.78	52.42	186	30.62	946.907	30.62	2019-04-24T18:21:06.868661642Z	799.045	kafka-001	48.86	53.03
87.79	52.39	188	30.62	623.148	30.62	2019-04-24T18:21:13.882396311Z	801.876	kafka-001	53.86	48.86
87.8	52.82	189	30.62	958.856	30.62	2019-04-24T18:21:20.902017492Z	811.951	kafka-001	48.11	53.86
87.82	52.08	191	30.62	634.455	30.62	2019-04-24T18:21:27.917181966Z	809.997	kafka-001	56.33	48.11
87.83	52.18	192	30.62	636.069	30.62	2019-04-24T18:21:34.930792084Z	817.21	kafka-001	55.19	56.33
87.84	52.56	194	30.62	981.885	30.62	2019-04-24T18:21:41.942581328Z	827.89	kafka-001	54.18	55.19
87.86	52.76	195	30.62	647.126	30.62	2019-04-24T18:21:48.953724669Z	826.473	kafka-001	56.26	54.18
87.87	53.99	197	30.62	990.083	30.62	2019-04-24T18:21:55.966555797Z	835.863	kafka-001	59.44	56.26
87.87	54.92	198	30.62	657.795	30.62	2019-04-24T18:22:02.977948078Z	839.03	kafka-001	54.36	59.44
87.89	55.96	199	30.62	658.911	30.62	2019-04-24T18:22:09.996773889Z	851.763	kafka-001	56.88	54.36
87.9	56.05	201	30.62	1015.617	30.62	2019-04-24T18:22:17.008467552Z	860.52	kafka-001	56.24	56.88
87.91	56.23	203	30.62	674.22	30.62	2019-04-24T18:22:24.022269528Z	862.575	kafka-001	57.65	56.24
87.92	56.81	204	30.62	1040.268	30.62	2019-04-24T18:22:31.033535826Z	877.016	kafka-001	51.67	57.65
87.94	56.04	206	30.62	682.752	30.62	2019-04-24T18:22:38.047216236Z	878.713	kafka-001	59.62	51.67
87.95	56.07	208	30.62	688.347	30.62	2019-04-24T18:22:45.063359255Z	884.244	kafka-001	60.05	59.62
87.96	57.02	209	30.62	1058.985	30.62	2019-04-24T18:22:52.075712128Z	895.004	kafka-001	57.31	60.05
87.97	57.09	211	30.62	697.063	30.62	2019-04-24T18:22:59.088252643Z	898.444	kafka-001	48.87	57.31
87.99	55.86	213	30.62	1079.048	30.62	2019-04-24T18:23:06.101862987Z	910.71	kafka-001	61.78	48.87
88.0	56.55	214	30.62	714.71	30.62	2019-04-24T18:23:13.113930181Z	913.647	kafka-001	53.51	61.78
88.01	56.86	216	30.62	1089.364	30.62	2019-04-24T18:23:20.126223146Z	923.348	kafka-001	65.5	53.51
88.03	57.84	217	30.62	722.957	30.62	2019-04-24T18:23:27.144098811Z	931.981	kafka-001	53.25	65.5
88.04	56.7	219	30.62	723.602	30.62	2019-04-24T18:23:34.154667449Z	934.215	kafka-001	60.08	53.25
88.05	57.17	221	30.62	1120.384	30.62	2019-04-24T18:23:41.171041699Z	951.024	kafka-001	65.96	60.08
88.07	60.01	222	30.62	735.76	30.62	2019-04-24T18:23:48.186416521Z	948.842	kafka-001	64.03	65.96
88.08	60.39	224	30.62	1138.72	30.62	2019-04-24T18:23:55.199759616Z	957.3	kafka-001	64.85	64.03
88.09	62.28	225	30.62	750.492	30.62	2019-04-24T18:24:02.212025717Z	966.408	kafka-001	63.03	64.85
88.11	61.87	227	30.62	749.49	30.62	2019-04-24T18:24:09.221610755Z	965.127	kafka-001	62.68	63.03
88.12	63.44	229	30.62	1155.308	30.62	2019-04-24T18:24:16.230377005Z	976.156	kafka-001	62.38	62.68
88.13	63.82	230	30.62	764.881	30.62	2019-04-24T18:24:23.255120935Z	982.513	kafka-001	63.81	62.38
88.15	63.46	232	30.62	1166.204	30.62	2019-04-24T18:24:30.269956859Z	981.554	kafka-001	65.65	63.81
88.16	63.73	233	30.62	773.796	30.62	2019-04-24T18:24:37.282108635Z	985.234	kafka-001	60.27	65.65
88.17	62.97	235	30.62	779.212	30.62	2019-04-24T18:24:44.293666785Z	997.136	kafka-001	66.49	60.27
88.19	63.55	236	30.62	1197.616	30.62	2019-04-24T18:24:51.311469175Z	1004.6	kafka-001	61.16	66.49
88.2	63.29	238	30.62	791.645	30.62	2019-04-24T18:24:58.32290977Z	1012.775	kafka-001	68.64	61.16
88.22	64.34	239	30.62	1213.88	30.62	2019-04-24T18:25:05.336113908Z	1026.222	kafka-001	63.31	68.64
88.23	64.25	241	30.62	798.835	30.62	2019-04-24T18:25:12.353276957Z	1022.961	kafka-001	67.19	63.31
88.25	64.51	242	30.62	804.384	30.62	2019-04-24T18:25:19.367822362Z	1026.111	kafka-001	65.89	67.19
88.26	65.45	244	30.62	1234.201	30.62	2019-04-24T18:25:26.381573317Z	1037.659	kafka-001	69.33	65.89
88.28	65.92	245	30.62	809.905	30.62	2019-04-24T18:25:33.394815571Z	1040.25	kafka-001	47.48	69.33
88.29	63.64	246	30.62	1247.092	30.62	2019-04-24T18:25:40.405520949Z	1050.358	kafka-001	73.32	47.48
88.3	64.42	248	30.62	818.865	30.62	2019-04-24T18:25:47.419212501Z	1043.136	kafka-001	61.21	73.32
88.32	64.07	249	30.62	827.28	30.62	2019-04-24T18:25:54.430711015Z	1052.018	kafka-001	68.44	61.21
88.33	64.28	251	30.62	1270.103	30.62	2019-04-24T18:26:01.445991896Z	1063.43	kafka-001	67.73	68.44
88.35	64.59	252	30.62	834.604	30.62	2019-04-24T18:26:08.463963968Z	1059.707	kafka-001	73.78	67.73
88.37	65.33	254	30.62	1281.31	30.62	2019-04-24T18:26:15.475693466Z	1063.268	kafka-001	65.36	73.78
88.38	68.31	255	30.62	848.648	30.62	2019-04-24T18:26:22.49359555Z	1082.966	kafka-001	66.68	65.36
88.39	67.2	257	30.62	875.518	30.62	2019-04-24T18:26:29.503720706Z	1089.788	kafka-001	62.78	66.68
88.41	67.46	258	30.62	1307.156	30.62	2019-04-24T18:26:36.514908722Z	1090.955	kafka-001	72.61	62.78
88.42	68.16	260	30.62	860.358	30.62	2019-04-24T18:26:43.528655385Z	1092.186	kafka-001	69.04	72.61
88.44	68.38	261	30.62	1324.687	30.62	2019-04-24T18:26:50.543205766Z	1111.312	kafka-001	73.21	69.04
86.68	68.28	263	30.62	869.148	30.62	2019-04-24T18:26:57.551287597Z	1103.077	kafka-001	62.41	73.21
86.7	67.79	264	30.62	870.204	30.62	2019-04-24T18:27:04.563231357Z	1115.747	kafka-001	73.49	62.41
86.72	68.92	265	30.62	1341.12	30.62	2019-04-24T18:27:11.574624876Z	1127.422	kafka-001	76.35	73.49
86.73	71.19	267	30.62	883.238	30.62	2019-04-24T18:27:18.587203578Z	1133.823	kafka-001	70.14	76.35
86.75	70.77	268	30.62	1360.78	30.62	2019-04-24T18:27:25.599795775Z	1135.886	kafka-001	72.55	70.14
86.76	71.36	269	30.62	896.254	30.62	2019-04-24T18:27:32.615316721Z	1142.889	kafka-001	67.76	72.55
86.78	70.45	271	30.62	889.88	30.62	2019-04-24T18:27:39.624975895Z	1143.977	kafka-001	68.71	67.76
86.79	71.5	272	30.62	1374.083	30.62	2019-04-24T18:27:46.638544688Z	1142.376	kafka-001	75.06	68.71
86.81	71.76	273	30.62	905.722	30.62	2019-04-24T18:27:53.649458608Z	1157.389	kafka-001	70.24	75.06
86.83	70.74	275	30.62	1392.596	30.62	2019-04-24T18:28:00.66340086Z	1164.014	kafka-001	74.97	70.24
86.84	71.55	276	30.62	919.618	30.62	2019-04-24T18:28:07.679120962Z	1171.815	kafka-001	75.0	74.97
86.86	71.96	277	30.62	916.369	30.62	2019-04-24T18:28:14.692905428Z	1164.991	kafka-001	70.12	75.0
86.87	72.35	278	30.62	1406.919	30.62	2019-04-24T18:28:21.702608491Z	1169.776	kafka-001	67.82	70.12
86.89	72.2	280	30.62	925.384	30.62	2019-04-24T18:28:28.71565305Z	1182.003	kafka-001	74.92	67.82
86.91	72.18	281	30.62	1420.489	30.62	2019-04-24T18:28:35.727312575Z	1184.498	kafka-001	75.46	74.92
86.92	73.05	282	30.62	934.702	30.62	2019-04-24T18:28:42.740338388Z	1189.573	kafka-001	72.75	75.46
86.94	72.68	284	30.62	936.282	30.62	2019-04-24T18:28:49.761185191Z	1192.351	kafka-001	79.82	72.75
86.96	73.48	285	30.62	1441.449	30.62	2019-04-24T18:28:56.773189234Z	1199.418	kafka-001	71.72	79.82
86.98	73.75	286	30.62	942.798	30.62	2019-04-24T18:29:03.78331478Z	1193.809	kafka-001	80.12	71.72
86.99	75.8	287	30.62	1454.72	30.62	2019-04-24T18:29:10.796429582Z	1213.512	kafka-001	75.83	80.12
87.01	75.95	289	30.62	957.932	30.62	2019-04-24T18:29:17.805630463Z	1218.353	kafka-001	78.71	75.83
87.03	76.49	290	30.62	961.597	30.62	2019-04-24T18:29:24.820438572Z	1223.299	kafka-001	78.44	78.71
87.04	77.44	291	30.62	1477.097	30.62	2019-04-24T18:29:31.832578389Z	1234.588	kafka-001	81.52	78.44
87.06	77.72	292	30.62	970.491	30.62	2019-04-24T18:29:38.844720078Z	1243.747	kafka-001	78.86	81.52
87.08	78.91	294	30.62	1490.018	30.62	2019-04-24T18:29:45.854211182Z	1248.234	kafka-001	84.85	78.86
87.09	79.7	295	30.62	976.61	30.62	2019-04-24T18:29:52.866105255Z	1244.596	kafka-001	82.97	84.85
87.11	80.89	296	30.62	981.206	30.62	2019-04-24T18:29:59.880839912Z	1242.089	kafka-001	80.34	82.97
87.13	81.16	297	30.62	1514.232	30.62	2019-04-24T18:30:06.896225513Z	1265.153	kafka-001	76.31	80.34
87.15	80.81	299	30.62	988.911	30.62	2019-04-24T18:30:13.908695169Z	1261.019	kafka-001	73.02	76.31
87.16	79.39	300	30.62	1520.67	30.62	2019-04-24T18:30:20.920392411Z	1273.367	kafka-001	75.11	73.02
87.18	78.77	301	30.62	997.786	30.62	2019-04-24T18:30:27.940358037Z	1259.992	kafka-001	82.31	75.11
87.2	78.34	302	30.62	1000.97	30.62	2019-04-24T18:30:34.9570954Z	1266.982	kafka-001	72.68	82.31
87.22	76.63	304	30.62	1531.901	30.62	2019-04-24T18:30:41.967011763Z	1289.486	kafka-001	52.7	72.68
87.24	72.02	305	30.62	1003.414	30.62	2019-04-24T18:30:48.984240514Z	1276.958	kafka-001	79.3	52.7
87.26	72.52	306	30.62	1532.716	30.62	2019-04-24T18:30:55.996287607Z	1279.839	kafka-001	82.23	79.3
87.27	74.06	307	30.62	1018.824	30.62	2019-04-24T18:31:03.007450131Z	1297.305	kafka-001	68.11	82.23
87.29	72.89	308	30.62	1024.164	30.62	2019-04-24T18:31:10.02019624Z	1304.973	kafka-001	80.42	68.11
87.31	72.57	310	30.62	1565.618	30.62	2019-04-24T18:31:17.035699774Z	1303.869	kafka-001	80.62	80.42
87.33	73.9	311	30.62	1030.806	30.62	2019-04-24T18:31:24.048281714Z	1307.677	kafka-001	82.78	80.62
87.35	78.91	312	30.62	1577.062	30.62	2019-04-24T18:31:31.068872887Z	1312.896	kafka-001	82.95	82.78
87.37	79.52	313	30.62	1038.15	30.62	2019-04-24T18:31:38.082021179Z	1322.695	kafka-001	84.32	82.95
87.38	79.87	314	30.62	1596.558	30.62	2019-04-24T18:31:45.095030966Z	1330.104	kafka-001	77.09	84.32
87.4	81.36	315	30.62	1057.817	30.62	2019-04-24T18:31:52.108632136Z	1333.744	kafka-001	85.62	77.09
87.42	82.23	317	30.62	1036.452	30.62	2019-04-24T18:31:59.120576032Z	1328.088	kafka-001	84.93	85.62
87.44	82.95	318	30.62	1611.065	30.62	2019-04-24T18:32:06.135428059Z	1348.252	kafka-001	87.18	84.93
87.46	83.68	319	30.62	1057.838	30.62	2019-04-24T18:32:13.148096686Z	1353.631	kafka-001	76.37	87.18
87.48	82.59	320	30.62	1621.749	30.62	2019-04-24T18:32:20.161505387Z	1361.728	kafka-001	93.05	76.37
87.5	84.04	321	30.62	1066.056	30.62	2019-04-24T18:32:27.177848876Z	1358.929	kafka-001	90.11	93.05
87.52	86.21	322	30.62	1066.548	30.62	2019-04-24T18:32:34.190437811Z	1364.187	kafka-001	88.65	90.11
87.53	86.72	324	30.62	1632.898	30.62	2019-04-24T18:32:41.203326312Z	1370.58	kafka-001	82.34	88.65
87.55	86.28	325	30.62	1076.782	30.62	2019-04-24T18:32:48.217191688Z	1374.105	kafka-001	87.93	82.34
87.57	86.41	326	30.62	1647.805	30.62	2019-04-24T18:32:55.234389491Z	1376.556	kafka-001	87.24	87.93
87.59	88.22	327	30.62	1079.491	30.62	2019-04-24T18:33:02.25010788Z	1383.142	kafka-001	90.49	87.24
87.61	87.79	328	30.62	1084.215	30.62	2019-04-24T18:33:09.270941337Z	1372.447	kafka-001	82.08	90.49
87.74	86.46	329	30.62	1689.933	30.62	2019-04-24T18:33:16.286357543Z	5659.056	kafka-001	96.17	82.08
88.25	87.71	331	30.62	1154.694	30.62	2019-04-24T18:33:23.301389178Z	21813.493	kafka-001	87.7	96.17
87.81	88.6	332	30.62	1786.825	30.62	2019-04-24T18:33:30.315617425Z	38019.976	kafka-001	115.59	87.7
87.69	93.21	333	30.62	1243.265	30.62	2019-04-24T18:33:37.328190504Z	52428.621	kafka-001	106.49	115.59
87.9	96.42	334	30.62	1288.828	30.62	2019-04-24T18:33:44.34077831Z	67704.68	kafka-001	124.38	106.49
88.36	102.07	335	30.62	1894.577	30.62	2019-04-24T18:33:51.353740486Z	75650.758	kafka-001	113.77	124.38
87.16	107.35	336	30.62	1341.032	30.62	2019-04-24T18:33:58.366943521Z	81913.583	kafka-001	127.88	113.77
87.5	112.64	337	30.62	1930.79	30.62	2019-04-24T18:34:05.380508758Z	89912.804	kafka-001	120.79	127.88
87.81	118.15	338	30.62	1360.644	30.62	2019-04-24T18:34:12.397711548Z	89345.056	kafka-001	135.91	120.79
88.14	121.54	340	30.62	1388.355	30.62	2019-04-24T18:34:19.4122291Z	89851.063	kafka-001	130.38	135.91
87.96	125.52	341	30.62	1929.854	30.62	2019-04-24T18:34:26.425892215Z	98143.721	kafka-001	138.03	130.38
87.58	127.79	342	30.62	1384.075	30.62	2019-04-24T18:34:33.44160842Z	97851.253	kafka-001	104.16	138.03
87.84	126.19	343	30.62	1950.966	30.62	2019-04-24T18:34:40.457280365Z	96220.202	kafka-001	150.17	104.16
87.95	129.91	344	30.62	1378.266	30.62	2019-04-24T18:34:47.469943698Z	99073.918	kafka-001	132.65	150.17
87.36	131.88	345	30.62	1381.654	30.62	2019-04-24T18:34:54.481572048Z	97023.958	kafka-001	139.58	132.65
87.24	132.5	346	30.62	1968.506	30.62	2019-04-24T18:35:01.497358897Z	99028.927	kafka-001	116.95	139.58
88.16	130.26	347	30.62	1387.053	30.62	2019-04-24T18:35:08.514417034Z	98819.96	kafka-001	147.28	116.95
86.84	131.8	348	30.62	1959.832	30.62	2019-04-24T18:35:15.528255721Z	96677.107	kafka-001	103.94	147.28
87.38	131.76	349	30.62	1383.118	30.62	2019-04-24T18:35:22.542373726Z	98766.551	kafka-001	130.8	103.94
87.92	128.53	350	30.62	1385.978	30.62	2019-04-24T18:35:29.557276075Z	98481.963	kafka-001	131.19	130.8
88.46	128.29	351	30.62	1970.077	30.62	2019-04-24T18:35:36.579174314Z	98812.114	kafka-001	146.48	131.19
88.32	129.44	352	30.62	1386.985	30.62	2019-04-24T18:35:43.590415335Z	98119.676	kafka-001	128.81	146.48
87.06	131.42	353	30.62	1978.775	30.62	2019-04-24T18:35:50.603044224Z	99164.166	kafka-001	145.0	128.81
87.59	131.04	354	30.62	1390.644	30.62	2019-04-24T18:35:57.615271524Z	98356.732	kafka-001	109.06	145.0
88.05	131.89	355	30.62	1394.725	30.62	2019-04-24T18:36:04.626737569Z	95497.965	kafka-001	144.77	109.06
88.59	134.22	356	30.62	1979.333	30.62	2019-04-24T18:36:11.638482471Z	98732.371	kafka-001	132.27	144.77
87.77	134.4	358	30.62	1400.691	30.62	2019-04-24T18:36:18.655961814Z	98887.571	kafka-001	143.47	132.27
87.19	133.9	359	30.62	1984.699	30.62	2019-04-24T18:36:25.673168238Z	99080.939	kafka-001	132.51	143.47
88.39	134.51	360	30.62	1414.469	30.62	2019-04-24T18:36:32.686384495Z	97551.509	kafka-001	139.72	132.51
87.78	133.63	361	30.63	1401.52	30.63	2019-04-24T18:36:39.698300711Z	97973.431	kafka-001	128.97	139.72
88.28	136.95	362	30.63	1981.249	30.63	2019-04-24T18:36:46.716439927Z	97487.33	kafka-001	140.72	128.97
87.31	136.28	362	30.63	1425.508	30.63	2019-04-24T18:36:53.729090749Z	102622.995	kafka-001	123.43	140.72
87.93	134.8	362	30.63	1995.036	30.63	2019-04-24T18:37:00.756066016Z	102092.629	kafka-001	145.68	123.43
87.41	135.17	362	30.63	1422.749	30.63	2019-04-24T18:37:07.769215102Z	101593.506	kafka-001	136.35	145.68
87.99	135.81	362	30.63	1422.083	30.63	2019-04-24T18:37:14.780143308Z	100462.596	kafka-001	141.83	136.35
87.81	136.16	362	30.63	1994.147	30.63	2019-04-24T18:37:21.790173426Z	96800.051	kafka-001	135.47	141.83
88.42	137.25	362	30.63	1411.345	30.63	2019-04-24T18:37:28.803279623Z	101849.688	kafka-001	139.58	135.47
88.37	137.06	362	30.63	1996.662	30.63	2019-04-24T18:37:35.813137695Z	102341.952	kafka-001	130.3	139.58
87.18	138.2	362	30.63	1420.085	30.63	2019-04-24T18:37:42.824802337Z	102230.748	kafka-001	131.26	130.3
88.45	135.8	362	30.63	1413.302	30.63	2019-04-24T18:37:49.839816222Z	100904.444	kafka-001	139.95	131.26
88.41	136.4	362	30.63	2002.862	30.63	2019-04-24T18:37:56.851128771Z	102719.411	kafka-001	134.02	139.95
87.91	135.1	362	30.63	1414.966	30.63	2019-04-24T18:38:03.865597159Z	102002.891	kafka-001	128.77	134.02
88.55	133.98	362	30.63	1992.099	30.63	2019-04-24T18:38:10.878115748Z	102550.728	kafka-001	134.16	128.77
