net_receive	memory%	memory_rss%	name	timestamp	sensor_count	memory_active_anon%	container_cpu%	host_moving_avg_cpu	host_cpu	net_send
191.545	15.58	14.51	kafka-001	2019-04-23T22:40:21.017407009Z	1	14.51	32.25	nan	0	268.919
36.7	15.6	14.52	kafka-001	2019-04-23T22:40:28.027468744Z	6	14.52	11.11	nan	32.25	31.578
55.68	15.75	14.66	kafka-001	2019-04-23T22:40:35.036226309Z	9	14.66	27.72	nan	11.11	40.921
74.05	15.78	14.7	kafka-001	2019-04-23T22:40:42.047115706Z	13	14.7	32.28	nan	27.72	83.466
87.687	15.8	14.71	kafka-001	2019-04-23T22:40:49.056732922Z	16	14.71	13.77	nan	32.28	77.204
106.022	15.81	14.72	kafka-001	2019-04-23T22:40:56.069876603Z	19	14.72	32.21	19.52	13.77	128.162
113.767	15.94	14.85	kafka-001	2019-04-23T22:41:03.084862121Z	22	14.85	76.18	24.89	32.21	100.287
127.374	15.91	14.82	kafka-001	2019-04-23T22:41:10.097174824Z	25	14.82	49.9	32.21	76.18	156.254
137.181	15.92	14.83	kafka-001	2019-04-23T22:41:17.108943115Z	28	14.83	30.11	38.68	49.9	118.364
146.425	15.92	14.83	kafka-001	2019-04-23T22:41:24.125049221Z	30	14.83	17.18	39.08	30.11	127.768
159.714	15.93	14.84	kafka-001	2019-04-23T22:41:31.139742263Z	33	14.84	24.39	36.56	17.18	189.224
166.575	15.94	14.84	kafka-001	2019-04-23T22:41:38.157671627Z	35	14.84	15.54	38.33	24.39	142.156
182.136	16.26	15.16	kafka-001	2019-04-23T22:41:45.176097627Z	37	15.16	23.25	35.55	15.54	221.786
185.789	16.26	15.16	kafka-001	2019-04-23T22:41:52.190399807Z	39	15.16	15.81	26.73	23.25	160.124
190.621	16.26	15.16	kafka-001	2019-04-23T22:41:59.206326092Z	41	15.16	38.47	21.05	15.81	157.046
207.106	16.28	15.18	kafka-001	2019-04-23T22:42:06.218256769Z	43	15.18	61.62	22.44	38.47	252.11
209.229	16.35	15.24	kafka-001	2019-04-23T22:42:13.230304465Z	45	15.24	17.69	29.85	61.62	178.734
224.854	16.3	15.19	kafka-001	2019-04-23T22:42:20.24327765Z	47	15.19	27.02	28.73	17.69	275.283
229.721	16.31	15.19	kafka-001	2019-04-23T22:42:27.256963763Z	49	15.19	18.6	30.64	27.02	194.353
236.244	16.32	15.19	kafka-001	2019-04-23T22:42:34.270358792Z	51	15.19	18.88	29.87	18.6	194.929
251.297	16.32	15.19	kafka-001	2019-04-23T22:42:41.282640766Z	53	15.19	22.39	30.38	18.88	301.974
254.183	16.32	15.19	kafka-001	2019-04-23T22:42:48.291231283Z	55	15.19	16.44	27.7	22.39	209.945
265.492	16.33	15.2	kafka-001	2019-04-23T22:42:55.301999763Z	56	15.2	25.13	20.17	16.44	314.825
265.065	16.33	15.2	kafka-001	2019-04-23T22:43:02.312074343Z	58	15.2	17.67	21.41	25.13	223.38
268.919	16.33	15.19	kafka-001	2019-04-23T22:43:09.32908484Z	60	15.19	21.04	19.85	17.67	224.9
279.318	16.34	15.2	kafka-001	2019-04-23T22:43:16.339219573Z	62	15.2	16.78	20.26	21.04	344.198
289.115	16.34	15.2	kafka-001	2019-04-23T22:43:23.350068651Z	63	15.2	19.99	19.91	16.78	240.316
301.696	16.34	15.19	kafka-001	2019-04-23T22:43:30.359319872Z	65	15.19	24.21	19.51	19.99	363.734
301.41	16.35	15.19	kafka-001	2019-04-23T22:43:37.370714733Z	66	15.19	22.72	20.8	24.21	250.91
308.336	16.35	15.19	kafka-001	2019-04-23T22:43:44.380325444Z	68	15.19	26.72	20.4	22.72	254.392
318.11	16.36	15.19	kafka-001	2019-04-23T22:43:51.393837719Z	69	15.19	28.4	21.91	26.72	387.824
319.363	16.36	15.19	kafka-001	2019-04-23T22:43:58.40225238Z	71	15.19	31.05	23.14	28.4	261.764
331.22	16.36	15.19	kafka-001	2019-04-23T22:44:05.415853355Z	72	15.19	27.68	25.52	31.05	396.733
333.961	16.37	15.2	kafka-001	2019-04-23T22:44:12.425986476Z	74	15.2	50.81	26.8	27.68	277.871
334.027	16.38	15.19	kafka-001	2019-04-23T22:44:19.440123221Z	75	15.19	22.32	31.23	50.81	270.682
338.066	16.38	15.19	kafka-001	2019-04-23T22:44:26.452304106Z	77	15.19	28.01	31.16	22.32	408.36
335.36	16.38	15.19	kafka-001	2019-04-23T22:44:33.464915301Z	78	15.19	22.64	31.38	28.01	279.22
352.388	16.79	15.6	kafka-001	2019-04-23T22:44:40.472562043Z	79	15.6	23.77	30.42	22.64	425.332
358.18	17.11	15.91	kafka-001	2019-04-23T22:44:47.484699575Z	81	15.91	23.46	29.2	23.77	290.88
362.741	17.11	15.91	kafka-001	2019-04-23T22:44:54.492474163Z	82	15.91	26.24	28.5	23.46	296.39
370.662	17.12	15.91	kafka-001	2019-04-23T22:45:01.504009932Z	84	15.91	22.97	24.41	26.24	447.8
374.372	17.12	15.91	kafka-001	2019-04-23T22:45:08.515400435Z	85	15.91	26.22	24.52	22.97	305.856
380.757	17.13	15.91	kafka-001	2019-04-23T22:45:15.529295072Z	86	15.91	26.32	24.22	26.22	456.112
388.479	17.13	15.91	kafka-001	2019-04-23T22:45:22.540024254Z	88	15.91	29.07	24.83	26.32	321.96
396.103	17.18	15.95	kafka-001	2019-04-23T22:45:29.550691662Z	89	15.95	28.18	25.71	29.07	325.986
405.318	17.18	15.95	kafka-001	2019-04-23T22:45:36.563299308Z	90	15.95	34.81	26.5	28.18	492.193
416.572	17.2	15.96	kafka-001	2019-04-23T22:45:43.577302965Z	92	15.96	67.12	27.93	34.81	348.19
419.002	17.21	15.96	kafka-001	2019-04-23T22:45:50.592626488Z	93	15.96	36.22	35.29	67.12	508.064
415.782	17.21	15.96	kafka-001	2019-04-23T22:45:57.606319685Z	94	15.96	25.43	36.95	36.22	339.51
423.231	17.22	15.96	kafka-001	2019-04-23T22:46:04.62055548Z	95	15.96	84.82	36.8	25.43	346.912
429.902	17.22	15.96	kafka-001	2019-04-23T22:46:11.630883625Z	97	15.96	28.66	46.1	84.82	525.472
431.671	17.23	15.96	kafka-001	2019-04-23T22:46:18.639024849Z	98	15.96	29.55	46.18	28.66	351.106
440.902	17.23	15.96	kafka-001	2019-04-23T22:46:25.652083913Z	99	15.96	36.97	45.3	29.55	539.453
433.477	17.24	15.96	kafka-001	2019-04-23T22:46:32.661762864Z	100	15.96	25.99	40.28	36.97	358.907
446.601	17.25	15.96	kafka-001	2019-04-23T22:46:39.674202773Z	101	15.96	31.4	38.57	25.99	367.115
457.39	17.26	15.97	kafka-001	2019-04-23T22:46:46.680661341Z	103	15.97	36.16	39.56	31.4	554.37
460.615	17.27	15.97	kafka-001	2019-04-23T22:46:53.691955807Z	104	15.97	30.58	31.45	36.16	374.134
473.052	17.27	15.97	kafka-001	2019-04-23T22:47:00.706303059Z	105	15.97	39.28	31.77	30.58	567.247
467.234	17.27	15.97	kafka-001	2019-04-23T22:47:07.719697357Z	106	15.97	31.4	33.4	39.28	379.95
472.464	17.28	15.97	kafka-001	2019-04-23T22:47:14.744128563Z	107	15.97	39.84	32.47	31.4	378.628
485.41	17.29	15.97	kafka-001	2019-04-23T22:47:21.757772391Z	108	15.97	32.12	34.78	39.84	586.99
473.163	17.3	15.97	kafka-001	2019-04-23T22:47:28.769579619Z	109	15.97	38.23	34.9	32.12	390.83
487.53	17.3	15.97	kafka-001	2019-04-23T22:47:35.783125009Z	111	15.97	37.95	35.24	38.23	595.242
492.074	17.31	15.97	kafka-001	2019-04-23T22:47:42.797666472Z	112	15.97	39.2	36.47	37.95	399.43
497.25	17.32	15.97	kafka-001	2019-04-23T22:47:49.809629187Z	113	15.97	34.97	36.46	39.2	401.92
508.448	17.32	15.97	kafka-001	2019-04-23T22:47:56.823609756Z	114	15.97	42.29	37.05	34.97	609.188
508.865	17.33	15.97	kafka-001	2019-04-23T22:48:03.834721341Z	115	15.97	33.01	37.46	42.29	412.486
518.368	17.34	15.97	kafka-001	2019-04-23T22:48:10.848298235Z	116	15.97	48.12	37.61	33.01	625.843
511.453	17.37	15.99	kafka-001	2019-04-23T22:48:17.865104772Z	117	15.99	31.35	39.26	48.12	417.144
522.27	17.35	15.97	kafka-001	2019-04-23T22:48:24.879302551Z	118	15.97	36.1	38.16	31.35	423.522
530.967	17.36	15.97	kafka-001	2019-04-23T22:48:31.891216954Z	119	15.97	36.42	37.64	36.1	640.712
530.721	17.37	15.97	kafka-001	2019-04-23T22:48:38.904355558Z	120	15.97	36.58	37.88	36.42	425.962
540.19	17.37	15.97	kafka-001	2019-04-23T22:48:45.917070103Z	121	15.97	40.4	36.93	36.58	650.68
541.103	17.38	15.97	kafka-001	2019-04-23T22:48:52.931027019Z	122	15.97	38.12	38.16	40.4	437.533
548.039	17.39	15.97	kafka-001	2019-04-23T22:48:59.946676407Z	123	15.97	36.41	36.5	38.12	438.96
553.036	17.4	15.97	kafka-001	2019-04-23T22:49:06.959311639Z	125	15.97	48.64	37.34	36.41	667.762
550.407	17.4	15.97	kafka-001	2019-04-23T22:49:13.972025827Z	126	15.97	52.03	39.43	48.64	443.841
562.368	17.41	15.97	kafka-001	2019-04-23T22:49:20.983417834Z	127	15.97	48.17	42.03	52.03	676.404
560.695	17.42	15.97	kafka-001	2019-04-23T22:49:27.995815455Z	128	15.97	28.46	43.96	48.17	449.214
567.014	17.43	15.97	kafka-001	2019-04-23T22:49:35.010660594Z	129	15.97	39.68	41.97	28.46	454.817
578.409	17.43	15.97	kafka-001	2019-04-23T22:49:42.021181845Z	130	15.97	37.25	42.23	39.68	698.814
574.421	17.44	15.97	kafka-001	2019-04-23T22:49:49.038088479Z	131	15.97	38.78	42.37	37.25	452.624
583.014	17.45	15.97	kafka-001	2019-04-23T22:49:56.054526609Z	132	15.97	39.17	40.73	38.78	695.282
583.463	17.46	15.97	kafka-001	2019-04-23T22:50:03.068088267Z	133	15.97	45.15	38.58	39.17	466.127
588.846	17.47	15.97	kafka-001	2019-04-23T22:50:10.081895946Z	134	15.97	43.16	38.08	45.15	702.597
588.657	17.48	15.97	kafka-001	2019-04-23T22:50:17.096054331Z	135	15.97	38.5	40.53	43.16	473.004
594.289	17.48	15.97	kafka-001	2019-04-23T22:50:24.108911038Z	136	15.97	38.68	40.33	38.5	474.628
599.95	17.49	15.97	kafka-001	2019-04-23T22:50:31.123347878Z	137	15.97	41.36	40.57	38.68	718.571
601.203	17.9	16.38	kafka-001	2019-04-23T22:50:38.136029491Z	138	16.28	35.75	41.0	41.36	481.014
602.312	18.37	16.84	kafka-001	2019-04-23T22:50:45.149536725Z	139	16.84	43.02	40.43	35.75	731.541
613.907	18.38	16.84	kafka-001	2019-04-23T22:50:52.161944262Z	140	16.84	32.16	40.08	43.02	492.64
613.543	18.39	16.84	kafka-001	2019-04-23T22:50:59.174671436Z	141	16.84	40.99	38.24	32.16	492.67
624.64	18.4	16.84	kafka-001	2019-04-23T22:51:06.188802028Z	142	16.84	43.51	38.66	40.99	757.045
621.961	18.41	16.84	kafka-001	2019-04-23T22:51:13.201147411Z	142	16.84	42.57	39.46	43.51	499.628
629.392	18.41	16.84	kafka-001	2019-04-23T22:51:20.218059766Z	143	16.84	45.98	39.67	42.57	751.854
634.884	18.42	16.84	kafka-001	2019-04-23T22:51:27.231160798Z	144	16.84	40.17	41.37	45.98	505.728
635.571	18.43	16.84	kafka-001	2019-04-23T22:51:34.244031272Z	145	16.84	41.01	40.9	40.17	512.058
636.715	18.44	16.84	kafka-001	2019-04-23T22:51:41.260408558Z	146	16.84	42.89	42.37	41.01	765.853
640.785	18.45	16.84	kafka-001	2019-04-23T22:51:48.274728426Z	147	16.84	38.16	42.69	42.89	519.225
654.498	18.46	16.84	kafka-001	2019-04-23T22:51:55.287677559Z	148	16.84	46.51	41.8	38.16	788.24
636.421	18.47	16.84	kafka-001	2019-04-23T22:52:02.297135731Z	149	16.84	41.25	42.45	46.51	515.298
651.471	18.48	16.84	kafka-001	2019-04-23T22:52:09.308020479Z	150	16.84	36.92	41.66	41.25	522.981
659.016	18.48	16.84	kafka-001	2019-04-23T22:52:16.319706884Z	151	16.84	42.12	41.12	36.92	786.063
663.545	18.5	16.85	kafka-001	2019-04-23T22:52:23.334933718Z	152	16.85	45.0	41.31	42.12	535.514
668.24	18.51	16.85	kafka-001	2019-04-23T22:52:30.346671581Z	152	16.85	43.62	41.66	45.0	807.244
672.683	18.52	16.85	kafka-001	2019-04-23T22:52:37.367242914Z	153	16.85	45.2	42.57	43.62	541.416
677.611	18.52	16.84	kafka-001	2019-04-23T22:52:44.384869511Z	154	16.84	41.33	42.35	45.2	542.688
677.154	18.53	16.84	kafka-001	2019-04-23T22:52:51.394864565Z	155	16.84	40.37	42.36	41.33	806.604
679.587	18.54	16.84	kafka-001	2019-04-23T22:52:58.408244037Z	156	16.84	45.35	42.94	40.37	545.803
691.742	18.55	16.84	kafka-001	2019-04-23T22:53:05.419382239Z	157	16.84	48.67	43.48	45.35	831.784
689.169	18.56	16.84	kafka-001	2019-04-23T22:53:12.432346981Z	157	16.84	43.88	44.09	48.67	548.34
690.169	18.59	16.87	kafka-001	2019-04-23T22:53:19.444194091Z	158	16.87	43.78	44.13	43.88	544.862
695.945	18.61	16.88	kafka-001	2019-04-23T22:53:26.457151707Z	159	16.88	45.7	43.9	43.78	841.617
697.786	18.62	16.88	kafka-001	2019-04-23T22:53:33.469766449Z	160	16.88	49.91	44.63	45.7	561.908
706.468	18.64	16.88	kafka-001	2019-04-23T22:53:40.483436113Z	161	16.88	49.56	46.22	49.91	846.587
708.11	18.64	16.88	kafka-001	2019-04-23T22:53:47.496032331Z	162	16.88	44.67	46.92	49.56	569.507
713.578	18.65	16.88	kafka-001	2019-04-23T22:53:54.508401037Z	162	16.88	44.48	46.25	44.67	569.986
722.436	18.66	16.87	kafka-001	2019-04-23T22:54:01.525798883Z	163	16.87	43.96	46.35	44.48	864.678
715.735	18.67	16.87	kafka-001	2019-04-23T22:54:08.540135386Z	164	16.87	38.73	46.38	43.96	576.037
720.246	18.68	16.87	kafka-001	2019-04-23T22:54:15.555097949Z	165	16.87	47.93	45.22	38.73	866.646
730.397	18.74	16.93	kafka-001	2019-04-23T22:54:22.567819604Z	166	16.87	50.33	44.89	47.93	583.338
727.717	18.76	16.93	kafka-001	2019-04-23T22:54:29.578081368Z	167	16.93	44.0	45.02	50.33	581.124
737.324	18.77	16.93	kafka-001	2019-04-23T22:54:36.591300255Z	167	16.93	44.27	44.91	44.0	886.375
736.573	18.77	16.93	kafka-001	2019-04-23T22:54:43.603833381Z	168	16.93	44.77	44.87	44.27	587.307
747.584	18.79	16.93	kafka-001	2019-04-23T22:54:50.616558448Z	169	16.93	41.94	45.01	44.77	895.621
743.742	18.8	16.93	kafka-001	2019-04-23T22:54:57.627536557Z	170	16.93	44.59	45.54	41.94	591.958
747.723	18.81	16.93	kafka-001	2019-04-23T22:55:04.638555381Z	170	16.93	40.19	44.98	44.59	599.915
747.372	18.81	16.93	kafka-001	2019-04-23T22:55:11.649921214Z	171	16.93	63.3	43.29	40.19	898.854
750.672	18.82	16.93	kafka-001	2019-04-23T22:55:18.669064232Z	172	16.93	49.64	46.51	63.3	601.364
758.796	18.83	16.93	kafka-001	2019-04-23T22:55:25.681426923Z	173	16.93	49.35	47.41	49.64	915.406
757.983	18.84	16.93	kafka-001	2019-04-23T22:55:32.694889573Z	174	16.93	46.03	48.17	49.35	605.732
758.506	18.86	16.93	kafka-001	2019-04-23T22:55:39.708161862Z	174	16.93	43.67	48.85	46.03	609.222
763.604	18.87	16.93	kafka-001	2019-04-23T22:55:46.720331302Z	175	16.93	40.97	48.7	43.67	924.024
761.197	18.88	16.93	kafka-001	2019-04-23T22:55:53.731082098Z	176	16.93	47.71	48.83	40.97	608.975
777.751	18.89	16.93	kafka-001	2019-04-23T22:56:00.742157726Z	177	16.93	42.7	46.23	47.71	928.826
774.551	18.9	16.93	kafka-001	2019-04-23T22:56:07.754446531Z	178	16.93	48.83	45.07	42.7	622.131
776.662	18.91	16.93	kafka-001	2019-04-23T22:56:14.769571018Z	178	16.93	36.13	44.99	48.83	620.124
783.499	18.92	16.93	kafka-001	2019-04-23T22:56:21.785389519Z	179	16.93	48.56	43.34	36.13	945.553
785.921	18.94	16.94	kafka-001	2019-04-23T22:56:28.798986154Z	180	16.94	46.92	44.15	48.56	623.588
786.709	18.94	16.94	kafka-001	2019-04-23T22:56:35.81219258Z	180	16.94	50.61	45.14	46.92	938.067
786.3	18.96	16.94	kafka-001	2019-04-23T22:56:42.824277827Z	181	16.94	47.22	45.63	50.61	629.514
793.609	18.96	16.93	kafka-001	2019-04-23T22:56:49.842810966Z	182	16.93	46.49	46.38	47.22	633.008
804.37	18.97	16.93	kafka-001	2019-04-23T22:56:56.857324165Z	183	16.93	47.33	45.99	46.49	961.065
796.885	18.98	16.93	kafka-001	2019-04-23T22:57:03.872197087Z	183	16.93	45.51	47.86	47.33	632.376
806.638	18.99	16.93	kafka-001	2019-04-23T22:57:10.881251133Z	184	16.93	44.12	47.35	45.51	966.968
804.911	19.01	16.93	kafka-001	2019-04-23T22:57:17.898627378Z	185	16.93	49.11	46.88	44.12	646.18
809.661	19.02	16.93	kafka-001	2019-04-23T22:57:24.91220567Z	186	16.93	47.25	46.63	49.11	644.154
811.456	19.53	17.44	kafka-001	2019-04-23T22:57:31.927031491Z	186	17.28	50.14	46.64	47.25	974.883
811.189	19.56	17.45	kafka-001	2019-04-23T22:57:38.93886006Z	187	17.45	48.2	47.24	50.14	648.623
814.49	19.57	17.45	kafka-001	2019-04-23T22:57:45.950446401Z	188	17.45	51.73	47.39	48.2	990.485
820.371	19.58	17.45	kafka-001	2019-04-23T22:57:52.960806621Z	188	17.45	50.22	48.43	51.73	652.548
821.041	19.66	17.52	kafka-001	2019-04-23T22:57:59.980135881Z	189	17.52	51.71	49.44	50.22	655.574
833.601	19.66	17.51	kafka-001	2019-04-23T22:58:06.990886845Z	190	17.51	47.26	49.88	51.71	999.378
821.38	19.67	17.51	kafka-001	2019-04-23T22:58:14.006519526Z	191	17.51	50.68	49.88	47.26	662.737
831.376	19.68	17.51	kafka-001	2019-04-23T22:58:21.017047846Z	191	17.51	44.35	49.97	50.68	1003.068
827.063	19.69	17.51	kafka-001	2019-04-23T22:58:28.028394941Z	192	17.51	44.14	49.33	44.35	665.962
840.176	19.71	17.52	kafka-001	2019-04-23T22:58:35.040824738Z	193	17.52	51.74	48.06	44.14	671.112
841.221	19.72	17.52	kafka-001	2019-04-23T22:58:42.05325299Z	193	17.52	48.03	48.31	51.74	999.904
838.353	19.74	17.52	kafka-001	2019-04-23T22:58:49.063997213Z	194	17.52	51.63	47.7	48.03	680.692
855.718	20.04	17.81	kafka-001	2019-04-23T22:58:56.075830336Z	195	17.81	50.84	48.43	51.63	1012.719
853.055	20.05	17.81	kafka-001	2019-04-23T22:59:03.086033623Z	196	17.81	50.96	48.46	50.84	682.838
861.606	20.07	17.81	kafka-001	2019-04-23T22:59:10.096082549Z	196	17.81	49.82	49.56	50.96	1039.686
858.155	20.08	17.81	kafka-001	2019-04-23T22:59:17.108253837Z	197	17.81	48.98	50.5	49.82	680.889
861.645	20.4	18.12	kafka-001	2019-04-23T22:59:24.12231709Z	198	18.12	50.44	50.04	48.98	688.072
867.72	20.42	18.13	kafka-001	2019-04-23T22:59:31.133107205Z	198	18.13	52.58	50.45	50.44	1040.3
867.509	20.43	18.13	kafka-001	2019-04-23T22:59:38.145203849Z	199	18.13	52.14	50.6	52.58	687.991
872.764	20.44	18.13	kafka-001	2019-04-23T22:59:45.156405405Z	200	18.13	59.91	50.82	52.14	1039.8
878.831	20.45	18.13	kafka-001	2019-04-23T22:59:52.168882992Z	200	18.13	48.54	52.31	59.91	696.927
871.684	20.47	18.13	kafka-001	2019-04-23T22:59:59.180894044Z	201	18.13	51.39	52.1	48.54	690.717
872.257	20.47	18.12	kafka-001	2019-04-23T23:00:06.19223053Z	201	18.12	47.79	52.5	51.39	1049.974
876.04	20.48	18.12	kafka-001	2019-04-23T23:00:13.201853916Z	202	18.12	49.98	52.06	47.79	701.216
888.057	20.49	18.12	kafka-001	2019-04-23T23:00:20.216588213Z	202	18.12	55.5	51.63	49.98	1059.014
882.894	20.51	18.12	kafka-001	2019-04-23T23:00:27.228268182Z	203	18.12	42.66	52.19	55.5	698.838
879.198	20.53	18.13	kafka-001	2019-04-23T23:00:34.242538565Z	204	18.13	46.08	49.31	42.66	700.296
885.802	20.54	18.13	kafka-001	2019-04-23T23:00:41.257876085Z	204	18.13	52.31	48.9	46.08	1063.775
885.333	20.55	18.12	kafka-001	2019-04-23T23:00:48.273409759Z	205	18.12	47.99	49.05	52.31	707.415
897.798	20.56	18.12	kafka-001	2019-04-23T23:00:55.286560143Z	205	18.12	53.91	49.09	47.99	1071.65
893.977	20.57	18.12	kafka-001	2019-04-23T23:01:02.301522641Z	206	18.12	53.4	49.74	53.91	712.658
898.525	20.58	18.12	kafka-001	2019-04-23T23:01:09.315296475Z	206	18.12	52.65	49.39	53.4	717.406
902.454	20.6	18.12	kafka-001	2019-04-23T23:01:16.329531256Z	207	18.12	49.71	51.06	52.65	1082.142
904.38	20.61	18.13	kafka-001	2019-04-23T23:01:23.345836338Z	208	18.13	55.67	51.66	49.71	713.954
914.881	20.62	18.13	kafka-001	2019-04-23T23:01:30.361337038Z	208	18.13	44.17	52.22	55.67	1090.35
909.657	20.64	18.13	kafka-001	2019-04-23T23:01:37.376281268Z	209	18.13	54.14	51.59	44.17	716.005
914.301	20.65	18.13	kafka-001	2019-04-23T23:01:44.389103818Z	209	18.13	52.99	51.62	54.14	725.218
919.584	20.67	18.13	kafka-001	2019-04-23T23:01:51.400510957Z	210	18.13	53.33	51.56	52.99	1098.702
917.581	20.68	18.13	kafka-001	2019-04-23T23:01:58.415897099Z	210	18.13	44.55	51.67	53.33	726.788
924.246	20.69	18.13	kafka-001	2019-04-23T23:02:05.428272446Z	211	18.13	57.53	50.81	44.55	1105.6
920.808	20.7	18.13	kafka-001	2019-04-23T23:02:12.440698202Z	212	18.13	45.14	51.12	57.53	732.96
923.582	20.71	18.13	kafka-001	2019-04-23T23:02:19.454445626Z	212	18.13	55.3	51.28	45.14	733.723
926.428	20.73	18.13	kafka-001	2019-04-23T23:02:26.469112861Z	213	18.13	48.33	51.47	55.3	1103.976
925.088	20.74	18.13	kafka-001	2019-04-23T23:02:33.482228928Z	213	18.13	61.4	50.7	48.33	731.71
933.591	20.75	18.13	kafka-001	2019-04-23T23:02:40.495271356Z	214	18.13	51.16	52.04	61.4	1120.95
931.859	20.77	18.14	kafka-001	2019-04-23T23:02:47.507494184Z	214	18.14	53.47	53.14	51.16	740.738
936.251	20.79	18.14	kafka-001	2019-04-23T23:02:54.523727667Z	215	18.14	41.18	52.47	53.47	742.616
942.429	20.8	18.14	kafka-001	2019-04-23T23:03:01.537678917Z	215	18.14	49.42	51.81	41.18	1131.977
938.816	20.81	18.14	kafka-001	2019-04-23T23:03:08.554110935Z	216	18.14	52.01	50.83	49.42	749.064
946.724	20.83	18.14	kafka-001	2019-04-23T23:03:15.568490868Z	216	18.14	66.47	51.44	52.01	1137.303
939.763	20.84	18.14	kafka-001	2019-04-23T23:03:22.582990376Z	217	18.14	61.38	52.29	66.47	744.532
947.989	20.85	18.14	kafka-001	2019-04-23T23:03:29.59853384Z	218	18.14	57.74	53.99	61.38	751.654
955.918	20.86	18.13	kafka-001	2019-04-23T23:03:36.608749351Z	218	18.13	53.52	54.7	57.74	1141.201
955.331	20.87	18.13	kafka-001	2019-04-23T23:03:43.621642325Z	219	18.13	55.82	56.76	53.52	756.159
955.97	20.89	18.14	kafka-001	2019-04-23T23:03:50.636452087Z	219	18.14	54.05	57.82	55.82	1139.995
957.151	20.91	18.14	kafka-001	2019-04-23T23:03:57.649290264Z	220	18.14	55.17	58.16	54.05	762.264
959.865	20.92	18.14	kafka-001	2019-04-23T23:04:04.661613704Z	220	18.14	50.99	56.28	55.17	761.127
969.909	21.44	18.65	kafka-001	2019-04-23T23:04:11.675684057Z	221	18.55	58.68	54.55	50.99	1160.201
962.734	21.91	19.1	kafka-001	2019-04-23T23:04:18.687827344Z	221	19.1	55.24	54.71	58.68	762.195
966.3	21.92	19.1	kafka-001	2019-04-23T23:04:25.703211794Z	222	19.1	59.09	54.99	55.24	1161.616
969.613	21.94	19.1	kafka-001	2019-04-23T23:04:32.715891754Z	222	19.1	52.18	55.54	59.09	769.138
968.865	21.95	19.11	kafka-001	2019-04-23T23:04:39.732901514Z	223	19.11	57.3	55.23	52.18	768.025
981.358	21.96	19.11	kafka-001	2019-04-23T23:04:46.752845226Z	224	19.11	55.28	55.58	57.3	1177.828
967.233	21.97	19.1	kafka-001	2019-04-23T23:04:53.767471172Z	224	19.1	54.71	56.3	55.28	775.321
968.965	21.98	19.1	kafka-001	2019-04-23T23:05:00.777833697Z	225	19.1	55.03	55.63	54.71	1167.936
966.919	22.0	19.1	kafka-001	2019-04-23T23:05:07.79011422Z	225	19.1	59.0	55.6	55.03	774.834
964.548	22.01	19.1	kafka-001	2019-04-23T23:05:14.806855067Z	226	19.1	59.54	55.58	59.0	777.568
986.518	22.02	19.1	kafka-001	2019-04-23T23:05:21.819694663Z	226	19.1	58.01	56.81	59.54	1185.602
977.377	22.04	19.1	kafka-001	2019-04-23T23:05:28.830345682Z	227	19.1	53.65	56.93	58.01	771.122
983.756	22.05	19.1	kafka-001	2019-04-23T23:05:35.840854231Z	227	19.1	72.72	56.66	53.65	1177.734
987.635	22.06	19.1	kafka-001	2019-04-23T23:05:42.854243145Z	228	19.1	49.63	59.66	72.72	785.517
983.771	22.08	19.1	kafka-001	2019-04-23T23:05:49.86807996Z	228	19.1	53.34	58.76	49.63	775.279
996.502	22.1	19.11	kafka-001	2019-04-23T23:05:56.881557932Z	229	19.11	58.75	57.82	53.34	1199.463
993.409	22.11	19.11	kafka-001	2019-04-23T23:06:03.896714489Z	229	19.11	58.98	57.68	58.75	789.377
998.508	22.13	19.11	kafka-001	2019-04-23T23:06:10.913848429Z	230	19.11	60.77	57.85	58.98	1201.424
1002.377	22.14	19.11	kafka-001	2019-04-23T23:06:17.929950972Z	230	19.11	57.1	59.03	60.77	797.61
998.813	22.15	19.11	kafka-001	2019-04-23T23:06:24.943495711Z	231	19.11	59.62	56.43	57.1	795.802
1009.072	22.17	19.11	kafka-001	2019-04-23T23:06:31.959430716Z	231	19.11	58.81	58.09	59.62	1202.035
997.865	22.18	19.11	kafka-001	2019-04-23T23:06:38.975205725Z	232	19.11	60.79	59.01	58.81	797.507
1004.917	22.2	19.11	kafka-001	2019-04-23T23:06:45.988522693Z	232	19.11	61.24	59.35	60.79	1206.537
1007.238	22.2	19.1	kafka-001	2019-04-23T23:06:53.002654637Z	233	19.1	53.53	59.72	61.24	792.154
1006.069	22.22	19.1	kafka-001	2019-04-23T23:07:00.020232753Z	233	19.1	61.29	58.52	53.53	806.012
1019.56	22.23	19.1	kafka-001	2019-04-23T23:07:07.033602132Z	234	19.1	58.35	59.21	61.29	1220.279
1015.854	22.25	19.1	kafka-001	2019-04-23T23:07:14.047422546Z	234	19.1	63.42	59.0	58.35	809.918
1014.738	22.26	19.1	kafka-001	2019-04-23T23:07:21.06866263Z	235	19.1	59.78	59.77	63.42	1214.101
1016.928	22.28	19.1	kafka-001	2019-04-23T23:07:28.081568891Z	235	19.1	56.74	59.6	59.78	806.304
1014.71	22.29	19.1	kafka-001	2019-04-23T23:07:35.097700711Z	236	19.1	54.6	58.85	56.74	1220.892
1023.831	22.3	19.1	kafka-001	2019-04-23T23:07:42.107565095Z	236	19.1	59.17	59.03	54.6	813.486
1028.036	22.87	19.66	kafka-001	2019-04-23T23:07:49.119591433Z	237	19.66	63.61	58.68	59.17	818.798
1022.597	23.49	20.26	kafka-001	2019-04-23T23:07:56.132637173Z	237	20.26	64.32	59.55	63.61	1227.511
1025.829	23.51	20.27	kafka-001	2019-04-23T23:08:03.146065106Z	238	20.27	49.86	59.7	64.32	816.654
1038.966	23.52	20.27	kafka-001	2019-04-23T23:08:10.159811922Z	238	20.27	64.53	58.05	49.86	1249.024
1036.209	23.54	20.27	kafka-001	2019-04-23T23:08:17.172960625Z	239	20.27	60.21	59.35	64.53	824.798
1032.291	23.55	20.27	kafka-001	2019-04-23T23:08:24.185386518Z	239	20.27	62.25	60.28	60.21	825.292
1043.336	23.57	20.27	kafka-001	2019-04-23T23:08:31.194485386Z	240	20.27	60.19	60.8	62.25	1257.891
1036.619	23.58	20.27	kafka-001	2019-04-23T23:08:38.207179676Z	240	20.27	61.09	60.23	60.19	828.493
1042.601	23.59	20.26	kafka-001	2019-04-23T23:08:45.222583791Z	240	20.26	60.23	59.69	61.09	1242.938
1035.738	23.61	20.26	kafka-001	2019-04-23T23:08:52.236725064Z	241	20.26	60.08	61.42	60.23	819.889
1041.897	23.62	20.26	kafka-001	2019-04-23T23:08:59.253606479Z	241	20.26	53.34	60.68	60.08	828.543
1044.596	23.64	20.27	kafka-001	2019-04-23T23:09:06.269905171Z	242	20.27	65.96	59.53	53.34	1264.578
1042.683	23.66	20.27	kafka-001	2019-04-23T23:09:13.28184809Z	242	20.27	61.35	60.15	65.96	827.509
1055.834	23.67	20.27	kafka-001	2019-04-23T23:09:20.297022645Z	243	20.27	63.17	60.34	61.35	1259.575
1055.604	23.68	20.27	kafka-001	2019-04-23T23:09:27.308263631Z	243	20.27	56.22	60.69	63.17	833.279
1050.022	23.71	20.29	kafka-001	2019-04-23T23:09:34.323188972Z	244	20.29	63.39	60.02	56.22	832.912
1043.522	23.72	20.28	kafka-001	2019-04-23T23:09:41.336803931Z	244	20.28	62.97	60.57	63.39	1263.183
1058.239	23.74	20.28	kafka-001	2019-04-23T23:09:48.35240382Z	245	20.28	64.12	62.18	62.97	838.428
1058.495	23.75	20.28	kafka-001	2019-04-23T23:09:55.361543929Z	245	20.28	57.09	61.87	64.12	1269.985
1054.12	23.77	20.28	kafka-001	2019-04-23T23:10:02.371604685Z	246	20.28	62.38	61.16	57.09	837.731
1059.619	23.78	20.28	kafka-001	2019-04-23T23:10:09.381554181Z	246	20.28	58.85	61.03	62.38	840.83
1057.985	23.79	20.28	kafka-001	2019-04-23T23:10:16.398608995Z	247	20.28	63.42	61.47	58.85	1273.286
1051.79	23.81	20.28	kafka-001	2019-04-23T23:10:23.407203227Z	247	20.28	60.16	61.47	63.42	832.506
1082.688	23.82	20.28	kafka-001	2019-04-23T23:10:30.421431756Z	248	20.28	53.93	61.0	60.16	1291.817
1064.207	23.84	20.28	kafka-001	2019-04-23T23:10:37.434520976Z	248	20.28	58.32	59.31	53.93	852.319
1070.871	23.88	20.31	kafka-001	2019-04-23T23:10:44.446248618Z	249	20.31	59.52	59.51	58.32	854.53
1078.094	23.89	20.31	kafka-001	2019-04-23T23:10:51.455687394Z	249	20.31	59.5	59.03	59.52	1305.867
1080.737	23.91	20.31	kafka-001	2019-04-23T23:10:58.467297631Z	250	20.31	64.45	59.14	59.5	864.214
1078.322	23.92	20.31	kafka-001	2019-04-23T23:11:05.477237477Z	250	20.31	62.08	59.31	64.45	1297.018
1076.439	23.94	20.31	kafka-001	2019-04-23T23:11:12.49028834Z	251	20.31	59.47	59.63	62.08	856.082
1078.185	23.95	20.31	kafka-001	2019-04-23T23:11:19.500387348Z	251	20.31	61.38	60.56	59.47	859.995
1090.55	23.97	20.31	kafka-001	2019-04-23T23:11:26.514671901Z	252	20.31	64.01	61.07	61.38	1316.111
1079.343	23.98	20.31	kafka-001	2019-04-23T23:11:33.533062881Z	252	20.31	58.17	61.82	64.01	860.152
1085.05	24.0	20.31	kafka-001	2019-04-23T23:11:40.548005818Z	253	20.31	62.31	61.59	58.17	1314.212
1092.473	24.02	20.31	kafka-001	2019-04-23T23:11:47.558752619Z	253	20.31	64.77	61.24	62.31	873.85
1093.359	24.03	20.31	kafka-001	2019-04-23T23:11:54.570749679Z	254	20.31	54.08	61.69	64.77	871.275
1092.198	24.05	20.32	kafka-001	2019-04-23T23:12:01.578984965Z	254	20.32	60.23	60.79	54.08	1320.803
1096.793	24.07	20.32	kafka-001	2019-04-23T23:12:08.591189079Z	255	20.32	65.2	60.6	60.23	871.779
1100.827	24.08	20.32	kafka-001	2019-04-23T23:12:15.602280536Z	255	20.32	65.99	60.79	65.2	1336.093
1098.794	24.1	20.32	kafka-001	2019-04-23T23:12:22.613930761Z	255	20.32	57.41	62.1	65.99	869.032
1075.869	24.12	20.32	kafka-001	2019-04-23T23:12:29.622971214Z	256	20.32	64.45	61.28	57.41	870.356
1104.186	24.13	20.32	kafka-001	2019-04-23T23:12:36.636390886Z	256	20.32	59.32	61.23	64.45	1334.273
1098.365	24.15	20.32	kafka-001	2019-04-23T23:12:43.646911196Z	257	20.32	61.24	62.1	59.32	872.048
1104.268	24.16	20.32	kafka-001	2019-04-23T23:12:50.658049149Z	258	20.32	61.75	62.27	61.24	1333.206
1099.387	24.17	20.32	kafka-001	2019-04-23T23:12:57.668888471Z	258	20.32	62.68	61.69	61.75	876.503
1111.019	24.19	20.32	kafka-001	2019-04-23T23:13:04.682276582Z	258	20.32	66.25	61.14	62.68	884.347
1109.908	24.21	20.32	kafka-001	2019-04-23T23:13:11.693992779Z	259	20.32	65.84	62.62	66.25	1335.288
1100.781	24.22	20.32	kafka-001	2019-04-23T23:13:18.709486452Z	259	20.32	55.85	62.85	65.84	882.258
1111.66	24.24	20.32	kafka-001	2019-04-23T23:13:25.720497514Z	260	20.32	66.29	62.27	55.85	1341.798
1119.51	24.25	20.32	kafka-001	2019-04-23T23:13:32.733999502Z	260	20.32	60.07	63.11	66.29	885.496
1118.46	24.27	20.32	kafka-001	2019-04-23T23:13:39.747344225Z	261	20.32	66.22	62.83	60.07	895.171
1126.788	24.29	20.32	kafka-001	2019-04-23T23:13:46.757546431Z	261	20.32	59.63	63.42	66.22	1360.229
1129.037	24.3	20.32	kafka-001	2019-04-23T23:13:53.766575183Z	262	20.32	62.4	62.32	59.63	895.91
1138.363	24.32	20.32	kafka-001	2019-04-23T23:14:00.777645988Z	262	20.32	74.42	61.74	62.4	1354.025
1130.778	24.33	20.32	kafka-001	2019-04-23T23:14:07.789739808Z	263	20.32	66.91	64.84	74.42	903.999
1130.797	24.35	20.33	kafka-001	2019-04-23T23:14:14.802848553Z	263	20.33	61.2	64.94	66.91	899.293
1141.324	24.36	20.32	kafka-001	2019-04-23T23:14:21.813986384Z	264	20.32	67.19	65.13	61.2	1377.788
1138.535	24.38	20.32	kafka-001	2019-04-23T23:14:28.828169757Z	264	20.32	61.24	65.29	67.19	908.41
1141.352	24.4	20.32	kafka-001	2019-04-23T23:14:35.839348828Z	264	20.32	70.44	65.56	61.24	1380.489
1143.251	24.41	20.32	kafka-001	2019-04-23T23:14:42.852767319Z	265	20.32	67.47	66.9	70.44	912.032
1149.101	24.43	20.32	kafka-001	2019-04-23T23:14:49.868072961Z	265	20.32	67.22	65.74	67.47	906.297
1158.38	24.45	20.33	kafka-001	2019-04-23T23:14:56.880543067Z	266	20.33	59.88	65.79	67.22	1385.053
1153.827	24.46	20.33	kafka-001	2019-04-23T23:15:03.894138396Z	266	20.33	74.42	65.57	59.88	911.311
1161.196	24.48	20.33	kafka-001	2019-04-23T23:15:10.90655702Z	267	20.33	64.07	66.78	74.42	1393.46
1157.349	24.49	20.33	kafka-001	2019-04-23T23:15:17.927834205Z	267	20.33	67.02	67.25	64.07	918.746
1151.463	24.51	20.33	kafka-001	2019-04-23T23:15:24.949097443Z	268	20.33	67.15	66.68	67.02	920.987
1160.34	24.53	20.33	kafka-001	2019-04-23T23:15:31.965039705Z	268	20.33	70.32	66.63	67.15	1395.686
1141.208	24.54	20.33	kafka-001	2019-04-23T23:15:38.979702777Z	269	20.33	57.36	67.14	70.32	916.641
1161.164	24.56	20.33	kafka-001	2019-04-23T23:15:45.992335654Z	269	20.33	72.58	66.72	57.36	1390.279
1163.346	24.58	20.33	kafka-001	2019-04-23T23:15:53.005880988Z	269	20.33	63.11	66.42	72.58	922.684
1160.176	24.59	20.33	kafka-001	2019-04-23T23:16:00.017479581Z	270	20.33	67.61	66.26	63.11	928.138
1165.419	24.61	20.33	kafka-001	2019-04-23T23:16:07.028163961Z	270	20.33	62.36	66.36	67.61	1404.428
1168.767	24.63	20.33	kafka-001	2019-04-23T23:16:14.043586062Z	271	20.33	68.19	65.56	62.36	926.647
1174.748	24.64	20.33	kafka-001	2019-04-23T23:16:21.059859379Z	271	20.33	66.52	65.2	68.19	1432.361
1168.96	24.66	20.33	kafka-001	2019-04-23T23:16:28.074131872Z	272	20.33	70.4	66.73	66.52	932.64
1160.761	24.67	20.33	kafka-001	2019-04-23T23:16:35.08875956Z	272	20.33	65.72	66.37	70.4	1398.455
1170.565	24.69	20.33	kafka-001	2019-04-23T23:16:42.101669957Z	272	20.33	65.34	66.8	65.72	931.228
1178.093	24.71	20.33	kafka-001	2019-04-23T23:16:49.116683416Z	273	20.33	63.91	66.42	65.34	939.979
1185.388	24.72	20.33	kafka-001	2019-04-23T23:16:56.136354674Z	273	20.33	68.89	66.68	63.91	1435.941
1182.479	24.74	20.33	kafka-001	2019-04-23T23:17:03.149399144Z	274	20.33	57.68	66.8	68.89	932.124
3171.726	24.81	20.34	kafka-001	2019-04-23T23:17:10.166197357Z	274	20.34	117.94	65.32	57.68	1439.769
18197.532	25.24	20.34	kafka-001	2019-04-23T23:17:17.179313105Z	275	20.34	68.19	73.25	117.94	994.995
18079.053	25.66	20.34	kafka-001	2019-04-23T23:17:24.200678174Z	275	20.34	87.05	73.66	68.19	983.94
29995.722	26.38	20.34	kafka-001	2019-04-23T23:17:31.209071294Z	276	20.34	82.49	77.28	87.05	1507.97
31900.096	27.13	20.34	kafka-001	2019-04-23T23:17:38.223501036Z	276	20.34	78.6	80.37	82.49	1027.03
37850.286	28.03	20.35	kafka-001	2019-04-23T23:17:45.237747883Z	276	20.35	86.88	81.99	78.6	1539.1
46015.843	29.12	20.35	kafka-001	2019-04-23T23:17:52.250400847Z	277	20.35	92.72	86.86	86.88	1074.206
47639.147	30.25	20.35	kafka-001	2019-04-23T23:17:59.263953436Z	277	20.35	82.94	82.66	92.72	1080.551
59567.48	31.68	20.35	kafka-001	2019-04-23T23:18:06.275598706Z	278	20.35	108.15	85.11	82.94	1600.405
58917.015	33.08	20.35	kafka-001	2019-04-23T23:18:13.288068344Z	278	20.35	96.45	88.63	108.15	1107.647
69982.568	34.75	20.35	kafka-001	2019-04-23T23:18:20.300249211Z	279	20.35	112.82	90.96	96.45	1627.492
71820.389	36.46	20.35	kafka-001	2019-04-23T23:18:27.314037047Z	279	20.35	98.23	96.66	112.82	1156.412
77738.067	38.32	20.35	kafka-001	2019-04-23T23:18:34.327051274Z	280	20.35	109.21	98.55	98.23	1163.599
82521.417	40.54	20.6	kafka-001	2019-04-23T23:18:41.341951514Z	280	20.6	106.75	101.3	109.21	1665.24
82316.89	46.43	24.52	kafka-001	2019-04-23T23:18:48.35160364Z	280	24.52	110.99	105.27	106.75	1181.999
85915.801	50.79	26.83	kafka-001	2019-04-23T23:18:55.361731349Z	281	26.83	100.1	105.74	110.99	1662.902
85777.018	52.84	26.83	kafka-001	2019-04-23T23:19:02.373159221Z	281	26.83	118.07	106.35	100.1	1190.487
89935.447	54.99	26.83	kafka-001	2019-04-23T23:19:09.386109895Z	282	26.83	101.26	107.23	118.07	1202.706
91503.889	57.18	26.83	kafka-001	2019-04-23T23:19:16.401222458Z	282	26.83	116.77	107.73	101.26	1686.83
95244.777	59.45	26.84	kafka-001	2019-04-23T23:19:23.417033766Z	283	26.84	118.32	108.99	116.77	1205.11
95758.929	61.74	26.84	kafka-001	2019-04-23T23:19:30.431336316Z	283	26.84	94.84	110.92	118.32	1701.916
102804.703	64.19	26.84	kafka-001	2019-04-23T23:19:37.447180091Z	284	26.84	113.37	108.23	94.84	1243.22
102411.519	66.64	26.84	kafka-001	2019-04-23T23:19:44.468771412Z	284	26.84	144.98	110.44	113.37	1230.111
100758.325	69.04	26.84	kafka-001	2019-04-23T23:19:51.482001247Z	284	26.84	122.11	114.92	144.98	1719.478
102803.257	71.5	26.84	kafka-001	2019-04-23T23:19:58.494144791Z	285	26.84	120.2	118.4	122.11	1244.654
99263.719	73.87	26.84	kafka-001	2019-04-23T23:20:05.508548523Z	285	26.84	114.55	118.97	120.2	1711.903
104041.851	76.35	26.84	kafka-001	2019-04-23T23:20:12.523195201Z	286	26.84	112.66	118.34	114.55	1240.603
99511.907	78.99	27.09	kafka-001	2019-04-23T23:20:19.537298326Z	286	27.09	113.01	121.31	112.66	1228.749
103905.407	81.48	27.09	kafka-001	2019-04-23T23:20:26.550630155Z	287	27.09	106.68	121.25	113.01	1721.245
102686.366	83.93	27.09	kafka-001	2019-04-23T23:20:33.565441204Z	287	27.09	117.82	114.87	106.68	1234.997
101614.74	85.75	27.09	kafka-001	2019-04-23T23:20:40.579469981Z	288	27.09	120.14	114.15	117.82	1709.133
103596.243	86.57	27.09	kafka-001	2019-04-23T23:20:47.591295592Z	288	27.09	122.02	114.14	120.14	1239.6
101817.787	86.53	27.09	kafka-001	2019-04-23T23:20:54.605362949Z	288	27.09	98.68	115.39	122.02	1242.301
103865.928	86.49	27.4	kafka-001	2019-04-23T23:21:01.625163633Z	289	27.4	117.27	113.06	98.68	1734.278
101182.478	86.38	27.4	kafka-001	2019-04-23T23:21:08.641117383Z	289	27.4	115.05	113.77	117.27	1234.192
103745.059	86.41	27.4	kafka-001	2019-04-23T23:21:15.65466914Z	290	27.4	102.62	115.16	115.05	1724.296
103205.569	87.24	27.4	kafka-001	2019-04-23T23:21:22.664816059Z	290	27.4	116.75	112.63	102.62	1242.82
101572.615	86.82	27.4	kafka-001	2019-04-23T23:21:29.676825417Z	291	27.4	119.07	112.06	116.75	1234.171
103105.445	86.84	27.4	kafka-001	2019-04-23T23:21:36.689432808Z	291	27.4	122.31	111.57	119.07	1721.206
101378.473	86.81	27.4	kafka-001	2019-04-23T23:21:43.706064795Z	291	27.4	119.36	115.51	122.31	1237.547
103669.757	86.4	27.4	kafka-001	2019-04-23T23:21:50.71855486Z	292	27.4	124.61	115.86	119.36	1716.879
97720.322	87.11	27.4	kafka-001	2019-04-23T23:21:57.728720499Z	292	27.4	117.77	117.45	124.61	1226.355
102977.117	87.11	27.4	kafka-001	2019-04-23T23:22:04.740089472Z	293	27.4	123.8	119.98	117.77	1246.906
99648.533	86.63	27.4	kafka-001	2019-04-23T23:22:11.754465298Z	293	27.4	89.61	121.15	123.8	1694.044
96777.294	87.3	27.4	kafka-001	2019-04-23T23:22:18.77207765Z	294	27.4	120.03	116.24	89.61	1235.854
102271.718	87.3	27.4	kafka-001	2019-04-23T23:22:25.783233259Z	294	27.4	109.29	115.86	120.03	1719.219
101258.448	87.27	27.4	kafka-001	2019-04-23T23:22:32.795428607Z	294	27.4	120.64	114.18	109.29	1243.452
101880.214	87.29	27.4	kafka-001	2019-04-23T23:22:39.811145265Z	295	27.4	126.5	113.52	120.64	1242.578
100902.268	87.28	27.4	kafka-001	2019-04-23T23:22:46.824071938Z	295	27.4	116.67	114.98	126.5	1712.873
103633.29	87.32	27.4	kafka-001	2019-04-23T23:22:53.837219626Z	296	27.4	122.55	113.79	116.67	1256.982
103144.638	87.4	27.4	kafka-001	2019-04-23T23:23:00.848367081Z	296	27.4	113.74	119.28	122.55	1805.936
100895.716	88.19	27.4	kafka-001	2019-04-23T23:23:07.856692481Z	296	27.4	113.22	118.23	113.74	1171.938
103547.59	88.23	27.4	kafka-001	2019-04-23T23:23:14.869096886Z	297	27.4	121.12	118.89	113.22	1245.033
100306.819	88.01	27.4	kafka-001	2019-04-23T23:23:21.877902224Z	297	27.4	113.18	118.97	121.12	1715.669
103459.183	88.02	27.4	kafka-001	2019-04-23T23:23:28.892520396Z	298	27.4	116.66	116.75	113.18	1242.326
101447.416	87.93	27.4	kafka-001	2019-04-23T23:23:35.900929868Z	298	27.4	111.73	116.74	116.66	1707.888
102011.635	87.95	27.4	kafka-001	2019-04-23T23:23:42.920424596Z	299	27.4	114.05	114.94	111.73	1239.001
103534.252	88.01	27.4	kafka-001	2019-04-23T23:23:49.92914074Z	299	27.4	114.75	114.99	114.05	1242.716
102730.562	88.04	27.4	kafka-001	2019-04-23T23:23:56.940725344Z	299	27.4	112.52	115.25	114.75	1736.159
103947.457	88.02	27.4	kafka-001	2019-04-23T23:24:03.949525546Z	300	27.4	107.84	113.82	112.52	1255.682
101136.977	87.85	27.4	kafka-001	2019-04-23T23:24:10.965300126Z	300	27.4	117.2	112.92	107.84	1738.526
94798.538	87.88	28.86	kafka-001	2019-04-23T23:24:17.976650478Z	301	28.86	108.55	113.02	117.2	1235.632
100685.084	87.95	28.86	kafka-001	2019-04-23T23:24:24.98812349Z	301	28.86	119.88	112.48	108.55	1242.843
98736.228	88.38	28.86	kafka-001	2019-04-23T23:24:32.00111484Z	301	28.86	116.25	113.46	119.88	1729.671
103867.279	88.66	28.86	kafka-001	2019-04-23T23:24:39.016853857Z	301	28.86	117.58	113.71	116.25	1255.124
97568.079	88.01	28.86	kafka-001	2019-04-23T23:24:46.025260152Z	301	28.86	120.17	114.55	117.58	1725.755
103540.4	88.13	28.86	kafka-001	2019-04-23T23:24:53.03548028Z	301	28.86	118.65	116.6	120.17	1254.094
103837.708	88.03	28.86	kafka-001	2019-04-23T23:25:00.046066564Z	301	28.86	113.08	116.85	118.65	1251.706
91546.82	88.4	28.86	kafka-001	2019-04-23T23:25:07.057561367Z	301	28.86	67.69	117.6	113.08	1706.193
102596.411	88.45	28.86	kafka-001	2019-04-23T23:25:14.064786639Z	301	28.86	115.66	108.9	67.69	1244.048
104433.892	88.37	28.86	kafka-001	2019-04-23T23:25:21.080861549Z	301	28.86	117.97	108.8	115.66	1737.194
103900.514	87.82	28.86	kafka-001	2019-04-23T23:25:28.088956457Z	301	28.86	121.18	108.87	117.97	1258.679
97725.176	87.85	28.86	kafka-001	2019-04-23T23:25:35.102701128Z	301	28.86	127.78	109.04	121.18	1727.448
103332.555	88.14	28.86	kafka-001	2019-04-23T23:25:42.112427458Z	301	28.86	117.84	110.56	127.78	1243.966
