memory_active_anon%	timestamp	container_cpu%	sensor_count	memory_rss%	memory%	name	net_send	host_moving_avg_cpu	net_receive	host_cpu
30.69	2019-04-24T20:29:58.85296222Z	3.17	2	30.69	87.22	kafka-001	1811451.648	nan	76673530.259	0
30.69	2019-04-24T20:30:05.866586393Z	6.89	6	30.69	87.23	kafka-001	23.775	nan	28.603	3.17
30.69	2019-04-24T20:30:12.879305636Z	5.3	11	30.69	87.22	kafka-001	30.319	nan	42.747	6.89
30.69	2019-04-24T20:30:19.891871346Z	5.8	15	30.69	87.23	kafka-001	41.725	nan	61.383	5.3
30.7	2019-04-24T20:30:26.905187902Z	7.06	19	30.7	87.23	kafka-001	83.178	nan	80.758	5.8
30.7	2019-04-24T20:30:33.920219813Z	7.13	22	30.7	87.23	kafka-001	69.314	4.7	94.735	7.06
30.7	2019-04-24T20:30:40.934094637Z	11.34	26	30.7	87.23	kafka-001	126.062	5.89	113.132	7.13
30.7	2019-04-24T20:30:47.947814987Z	8.7	30	30.7	87.23	kafka-001	94.42	7.25	126.541	11.34
30.7	2019-04-24T20:30:54.961330219Z	11.08	33	30.7	87.24	kafka-001	104.788	7.56	141.233	8.7
30.7	2019-04-24T20:31:01.973238686Z	12.4	36	30.7	87.24	kafka-001	176.944	8.52	157.786	11.08
30.7	2019-04-24T20:31:08.986526072Z	13.46	39	30.7	87.24	kafka-001	127.614	9.62	169.089	12.4
30.7	2019-04-24T20:31:16.000051698Z	17.08	43	30.7	87.24	kafka-001	210.744	10.68	184.428	13.46
30.7	2019-04-24T20:31:23.014452175Z	15.76	46	30.7	87.25	kafka-001	149.7	12.34	195.239	17.08
30.7	2019-04-24T20:31:30.033794775Z	15.17	49	30.7	87.25	kafka-001	158.846	13.08	208.256	15.76
30.7	2019-04-24T20:31:37.047498229Z	16.66	52	30.7	87.25	kafka-001	255.614	14.16	220.183	15.17
30.7	2019-04-24T20:31:44.0706863Z	16.64	55	30.7	87.26	kafka-001	177.688	15.09	231.216	16.66
30.7	2019-04-24T20:31:51.085318287Z	18.48	57	30.7	87.26	kafka-001	286.138	15.8	247.389	16.64
30.7	2019-04-24T20:31:58.098248546Z	17.39	60	30.7	87.26	kafka-001	190.288	16.63	246.763	18.48
30.7	2019-04-24T20:32:05.110588065Z	20.27	63	30.7	87.26	kafka-001	317.742	16.68	270.414	17.39
30.7	2019-04-24T20:32:12.122166209Z	19.91	66	30.7	87.27	kafka-001	216.296	17.43	279.637	20.27
30.7	2019-04-24T20:32:19.135924053Z	20.15	68	30.7	87.27	kafka-001	223.956	18.22	291.761	19.91
30.7	2019-04-24T20:32:26.149366972Z	18.56	71	30.7	87.28	kafka-001	355.0	18.81	303.868	20.15
30.7	2019-04-24T20:32:33.168284224Z	22.08	73	30.7	87.28	kafka-001	242.594	19.13	314.263	18.56
30.7	2019-04-24T20:32:40.182030528Z	23.76	76	30.7	87.28	kafka-001	381.482	19.73	327.622	22.08
30.7	2019-04-24T20:32:47.195300844Z	24.22	78	30.7	87.29	kafka-001	258.915	20.79	333.999	23.76
30.7	2019-04-24T20:32:54.207240327Z	25.18	81	30.7	87.3	kafka-001	266.758	21.45	345.301	24.22
30.7	2019-04-24T20:33:01.221482133Z	26.13	83	30.7	87.3	kafka-001	418.334	22.32	360.636	25.18
30.7	2019-04-24T20:33:08.240064947Z	27.88	86	30.7	87.31	kafka-001	283.722	23.32	366.327	26.13
30.7	2019-04-24T20:33:15.254519145Z	29.39	88	30.7	87.31	kafka-001	444.224	24.87	378.382	27.88
30.7	2019-04-24T20:33:22.266406383Z	27.31	90	30.7	87.31	kafka-001	297.432	26.09	385.38	29.39
30.7	2019-04-24T20:33:29.280032474Z	27.73	92	30.7	87.32	kafka-001	303.832	26.68	394.774	27.31
30.7	2019-04-24T20:33:36.295859039Z	29.21	95	30.7	87.33	kafka-001	475.814	27.27	406.626	27.73
30.7	2019-04-24T20:33:43.306863609Z	27.43	97	30.7	87.33	kafka-001	318.568	27.94	413.199	29.21
30.7	2019-04-24T20:33:50.316261281Z	30.41	99	30.7	87.34	kafka-001	498.612	28.16	418.41	27.43
30.7	2019-04-24T20:33:57.329302942Z	29.18	101	30.7	87.34	kafka-001	335.478	28.58	434.059	30.41
30.7	2019-04-24T20:34:04.337707659Z	28.62	103	30.7	87.35	kafka-001	341.38	28.55	442.097	29.18
30.75	2019-04-24T20:34:11.348449885Z	31.32	105	30.75	87.29	kafka-001	529.736	28.76	453.807	28.62
30.75	2019-04-24T20:34:18.359158197Z	31.26	108	30.75	87.3	kafka-001	355.674	29.36	455.593	31.32
30.75	2019-04-24T20:34:25.3716109Z	34.83	110	30.75	87.3	kafka-001	552.084	29.7	471.293	31.26
30.75	2019-04-24T20:34:32.380358086Z	31.55	112	30.75	87.31	kafka-001	371.548	30.94	480.043	34.83
30.75	2019-04-24T20:34:39.395296249Z	30.25	114	30.75	87.31	kafka-001	378.194	31.13	488.153	31.55
30.75	2019-04-24T20:34:46.408427283Z	33.02	116	30.75	87.32	kafka-001	585.812	31.31	496.322	30.25
30.75	2019-04-24T20:34:53.421993155Z	35.14	118	30.75	87.33	kafka-001	390.642	32.04	505.049	33.02
30.75	2019-04-24T20:35:00.433803824Z	37.55	120	30.75	87.34	kafka-001	605.469	32.68	516.703	35.14
30.75	2019-04-24T20:35:07.445778959Z	33.88	122	30.75	87.35	kafka-001	404.347	33.72	519.03	37.55
30.75	2019-04-24T20:35:14.45455347Z	35.81	124	30.75	87.35	kafka-001	407.164	33.57	531.049	33.88
30.75	2019-04-24T20:35:21.465152916Z	37.29	126	30.75	87.36	kafka-001	636.38	34.28	540.228	35.81
30.75	2019-04-24T20:35:28.47318869Z	35.92	128	30.75	87.36	kafka-001	421.306	35.45	546.871	37.29
30.75	2019-04-24T20:35:35.485103904Z	39.12	130	30.75	87.37	kafka-001	655.26	35.93	556.344	35.92
30.75	2019-04-24T20:35:42.494196949Z	36.02	131	30.75	87.38	kafka-001	433.892	36.6	557.907	39.12
30.75	2019-04-24T20:35:49.509964159Z	37.81	133	30.75	87.39	kafka-001	443.13	36.34	572.663	36.02
30.75	2019-04-24T20:35:56.51787999Z	38.04	135	30.75	87.4	kafka-001	684.693	37.0	581.392	37.81
30.75	2019-04-24T20:36:03.534562473Z	38.34	137	30.75	87.4	kafka-001	452.705	37.37	582.987	38.04
30.75	2019-04-24T20:36:10.545523453Z	40.66	139	30.75	87.41	kafka-001	699.641	37.54	588.078	38.34
30.75	2019-04-24T20:36:17.557298413Z	38.47	140	30.75	87.42	kafka-001	468.367	38.33	601.829	40.66
30.75	2019-04-24T20:36:24.56559213Z	41.37	142	30.75	87.43	kafka-001	471.638	38.22	606.803	38.47
30.75	2019-04-24T20:36:31.576292665Z	38.05	144	30.75	87.44	kafka-001	727.656	39.12	612.936	41.37
30.75	2019-04-24T20:36:38.594254035Z	43.91	146	30.75	87.45	kafka-001	482.882	39.16	619.479	38.05
30.75	2019-04-24T20:36:45.610273616Z	45.32	147	30.75	87.46	kafka-001	750.188	40.13	634.216	43.91
30.75	2019-04-24T20:36:52.621918786Z	43.33	149	30.75	87.46	kafka-001	496.06	41.3	633.064	45.32
30.75	2019-04-24T20:36:59.635073243Z	39.4	151	30.75	87.47	kafka-001	497.541	41.74	643.47	43.33
30.74	2019-04-24T20:37:06.644531819Z	44.55	152	30.74	87.48	kafka-001	768.91	41.9	655.53	39.4
30.74	2019-04-24T20:37:13.656403942Z	41.99	154	30.74	87.49	kafka-001	509.133	42.43	660.005	44.55
30.74	2019-04-24T20:37:20.670433446Z	47.95	156	30.74	87.5	kafka-001	791.11	43.08	671.786	41.99
30.74	2019-04-24T20:37:27.685275605Z	40.33	158	30.74	87.51	kafka-001	523.729	43.76	673.903	47.95
30.74	2019-04-24T20:37:34.699577794Z	45.51	159	30.74	87.52	kafka-001	527.444	42.93	682.847	40.33
30.74	2019-04-24T20:37:41.711793924Z	46.84	161	30.74	87.53	kafka-001	813.54	43.29	691.156	45.51
30.74	2019-04-24T20:37:48.724549427Z	48.06	162	30.74	87.54	kafka-001	539.298	44.53	698.017	46.84
30.74	2019-04-24T20:37:55.738686864Z	46.13	164	30.74	87.55	kafka-001	832.793	45.11	704.548	48.06
30.74	2019-04-24T20:38:02.753513116Z	48.82	166	30.74	87.56	kafka-001	549.384	45.8	707.952	46.13
30.74	2019-04-24T20:38:09.767421157Z	38.3	167	30.74	87.57	kafka-001	554.972	45.95	715.244	48.82
30.74	2019-04-24T20:38:16.780049067Z	49.39	169	30.74	87.58	kafka-001	857.468	45.61	719.698	38.3
30.74	2019-04-24T20:38:23.790748082Z	49.27	170	30.74	87.59	kafka-001	564.73	46.26	731.565	49.39
30.74	2019-04-24T20:38:30.805836485Z	50.51	172	30.74	87.6	kafka-001	871.632	46.66	734.432	49.27
30.74	2019-04-24T20:38:37.819824034Z	45.24	174	30.74	87.61	kafka-001	576.65	47.07	739.429	50.51
30.74	2019-04-24T20:38:44.833479684Z	50.39	175	30.74	87.62	kafka-001	581.01	46.92	748.445	45.24
30.74	2019-04-24T20:38:51.8457178Z	46.69	177	30.74	87.63	kafka-001	895.386	47.18	761.506	50.39
30.75	2019-04-24T20:38:58.858397377Z	51.38	178	30.75	87.64	kafka-001	588.024	48.58	760.08	46.69
30.75	2019-04-24T20:39:05.873487242Z	56.37	180	30.75	87.66	kafka-001	922.028	48.91	770.791	51.38
30.75	2019-04-24T20:39:12.889170652Z	51.97	181	30.75	87.67	kafka-001	587.716	50.1	774.111	56.37
30.75	2019-04-24T20:39:19.903273023Z	52.74	182	30.75	87.68	kafka-001	606.552	50.34	779.925	51.97
30.75	2019-04-24T20:39:26.916552039Z	52.1	184	30.75	87.69	kafka-001	935.031	51.59	787.387	52.74
30.75	2019-04-24T20:39:33.929045584Z	52.14	185	30.75	87.7	kafka-001	611.702	51.88	783.252	52.1
30.75	2019-04-24T20:39:40.944429917Z	56.4	187	30.75	87.71	kafka-001	948.032	52.78	797.988	52.14
30.75	2019-04-24T20:39:47.959213519Z	51.36	188	30.75	87.72	kafka-001	625.484	53.62	798.394	56.4
30.75	2019-04-24T20:39:54.972721812Z	45.03	189	30.75	87.74	kafka-001	626.378	52.79	808.434	51.36
30.75	2019-04-24T20:40:01.985614744Z	49.98	191	30.75	87.74	kafka-001	962.734	51.63	816.692	45.03
30.74	2019-04-24T20:40:09.001827163Z	53.03	192	30.74	87.75	kafka-001	640.49	51.17	822.671	49.98
30.74	2019-04-24T20:40:16.017306574Z	51.03	194	30.74	87.76	kafka-001	983.704	51.32	831.464	53.03
30.74	2019-04-24T20:40:23.030492789Z	55.81	195	30.74	87.78	kafka-001	650.307	51.14	833.813	51.03
30.74	2019-04-24T20:40:30.045779519Z	50.07	197	30.74	87.79	kafka-001	654.394	51.04	842.717	55.81
30.74	2019-04-24T20:40:37.05854005Z	54.65	198	30.74	87.8	kafka-001	1000.356	50.83	840.216	50.07
30.74	2019-04-24T20:40:44.071512355Z	50.46	199	30.74	87.81	kafka-001	661.095	52.43	849.063	54.65
30.74	2019-04-24T20:40:51.087559751Z	56.52	201	30.74	87.82	kafka-001	1015.812	52.51	857.022	50.46
30.74	2019-04-24T20:40:58.102303379Z	53.92	203	30.74	87.83	kafka-001	671.158	53.09	865.653	56.52
30.74	2019-04-24T20:41:05.114106992Z	60.68	204	30.74	87.85	kafka-001	1030.658	53.57	872.232	53.92
30.74	2019-04-24T20:41:12.13555227Z	50.56	206	30.74	87.86	kafka-001	681.971	54.38	874.167	60.68
30.74	2019-04-24T20:41:19.149945121Z	60.42	207	30.74	87.87	kafka-001	687.643	54.46	886.139	50.56
30.74	2019-04-24T20:41:26.160755031Z	61.41	209	30.74	87.88	kafka-001	1062.081	55.43	896.488	60.42
30.74	2019-04-24T20:41:33.173044536Z	60.5	211	30.74	87.9	kafka-001	700.567	57.25	897.519	61.41
30.74	2019-04-24T20:41:40.185478734Z	57.82	212	30.74	87.91	kafka-001	1077.803	57.92	911.312	60.5
30.74	2019-04-24T20:41:47.196734155Z	59.76	214	30.74	87.92	kafka-001	711.993	58.57	915.985	57.82
30.74	2019-04-24T20:41:54.215141694Z	51.97	215	30.74	87.94	kafka-001	715.213	58.41	920.045	59.76
30.75	2019-04-24T20:42:01.230277641Z	62.63	217	30.75	87.95	kafka-001	1098.246	58.65	935.428	51.97
30.75	2019-04-24T20:42:08.24434675Z	58.48	218	30.75	87.97	kafka-001	724.314	59.02	937.537	62.63
30.75	2019-04-24T20:42:15.257905284Z	60.09	220	30.75	87.98	kafka-001	1118.144	58.53	943.244	58.48
30.75	2019-04-24T20:42:22.271568351Z	74.25	221	30.75	87.99	kafka-001	728.747	58.46	939.986	60.09
30.75	2019-04-24T20:42:29.29233358Z	63.09	223	30.75	88.01	kafka-001	738.725	61.2	952.87	74.25
30.75	2019-04-24T20:42:36.305979994Z	51.47	224	30.75	87.14	kafka-001	1138.08	61.75	961.682	63.09
30.75	2019-04-24T20:42:43.318218185Z	63.22	226	30.75	87.15	kafka-001	750.579	61.67	961.971	51.47
30.75	2019-04-24T20:42:50.338245897Z	59.49	227	30.75	87.17	kafka-001	1150.863	61.77	965.282	63.22
30.74	2019-04-24T20:42:57.353564299Z	65.15	229	30.74	87.18	kafka-001	763.554	61.94	976.705	59.49
30.74	2019-04-24T20:43:04.36800815Z	59.52	230	30.74	87.19	kafka-001	762.552	62.78	981.719	65.15
30.74	2019-04-24T20:43:11.380619334Z	65.29	232	30.74	87.21	kafka-001	1174.174	60.32	988.352	59.52
30.74	2019-04-24T20:43:18.395415846Z	55.36	233	30.74	87.22	kafka-001	774.332	60.69	984.183	65.29
30.74	2019-04-24T20:43:25.4053626Z	68.33	235	30.74	87.23	kafka-001	1188.129	61.34	1001.52	55.36
30.74	2019-04-24T20:43:32.42310916Z	58.28	236	30.74	87.25	kafka-001	780.985	62.19	993.712	68.33
30.74	2019-04-24T20:43:39.438424609Z	65.75	238	30.74	87.26	kafka-001	790.29	61.99	1005.936	58.28
30.74	2019-04-24T20:43:46.453081432Z	62.39	239	30.74	87.28	kafka-001	1216.778	62.09	1016.334	65.75
30.75	2019-04-24T20:43:53.467965925Z	66.48	241	30.75	87.29	kafka-001	798.102	62.57	1015.175	62.39
30.75	2019-04-24T20:44:00.487135409Z	61.34	242	30.75	87.31	kafka-001	1225.516	62.77	1023.512	66.48
30.75	2019-04-24T20:44:07.497192011Z	67.64	244	30.75	87.32	kafka-001	804.171	63.76	1029.103	61.34
30.75	2019-04-24T20:44:14.508765523Z	64.29	245	30.75	87.34	kafka-001	814.34	63.65	1037.609	67.64
30.75	2019-04-24T20:44:21.521275451Z	65.91	246	30.75	87.35	kafka-001	1244.222	64.65	1047.43	64.29
30.75	2019-04-24T20:44:28.537990105Z	69.81	248	30.75	87.36	kafka-001	823.928	64.68	1048.951	65.91
30.75	2019-04-24T20:44:35.550428298Z	72.7	249	30.75	87.38	kafka-001	1259.368	65.91	1051.996	69.81
30.75	2019-04-24T20:44:42.562885314Z	67.98	250	30.75	87.39	kafka-001	827.426	66.95	1049.783	72.7
30.75	2019-04-24T20:44:49.577837564Z	71.15	252	30.75	87.41	kafka-001	833.595	68.06	1064.123	67.98
30.75	2019-04-24T20:44:56.591067764Z	73.73	253	30.75	87.42	kafka-001	1280.847	68.64	1076.644	71.15
30.75	2019-04-24T20:45:03.602656922Z	70.73	255	30.75	87.44	kafka-001	841.032	70.21	1075.161	73.73
30.75	2019-04-24T20:45:10.615087686Z	73.29	256	30.75	87.45	kafka-001	1301.165	71.02	1084.607	70.73
30.75	2019-04-24T20:45:17.627872201Z	68.61	257	30.75	87.47	kafka-001	847.149	71.6	1077.245	73.29
30.75	2019-04-24T20:45:24.644990876Z	71.79	259	30.75	87.48	kafka-001	858.695	70.92	1093.908	68.61
30.75	2019-04-24T20:45:31.657786951Z	72.11	260	30.75	87.5	kafka-001	1320.914	71.55	1102.646	71.79
30.75	2019-04-24T20:45:38.671003212Z	65.49	261	30.75	87.51	kafka-001	867.039	71.71	1110.824	72.11
30.75	2019-04-24T20:45:45.684758555Z	77.4	263	30.75	87.53	kafka-001	1325.227	70.34	1112.769	65.49
30.75	2019-04-24T20:45:52.696197938Z	67.95	264	30.75	87.54	kafka-001	877.678	71.45	1121.355	77.4
30.75	2019-04-24T20:45:59.708572716Z	61.77	266	30.75	87.56	kafka-001	881.304	70.56	1123.401	67.95
30.75	2019-04-24T20:46:06.719094271Z	72.97	267	30.75	87.57	kafka-001	1353.993	69.42	1134.813	61.77
30.75	2019-04-24T20:46:13.737065581Z	76.89	268	30.75	87.59	kafka-001	882.299	69.61	1116.306	72.97
30.75	2019-04-24T20:46:20.746592763Z	65.38	269	30.75	87.61	kafka-001	1362.978	70.41	1140.78	76.89
30.75	2019-04-24T20:46:27.756720442Z	70.85	271	30.75	87.62	kafka-001	886.358	70.39	1139.09	65.38
30.75	2019-04-24T20:46:34.771478182Z	61.03	272	30.75	87.64	kafka-001	902.84	69.3	1151.71	70.85
30.75	2019-04-24T20:46:41.789095138Z	75.38	273	30.75	87.65	kafka-001	1385.899	68.15	1161.516	61.03
30.75	2019-04-24T20:46:48.800856663Z	66.88	275	30.75	87.67	kafka-001	911.124	70.42	1162.163	75.38
30.75	2019-04-24T20:46:55.814993661Z	72.99	276	30.75	87.69	kafka-001	1402.351	69.4	1160.604	66.88
30.75	2019-04-24T20:47:02.826933202Z	68.83	277	30.75	87.71	kafka-001	906.657	68.75	1143.039	72.99
30.75	2019-04-24T20:47:09.839752855Z	71.89	278	30.75	87.72	kafka-001	916.386	69.33	1174.191	68.83
30.75	2019-04-24T20:47:16.849927624Z	70.39	280	30.75	87.74	kafka-001	1409.14	69.5	1182.316	71.89
30.75	2019-04-24T20:47:23.866258204Z	74.4	281	30.75	87.76	kafka-001	930.723	71.06	1179.684	70.39
30.75	2019-04-24T20:47:30.878322838Z	73.97	282	30.75	87.77	kafka-001	1427.718	70.9	1196.52	74.4
30.75	2019-04-24T20:47:37.892037033Z	86.41	283	30.75	87.79	kafka-001	942.496	72.08	1203.558	73.97
30.75	2019-04-24T20:47:44.905506879Z	78.75	285	30.75	87.81	kafka-001	947.944	74.32	1210.695	86.41
30.75	2019-04-24T20:47:51.917366534Z	76.07	286	30.75	87.82	kafka-001	1448.862	75.97	1217.452	78.75
30.75	2019-04-24T20:47:58.932309495Z	76.58	287	30.75	87.84	kafka-001	947.64	76.67	1207.007	76.07
30.75	2019-04-24T20:48:05.942484535Z	72.81	289	30.75	87.86	kafka-001	1459.039	77.7	1218.32	76.58
30.74	2019-04-24T20:48:12.950708715Z	73.66	290	30.74	87.87	kafka-001	973.599	77.43	1231.097	72.81
30.74	2019-04-24T20:48:19.959527023Z	78.72	291	30.74	87.89	kafka-001	953.663	77.38	1235.801	73.66
30.74	2019-04-24T20:48:26.972245228Z	76.45	292	30.74	87.9	kafka-001	1481.586	76.1	1237.474	78.72
30.74	2019-04-24T20:48:33.984882641Z	75.87	294	30.74	87.92	kafka-001	969.754	75.72	1245.493	76.45
30.74	2019-04-24T20:48:40.996870513Z	81.04	295	30.74	87.94	kafka-001	1497.008	75.68	1246.818	75.87
30.74	2019-04-24T20:48:48.009182872Z	82.82	296	30.74	87.96	kafka-001	980.668	76.43	1251.627	81.04
30.74	2019-04-24T20:48:55.018115805Z	79.28	298	30.74	87.98	kafka-001	988.436	78.09	1261.015	82.82
30.74	2019-04-24T20:49:02.028739802Z	74.75	299	30.74	87.99	kafka-001	1514.384	79.03	1273.961	79.28
30.74	2019-04-24T20:49:09.037870492Z	79.96	300	30.74	87.12	kafka-001	998.628	78.37	1268.568	74.75
30.74	2019-04-24T20:49:16.050190377Z	70.18	301	30.74	87.13	kafka-001	1525.359	78.95	1280.39	79.96
30.74	2019-04-24T20:49:23.068571013Z	82.2	302	30.74	87.15	kafka-001	1006.173	78.01	1280.927	70.18
30.74	2019-04-24T20:49:30.084966096Z	77.98	304	30.74	87.17	kafka-001	1527.782	78.2	1280.379	82.2
30.74	2019-04-24T20:49:37.097365529Z	80.96	305	30.74	87.19	kafka-001	1007.054	77.39	1277.536	77.98
30.75	2019-04-24T20:49:44.112745943Z	82.91	306	30.75	87.21	kafka-001	1006.872	77.67	1282.383	80.96
30.75	2019-04-24T20:49:51.124240593Z	77.15	307	30.75	87.23	kafka-001	1556.532	79.03	1299.938	82.91
30.75	2019-04-24T20:49:58.135846666Z	69.29	308	30.75	87.24	kafka-001	1019.105	78.56	1298.585	77.15
30.75	2019-04-24T20:50:05.149232062Z	85.06	310	30.75	87.26	kafka-001	1570.66	78.42	1304.884	69.29
30.75	2019-04-24T20:50:12.161471897Z	79.91	311	30.75	87.28	kafka-001	1036.996	78.89	1317.257	85.06
30.75	2019-04-24T20:50:19.172891016Z	83.04	312	30.75	87.3	kafka-001	1030.442	79.21	1322.231	79.91
30.75	2019-04-24T20:50:26.184367318Z	73.52	313	30.75	87.32	kafka-001	1587.567	79.56	1324.97	83.04
30.75	2019-04-24T20:50:33.195820377Z	85.8	314	30.75	87.33	kafka-001	1045.813	78.0	1332.991	73.52
30.75	2019-04-24T20:50:40.211936133Z	87.8	315	30.75	87.36	kafka-001	1589.18	79.44	1342.022	85.8
30.75	2019-04-24T20:50:47.225004128Z	88.33	317	30.75	87.38	kafka-001	1051.984	82.52	1342.111	87.8
30.74	2019-04-24T20:50:54.241550731Z	83.76	318	30.74	87.39	kafka-001	1055.149	83.07	1351.903	88.33
30.74	2019-04-24T20:51:01.257161254Z	88.41	319	30.74	87.41	kafka-001	1618.641	83.71	1355.048	83.76
30.74	2019-04-24T20:51:08.268956584Z	82.67	320	30.74	87.43	kafka-001	1055.186	84.6	1347.185	88.41
30.74	2019-04-24T20:51:15.284925599Z	86.71	321	30.74	87.45	kafka-001	1626.807	86.13	1360.954	82.67
30.74	2019-04-24T20:51:22.297846504Z	81.51	322	30.74	87.48	kafka-001	1068.418	86.28	1365.414	86.71
30.74	2019-04-24T20:51:29.312188942Z	87.53	324	30.74	87.5	kafka-001	1072.875	85.23	1359.898	81.51
30.74	2019-04-24T20:51:36.327037123Z	85.62	325	30.74	87.52	kafka-001	1648.611	85.1	1377.822	87.53
30.74	2019-04-24T20:51:43.340855515Z	91.04	326	30.74	87.54	kafka-001	1081.284	85.41	1374.349	85.62
30.75	2019-04-24T20:51:50.353000367Z	76.6	327	30.75	87.56	kafka-001	1660.596	85.85	1390.192	91.04
30.75	2019-04-24T20:51:57.367044854Z	81.91	328	30.75	87.58	kafka-001	1087.739	84.84	1389.367	76.6
30.75	2019-04-24T20:52:04.378182139Z	94.91	330	30.75	87.67	kafka-001	1096.974	84.04	4292.948	81.91
30.75	2019-04-24T20:52:11.389368385Z	102.5	331	30.75	86.91	kafka-001	1733.364	86.27	23645.485	94.91
30.75	2019-04-24T20:52:18.401841089Z	108.48	332	30.75	87.85	kafka-001	1203.867	88.76	39815.229	102.5
30.75	2019-04-24T20:52:25.419323162Z	119.14	333	30.75	87.8	kafka-001	1827.111	92.57	53683.83	108.48
30.75	2019-04-24T20:52:32.435307464Z	116.31	334	30.75	87.65	kafka-001	1295.439	97.26	68737.641	119.14
30.75	2019-04-24T20:52:39.455389084Z	118.37	335	30.75	86.37	kafka-001	1327.771	103.88	77851.281	116.31
30.75	2019-04-24T20:52:46.465414107Z	122.38	336	30.75	87.03	kafka-001	1921.907	109.95	83501.38	118.37
30.75	2019-04-24T20:52:53.479708044Z	134.91	338	30.75	87.34	kafka-001	1343.699	114.53	88198.172	122.38
30.75	2019-04-24T20:53:00.49657731Z	121.85	339	30.75	87.21	kafka-001	1952.902	119.93	90992.879	134.91
30.75	2019-04-24T20:53:07.509485781Z	141.18	340	30.75	87.28	kafka-001	1376.967	122.16	96489.622	121.85
30.75	2019-04-24T20:53:14.526938497Z	140.02	341	30.75	87.85	kafka-001	1376.036	125.83	99060.745	141.18
30.75	2019-04-24T20:53:21.543894324Z	114.31	342	30.75	87.4	kafka-001	1968.166	129.79	98815.054	140.02
30.75	2019-04-24T20:53:28.559912428Z	118.43	343	30.75	87.95	kafka-001	1379.718	129.11	97880.688	114.31
30.75	2019-04-24T20:53:35.574017541Z	126.76	344	30.75	87.11	kafka-001	1967.288	128.45	98532.752	118.43
30.75	2019-04-24T20:53:42.592618313Z	134.0	345	30.75	86.56	kafka-001	1384.71	127.09	98709.797	126.76
30.75	2019-04-24T20:53:49.604415852Z	137.62	346	30.75	87.75	kafka-001	1386.669	129.12	96574.197	134.0
30.75	2019-04-24T20:53:56.617263848Z	128.73	348	30.75	86.55	kafka-001	1956.912	128.52	100074.249	137.62
30.75	2019-04-24T20:54:03.632056655Z	140.16	349	30.75	87.79	kafka-001	1382.898	126.64	99129.0	128.73
30.75	2019-04-24T20:54:10.64521997Z	130.31	350	30.75	87.27	kafka-001	1973.376	130.95	99861.597	140.16
30.75	2019-04-24T20:54:17.65958683Z	138.55	351	30.75	87.15	kafka-001	1394.991	132.93	98295.739	130.31
30.75	2019-04-24T20:54:24.670337496Z	128.21	352	30.75	87.72	kafka-001	1398.17	134.89	99438.992	138.55
30.75	2019-04-24T20:54:31.680345784Z	135.23	353	30.75	86.94	kafka-001	1962.318	133.93	98809.639	128.21
30.75	2019-04-24T20:54:38.697352557Z	117.6	354	30.75	87.5	kafka-001	1398.918	133.53	98802.358	135.23
30.75	2019-04-24T20:54:45.715391474Z	142.15	355	30.75	88.06	kafka-001	1978.543	131.68	99170.234	117.6
30.75	2019-04-24T20:54:52.729249574Z	122.07	356	30.75	87.18	kafka-001	1393.069	132.01	97181.956	142.15
30.75	2019-04-24T20:54:59.742025704Z	139.12	357	30.75	87.75	kafka-001	1399.183	130.64	99483.587	122.07
30.75	2019-04-24T20:55:06.75180429Z	118.14	358	30.75	86.48	kafka-001	1976.111	130.73	97828.905	139.12
30.75	2019-04-24T20:55:13.764882783Z	132.82	359	30.75	87.41	kafka-001	1403.549	129.05	97669.479	118.14
30.75	2019-04-24T20:55:20.781467521Z	121.72	360	30.75	87.99	kafka-001	1979.655	128.65	99171.931	132.82
30.75	2019-04-24T20:55:27.792492555Z	131.57	361	30.75	87.2	kafka-001	1410.327	129.34	98701.944	121.72
30.75	2019-04-24T20:55:34.802780759Z	139.46	362	30.75	87.82	kafka-001	1420.001	127.57	101543.878	131.57
30.75	2019-04-24T20:55:41.816092427Z	138.22	362	30.75	87.76	kafka-001	1991.122	130.47	100685.487	139.46
30.75	2019-04-24T20:55:48.828112938Z	130.41	362	30.75	87.28	kafka-001	1426.916	130.32	102050.194	138.22
30.75	2019-04-24T20:55:55.842221595Z	133.44	362	30.75	87.89	kafka-001	1984.329	132.37	100791.231	130.41
30.75	2019-04-24T20:56:02.854945208Z	132.25	362	30.75	87.78	kafka-001	1414.92	132.47	98901.805	133.44
30.75	2019-04-24T20:56:09.871661143Z	140.73	362	30.75	86.62	kafka-001	1417.992	134.22	102174.877	132.25
30.75	2019-04-24T20:56:16.883029418Z	126.54	362	30.75	87.22	kafka-001	1995.579	135.75	101154.984	140.73
30.75	2019-04-24T20:56:23.894703461Z	139.86	362	30.75	87.86	kafka-001	1425.404	133.6	102115.864	126.54
30.75	2019-04-24T20:56:30.907614329Z	141.7	362	30.75	87.13	kafka-001	1999.297	133.87	101412.767	139.86
30.75	2019-04-24T20:56:37.92999857Z	144.48	362	30.75	87.77	kafka-001	1423.426	135.75	102302.931	141.7
30.75	2019-04-24T20:56:44.940623445Z	113.26	362	30.75	86.56	kafka-001	1423.807	137.59	100702.386	144.48
30.75	2019-04-24T20:56:51.954662546Z	136.39	362	30.75	87.18	kafka-001	2000.231	134.43	101728.486	113.26
