memory_active_anon%	memory%	timestamp	sensor_count	container_cpu%	host_moving_avg_cpu	net_send	host_cpu	memory_rss%	net_receive	name
14.75	15.89	2019-04-24T21:20:30.412445296Z	2	9.84	nan	41.87	0	14.75	53.655	kafka-001
15.02	16.17	2019-04-24T21:20:37.423177166Z	7	14.6	nan	19.712	9.84	15.02	26.822	kafka-001
14.96	16.11	2019-04-24T21:20:44.435107552Z	11	14.54	nan	29.903	14.6	14.96	45.733	kafka-001
14.98	16.13	2019-04-24T21:20:51.446708308Z	15	23.06	nan	67.068	14.54	14.98	63.816	kafka-001
15.0	16.15	2019-04-24T21:20:58.46043047Z	19	40.4	nan	58.481	23.06	15.0	80.079	kafka-001
15.01	16.16	2019-04-24T21:21:05.475122679Z	23	22.75	17.07	110.104	40.4	15.01	98.722	kafka-001
15.11	16.26	2019-04-24T21:21:12.48950949Z	27	22.67	20.86	86.06	22.75	15.11	114.337	kafka-001
15.02	16.17	2019-04-24T21:21:19.502061997Z	30	23.16	23.0	96.928	22.67	15.02	129.887	kafka-001
15.02	16.18	2019-04-24T21:21:26.51621536Z	34	24.9	24.43	163.09	23.16	15.02	144.836	kafka-001
15.02	16.18	2019-04-24T21:21:33.530883387Z	37	30.81	26.16	120.536	24.9	15.02	157.949	kafka-001
15.02	16.19	2019-04-24T21:21:40.548480698Z	40	23.4	27.45	199.022	30.81	15.02	167.822	kafka-001
15.03	16.19	2019-04-24T21:21:47.561218852Z	43	19.19	24.62	141.576	23.4	15.03	180.349	kafka-001
15.03	16.2	2019-04-24T21:21:54.578486377Z	46	23.19	24.02	149.48	19.19	15.03	195.605	kafka-001
15.03	16.19	2019-04-24T21:22:01.592751077Z	49	34.12	24.11	243.601	23.19	15.03	211.39	kafka-001
15.09	16.27	2019-04-24T21:22:08.605913858Z	52	21.82	25.94	171.694	34.12	15.09	224.725	kafka-001
15.1	16.28	2019-04-24T21:22:15.619009099Z	55	30.0	25.42	275.671	21.82	15.1	238.365	kafka-001
15.1	16.28	2019-04-24T21:22:22.632499332Z	58	21.51	25.29	192.596	30.0	15.1	251.299	kafka-001
15.1	16.29	2019-04-24T21:22:29.646027741Z	61	20.52	24.97	200.804	21.51	15.1	262.8	kafka-001
15.11	16.31	2019-04-24T21:22:36.663774871Z	64	23.73	25.19	320.374	20.52	15.11	276.352	kafka-001
15.1	16.3	2019-04-24T21:22:43.674955486Z	67	27.62	25.28	218.184	23.73	15.1	285.211	kafka-001
15.1	16.31	2019-04-24T21:22:50.689748776Z	70	32.6	24.2	350.698	27.62	15.1	300.952	kafka-001
15.1	16.31	2019-04-24T21:22:57.707542581Z	72	24.38	26.0	233.652	32.6	15.1	306.555	kafka-001
15.11	16.32	2019-04-24T21:23:04.727609568Z	75	24.67	25.06	245.888	24.38	15.11	320.169	kafka-001
15.11	16.32	2019-04-24T21:23:11.743698898Z	77	21.84	25.59	386.79	24.67	15.11	332.874	kafka-001
15.11	16.33	2019-04-24T21:23:18.757689679Z	80	27.15	25.81	262.822	21.84	15.11	343.173	kafka-001
15.11	16.33	2019-04-24T21:23:25.775106006Z	82	29.68	26.38	416.936	27.15	15.11	357.444	kafka-001
15.11	16.33	2019-04-24T21:23:32.792620272Z	85	34.57	26.72	279.222	29.68	15.11	359.557	kafka-001
15.11	16.34	2019-04-24T21:23:39.80573984Z	87	27.73	27.05	286.424	34.57	15.11	369.187	kafka-001
15.11	16.35	2019-04-24T21:23:46.819568334Z	89	28.67	27.61	449.892	27.73	15.11	384.96	kafka-001
15.11	16.35	2019-04-24T21:23:53.831344505Z	92	31.03	28.27	302.772	28.67	15.11	389.971	kafka-001
15.16	16.51	2019-04-24T21:24:00.849705851Z	94	37.64	29.81	471.72	31.03	15.26	402.278	kafka-001
15.56	16.92	2019-04-24T21:24:07.865430396Z	96	31.02	31.55	317.863	37.64	15.66	408.707	kafka-001
15.76	17.03	2019-04-24T21:24:14.880024837Z	99	29.57	31.78	321.596	31.02	15.76	413.169	kafka-001
15.76	17.03	2019-04-24T21:24:21.892116493Z	101	30.78	30.94	507.842	29.57	15.76	431.515	kafka-001
15.76	17.04	2019-04-24T21:24:28.910922982Z	103	34.91	31.45	340.812	30.78	15.76	438.607	kafka-001
15.76	17.04	2019-04-24T21:24:35.925081958Z	105	35.9	32.49	531.548	34.91	15.76	450.163	kafka-001
15.77	17.15	2019-04-24T21:24:42.949168926Z	107	32.9	33.3	355.896	35.9	15.87	455.555	kafka-001
16.27	17.66	2019-04-24T21:24:49.962389004Z	109	33.98	32.51	358.553	32.9	16.37	465.363	kafka-001
16.78	18.13	2019-04-24T21:24:56.976809291Z	111	35.72	33.01	562.774	33.98	16.83	475.242	kafka-001
17.23	18.59	2019-04-24T21:25:03.991731035Z	113	29.29	34.03	374.502	35.72	17.28	483.043	kafka-001
17.74	19.1	2019-04-24T21:25:11.006251698Z	116	42.82	33.78	586.468	29.29	17.79	495.924	kafka-001
18.19	19.62	2019-04-24T21:25:18.018260745Z	118	33.46	35.1	387.359	42.82	18.3	504.89	kafka-001
18.75	20.13	2019-04-24T21:25:25.030812426Z	120	41.55	34.7	395.43	33.46	18.8	513.463	kafka-001
19.26	20.64	2019-04-24T21:25:32.04306143Z	122	34.52	36.14	613.742	41.55	19.31	521.393	kafka-001
19.77	21.21	2019-04-24T21:25:39.055078695Z	124	40.68	36.23	408.265	34.52	19.87	527.767	kafka-001
20.07	21.42	2019-04-24T21:25:46.067798493Z	126	33.8	37.05	635.984	40.68	20.07	539.296	kafka-001
20.07	21.43	2019-04-24T21:25:53.08092525Z	128	39.05	37.8	423.788	33.8	20.07	543.965	kafka-001
20.07	21.43	2019-04-24T21:26:00.093644826Z	130	37.77	37.18	658.96	39.05	20.07	558.514	kafka-001
20.07	21.44	2019-04-24T21:26:07.105023358Z	132	40.77	37.89	436.108	37.77	20.07	565.569	kafka-001
20.07	21.45	2019-04-24T21:26:14.118647163Z	134	41.26	37.76	440.461	40.77	20.07	568.897	kafka-001
20.07	21.46	2019-04-24T21:26:21.130675091Z	136	43.07	38.89	687.442	41.26	20.07	582.255	kafka-001
20.07	21.47	2019-04-24T21:26:28.14319606Z	137	39.18	39.29	454.247	43.07	20.07	586.952	kafka-001
20.07	21.47	2019-04-24T21:26:35.155111582Z	139	47.07	40.18	705.487	39.18	20.07	594.943	kafka-001
20.07	21.48	2019-04-24T21:26:42.175810959Z	141	42.4	41.52	469.134	47.07	20.07	605.238	kafka-001
20.07	21.49	2019-04-24T21:26:49.187261073Z	143	41.84	42.29	474.708	42.4	20.07	614.399	kafka-001
20.07	21.5	2019-04-24T21:26:56.197028231Z	145	44.47	42.47	731.466	41.84	20.07	621.562	kafka-001
20.42	21.86	2019-04-24T21:27:03.208835278Z	147	44.12	43.0	487.984	44.47	20.42	630.971	kafka-001
20.93	22.53	2019-04-24T21:27:10.224745433Z	148	49.46	43.18	755.4	44.12	21.08	638.144	kafka-001
21.59	23.15	2019-04-24T21:27:17.23992577Z	150	45.08	44.89	494.852	49.46	21.69	639.565	kafka-001
22.2	23.76	2019-04-24T21:27:24.25298664Z	152	47.64	44.56	505.517	45.08	22.3	649.291	kafka-001
22.96	24.43	2019-04-24T21:27:31.271905669Z	154	48.34	45.43	782.347	47.64	22.96	662.37	kafka-001
23.52	25.1	2019-04-24T21:27:38.282386386Z	156	46.54	46.52	513.272	48.34	23.62	661.186	kafka-001
24.17	25.76	2019-04-24T21:27:45.294687113Z	157	53.65	46.86	796.245	46.54	24.27	672.811	kafka-001
24.48	25.98	2019-04-24T21:27:52.302952044Z	159	44.59	48.45	528.536	53.65	24.48	683.165	kafka-001
24.48	25.99	2019-04-24T21:27:59.315002193Z	161	48.08	47.64	530.404	44.59	24.48	688.409	kafka-001
24.48	26.0	2019-04-24T21:28:06.325200191Z	162	43.16	48.14	822.826	48.08	24.48	696.877	kafka-001
24.48	26.0	2019-04-24T21:28:13.339769004Z	164	47.43	47.39	545.866	43.16	24.48	701.952	kafka-001
24.48	26.01	2019-04-24T21:28:20.347945375Z	166	50.32	47.24	839.922	47.43	24.48	716.77	kafka-001
24.48	26.03	2019-04-24T21:28:27.362262857Z	167	49.6	47.87	554.185	50.32	24.48	710.662	kafka-001
24.48	26.04	2019-04-24T21:28:34.373229213Z	169	67.75	47.2	559.302	49.6	24.48	724.334	kafka-001
24.48	26.05	2019-04-24T21:28:41.385612281Z	171	48.42	51.06	863.834	67.75	24.48	732.778	kafka-001
24.48	26.06	2019-04-24T21:28:48.393975827Z	172	45.53	51.11	572.105	48.42	24.48	737.229	kafka-001
24.48	26.07	2019-04-24T21:28:55.409716373Z	174	48.34	51.51	880.921	45.53	24.48	747.028	kafka-001
24.48	26.08	2019-04-24T21:29:02.423140412Z	176	51.05	51.66	581.876	48.34	24.48	750.877	kafka-001
24.48	26.09	2019-04-24T21:29:09.43762587Z	177	53.09	51.78	585.09	51.05	24.48	758.893	kafka-001
24.48	26.1	2019-04-24T21:29:16.447794681Z	179	68.01	52.36	908.914	53.09	24.48	765.798	kafka-001
24.48	26.11	2019-04-24T21:29:23.459922531Z	180	50.32	52.41	599.708	68.01	24.48	774.379	kafka-001
24.57	26.21	2019-04-24T21:29:30.470601019Z	182	44.41	52.72	923.392	50.32	24.57	783.834	kafka-001
24.97	26.73	2019-04-24T21:29:37.487699251Z	183	55.19	52.54	615.361	44.41	25.07	788.885	kafka-001
25.83	27.49	2019-04-24T21:29:44.49856165Z	185	53.92	53.68	607.576	55.19	25.83	788.425	kafka-001
26.54	28.26	2019-04-24T21:29:51.520253839Z	186	56.29	54.16	945.891	53.92	26.59	798.258	kafka-001
27.3	29.04	2019-04-24T21:29:58.532749495Z	188	53.18	54.69	623.102	56.29	27.35	800.426	kafka-001
28.01	29.81	2019-04-24T21:30:05.546129897Z	189	56.43	52.22	956.758	53.18	28.11	805.995	kafka-001
28.9	30.66	2019-04-24T21:30:12.556885847Z	191	57.83	53.24	634.697	56.43	28.95	814.795	kafka-001
29.41	31.13	2019-04-24T21:30:19.568375338Z	192	55.14	55.47	634.773	57.83	29.41	814.139	kafka-001
29.41	31.14	2019-04-24T21:30:26.578628776Z	194	55.38	55.47	981.884	55.14	29.41	826.638	kafka-001
29.41	31.15	2019-04-24T21:30:33.591162093Z	195	64.27	55.71	648.556	55.38	29.41	832.427	kafka-001
29.41	31.16	2019-04-24T21:30:40.601926113Z	197	55.9	57.04	998.026	64.27	29.41	834.974	kafka-001
29.41	31.17	2019-04-24T21:30:47.618600623Z	198	52.95	57.49	658.734	55.9	29.41	844.951	kafka-001
29.41	31.19	2019-04-24T21:30:54.628011405Z	200	54.97	56.91	659.958	52.95	29.41	845.18	kafka-001
29.41	31.2	2019-04-24T21:31:01.640229042Z	201	57.66	56.44	1018.358	54.97	29.41	857.006	kafka-001
29.45	31.25	2019-04-24T21:31:08.653784806Z	202	59.96	56.86	674.654	57.66	29.45	864.992	kafka-001
29.45	31.26	2019-04-24T21:31:15.668252938Z	204	56.54	57.62	1034.054	59.96	29.45	871.954	kafka-001
29.5	31.33	2019-04-24T21:31:22.676901068Z	205	57.56	56.33	684.03	56.54	29.5	876.275	kafka-001
29.5	31.34	2019-04-24T21:31:29.688067579Z	207	55.44	56.61	683.497	57.56	29.5	885.035	kafka-001
29.5	31.35	2019-04-24T21:31:36.699769616Z	208	59.17	57.02	1049.388	55.44	29.5	894.876	kafka-001
29.5	31.36	2019-04-24T21:31:43.713817471Z	209	57.03	57.72	696.944	59.17	29.5	897.277	kafka-001
29.5	31.38	2019-04-24T21:31:50.725023104Z	211	61.53	57.62	1068.558	57.03	29.5	903.29	kafka-001
29.5	31.39	2019-04-24T21:31:57.736202453Z	212	63.0	57.88	704.96	61.53	29.5	904.637	kafka-001
29.49	31.39	2019-04-24T21:32:04.747894988Z	214	63.25	58.96	706.6	63.0	29.49	905.303	kafka-001
29.49	31.4	2019-04-24T21:32:11.76126083Z	215	50.81	59.9	1088.413	63.25	29.49	919.46	kafka-001
29.49	31.41	2019-04-24T21:32:18.77263131Z	216	62.44	59.13	718.622	50.81	29.49	920.079	kafka-001
29.49	31.42	2019-04-24T21:32:25.784306417Z	218	56.17	59.68	1110.838	62.44	29.49	935.836	kafka-001
29.49	31.44	2019-04-24T21:32:32.797634272Z	219	61.09	59.53	725.864	56.17	29.49	934.653	kafka-001
29.49	31.45	2019-04-24T21:32:39.811054813Z	220	57.62	59.46	731.186	61.09	29.49	941.036	kafka-001
29.49	31.47	2019-04-24T21:32:46.825209285Z	222	64.16	58.56	1120.486	57.62	29.49	946.399	kafka-001
29.49	31.48	2019-04-24T21:32:53.837734394Z	223	51.09	58.72	740.925	64.16	29.49	952.061	kafka-001
29.49	31.49	2019-04-24T21:33:00.852170937Z	225	65.63	58.76	1136.115	51.09	29.49	964.166	kafka-001
29.49	31.51	2019-04-24T21:33:07.865060739Z	226	62.86	59.29	752.04	65.63	29.49	968.579	kafka-001
29.49	31.52	2019-04-24T21:33:14.878143767Z	227	64.32	60.41	751.304	62.86	29.49	968.63	kafka-001
29.49	31.53	2019-04-24T21:33:21.89532459Z	228	65.33	60.95	1159.994	64.32	29.49	980.681	kafka-001
29.49	31.54	2019-04-24T21:33:28.908667096Z	230	62.6	62.23	757.57	65.33	29.49	974.693	kafka-001
29.49	31.56	2019-04-24T21:33:35.922186231Z	231	63.48	61.97	1169.838	62.6	29.49	984.774	kafka-001
29.49	31.57	2019-04-24T21:33:42.937406492Z	232	67.0	64.04	771.582	63.48	29.49	990.504	kafka-001
29.49	31.58	2019-04-24T21:33:49.951937831Z	233	64.84	64.27	775.351	67.0	29.49	997.33	kafka-001
29.49	31.6	2019-04-24T21:33:56.964497876Z	235	61.36	64.6	1190.012	64.84	29.49	999.916	kafka-001
29.49	31.61	2019-04-24T21:34:03.976181479Z	236	67.44	64.1	779.83	61.36	29.49	1011.605	kafka-001
29.49	31.63	2019-04-24T21:34:10.988587161Z	237	70.6	64.45	1204.54	67.44	29.49	1018.39	kafka-001
29.49	31.64	2019-04-24T21:34:18.000172321Z	239	56.91	65.79	795.043	70.6	29.49	1018.035	kafka-001
29.49	31.66	2019-04-24T21:34:25.012524649Z	240	67.81	64.69	790.722	56.91	29.49	1029.126	kafka-001
29.55	31.73	2019-04-24T21:34:32.024658789Z	241	65.69	64.83	1220.981	67.81	29.55	1033.123	kafka-001
29.55	31.75	2019-04-24T21:34:39.036848907Z	242	72.92	64.97	804.815	65.69	29.55	1037.33	kafka-001
29.55	31.76	2019-04-24T21:34:46.049570938Z	244	69.0	66.9	1237.531	72.92	29.55	1039.231	kafka-001
29.55	31.77	2019-04-24T21:34:53.063335232Z	245	69.89	67.16	809.308	69.0	29.55	1041.801	kafka-001
29.57	31.8	2019-04-24T21:35:00.074165787Z	246	69.29	67.04	818.831	69.89	29.57	1049.752	kafka-001
29.57	31.82	2019-04-24T21:35:07.087123236Z	247	65.1	69.1	1255.615	69.29	29.57	1056.693	kafka-001
29.57	31.84	2019-04-24T21:35:14.104304845Z	248	68.5	68.65	822.216	65.1	29.57	1060.769	kafka-001
29.57	31.85	2019-04-24T21:35:21.119118574Z	250	69.02	69.12	1261.47	68.5	29.57	1064.108	kafka-001
29.57	31.87	2019-04-24T21:35:28.131222642Z	251	68.63	68.47	835.048	69.02	29.57	1070.023	kafka-001
29.57	31.88	2019-04-24T21:35:35.145000868Z	253	75.9	68.4	1283.565	68.63	29.57	1085.122	kafka-001
29.57	31.9	2019-04-24T21:35:42.162618893Z	254	67.14	69.41	841.93	75.9	29.57	1084.137	kafka-001
29.57	31.92	2019-04-24T21:35:49.176192822Z	255	69.17	69.05	849.914	67.14	29.57	1091.251	kafka-001
29.57	31.93	2019-04-24T21:35:56.189412644Z	257	70.93	69.73	1304.537	69.17	29.57	1101.769	kafka-001
29.57	31.94	2019-04-24T21:36:03.202422483Z	258	69.32	70.13	859.621	70.93	29.57	1104.108	kafka-001
29.57	31.96	2019-04-24T21:36:10.213708853Z	260	57.19	70.18	1314.643	69.32	29.57	1115.446	kafka-001
29.57	31.97	2019-04-24T21:36:17.228769893Z	261	71.8	68.28	870.659	57.19	29.57	1118.195	kafka-001
29.57	31.99	2019-04-24T21:36:24.24257893Z	262	67.03	67.59	874.743	71.8	29.57	1126.255	kafka-001
29.57	32.01	2019-04-24T21:36:31.252849509Z	264	71.06	67.57	1336.587	67.03	29.57	1128.506	kafka-001
29.57	32.03	2019-04-24T21:36:38.274487888Z	265	65.15	67.89	878.079	71.06	29.57	1128.145	kafka-001
29.57	32.04	2019-04-24T21:36:45.289163873Z	267	73.86	66.92	1343.775	65.15	29.57	1129.872	kafka-001
29.57	32.06	2019-04-24T21:36:52.299449319Z	268	65.17	67.68	887.837	73.86	29.57	1136.694	kafka-001
29.57	32.08	2019-04-24T21:36:59.312855169Z	269	76.16	69.01	895.078	65.17	29.57	1143.156	kafka-001
29.57	32.09	2019-04-24T21:37:06.325149535Z	271	65.89	69.74	1363.605	76.16	29.57	1147.14	kafka-001
29.57	32.11	2019-04-24T21:37:13.3403224Z	272	74.44	69.55	901.855	65.89	29.57	1153.799	kafka-001
29.57	32.12	2019-04-24T21:37:20.355829106Z	273	76.5	70.11	1386.68	74.44	29.57	1170.028	kafka-001
29.57	32.14	2019-04-24T21:37:27.368572546Z	275	78.62	72.0	912.177	76.5	29.57	1170.327	kafka-001
29.57	32.15	2019-04-24T21:37:34.381139426Z	276	71.83	72.8	912.775	78.62	29.57	1173.919	kafka-001
29.57	32.17	2019-04-24T21:37:41.392929881Z	277	77.17	73.91	1406.937	71.83	29.57	1178.919	kafka-001
29.57	32.19	2019-04-24T21:37:48.403725925Z	279	66.03	74.07	924.585	77.17	29.57	1183.117	kafka-001
29.57	32.21	2019-04-24T21:37:55.417211314Z	280	74.74	74.1	1420.938	66.03	29.57	1194.636	kafka-001
29.57	32.22	2019-04-24T21:38:02.431103062Z	282	77.98	74.15	934.736	74.74	29.57	1196.136	kafka-001
29.57	32.24	2019-04-24T21:38:09.44511709Z	283	77.38	74.39	934.366	77.98	29.57	1202.513	kafka-001
29.57	32.26	2019-04-24T21:38:16.459920843Z	284	78.22	74.19	1447.498	77.38	29.57	1212.814	kafka-001
29.57	32.27	2019-04-24T21:38:23.476212659Z	286	76.91	75.25	944.676	78.22	29.57	1201.433	kafka-001
29.57	32.29	2019-04-24T21:38:30.490301739Z	287	66.28	75.21	1451.579	76.91	29.57	1214.234	kafka-001
29.57	32.31	2019-04-24T21:38:37.504900827Z	288	73.44	75.25	954.116	66.28	29.57	1211.926	kafka-001
29.57	32.32	2019-04-24T21:38:44.529891149Z	289	80.51	75.04	969.386	73.44	29.57	1229.388	kafka-001
29.57	32.34	2019-04-24T21:38:51.542816835Z	291	78.6	75.46	1454.804	80.51	29.57	1232.726	kafka-001
29.57	32.36	2019-04-24T21:38:58.554006888Z	292	77.88	75.66	971.061	78.6	29.57	1235.617	kafka-001
29.57	32.38	2019-04-24T21:39:05.569347815Z	293	88.03	75.6	1485.554	77.88	29.57	1245.874	kafka-001
29.57	32.39	2019-04-24T21:39:12.58077015Z	295	71.88	77.46	974.992	88.03	29.57	1249.693	kafka-001
29.57	32.41	2019-04-24T21:39:19.596920346Z	296	80.24	78.39	979.237	71.88	29.57	1250.325	kafka-001
29.57	32.43	2019-04-24T21:39:26.607795502Z	297	70.16	79.52	1506.539	80.24	29.57	1259.84	kafka-001
29.58	32.45	2019-04-24T21:39:33.622229165Z	299	84.19	77.8	992.556	70.16	29.58	1268.741	kafka-001
29.58	32.47	2019-04-24T21:39:40.635426068Z	300	84.0	78.73	1528.358	84.19	29.58	1272.746	kafka-001
29.58	32.49	2019-04-24T21:39:47.648095807Z	301	81.9	79.75	995.868	84.0	29.58	1275.793	kafka-001
29.58	32.5	2019-04-24T21:39:54.663002058Z	302	72.15	78.73	997.548	81.9	29.58	1279.399	kafka-001
29.58	32.52	2019-04-24T21:40:01.67602239Z	304	82.31	78.77	1536.14	72.15	29.58	1283.374	kafka-001
29.58	32.54	2019-04-24T21:40:08.688496837Z	305	78.49	79.12	1014.038	82.31	29.58	1292.417	kafka-001
29.58	32.56	2019-04-24T21:40:15.701617845Z	306	85.53	80.51	1548.249	78.49	29.58	1300.762	kafka-001
29.58	32.58	2019-04-24T21:40:22.7152703Z	307	79.09	80.73	1018.004	85.53	29.58	1303.689	kafka-001
29.58	32.6	2019-04-24T21:40:29.730547638Z	309	79.18	79.91	1019.654	79.09	29.58	1293.879	kafka-001
29.58	32.61	2019-04-24T21:40:36.743206781Z	310	74.83	79.46	1576.414	79.18	29.58	1321.39	kafka-001
29.58	32.63	2019-04-24T21:40:43.765218664Z	311	87.39	79.91	1029.852	74.83	29.58	1317.377	kafka-001
29.58	32.65	2019-04-24T21:40:50.778042283Z	312	79.14	80.75	1579.737	87.39	29.58	1328.328	kafka-001
29.58	32.67	2019-04-24T21:40:57.791734035Z	314	81.74	80.86	1043.082	79.14	29.58	1330.842	kafka-001
29.58	32.69	2019-04-24T21:41:04.802306852Z	315	78.43	80.23	1038.947	81.74	29.58	1335.906	kafka-001
29.59	32.72	2019-04-24T21:41:11.819947526Z	316	84.81	80.12	1601.708	78.43	29.59	1345.279	kafka-001
29.59	32.73	2019-04-24T21:41:18.829059618Z	317	83.3	81.06	1047.894	84.81	29.59	1337.912	kafka-001
29.59	32.75	2019-04-24T21:41:25.843377665Z	319	80.62	82.47	1615.783	83.3	29.59	1359.306	kafka-001
29.59	32.77	2019-04-24T21:41:32.857143403Z	320	88.22	81.34	1060.291	80.62	29.59	1357.411	kafka-001
29.59	32.79	2019-04-24T21:41:39.869662441Z	321	89.4	82.85	1065.007	88.22	29.59	1357.213	kafka-001
29.59	32.81	2019-04-24T21:41:46.88075668Z	322	83.73	84.13	1637.753	89.4	29.59	1375.141	kafka-001
29.59	32.83	2019-04-24T21:41:53.892480108Z	323	89.33	85.01	1066.617	83.73	29.59	1378.192	kafka-001
29.59	32.85	2019-04-24T21:42:00.906050399Z	325	79.84	85.77	1647.109	89.33	29.59	1381.624	kafka-001
29.59	32.87	2019-04-24T21:42:07.922563197Z	326	87.34	85.19	1082.774	79.84	29.59	1389.611	kafka-001
29.59	32.89	2019-04-24T21:42:14.933450452Z	327	90.97	86.31	1083.356	87.34	29.59	1387.403	kafka-001
29.59	32.91	2019-04-24T21:42:21.945537892Z	328	80.96	86.77	1662.011	90.97	29.59	1393.964	kafka-001
29.59	32.93	2019-04-24T21:42:28.955944865Z	329	96.06	85.36	1089.293	80.96	29.59	1388.75	kafka-001
29.59	32.95	2019-04-24T21:42:35.974440715Z	331	85.21	87.42	1678.132	96.06	29.59	1399.784	kafka-001
29.59	32.97	2019-04-24T21:42:42.98796788Z	332	86.13	86.73	1097.572	85.21	29.59	1386.018	kafka-001
29.59	32.99	2019-04-24T21:42:50.002578728Z	333	92.19	87.78	1100.48	86.13	29.59	1404.944	kafka-001
29.59	33.01	2019-04-24T21:42:57.014180997Z	334	87.1	88.59	1691.531	92.19	29.59	1416.189	kafka-001
29.59	33.03	2019-04-24T21:43:04.024468762Z	336	92.77	87.94	1103.929	87.1	29.59	1422.203	kafka-001
29.59	33.05	2019-04-24T21:43:11.037067086Z	337	97.25	89.91	1712.158	92.77	29.59	1428.268	kafka-001
29.59	33.07	2019-04-24T21:43:18.047416898Z	338	90.29	90.11	1123.338	97.25	29.59	1419.552	kafka-001
29.59	33.09	2019-04-24T21:43:25.056834739Z	339	90.16	90.96	1122.082	90.29	29.59	1422.095	kafka-001
29.59	33.11	2019-04-24T21:43:32.071723328Z	340	88.38	91.63	1717.707	90.16	29.59	1439.728	kafka-001
29.59	33.13	2019-04-24T21:43:39.083163556Z	342	87.52	90.99	1135.566	88.38	29.59	1442.182	kafka-001
29.59	33.15	2019-04-24T21:43:46.096287882Z	343	82.32	91.06	1738.127	87.52	29.59	1457.854	kafka-001
29.59	33.17	2019-04-24T21:43:53.103720721Z	344	92.4	89.32	1138.836	82.32	29.59	1456.013	kafka-001
29.59	33.19	2019-04-24T21:44:00.11697223Z	345	94.67	88.51	1744.967	92.4	29.59	1460.21	kafka-001
29.59	33.21	2019-04-24T21:44:07.129123528Z	346	91.96	89.24	1144.707	94.67	29.59	1461.585	kafka-001
29.59	33.23	2019-04-24T21:44:14.14128642Z	347	95.52	89.54	1153.523	91.96	29.59	1471.187	kafka-001
29.59	33.25	2019-04-24T21:44:21.157155524Z	349	82.65	90.73	1767.909	95.52	29.59	1472.702	kafka-001
29.59	33.27	2019-04-24T21:44:28.171677348Z	350	88.34	89.92	1164.121	82.65	29.59	1479.307	kafka-001
29.59	33.29	2019-04-24T21:44:35.184123848Z	351	97.84	90.92	1782.295	88.34	29.59	1494.202	kafka-001
29.59	33.31	2019-04-24T21:44:42.194186158Z	352	85.09	91.83	1170.17	97.84	29.59	1491.871	kafka-001
29.59	33.33	2019-04-24T21:44:49.214059151Z	353	96.83	90.23	1173.679	85.09	29.59	1496.765	kafka-001
29.59	33.36	2019-04-24T21:44:56.227075808Z	355	84.61	91.05	1799.174	96.83	29.59	1503.436	kafka-001
29.59	33.38	2019-04-24T21:45:03.239672519Z	356	94.54	89.23	1178.942	84.61	29.59	1496.942	kafka-001
29.59	33.4	2019-04-24T21:45:10.249297752Z	357	96.97	91.21	1801.6	94.54	29.59	1524.119	kafka-001
29.59	33.42	2019-04-24T21:45:17.262564625Z	358	98.58	92.65	1182.932	96.97	29.59	1512.723	kafka-001
29.59	33.44	2019-04-24T21:45:24.281427342Z	359	95.91	92.77	1193.697	98.58	29.59	1515.119	kafka-001
29.6	33.47	2019-04-24T21:45:31.294807215Z	360	95.45	94.57	1820.164	95.91	29.6	1529.534	kafka-001
29.6	33.49	2019-04-24T21:45:38.309446404Z	361	89.9	94.34	1206.198	95.45	29.6	1531.765	kafka-001
29.6	33.51	2019-04-24T21:45:45.327301626Z	362	92.01	95.23	1833.365	89.9	29.6	1538.484	kafka-001
29.6	33.53	2019-04-24T21:45:52.338415466Z	364	89.7	94.8	1207.913	92.01	29.6	1538.261	kafka-001
29.6	33.55	2019-04-24T21:45:59.352936503Z	365	92.58	93.59	1194.007	89.7	29.6	1540.597	kafka-001
29.6	33.57	2019-04-24T21:46:06.369242237Z	366	95.35	92.59	1850.722	92.58	29.6	1549.926	kafka-001
29.6	33.59	2019-04-24T21:46:13.384343716Z	367	99.71	92.5	1212.504	95.35	29.6	1556.623	kafka-001
29.6	33.62	2019-04-24T21:46:20.400409275Z	368	87.44	93.21	1869.131	99.71	29.6	1565.866	kafka-001
29.6	33.64	2019-04-24T21:46:27.41264811Z	369	98.95	92.8	1223.632	87.44	29.6	1557.221	kafka-001
29.6	33.66	2019-04-24T21:46:34.423955171Z	370	99.27	93.96	1227.414	98.95	29.6	1565.151	kafka-001
29.6	33.68	2019-04-24T21:46:41.435952955Z	371	101.75	95.55	1885.836	99.27	29.6	1578.99	kafka-001
29.62	33.72	2019-04-24T21:46:48.448516057Z	372	88.56	97.08	1232.413	101.75	29.62	1576.455	kafka-001
29.62	33.74	2019-04-24T21:46:55.46133405Z	374	97.76	95.95	1888.556	88.56	29.62	1579.356	kafka-001
29.62	33.77	2019-04-24T21:47:02.473787154Z	375	98.03	95.62	1241.58	97.76	29.62	1582.179	kafka-001
29.62	33.79	2019-04-24T21:47:09.4878801Z	376	98.59	97.39	1249.444	98.03	29.62	1590.025	kafka-001
29.62	33.81	2019-04-24T21:47:16.498735231Z	377	96.73	97.33	1901.765	98.59	29.62	1594.276	kafka-001
29.62	33.83	2019-04-24T21:47:23.510683764Z	378	104.47	96.9	1257.472	96.73	29.62	1604.143	kafka-001
29.61	33.85	2019-04-24T21:47:30.528788986Z	379	91.86	97.36	1919.86	104.47	29.61	1591.081	kafka-001
29.59	33.85	2019-04-24T21:47:37.541329142Z	380	99.2	97.91	1258.722	91.86	29.59	1602.382	kafka-001
29.59	33.87	2019-04-24T21:47:44.561113474Z	381	98.4	98.15	1268.17	99.2	29.59	1619.107	kafka-001
29.59	33.9	2019-04-24T21:47:51.574552734Z	382	93.77	98.21	1936.731	98.4	29.59	1627.428	kafka-001
29.59	33.92	2019-04-24T21:47:58.591518886Z	383	104.79	97.41	1266.852	93.77	29.59	1623.447	kafka-001
29.59	33.94	2019-04-24T21:48:05.605605888Z	384	99.72	98.75	1951.285	104.79	29.59	1634.454	kafka-001
29.74	34.42	2019-04-24T21:48:12.619148342Z	385	107.15	97.96	1314.309	99.72	29.74	13815.802	kafka-001
29.67	35.07	2019-04-24T21:48:19.632689447Z	386	114.26	100.51	1350.297	107.15	29.67	30882.0	kafka-001
29.67	36.1	2019-04-24T21:48:26.650570722Z	387	116.2	103.02	2075.194	114.26	29.67	43307.721	kafka-001
29.67	37.36	2019-04-24T21:48:33.666065047Z	388	129.59	105.98	1424.252	116.2	29.67	53139.836	kafka-001
29.67	38.92	2019-04-24T21:48:40.678975767Z	389	126.67	111.95	2141.509	129.59	29.67	65785.844	kafka-001
29.67	40.49	2019-04-24T21:48:47.695744908Z	390	149.85	115.6	1478.427	126.67	29.67	66397.481	kafka-001
29.68	42.44	2019-04-24T21:48:54.70908997Z	391	143.53	123.95	1521.629	149.85	29.68	81716.518	kafka-001
29.68	44.52	2019-04-24T21:49:01.722085087Z	392	153.5	130.02	2206.726	143.53	29.68	87068.291	kafka-001
29.68	46.69	2019-04-24T21:49:08.735941039Z	393	150.09	136.56	1545.203	153.5	29.68	91007.206	kafka-001
29.68	48.9	2019-04-24T21:49:15.75279766Z	394	153.9	142.21	2227.271	150.09	29.68	92356.105	kafka-001
29.68	51.11	2019-04-24T21:49:22.764883467Z	395	138.64	146.26	1543.977	153.9	29.68	92938.659	kafka-001
29.68	53.45	2019-04-24T21:49:29.777498583Z	396	156.01	148.25	1561.704	138.64	29.68	97799.19	kafka-001
29.68	55.61	2019-04-24T21:49:36.79544268Z	397	138.83	149.28	2225.561	156.01	29.68	90622.67	kafka-001
29.68	57.95	2019-04-24T21:49:43.808609796Z	398	158.82	148.5	1555.4	138.83	29.68	98118.225	kafka-001
29.68	60.31	2019-04-24T21:49:50.821646206Z	399	146.72	149.38	2245.721	158.82	29.68	99224.494	kafka-001
29.68	62.67	2019-04-24T21:49:57.831766623Z	401	152.28	148.82	1569.416	146.72	29.68	99080.951	kafka-001
29.68	65.02	2019-04-24T21:50:04.846416005Z	402	143.59	148.55	1566.354	152.28	29.68	98496.395	kafka-001
29.68	67.4	2019-04-24T21:50:11.867492559Z	403	161.44	149.38	2242.986	143.59	29.68	99647.381	kafka-001
29.68	69.74	2019-04-24T21:50:18.881786435Z	404	153.04	150.28	1568.613	161.44	29.68	98251.067	kafka-001
29.68	72.07	2019-04-24T21:50:25.893366547Z	405	150.83	152.65	2247.793	153.04	29.68	98171.737	kafka-001
29.68	74.44	2019-04-24T21:50:32.909052323Z	406	141.83	151.32	1566.389	150.83	29.68	99226.123	kafka-001
29.68	76.47	2019-04-24T21:50:39.927778763Z	407	54.83	150.5	1564.272	141.83	29.68	85164.311	kafka-001
29.68	78.68	2019-04-24T21:50:46.944643822Z	408	143.49	134.26	2247.953	54.83	29.68	92927.825	kafka-001
29.68	81.04	2019-04-24T21:50:53.95823161Z	409	153.08	134.24	1575.252	143.49	29.68	98831.533	kafka-001
29.68	83.39	2019-04-24T21:51:00.97205299Z	410	150.79	132.85	2256.681	153.08	29.68	98608.7	kafka-001
29.68	84.92	2019-04-24T21:51:07.986638179Z	411	150.19	132.48	1565.803	150.79	29.68	86814.806	kafka-001
29.68	85.14	2019-04-24T21:51:14.997651967Z	412	138.87	132.37	1563.057	150.19	29.68	92575.237	kafka-001
29.68	85.68	2019-04-24T21:51:22.009700677Z	413	149.31	131.88	2254.125	138.87	29.68	98228.648	kafka-001
29.67	85.69	2019-04-24T21:51:29.023853076Z	414	145.78	147.62	1588.669	149.31	29.67	97788.159	kafka-001
29.68	85.58	2019-04-24T21:51:36.038992807Z	415	92.17	148.0	2266.12	145.78	29.68	96404.007	kafka-001
29.68	85.57	2019-04-24T21:51:43.047980234Z	416	134.55	137.85	1595.889	92.17	29.68	99717.635	kafka-001
29.68	85.58	2019-04-24T21:51:50.061301469Z	417	155.86	135.15	1611.435	134.55	29.68	100552.888	kafka-001
29.68	84.85	2019-04-24T21:51:57.076283249Z	418	136.11	136.09	2263.892	155.86	29.68	97642.583	kafka-001
29.68	85.41	2019-04-24T21:52:04.096419562Z	419	146.22	135.63	1704.074	136.11	29.68	87850.993	kafka-001
29.68	86.25	2019-04-24T21:52:11.104836199Z	420	105.87	135.12	2176.792	146.22	29.68	98555.755	kafka-001
29.68	86.11	2019-04-24T21:52:18.116694073Z	421	148.95	128.46	1606.876	105.87	29.68	98000.167	kafka-001
29.68	85.24	2019-04-24T21:52:25.128078053Z	421	75.57	137.93	1600.893	148.95	29.68	94548.274	kafka-001
29.68	85.85	2019-04-24T21:52:32.142012482Z	422	127.14	128.1	2312.617	75.57	29.68	95269.469	kafka-001
29.71	86.42	2019-04-24T21:52:39.154645263Z	422	140.73	123.31	1619.945	127.14	29.71	102102.874	kafka-001
29.76	86.03	2019-04-24T21:52:46.169812296Z	422	149.36	124.08	2287.307	140.73	29.76	98414.103	kafka-001
29.76	86.84	2019-04-24T21:52:53.195566731Z	422	148.02	124.6	1610.53	149.36	29.76	97951.565	kafka-001
29.76	86.76	2019-04-24T21:53:00.20969172Z	422	148.96	131.63	2272.189	148.02	29.76	91688.562	kafka-001
29.76	86.73	2019-04-24T21:53:07.222892631Z	422	136.17	131.63	1639.026	148.96	29.76	101444.005	kafka-001
29.76	86.16	2019-04-24T21:53:14.241030604Z	422	147.87	141.73	1596.112	136.17	29.76	102101.995	kafka-001
29.76	86.47	2019-04-24T21:53:21.24996339Z	422	136.99	145.19	2273.895	147.87	29.76	95840.673	kafka-001
29.76	86.82	2019-04-24T21:53:28.263210293Z	422	148.11	144.56	1612.833	136.99	29.76	101457.085	kafka-001
29.76	86.8	2019-04-24T21:53:35.273588422Z	422	148.14	144.35	2281.87	148.11	29.76	102168.367	kafka-001
29.76	87.22	2019-04-24T21:53:42.282457578Z	422	99.06	144.37	1608.001	148.14	29.76	96625.063	kafka-001
29.76	87.43	2019-04-24T21:53:49.296395846Z	422	130.42	136.06	1617.735	99.06	29.76	103161.296	kafka-001
