net_receive	name	host_cpu	memory_rss%	memory_active_anon%	container_cpu%	timestamp	net_send	host_moving_avg_cpu	memory%	sensor_count
28129803.721	kafka-001	0	30.11	30.11	2.65	2019-04-24T23:26:51.57453426Z	868743.923	nan	88.28	2
27.549	kafka-001	2.65	30.11	30.11	4.63	2019-04-24T23:26:58.588323716Z	16.159	nan	88.28	7
46.498	kafka-001	4.63	30.11	30.11	7.36	2019-04-24T23:27:05.606063969Z	46.518	nan	88.28	11
65.035	kafka-001	7.36	30.11	30.11	5.79	2019-04-24T23:27:12.620370175Z	46.037	nan	88.28	15
82.133	kafka-001	5.79	30.11	30.11	7.3	2019-04-24T23:27:19.634891753Z	57.406	nan	88.28	19
99.045	kafka-001	7.3	30.11	30.11	7.79	2019-04-24T23:27:26.650823029Z	105.461	4.62	88.28	23
113.72	kafka-001	7.79	30.11	30.11	10.49	2019-04-24T23:27:33.665088735Z	83.96	5.92	88.29	26
130.63	kafka-001	10.49	30.11	30.11	11.28	2019-04-24T23:27:40.679862132Z	146.927	7.23	88.29	30
143.189	kafka-001	11.28	30.11	30.11	11.31	2019-04-24T23:27:47.690498451Z	108.413	8.34	88.29	34
157.589	kafka-001	11.31	30.11	30.11	10.98	2019-04-24T23:27:54.703266245Z	117.83	8.99	88.29	37
171.058	kafka-001	10.98	30.11	30.11	12.52	2019-04-24T23:28:01.715313115Z	196.48	9.86	88.3	40
184.031	kafka-001	12.52	30.11	30.11	13.78	2019-04-24T23:28:08.728861541Z	139.902	10.73	88.3	43
196.523	kafka-001	13.78	30.11	30.11	16.33	2019-04-24T23:28:15.744908928Z	227.526	11.73	88.31	46
207.598	kafka-001	16.33	30.12	30.11	26.23	2019-04-24T23:28:22.757772681Z	162.656	12.7	88.31	50
223.393	kafka-001	26.23	30.11	30.11	16.36	2019-04-24T23:28:29.770249384Z	170.664	15.19	88.31	52
235.74	kafka-001	16.36	30.11	30.11	16.72	2019-04-24T23:28:36.782692696Z	275.924	16.03	88.31	55
249.495	kafka-001	16.72	30.11	30.11	18.45	2019-04-24T23:28:43.79575415Z	190.27	16.99	88.32	58
262.722	kafka-001	18.45	30.11	30.11	18.94	2019-04-24T23:28:50.808557592Z	305.615	17.98	88.32	61
271.569	kafka-001	18.94	30.11	30.11	20.87	2019-04-24T23:28:57.826012636Z	210.552	18.84	88.33	64
283.333	kafka-001	20.87	30.11	30.11	20.88	2019-04-24T23:29:04.839808434Z	217.266	19.6	88.33	66
298.996	kafka-001	20.88	30.11	30.11	22.2	2019-04-24T23:29:11.854034067Z	345.694	18.7	88.33	69
307.591	kafka-001	22.2	30.12	30.12	23.07	2019-04-24T23:29:18.868295844Z	234.236	19.68	88.33	72
320.014	kafka-001	23.07	30.12	30.12	25.71	2019-04-24T23:29:25.880274847Z	373.614	20.74	88.34	74
329.205	kafka-001	25.71	30.12	30.12	22.71	2019-04-24T23:29:32.892206715Z	254.432	21.95	88.35	77
338.859	kafka-001	22.71	30.11	30.11	24.79	2019-04-24T23:29:39.90383189Z	260.594	22.57	88.35	79
350.612	kafka-001	24.79	30.11	30.11	22.22	2019-04-24T23:29:46.912423456Z	409.095	23.23	88.35	82
360.945	kafka-001	22.22	30.11	30.11	25.88	2019-04-24T23:29:53.92357088Z	278.666	23.45	88.36	84
370.876	kafka-001	25.88	30.11	30.11	27.34	2019-04-24T23:30:00.932872048Z	431.034	24.06	88.36	86
377.596	kafka-001	27.34	30.11	30.11	25.72	2019-04-24T23:30:07.947446892Z	292.369	24.78	88.37	89
387.741	kafka-001	25.72	30.11	30.11	24.99	2019-04-24T23:30:14.955557844Z	299.222	24.78	88.37	91
400.199	kafka-001	24.99	30.11	30.11	26.61	2019-04-24T23:30:21.970185118Z	467.264	25.16	88.38	93
405.7	kafka-001	26.61	30.11	30.11	23.26	2019-04-24T23:30:28.977451658Z	311.792	25.46	88.38	95
418.163	kafka-001	23.26	30.11	30.11	30.87	2019-04-24T23:30:35.988263176Z	490.024	25.63	88.39	98
425.581	kafka-001	30.87	30.11	30.11	29.85	2019-04-24T23:30:43.004653483Z	331.418	26.47	88.4	100
433.826	kafka-001	29.85	30.11	30.11	30.85	2019-04-24T23:30:50.017223905Z	337.224	26.88	88.4	102
445.193	kafka-001	30.85	30.11	30.11	30.21	2019-04-24T23:30:57.024536242Z	524.882	27.74	88.41	104
454.361	kafka-001	30.21	30.11	30.11	32.59	2019-04-24T23:31:04.036424392Z	350.934	28.61	88.42	106
469.18	kafka-001	32.59	30.11	30.11	32.92	2019-04-24T23:31:11.051710858Z	550.764	29.61	88.42	109
474.383	kafka-001	32.92	30.11	30.11	29.28	2019-04-24T23:31:18.064887626Z	368.829	31.22	88.43	111
479.311	kafka-001	29.28	30.11	30.11	33.64	2019-04-24T23:31:25.075806032Z	566.461	30.95	88.43	113
492.942	kafka-001	33.64	30.11	30.11	32.36	2019-04-24T23:31:32.088467732Z	383.588	31.58	88.44	115
495.085	kafka-001	32.36	30.11	30.11	33.63	2019-04-24T23:31:39.09733471Z	382.627	31.83	88.45	117
511.076	kafka-001	33.63	30.11	30.11	32.89	2019-04-24T23:31:46.111923168Z	602.552	32.4	88.46	119
513.201	kafka-001	32.89	30.11	30.11	33.9	2019-04-24T23:31:53.119205886Z	400.596	32.45	88.46	121
521.087	kafka-001	33.9	30.11	30.11	36.93	2019-04-24T23:32:00.133155469Z	613.191	32.62	88.47	123
525.121	kafka-001	36.93	30.11	30.11	34.68	2019-04-24T23:32:07.145375656Z	411.746	33.89	88.48	125
539.99	kafka-001	34.68	30.11	30.11	37.8	2019-04-24T23:32:14.155508753Z	420.332	34.07	88.49	127
550.896	kafka-001	37.8	30.11	30.11	36.69	2019-04-24T23:32:21.16616521Z	650.268	34.97	88.5	129
550.904	kafka-001	36.69	30.12	30.12	33.27	2019-04-24T23:32:28.178099488Z	429.834	35.48	88.5	131
565.547	kafka-001	33.27	30.12	30.12	39.92	2019-04-24T23:32:35.18625812Z	672.369	35.55	88.51	132
572.042	kafka-001	39.92	30.12	30.12	40.08	2019-04-24T23:32:42.195985696Z	446.498	36.55	88.52	134
579.23	kafka-001	40.08	30.12	30.12	38.99	2019-04-24T23:32:49.212469663Z	451.624	37.07	88.53	136
593.642	kafka-001	38.99	30.12	30.12	37.58	2019-04-24T23:32:56.223844089Z	698.078	37.79	88.53	138
598.462	kafka-001	37.58	30.12	30.12	40.28	2019-04-24T23:33:03.231873966Z	462.451	37.76	88.54	140
604.157	kafka-001	40.28	30.12	30.12	36.86	2019-04-24T23:33:10.244420852Z	718.669	38.35	88.55	142
609.682	kafka-001	36.86	30.12	30.12	41.01	2019-04-24T23:33:17.25681615Z	474.348	38.95	88.56	143
620.814	kafka-001	41.01	30.12	30.12	41.31	2019-04-24T23:33:24.270458541Z	483.321	39.13	88.57	145
626.762	kafka-001	41.31	30.12	30.12	44.09	2019-04-24T23:33:31.279396791Z	742.129	39.34	88.58	147
634.505	kafka-001	44.09	30.12	30.12	40.78	2019-04-24T23:33:38.292144315Z	492.694	40.19	88.58	149
639.941	kafka-001	40.78	30.12	30.12	43.43	2019-04-24T23:33:45.302971121Z	761.218	40.72	88.59	150
644.054	kafka-001	43.43	30.12	30.12	42.09	2019-04-24T23:33:52.313535285Z	505.508	41.25	88.6	152
659.929	kafka-001	42.09	30.12	30.12	46.38	2019-04-24T23:33:59.327165205Z	507.99	42.12	88.61	154
663.381	kafka-001	46.38	30.12	30.12	39.8	2019-04-24T23:34:06.341229747Z	784.958	43.01	88.62	155
670.794	kafka-001	39.8	30.12	30.12	44.95	2019-04-24T23:34:13.357125661Z	522.172	42.76	88.63	157
679.846	kafka-001	44.95	30.12	30.12	45.3	2019-04-24T23:34:20.369416412Z	804.18	42.91	88.64	159
683.053	kafka-001	45.3	30.12	30.12	47.78	2019-04-24T23:34:27.381928742Z	531.957	43.66	88.65	160
688.173	kafka-001	47.78	30.12	30.12	47.61	2019-04-24T23:34:34.392824446Z	533.739	44.38	88.66	162
697.95	kafka-001	47.61	30.12	30.12	47.35	2019-04-24T23:34:41.404206941Z	830.513	45.3	88.67	164
711.001	kafka-001	47.35	30.12	30.12	41.18	2019-04-24T23:34:48.415837006Z	545.427	45.47	88.68	165
716.174	kafka-001	41.18	30.12	30.12	50.79	2019-04-24T23:34:55.427220873Z	847.589	45.7	88.69	167
725.527	kafka-001	50.79	30.12	30.12	46.02	2019-04-24T23:35:02.43981208Z	559.68	46.67	88.7	168
722.805	kafka-001	46.02	30.12	30.12	47.61	2019-04-24T23:35:09.455729745Z	563.82	46.79	88.7	170
728.357	kafka-001	47.61	30.12	30.12	44.83	2019-04-24T23:35:16.467511447Z	867.968	46.76	88.72	172
738.256	kafka-001	44.83	30.12	30.12	50.28	2019-04-24T23:35:23.479816914Z	573.348	46.3	88.73	173
754.642	kafka-001	50.28	30.12	30.12	35.72	2019-04-24T23:35:30.493709132Z	888.63	46.78	88.74	175
758.633	kafka-001	35.72	30.12	30.12	50.94	2019-04-24T23:35:37.506774958Z	586.562	45.88	88.75	176
763.891	kafka-001	50.94	30.12	30.12	46.6	2019-04-24T23:35:44.52465995Z	590.845	45.9	88.76	178
761.48	kafka-001	46.6	30.12	30.12	51.66	2019-04-24T23:35:51.541447773Z	907.906	46.0	88.77	179
774.947	kafka-001	51.66	30.12	30.12	50.83	2019-04-24T23:35:58.55483348Z	605.568	46.67	88.78	181
785.401	kafka-001	50.83	30.12	30.12	55.68	2019-04-24T23:36:05.570240476Z	921.628	47.67	88.79	182
789.064	kafka-001	55.68	30.12	30.12	44.5	2019-04-24T23:36:12.583131985Z	608.82	48.57	88.81	184
794.603	kafka-001	44.5	30.12	30.12	52.07	2019-04-24T23:36:19.593957862Z	619.579	50.04	88.81	186
804.646	kafka-001	52.07	30.12	30.12	46.31	2019-04-24T23:36:26.608069687Z	950.315	50.22	88.83	187
800.114	kafka-001	46.31	30.12	30.12	53.72	2019-04-24T23:36:33.620412401Z	624.517	50.18	88.84	189
810.237	kafka-001	53.72	30.12	30.12	48.83	2019-04-24T23:36:40.63188229Z	962.735	50.52	88.85	190
811.107	kafka-001	48.83	30.12	30.12	54.68	2019-04-24T23:36:47.645524824Z	634.956	50.18	88.86	192
824.985	kafka-001	54.68	30.12	30.12	49.18	2019-04-24T23:36:54.657360054Z	643.276	50.02	88.87	193
836.02	kafka-001	49.18	30.12	30.12	54.31	2019-04-24T23:37:01.670950769Z	988.482	50.8	88.88	195
832.279	kafka-001	54.31	30.12	30.12	55.81	2019-04-24T23:37:08.682597509Z	652.426	51.17	88.9	196
842.366	kafka-001	55.81	30.12	30.12	68.79	2019-04-24T23:37:15.698232788Z	997.341	52.76	88.91	198
838.683	kafka-001	68.79	30.12	30.12	53.91	2019-04-24T23:37:22.710195338Z	658.373	55.27	88.92	199
856.609	kafka-001	53.91	30.12	30.12	56.18	2019-04-24T23:37:29.723949637Z	664.753	56.11	88.93	201
865.196	kafka-001	56.18	30.11	30.11	49.69	2019-04-24T23:37:36.735784898Z	1023.413	56.36	88.93	202
867.261	kafka-001	49.69	30.11	30.11	57.26	2019-04-24T23:37:43.749948917Z	674.096	56.45	88.95	203
877.774	kafka-001	57.26	30.11	30.11	53.04	2019-04-24T23:37:50.765094597Z	1042.403	56.94	88.96	205
874.739	kafka-001	53.04	30.11	30.11	57.85	2019-04-24T23:37:57.778054852Z	676.773	56.48	88.97	206
884.465	kafka-001	57.85	30.11	30.11	58.91	2019-04-24T23:38:04.792517563Z	685.31	54.66	88.98	208
892.24	kafka-001	58.91	30.11	30.11	60.28	2019-04-24T23:38:11.804364109Z	1057.614	55.49	89.0	209
888.459	kafka-001	60.28	30.11	30.11	54.78	2019-04-24T23:38:18.813420004Z	698.374	56.17	89.01	210
904.546	kafka-001	54.78	30.11	30.11	60.85	2019-04-24T23:38:25.825540464Z	1075.756	57.02	89.02	212
906.855	kafka-001	60.85	30.11	30.11	54.46	2019-04-24T23:38:32.839146073Z	709.237	57.62	89.03	213
908.127	kafka-001	54.46	30.11	30.11	57.29	2019-04-24T23:38:39.860207366Z	712.876	57.86	89.05	214
918.592	kafka-001	57.29	30.11	30.11	52.23	2019-04-24T23:38:46.879426835Z	1093.158	57.76	89.06	216
923.681	kafka-001	52.23	30.11	30.11	62.5	2019-04-24T23:38:53.895253866Z	719.642	56.65	89.07	217
930.112	kafka-001	62.5	30.11	30.11	59.33	2019-04-24T23:39:00.907514581Z	1108.726	57.02	89.09	219
929.911	kafka-001	59.33	30.11	30.11	61.28	2019-04-24T23:39:07.920892689Z	731.331	57.78	89.1	220
929.127	kafka-001	61.28	30.11	30.11	59.11	2019-04-24T23:39:14.936402998Z	726.686	57.85	89.11	221
944.436	kafka-001	59.11	30.11	30.11	71.65	2019-04-24T23:39:21.95094391Z	1125.917	58.62	89.12	223
954.011	kafka-001	71.65	30.11	30.11	64.73	2019-04-24T23:39:28.963180507Z	747.42	61.02	89.14	224
962.434	kafka-001	64.73	30.11	30.11	56.53	2019-04-24T23:39:35.976174293Z	1136.877	63.1	89.15	225
961.782	kafka-001	56.53	30.11	30.11	53.36	2019-04-24T23:39:42.988778446Z	754.052	62.11	89.17	227
962.607	kafka-001	53.36	30.11	30.11	59.19	2019-04-24T23:39:50.008514397Z	753.831	61.11	89.18	228
978.11	kafka-001	59.19	30.11	30.11	49.73	2019-04-24T23:39:57.019716172Z	1159.324	60.76	89.19	229
980.218	kafka-001	49.73	30.11	30.11	65.17	2019-04-24T23:40:04.033311441Z	764.342	59.2	89.21	230
989.49	kafka-001	65.17	30.11	30.11	58.85	2019-04-24T23:40:11.04368546Z	1179.867	58.12	88.32	232
996.025	kafka-001	58.85	30.11	30.11	66.39	2019-04-24T23:40:18.055579558Z	773.854	57.14	88.33	233
994.826	kafka-001	66.39	30.11	30.11	69.28	2019-04-24T23:40:25.069899446Z	1185.958	58.78	88.35	234
1006.981	kafka-001	69.28	30.11	30.11	66.16	2019-04-24T23:40:32.081097121Z	787.621	61.44	88.36	236
1010.883	kafka-001	66.16	30.11	30.11	65.3	2019-04-24T23:40:39.093278206Z	786.366	62.6	88.37	237
1024.996	kafka-001	65.3	30.11	30.11	59.93	2019-04-24T23:40:46.119734474Z	1208.801	65.19	88.38	238
1015.939	kafka-001	59.93	30.11	30.11	58.81	2019-04-24T23:40:53.132081621Z	794.641	64.32	88.4	240
1030.168	kafka-001	58.81	30.11	30.11	72.2	2019-04-24T23:41:00.147453799Z	1218.906	64.31	88.42	241
1031.855	kafka-001	72.2	30.11	30.11	63.82	2019-04-24T23:41:07.165714979Z	805.386	65.28	88.43	242
1037.401	kafka-001	63.82	30.11	30.11	65.44	2019-04-24T23:41:14.177728231Z	805.042	64.37	88.44	243
1042.288	kafka-001	65.44	30.11	30.11	60.71	2019-04-24T23:41:21.190982627Z	1240.847	64.25	88.46	245
1046.025	kafka-001	60.71	30.11	30.11	69.65	2019-04-24T23:41:28.205322446Z	815.004	63.48	88.47	246
1056.252	kafka-001	69.65	30.11	30.11	68.35	2019-04-24T23:41:35.216998011Z	1251.601	65.1	88.49	247
1055.507	kafka-001	68.35	30.11	30.11	68.42	2019-04-24T23:41:42.228360406Z	825.206	66.69	88.5	248
1061.955	kafka-001	68.42	30.11	30.11	66.38	2019-04-24T23:41:49.239383297Z	829.216	66.06	88.52	250
1070.838	kafka-001	66.38	30.11	30.11	71.52	2019-04-24T23:41:56.251857551Z	1276.274	66.49	88.53	251
1073.611	kafka-001	71.52	30.11	30.11	68.83	2019-04-24T23:42:03.264914139Z	837.696	67.5	88.55	252
1086.406	kafka-001	68.83	30.11	30.11	79.36	2019-04-24T23:42:10.279504709Z	1287.443	68.86	88.56	254
1088.915	kafka-001	79.36	30.11	30.11	77.1	2019-04-24T23:42:17.291131701Z	852.666	70.48	88.58	255
1095.156	kafka-001	77.1	30.11	30.11	72.23	2019-04-24T23:42:24.303986907Z	850.448	71.93	88.6	257
1102.197	kafka-001	72.23	30.11	30.11	65.75	2019-04-24T23:42:31.319005682Z	1305.632	72.57	88.61	258
1105.071	kafka-001	65.75	30.11	30.11	76.08	2019-04-24T23:42:38.329883106Z	859.64	72.46	88.62	260
1114.472	kafka-001	76.08	30.11	30.11	71.09	2019-04-24T23:42:45.341821209Z	1322.226	73.22	88.64	261
1119.657	kafka-001	71.09	30.11	30.11	73.17	2019-04-24T23:42:52.358778337Z	865.993	73.6	88.66	262
1129.697	kafka-001	73.17	30.11	30.11	72.88	2019-04-24T23:42:59.365984165Z	877.794	72.57	88.67	264
1123.972	kafka-001	72.88	30.11	30.11	72.75	2019-04-24T23:43:06.377733427Z	1341.808	71.87	88.69	265
1133.815	kafka-001	72.75	30.11	30.11	65.65	2019-04-24T23:43:13.385217632Z	879.945	71.95	88.7	266
1143.042	kafka-001	65.65	30.11	30.11	81.29	2019-04-24T23:43:20.398688216Z	1362.878	71.94	88.72	268
1148.186	kafka-001	81.29	30.11	30.11	63.87	2019-04-24T23:43:27.40927508Z	931.94	72.8	88.73	269
1154.558	kafka-001	63.87	30.11	30.11	75.33	2019-04-24T23:43:34.426061056Z	894.814	71.6	88.75	271
1161.464	kafka-001	75.33	30.13	30.13	68.33	2019-04-24T23:43:41.433012665Z	1372.991	71.96	88.67	272
1169.491	kafka-001	68.33	30.13	30.13	77.45	2019-04-24T23:43:48.445611797Z	907.907	71.2	88.68	273
1171.306	kafka-001	77.45	30.13	30.13	77.19	2019-04-24T23:43:55.457622567Z	1397.304	71.99	88.7	275
1170.653	kafka-001	77.19	30.13	30.13	76.56	2019-04-24T23:44:02.469287637Z	912.258	73.91	88.72	276
1182.245	kafka-001	76.56	30.13	30.13	78.86	2019-04-24T23:44:09.481047022Z	922.658	73.12	88.74	277
1189.678	kafka-001	78.86	30.13	30.13	75.96	2019-04-24T23:44:16.493048755Z	1414.32	75.62	88.75	278
1169.837	kafka-001	75.96	30.13	30.13	75.39	2019-04-24T23:44:23.503128642Z	921.026	75.72	88.77	280
1194.432	kafka-001	75.39	30.13	30.13	73.66	2019-04-24T23:44:30.515552904Z	1421.935	76.9	88.78	281
1196.88	kafka-001	73.66	30.13	30.13	72.32	2019-04-24T23:44:37.52480284Z	939.969	76.27	88.8	282
1206.448	kafka-001	72.32	30.13	30.13	80.11	2019-04-24T23:44:44.539115247Z	940.513	75.46	88.82	284
1214.334	kafka-001	80.11	30.13	30.13	72.53	2019-04-24T23:44:51.560543919Z	1444.267	76.05	88.84	285
1216.899	kafka-001	72.53	30.13	30.13	78.37	2019-04-24T23:44:58.57653333Z	951.417	74.99	88.85	286
1224.874	kafka-001	78.37	30.13	30.13	79.44	2019-04-24T23:45:05.584540212Z	1458.261	75.4	88.87	288
1229.957	kafka-001	79.44	30.13	30.13	60.67	2019-04-24T23:45:12.596787991Z	959.698	76.07	88.89	289
1228.24	kafka-001	60.67	30.13	30.13	73.39	2019-04-24T23:45:19.605644701Z	960.262	73.91	88.91	290
1238.439	kafka-001	73.39	30.13	30.13	79.72	2019-04-24T23:45:26.616773943Z	1478.476	74.08	88.92	291
1240.199	kafka-001	79.72	30.13	30.13	77.54	2019-04-24T23:45:33.628774835Z	966.426	74.02	88.94	293
1253.314	kafka-001	77.54	30.13	30.13	81.17	2019-04-24T23:45:40.642358163Z	1490.515	74.85	88.96	294
1244.727	kafka-001	81.17	30.13	30.13	79.92	2019-04-24T23:45:47.651728778Z	981.212	75.32	88.97	295
1258.449	kafka-001	79.92	30.13	30.13	71.22	2019-04-24T23:45:54.664058251Z	985.394	75.4	88.99	297
1261.307	kafka-001	71.22	30.13	30.13	82.75	2019-04-24T23:46:01.674273152Z	1502.203	77.16	89.01	298
1271.874	kafka-001	82.75	30.13	30.13	79.69	2019-04-24T23:46:08.688859214Z	990.664	78.72	89.03	299
1277.346	kafka-001	79.69	30.13	30.13	79.73	2019-04-24T23:46:15.702185094Z	1526.119	78.71	89.04	300
1271.665	kafka-001	79.73	30.13	30.13	80.44	2019-04-24T23:46:22.718519366Z	996.911	79.08	89.06	301
1276.079	kafka-001	80.44	30.13	30.13	78.44	2019-04-24T23:46:29.734168418Z	1001.172	78.96	89.08	303
1293.235	kafka-001	78.44	30.13	30.13	82.24	2019-04-24T23:46:36.748563127Z	1540.41	78.71	89.1	304
1288.824	kafka-001	82.24	30.13	30.13	83.18	2019-04-24T23:46:43.760282146Z	1013.708	80.55	89.12	305
1297.416	kafka-001	83.18	30.13	30.13	80.29	2019-04-24T23:46:50.777076859Z	1551.752	80.62	89.14	306
1302.612	kafka-001	80.29	30.13	30.13	82.68	2019-04-24T23:46:57.787022193Z	1019.045	80.72	89.15	308
1311.83	kafka-001	82.68	30.13	30.13	81.09	2019-04-24T23:47:04.799961076Z	1021.944	81.21	89.17	309
1324.65	kafka-001	81.09	30.13	30.13	88.64	2019-04-24T23:47:11.814615973Z	1576.623	81.32	89.19	310
1321.961	kafka-001	88.64	30.13	30.13	85.52	2019-04-24T23:47:18.830058572Z	1028.438	83.02	88.3	311
1333.86	kafka-001	85.52	30.13	30.13	87.11	2019-04-24T23:47:25.845261473Z	1587.699	83.57	88.32	313
1337.802	kafka-001	87.11	30.13	30.13	80.72	2019-04-24T23:47:32.856827678Z	1033.517	84.22	88.34	314
1345.656	kafka-001	80.72	30.13	30.13	85.89	2019-04-24T23:47:39.868918809Z	1048.302	84.29	88.36	315
1344.191	kafka-001	85.89	30.13	30.13	86.8	2019-04-24T23:47:46.882716986Z	1604.73	84.83	88.38	316
1350.048	kafka-001	86.8	30.13	30.13	84.14	2019-04-24T23:47:53.901730436Z	1050.176	85.78	88.4	317
1349.728	kafka-001	84.14	30.13	30.13	89.55	2019-04-24T23:48:00.911711322Z	1607.859	85.03	88.42	319
1356.564	kafka-001	89.55	30.13	30.13	87.02	2019-04-24T23:48:07.926873221Z	1062.736	85.7	88.43	320
1364.453	kafka-001	87.02	30.13	30.13	84.17	2019-04-24T23:48:14.940080173Z	1068.262	85.69	88.45	321
1369.578	kafka-001	84.17	30.13	30.13	80.87	2019-04-24T23:48:21.949940287Z	1628.429	86.26	88.47	322
1375.942	kafka-001	80.87	30.13	30.13	87.85	2019-04-24T23:48:28.962866453Z	1072.967	85.42	88.5	323
1380.508	kafka-001	87.85	30.13	30.13	88.88	2019-04-24T23:48:35.97611778Z	1650.052	85.6	88.52	324
1383.523	kafka-001	88.88	30.13	30.13	76.71	2019-04-24T23:48:42.992599924Z	1084.794	86.39	88.54	326
1380.574	kafka-001	76.71	30.13	30.13	92.81	2019-04-24T23:48:50.005308317Z	1083.637	84.25	88.55	327
1395.571	kafka-001	92.81	30.13	30.13	85.98	2019-04-24T23:48:57.018399789Z	1659.589	85.21	88.57	328
1397.583	kafka-001	85.98	30.13	30.13	91.79	2019-04-24T23:49:04.032117608Z	1091.392	85.52	88.59	329
1407.69	kafka-001	91.79	30.13	30.13	84.21	2019-04-24T23:49:11.052042797Z	1667.772	87.34	88.61	330
1404.463	kafka-001	84.21	30.13	30.13	92.82	2019-04-24T23:49:18.06553505Z	1099.994	86.73	88.63	332
1419.526	kafka-001	92.82	30.13	30.13	89.67	2019-04-24T23:49:25.078913438Z	1686.302	87.39	88.65	333
1411.711	kafka-001	89.67	30.13	30.13	90.6	2019-04-24T23:49:32.090931011Z	1105.838	89.55	88.67	334
1425.365	kafka-001	90.6	30.13	30.13	88.44	2019-04-24T23:49:39.104362097Z	1113.898	89.18	88.69	335
1430.482	kafka-001	88.44	30.13	30.13	89.02	2019-04-24T23:49:46.119759618Z	1706.018	89.59	88.71	336
1427.719	kafka-001	89.02	30.13	30.13	88.62	2019-04-24T23:49:53.130712017Z	1109.659	89.13	88.73	337
1432.915	kafka-001	88.62	30.13	30.13	93.07	2019-04-24T23:50:00.152756774Z	1713.002	89.86	88.75	339
1436.846	kafka-001	93.07	30.13	30.13	90.35	2019-04-24T23:50:07.166602936Z	1129.056	89.9	88.77	340
1445.847	kafka-001	90.35	30.13	30.13	99.02	2019-04-24T23:50:14.179550399Z	1136.566	90.02	88.79	341
1458.167	kafka-001	99.02	30.13	30.13	91.39	2019-04-24T23:50:21.192017717Z	1735.095	91.42	88.81	342
1452.488	kafka-001	91.39	30.13	30.13	97.24	2019-04-24T23:50:28.203586458Z	1139.46	91.91	88.83	343
1465.296	kafka-001	97.24	30.13	30.13	93.35	2019-04-24T23:50:35.218986729Z	1745.202	93.28	88.85	344
1456.425	kafka-001	93.35	30.13	30.13	89.88	2019-04-24T23:50:42.232518357Z	1135.447	94.07	88.87	345
1469.739	kafka-001	89.88	30.13	30.13	89.19	2019-04-24T23:50:49.246747834Z	1148.395	93.54	88.89	346
1472.283	kafka-001	89.19	30.13	30.13	87.14	2019-04-24T23:50:56.259521689Z	1762.535	93.34	88.91	348
1477.42	kafka-001	87.14	30.13	30.13	96.63	2019-04-24T23:51:03.271905362Z	1159.518	91.36	88.93	349
1484.334	kafka-001	96.63	30.13	30.13	98.09	2019-04-24T23:51:10.285473199Z	1772.96	92.24	88.95	350
