net_send	name	timestamp	host_moving_avg_cpu	net_receive	container_cpu%	sensor_count	memory_rss%	memory%	host_cpu	memory_active_anon%
1146391.678	kafka-001	2019-04-24T18:52:03.41246678Z	nan	48035477.022	3.43	2	30.63	86.52	0	30.63
25.021	kafka-001	2019-04-24T18:52:10.422585017Z	nan	28.748	6.81	7	30.63	86.52	3.43	30.63
31.961	kafka-001	2019-04-24T18:52:17.437081513Z	nan	46.779	4.6	11	30.63	86.52	6.81	30.63
44.225	kafka-001	2019-04-24T18:52:24.452707092Z	nan	65.053	5.6	15	30.63	86.52	4.6	30.63
88.492	kafka-001	2019-04-24T18:52:31.46748621Z	nan	84.386	7.46	19	30.63	86.52	5.6	30.63
72.064	kafka-001	2019-04-24T18:52:38.48083619Z	4.65	98.865	8.44	23	30.63	86.53	7.46	30.63
130.594	kafka-001	2019-04-24T18:52:45.494610022Z	6.06	117.364	11.9	27	30.63	86.53	8.44	30.63
96.886	kafka-001	2019-04-24T18:52:52.504006363Z	7.47	128.725	14.91	30	30.63	86.53	11.9	30.63
106.504	kafka-001	2019-04-24T18:52:59.517965683Z	8.82	143.311	10.71	34	30.63	86.53	14.91	30.63
180.746	kafka-001	2019-04-24T18:53:06.531940589Z	9.84	159.278	10.57	37	30.63	86.53	10.71	30.63
128.23	kafka-001	2019-04-24T18:53:13.54391059Z	10.66	169.437	13.04	40	30.63	86.54	10.57	30.63
213.12	kafka-001	2019-04-24T18:53:20.553967738Z	11.6	186.722	15.83	43	30.63	86.54	13.04	30.63
152.142	kafka-001	2019-04-24T18:53:27.571129073Z	12.83	196.081	14.22	46	30.63	86.54	15.83	30.63
160.186	kafka-001	2019-04-24T18:53:34.583943089Z	13.21	207.153	14.72	50	30.63	86.55	14.22	30.63
262.154	kafka-001	2019-04-24T18:53:41.595708069Z	13.18	224.032	15.58	53	30.63	86.55	14.72	30.63
181.17	kafka-001	2019-04-24T18:53:48.606831246Z	13.99	234.318	16.55	55	30.63	86.55	15.58	30.63
290.844	kafka-001	2019-04-24T18:53:55.620339338Z	14.99	249.035	19.99	58	30.63	86.56	16.55	30.63
194.572	kafka-001	2019-04-24T18:54:02.632348931Z	16.15	252.251	18.83	61	30.63	86.56	19.99	30.63
207.976	kafka-001	2019-04-24T18:54:09.650548967Z	16.65	269.651	19.77	64	30.63	86.56	18.83	30.63
330.364	kafka-001	2019-04-24T18:54:16.663095247Z	17.57	280.746	20.28	66	30.63	86.57	19.77	30.63
225.472	kafka-001	2019-04-24T18:54:23.675846Z	18.5	290.335	19.42	69	30.63	86.57	20.28	30.63
357.741	kafka-001	2019-04-24T18:54:30.687389607Z	19.14	305.013	25.38	72	30.63	86.57	19.42	30.63
243.663	kafka-001	2019-04-24T18:54:37.699311327Z	20.61	311.338	20.88	74	30.63	86.57	25.38	30.63
250.681	kafka-001	2019-04-24T18:54:44.710012327Z	20.76	325.832	23.18	77	30.63	86.58	20.88	30.63
399.57	kafka-001	2019-04-24T18:54:51.72474989Z	21.49	340.197	23.97	79	30.63	86.58	23.18	30.63
268.982	kafka-001	2019-04-24T18:54:58.734896558Z	22.18	345.205	23.96	82	30.63	86.59	23.97	30.63
422.739	kafka-001	2019-04-24T18:55:05.747170329Z	22.8	354.952	27.8	84	30.63	86.6	23.96	30.63
287.224	kafka-001	2019-04-24T18:55:12.757013607Z	24.2	369.755	26.28	87	30.63	86.6	27.8	30.63
292.442	kafka-001	2019-04-24T18:55:19.768919695Z	24.35	376.271	25.03	89	30.63	86.61	26.28	30.63
458.186	kafka-001	2019-04-24T18:55:26.781519599Z	25.04	388.102	27.18	91	30.63	86.62	25.03	30.63
307.32	kafka-001	2019-04-24T18:55:33.803999292Z	25.7	395.813	27.01	93	30.63	86.62	27.18	30.63
480.516	kafka-001	2019-04-24T18:55:40.817375948Z	26.21	406.654	30.77	96	30.63	86.63	27.01	30.63
323.468	kafka-001	2019-04-24T18:55:47.829229556Z	27.35	415.405	28.86	98	30.63	86.63	30.77	30.63
328.866	kafka-001	2019-04-24T18:55:54.840273017Z	27.52	419.842	29.21	100	30.63	86.64	28.86	30.63
512.17	kafka-001	2019-04-24T18:56:01.8523038Z	28.01	431.006	28.09	102	30.63	86.64	29.21	30.63
344.758	kafka-001	2019-04-24T18:56:08.865747871Z	28.52	440.6	31.34	105	30.63	86.65	28.09	30.63
537.442	kafka-001	2019-04-24T18:56:15.878007678Z	29.21	455.704	32.44	107	30.63	86.65	31.34	30.63
361.128	kafka-001	2019-04-24T18:56:22.894133242Z	30.12	464.783	33.09	109	30.63	86.66	32.44	30.63
364.73	kafka-001	2019-04-24T18:56:29.915080279Z	30.5	471.58	31.8	111	30.63	86.67	33.09	30.63
570.64	kafka-001	2019-04-24T18:56:36.929025919Z	31.0	487.703	32.55	113	30.63	86.67	31.8	30.63
380.99	kafka-001	2019-04-24T18:56:43.942005302Z	31.55	495.757	31.37	115	30.63	86.68	32.55	30.63
593.987	kafka-001	2019-04-24T18:56:50.955815907Z	32.1	504.532	37.61	117	30.63	86.68	31.37	30.63
396.488	kafka-001	2019-04-24T18:56:57.972791565Z	33.14	510.031	30.93	119	30.63	86.69	37.61	30.63
401.326	kafka-001	2019-04-24T18:57:04.985239414Z	32.89	518.347	35.89	121	30.63	86.7	30.93	30.63
625.712	kafka-001	2019-04-24T18:57:11.997881617Z	33.36	532.054	34.71	123	30.63	86.71	35.89	30.63
415.46	kafka-001	2019-04-24T18:57:19.01031978Z	33.84	535.445	37.5	125	30.63	86.72	34.71	30.63
645.263	kafka-001	2019-04-24T18:57:26.022372636Z	34.67	546.682	34.57	127	30.63	86.72	37.5	30.63
428.165	kafka-001	2019-04-24T18:57:33.033184059Z	35.2	549.289	36.25	129	30.63	86.73	34.57	30.63
432.74	kafka-001	2019-04-24T18:57:40.049041582Z	34.98	556.253	39.21	131	30.63	86.74	36.25	30.63
668.56	kafka-001	2019-04-24T18:57:47.062593471Z	36.36	566.466	36.91	133	30.63	86.75	39.21	30.63
446.9	kafka-001	2019-04-24T18:57:54.075811033Z	36.53	576.235	33.06	134	30.63	86.75	36.91	30.63
688.332	kafka-001	2019-04-24T18:58:01.090012089Z	36.25	583.698	39.6	136	30.63	86.76	33.06	30.63
457.208	kafka-001	2019-04-24T18:58:08.105262177Z	36.6	584.446	41.1	138	30.63	86.77	39.6	30.63
710.786	kafka-001	2019-04-24T18:58:15.1183138Z	37.69	600.367	45.13	140	30.63	86.78	41.1	30.63
463.817	kafka-001	2019-04-24T18:58:22.129514195Z	39.17	600.389	34.92	142	30.63	86.79	45.13	30.63
474.496	kafka-001	2019-04-24T18:58:29.143079366Z	38.45	609.514	42.77	144	30.63	86.79	34.92	30.63
734.971	kafka-001	2019-04-24T18:58:36.156925951Z	39.43	619.74	46.61	146	30.63	86.81	42.77	30.63
489.653	kafka-001	2019-04-24T18:58:43.169838277Z	41.69	624.054	44.69	147	30.63	86.81	46.61	30.63
753.309	kafka-001	2019-04-24T18:58:50.184232588Z	42.54	635.415	38.72	149	30.63	86.82	44.69	30.63
502.704	kafka-001	2019-04-24T18:58:57.197517382Z	42.14	642.773	41.76	151	30.63	86.83	38.72	30.63
506.172	kafka-001	2019-04-24T18:59:04.209020073Z	41.58	648.318	40.5	152	30.63	86.84	41.76	30.63
778.932	kafka-001	2019-04-24T18:59:11.220901019Z	42.51	660.86	44.12	154	30.63	86.85	40.5	30.63
516.256	kafka-001	2019-04-24T18:59:18.23557949Z	42.73	658.257	44.57	156	30.63	86.86	44.12	30.63
801.686	kafka-001	2019-04-24T18:59:25.247566212Z	42.39	672.268	45.93	158	30.63	86.87	44.57	30.63
527.387	kafka-001	2019-04-24T18:59:32.260846913Z	42.6	668.909	45.06	159	30.63	86.88	45.93	30.63
531.249	kafka-001	2019-04-24T18:59:39.276082173Z	43.66	683.439	42.16	161	30.63	86.89	45.06	30.63
822.482	kafka-001	2019-04-24T18:59:46.287088392Z	43.72	693.669	44.06	162	30.63	86.9	42.16	30.63
544.658	kafka-001	2019-04-24T18:59:53.301702356Z	44.32	699.768	48.4	164	30.63	86.91	44.06	30.63
842.445	kafka-001	2019-04-24T19:00:00.313954594Z	45.03	709.804	47.91	166	30.63	86.92	48.4	30.63
556.051	kafka-001	2019-04-24T19:00:07.328251278Z	45.59	710.685	46.29	167	30.63	86.93	47.91	30.63
560.847	kafka-001	2019-04-24T19:00:14.341507525Z	45.65	719.265	47.69	169	30.63	86.94	46.29	30.63
862.042	kafka-001	2019-04-24T19:00:21.356428148Z	46.09	727.149	47.06	170	30.64	86.95	47.69	30.64
572.589	kafka-001	2019-04-24T19:00:28.371842482Z	46.9	730.28	41.07	172	30.64	86.96	47.06	30.64
878.929	kafka-001	2019-04-24T19:00:35.387312376Z	46.4	744.624	53.27	174	30.64	86.97	41.07	30.64
576.135	kafka-001	2019-04-24T19:00:42.401968903Z	47.22	746.209	48.81	175	30.64	86.98	53.27	30.64
586.972	kafka-001	2019-04-24T19:00:49.413915715Z	47.37	756.215	52.26	177	30.64	86.99	48.81	30.64
902.513	kafka-001	2019-04-24T19:00:56.429732281Z	48.36	763.258	44.53	178	30.64	87.0	52.26	30.64
596.606	kafka-001	2019-04-24T19:01:03.442426237Z	47.83	770.106	51.95	180	30.64	87.01	44.53	30.64
920.596	kafka-001	2019-04-24T19:01:10.454906806Z	48.65	780.527	49.66	181	30.64	87.03	51.95	30.64
608.482	kafka-001	2019-04-24T19:01:17.467917185Z	50.08	778.06	52.62	183	30.63	87.03	49.66	30.63
610.803	kafka-001	2019-04-24T19:01:24.483148442Z	49.97	788.347	51.22	184	30.63	87.04	52.62	30.63
938.865	kafka-001	2019-04-24T19:01:31.501013875Z	50.37	785.858	48.25	186	30.63	87.05	51.22	30.63
621.177	kafka-001	2019-04-24T19:01:38.516761018Z	49.71	798.075	50.1	187	30.63	87.06	48.25	30.63
959.086	kafka-001	2019-04-24T19:01:45.529046558Z	50.63	806.261	55.46	189	30.63	87.08	50.1	30.63
634.079	kafka-001	2019-04-24T19:01:52.541478717Z	51.22	813.579	55.19	190	30.63	87.08	55.46	30.63
637.361	kafka-001	2019-04-24T19:01:59.556918629Z	52.14	818.051	52.44	192	30.63	87.1	55.19	30.63
983.449	kafka-001	2019-04-24T19:02:06.573303782Z	52.11	828.874	45.58	193	30.63	87.11	52.44	30.63
646.188	kafka-001	2019-04-24T19:02:13.589780645Z	51.17	835.069	55.15	195	30.63	87.12	45.58	30.63
995.821	kafka-001	2019-04-24T19:02:20.604641464Z	52.32	842.792	52.67	196	30.63	87.13	55.15	30.63
656.71	kafka-001	2019-04-24T19:02:27.621790233Z	52.75	838.635	56.33	198	30.63	87.15	52.67	30.63
655.556	kafka-001	2019-04-24T19:02:34.636581743Z	52.89	841.282	53.05	199	30.63	87.16	56.33	30.63
1012.682	kafka-001	2019-04-24T19:02:41.64844344Z	52.54	858.457	56.62	201	30.63	87.17	53.05	30.63
674.832	kafka-001	2019-04-24T19:02:48.661052044Z	53.23	866.213	52.16	203	30.63	87.19	56.62	30.63
1037.844	kafka-001	2019-04-24T19:02:55.674075571Z	54.33	877.573	63.17	204	30.63	87.2	52.16	30.63
685.021	kafka-001	2019-04-24T19:03:02.689882495Z	55.67	881.501	56.35	206	30.63	87.21	63.17	30.63
692.472	kafka-001	2019-04-24T19:03:09.704209346Z	56.28	890.514	59.23	208	30.63	87.22	56.35	30.63
1060.033	kafka-001	2019-04-24T19:03:16.718719392Z	56.76	895.876	56.47	209	30.63	87.24	59.23	30.63
701.053	kafka-001	2019-04-24T19:03:23.729376366Z	57.33	899.555	59.78	211	30.63	87.25	56.47	30.63
1076.874	kafka-001	2019-04-24T19:03:30.747986158Z	57.86	906.129	55.91	213	30.63	87.26	59.78	30.63
712.332	kafka-001	2019-04-24T19:03:37.762100801Z	58.49	910.586	61.05	214	30.63	87.27	55.91	30.63
712.29	kafka-001	2019-04-24T19:03:44.779171852Z	58.13	916.201	57.08	216	30.63	87.28	61.05	30.63
1100.036	kafka-001	2019-04-24T19:03:51.793929614Z	58.25	925.15	61.51	218	30.63	87.3	57.08	30.63
726.325	kafka-001	2019-04-24T19:03:58.807554351Z	58.63	925.787	49.35	219	30.63	87.31	61.51	30.63
1115.513	kafka-001	2019-04-24T19:04:05.821880658Z	57.45	936.12	63.83	221	30.63	87.32	49.35	30.63
736.504	kafka-001	2019-04-24T19:04:12.834939644Z	58.12	936.461	60.98	222	30.63	87.33	63.83	30.63
737.05	kafka-001	2019-04-24T19:04:19.847272201Z	58.97	945.965	61.32	224	30.63	87.34	60.98	30.63
1138.771	kafka-001	2019-04-24T19:04:26.860642265Z	59.01	947.668	55.76	225	30.63	87.36	61.32	30.63
748.553	kafka-001	2019-04-24T19:04:33.877625704Z	58.79	964.843	63.83	227	30.63	87.37	55.76	30.63
1158.137	kafka-001	2019-04-24T19:04:40.891004405Z	59.18	972.074	64.72	229	30.63	87.39	63.83	30.63
762.065	kafka-001	2019-04-24T19:04:47.903050891Z	61.74	974.593	63.93	230	30.63	87.4	64.72	30.63
764.512	kafka-001	2019-04-24T19:04:54.913118642Z	61.76	982.803	62.87	232	30.63	87.41	63.93	30.63
1182.1	kafka-001	2019-04-24T19:05:01.923601902Z	62.07	994.558	65.78	233	30.63	87.43	62.87	30.63
782.044	kafka-001	2019-04-24T19:05:08.933558433Z	62.82	1002.107	63.01	235	30.63	87.44	65.78	30.63
1202.727	kafka-001	2019-04-24T19:05:15.948988141Z	64.02	1006.912	69.53	236	30.63	87.46	63.01	30.63
787.628	kafka-001	2019-04-24T19:05:22.961807264Z	64.97	1012.637	66.1	238	30.63	87.47	69.53	30.63
801.375	kafka-001	2019-04-24T19:05:29.974131244Z	65.2	1015.931	64.39	239	30.63	87.49	66.1	30.63
1219.02	kafka-001	2019-04-24T19:05:36.982415336Z	65.28	1024.542	63.58	241	30.63	87.5	64.39	30.63
801.719	kafka-001	2019-04-24T19:05:43.997688696Z	65.4	1022.179	65.55	242	30.63	87.51	63.58	30.63
1231.913	kafka-001	2019-04-24T19:05:51.007943491Z	65.36	1032.118	65.45	244	30.63	87.53	65.55	30.63
813.879	kafka-001	2019-04-24T19:05:58.020671Z	65.77	1029.766	65.22	245	30.63	87.54	65.45	30.63
811.092	kafka-001	2019-04-24T19:06:05.032155692Z	65.05	1031.945	67.74	246	30.63	87.56	65.22	30.63
1246.242	kafka-001	2019-04-24T19:06:12.051485922Z	65.32	1046.067	67.45	248	30.63	87.57	67.74	30.63
827.669	kafka-001	2019-04-24T19:06:19.065230384Z	65.83	1045.509	59.83	249	30.63	87.59	67.45	30.63
1265.201	kafka-001	2019-04-24T19:06:26.077115459Z	65.21	1058.463	64.33	251	30.63	87.6	59.83	30.63
835.576	kafka-001	2019-04-24T19:06:33.096753391Z	65.0	1061.356	68.2	252	30.63	87.62	64.33	30.63
1286.168	kafka-001	2019-04-24T19:06:40.108866678Z	65.46	1068.414	65.57	254	30.63	87.63	68.2	30.63
838.398	kafka-001	2019-04-24T19:06:47.119005817Z	65.52	1064.345	70.25	255	30.63	87.65	65.57	30.63
846.668	kafka-001	2019-04-24T19:06:54.130550824Z	65.94	1079.187	73.58	256	30.63	87.66	70.25	30.63
1310.362	kafka-001	2019-04-24T19:07:01.144233185Z	66.96	1085.594	71.3	258	30.63	87.68	73.58	30.63
862.785	kafka-001	2019-04-24T19:07:08.157758255Z	68.87	1093.855	74.37	259	30.63	87.69	71.3	30.63
1318.292	kafka-001	2019-04-24T19:07:15.169159346Z	70.54	1107.212	71.41	260	30.63	87.7	74.37	30.63
866.72	kafka-001	2019-04-24T19:07:22.183213653Z	71.08	1107.973	71.85	262	30.63	87.72	71.41	30.63
870.581	kafka-001	2019-04-24T19:07:29.193033437Z	72.13	1110.058	69.02	263	30.63	87.74	71.85	30.63
1337.102	kafka-001	2019-04-24T19:07:36.205104785Z	71.92	1120.874	71.3	265	30.63	87.75	69.02	30.63
883.412	kafka-001	2019-04-24T19:07:43.215077262Z	71.54	1128.242	71.21	266	30.63	87.77	71.3	30.63
1359.27	kafka-001	2019-04-24T19:07:50.233137419Z	71.53	1135.274	73.8	267	30.63	87.79	71.21	30.63
888.283	kafka-001	2019-04-24T19:07:57.246759042Z	71.43	1136.383	76.21	269	30.63	87.8	73.8	30.63
894.183	kafka-001	2019-04-24T19:08:04.261072537Z	72.23	1143.477	69.52	270	30.63	87.82	76.21	30.63
1388.823	kafka-001	2019-04-24T19:08:11.273831539Z	71.84	1162.246	76.74	271	30.63	87.83	69.52	30.63
895.111	kafka-001	2019-04-24T19:08:18.285336946Z	73.13	1163.029	72.01	273	30.63	87.85	76.74	30.63
1391.912	kafka-001	2019-04-24T19:08:25.293137022Z	73.25	1167.156	79.25	274	30.64	87.87	72.01	30.64
907.288	kafka-001	2019-04-24T19:08:32.311223338Z	74.59	1166.729	69.74	275	30.64	87.89	79.25	30.64
919.108	kafka-001	2019-04-24T19:08:39.323585839Z	73.91	1163.58	81.34	277	30.64	87.9	69.74	30.64
1403.824	kafka-001	2019-04-24T19:08:46.335710651Z	74.77	1167.599	84.22	278	30.64	87.92	81.34	30.64
921.102	kafka-001	2019-04-24T19:08:53.349705979Z	77.22	1182.913	82.27	279	30.64	87.93	84.22	30.64
1415.789	kafka-001	2019-04-24T19:09:00.360993787Z	78.14	1187.53	68.84	280	30.64	87.95	82.27	30.64
930.701	kafka-001	2019-04-24T19:09:07.375085777Z	77.61	1189.651	86.17	282	30.64	87.97	68.84	30.64
942.693	kafka-001	2019-04-24T19:09:14.390993605Z	78.76	1204.043	67.81	283	30.64	87.99	86.17	30.64
1445.34	kafka-001	2019-04-24T19:09:21.40310747Z	78.44	1212.68	79.07	284	30.64	88.0	67.81	30.64
948.974	kafka-001	2019-04-24T19:09:28.416642555Z	78.06	1214.015	78.0	286	30.64	87.15	79.07	30.64
1457.556	kafka-001	2019-04-24T19:09:35.431877129Z	77.03	1216.93	82.76	287	30.64	87.16	78.0	30.64
951.762	kafka-001	2019-04-24T19:09:42.443209392Z	77.11	1219.153	70.68	288	30.64	87.18	82.76	30.64
959.607	kafka-001	2019-04-24T19:09:49.456197941Z	77.41	1218.927	78.72	289	30.64	87.2	70.68	30.64
1464.187	kafka-001	2019-04-24T19:09:56.471960833Z	76.17	1227.679	80.72	291	30.64	87.22	78.72	30.64
965.082	kafka-001	2019-04-24T19:10:03.484605773Z	78.32	1233.018	81.42	292	30.64	87.23	80.72	30.64
1486.167	kafka-001	2019-04-24T19:10:10.494589194Z	78.72	1247.406	64.29	293	30.64	87.25	81.42	30.64
978.991	kafka-001	2019-04-24T19:10:17.507543051Z	76.43	1241.037	79.83	294	30.64	87.27	64.29	30.64
979.569	kafka-001	2019-04-24T19:10:24.519312876Z	75.94	1251.257	66.09	296	30.63	87.28	79.83	30.63
1497.766	kafka-001	2019-04-24T19:10:31.533254076Z	75.18	1256.576	72.47	297	30.63	87.3	66.09	30.63
994.014	kafka-001	2019-04-24T19:10:38.54891691Z	74.14	1264.157	78.37	298	30.63	87.31	72.47	30.63
1515.249	kafka-001	2019-04-24T19:10:45.564866384Z	73.74	1261.174	79.86	299	30.63	87.33	78.37	30.63
998.146	kafka-001	2019-04-24T19:10:52.579780474Z	73.48	1264.939	76.25	301	30.63	87.35	79.86	30.63
996.206	kafka-001	2019-04-24T19:10:59.592838978Z	75.48	1257.854	79.38	302	30.63	87.37	76.25	30.63
1538.217	kafka-001	2019-04-24T19:11:06.607087015Z	75.4	1280.893	75.14	303	30.63	87.39	79.38	30.63
1009.3	kafka-001	2019-04-24T19:11:13.624953984Z	76.91	1280.773	83.89	304	30.63	87.41	75.14	30.63
1548.72	kafka-001	2019-04-24T19:11:20.640853409Z	78.81	1296.226	86.38	305	30.63	87.43	83.89	30.63
1017.278	kafka-001	2019-04-24T19:11:27.653889174Z	80.15	1303.657	84.4	307	30.63	87.44	86.38	30.63
1011.071	kafka-001	2019-04-24T19:11:34.671110981Z	80.91	1298.671	79.37	308	30.63	87.46	84.4	30.63
1562.911	kafka-001	2019-04-24T19:11:41.682729324Z	81.43	1312.73	82.03	309	30.63	87.48	79.37	30.63
1033.535	kafka-001	2019-04-24T19:11:48.694366629Z	81.87	1319.549	71.02	310	30.63	87.5	82.03	30.63
1587.626	kafka-001	2019-04-24T19:11:55.711451713Z	81.18	1324.857	86.34	311	30.63	87.52	71.02	30.63
1035.705	kafka-001	2019-04-24T19:12:02.722295644Z	81.59	1315.538	78.76	313	30.63	87.54	86.34	30.63
1036.344	kafka-001	2019-04-24T19:12:09.73468665Z	80.32	1320.733	86.88	314	30.63	87.55	78.76	30.63
1597.054	kafka-001	2019-04-24T19:12:16.748800082Z	80.73	1336.376	78.29	315	30.64	87.57	86.88	30.64
1050.555	kafka-001	2019-04-24T19:12:23.761481818Z	80.55	1337.045	86.48	316	30.63	87.59	78.29	30.63
1600.752	kafka-001	2019-04-24T19:12:30.77073158Z	81.29	1339.086	87.93	317	30.63	87.61	86.48	30.63
1059.649	kafka-001	2019-04-24T19:12:37.786194852Z	84.11	1352.287	97.34	319	30.63	87.63	87.93	30.63
1058.64	kafka-001	2019-04-24T19:12:44.799531338Z	85.95	1353.993	85.32	320	30.63	87.65	97.34	30.63
1630.754	kafka-001	2019-04-24T19:12:51.811803929Z	87.04	1364.25	88.73	321	30.63	87.66	85.32	30.63
1061.492	kafka-001	2019-04-24T19:12:58.82412219Z	87.35	1353.673	85.14	322	30.63	87.68	88.73	30.63
1639.304	kafka-001	2019-04-24T19:13:05.83619945Z	88.49	1375.5	88.79	323	30.63	87.7	85.14	30.63
1078.838	kafka-001	2019-04-24T19:13:12.85208725Z	88.87	1379.053	77.57	324	30.63	87.72	88.79	30.63
1078.073	kafka-001	2019-04-24T19:13:19.865993874Z	87.15	1377.946	87.77	325	30.63	87.74	77.57	30.63
1655.254	kafka-001	2019-04-24T19:13:26.879501055Z	85.55	1384.427	81.06	327	30.63	87.76	87.77	30.63
1078.976	kafka-001	2019-04-24T19:13:33.892809548Z	84.84	1378.449	87.97	328	30.63	87.78	81.06	30.63
1666.882	kafka-001	2019-04-24T19:13:40.904979031Z	84.72	1398.296	89.38	329	30.63	87.8	87.97	30.63
1123.141	kafka-001	2019-04-24T19:13:47.914116774Z	85.42	10990.37	97.21	330	30.63	86.75	89.38	30.63
1169.166	kafka-001	2019-04-24T19:13:54.927560439Z	86.83	28592.954	97.06	331	30.63	87.42	97.21	30.63
1803.307	kafka-001	2019-04-24T19:14:01.939305885Z	90.07	43478.995	113.86	332	30.63	86.67	97.06	30.63
1267.896	kafka-001	2019-04-24T19:14:08.952704159Z	94.42	58801.438	110.94	333	30.63	86.27	113.86	30.63
1885.269	kafka-001	2019-04-24T19:14:15.967882182Z	99.4	71429.78	127.77	334	30.63	87.97	110.94	30.63
1312.607	kafka-001	2019-04-24T19:14:22.983061507Z	106.04	72010.06	131.1	335	30.63	87.89	127.77	30.63
1343.956	kafka-001	2019-04-24T19:14:29.997149265Z	112.99	83657.745	141.55	337	30.63	86.75	131.1	30.63
1922.027	kafka-001	2019-04-24T19:14:37.018290784Z	120.38	84856.507	129.44	338	30.63	87.38	141.55	30.63
1364.206	kafka-001	2019-04-24T19:14:44.029451773Z	125.78	92506.598	139.29	339	30.63	87.8	129.44	30.63
1949.694	kafka-001	2019-04-24T19:14:51.048223887Z	130.01	92600.782	121.22	340	30.63	86.87	139.29	30.63
1360.561	kafka-001	2019-04-24T19:14:58.059479054Z	131.73	92599.192	139.51	341	30.63	87.73	121.22	30.63
1569.305	kafka-001	2019-04-24T19:15:05.069662323Z	133.68	91656.156	120.26	342	30.63	87.47	139.51	30.63
1750.736	kafka-001	2019-04-24T19:15:12.083935Z	131.88	97271.903	138.94	343	30.64	88.0	120.26	30.64
1382.893	kafka-001	2019-04-24T19:15:19.097586481Z	131.44	98044.013	130.27	345	30.64	86.74	138.94	30.64
1949.025	kafka-001	2019-04-24T19:15:26.111208667Z	131.58	97690.798	148.58	346	30.64	87.28	130.27	30.64
1379.261	kafka-001	2019-04-24T19:15:33.125464924Z	133.13	94649.702	137.92	347	30.64	87.74	148.58	30.64
1969.134	kafka-001	2019-04-24T19:15:40.140267782Z	135.91	97627.529	146.73	348	30.64	86.47	137.92	30.64
1381.667	kafka-001	2019-04-24T19:15:47.152437302Z	137.12	97417.709	120.59	349	30.64	87.67	146.73	30.64
1390.215	kafka-001	2019-04-24T19:15:54.168205453Z	137.17	97233.814	136.86	350	30.64	87.75	120.59	30.64
1965.363	kafka-001	2019-04-24T19:16:01.185498303Z	136.82	97599.23	121.34	351	30.64	86.95	136.86	30.64
1391.47	kafka-001	2019-04-24T19:16:08.204095234Z	135.34	98356.982	143.02	352	30.64	87.95	121.34	30.64
1965.431	kafka-001	2019-04-24T19:16:15.224311532Z	134.41	98054.718	134.42	353	30.64	86.71	143.02	30.64
1397.235	kafka-001	2019-04-24T19:16:22.236608682Z	133.83	97847.654	132.82	354	30.64	87.25	134.42	30.64
1406.857	kafka-001	2019-04-24T19:16:29.25234627Z	131.51	98726.327	131.39	355	30.64	87.81	132.82	30.64
1972.213	kafka-001	2019-04-24T19:16:36.269248118Z	133.31	97328.871	144.05	357	30.64	87.2	131.39	30.64
1407.195	kafka-001	2019-04-24T19:16:43.281952239Z	134.51	98858.935	127.9	358	30.64	87.76	144.05	30.64
1978.684	kafka-001	2019-04-24T19:16:50.299242901Z	135.6	96331.871	135.07	359	30.63	87.8	127.9	30.63
1409.206	kafka-001	2019-04-24T19:16:57.3160129Z	134.27	98607.735	130.27	360	30.63	87.01	135.07	30.63
1400.83	kafka-001	2019-04-24T19:17:04.329000986Z	133.58	97859.752	141.1	361	30.63	87.55	130.27	30.63
1995.539	kafka-001	2019-04-24T19:17:11.340567663Z	134.96	98648.377	121.56	362	30.63	87.4	141.1	30.63
1453.963	kafka-001	2019-04-24T19:17:18.35508402Z	133.32	100360.015	140.09	362	30.63	88.04	121.56	30.63
1976.356	kafka-001	2019-04-24T19:17:25.364216145Z	132.66	100798.184	130.66	362	30.63	86.85	140.09	30.63
1428.192	kafka-001	2019-04-24T19:17:32.378627949Z	133.12	102507.59	150.73	362	30.63	87.5	130.66	30.63
1414.047	kafka-001	2019-04-24T19:17:39.392893683Z	135.73	101817.439	138.17	362	30.63	88.12	150.73	30.63
1993.169	kafka-001	2019-04-24T19:17:46.407270265Z	137.05	100957.612	143.8	362	30.63	86.92	138.17	30.63
1412.436	kafka-001	2019-04-24T19:17:53.418884627Z	137.5	102189.651	140.14	362	30.63	87.55	143.8	30.63
1999.305	kafka-001	2019-04-24T19:18:00.43548781Z	140.6	103258.022	150.13	362	30.63	88.21	140.14	30.63
1418.542	kafka-001	2019-04-24T19:18:07.444376784Z	142.27	101471.914	143.89	362	30.63	87.48	150.13	30.63
1421.499	kafka-001	2019-04-24T19:18:14.457636905Z	144.48	102173.385	143.32	362	30.63	88.12	143.89	30.63
1997.418	kafka-001	2019-04-24T19:18:21.470008388Z	143.24	101393.806	135.05	362	30.63	88.06	143.32	30.63
1417.842	kafka-001	2019-04-24T19:18:28.497113157Z	142.72	101841.268	141.02	362	30.63	87.57	135.05	30.63
1996.293	kafka-001	2019-04-24T19:18:35.510253663Z	142.26	102308.742	146.88	362	30.63	86.86	141.02	30.63
