sensor_count	container_cpu%	net_receive	host_moving_avg_cpu	net_send	memory%	name	timestamp	memory_active_anon%	host_cpu	memory_rss%
2	2.43	60312898.369	nan	1470412.75	88.01	kafka-001	2019-04-24T19:30:52.013513316Z	30.63	0	30.63
7	3.75	25.041	nan	14.378	88.01	kafka-001	2019-04-24T19:30:59.026766928Z	30.63	2.43	30.63
11	6.47	45.986	nan	44.584	88.01	kafka-001	2019-04-24T19:31:06.037057826Z	30.63	3.75	30.63
15	5.71	60.149	nan	42.997	88.01	kafka-001	2019-04-24T19:31:13.05046453Z	30.63	6.47	30.63
19	8.11	79.884	nan	86.388	88.01	kafka-001	2019-04-24T19:31:20.060550123Z	30.63	5.71	30.63
22	7.64	95.911	4.41	71.461	88.01	kafka-001	2019-04-24T19:31:27.074131001Z	30.63	8.11	30.63
26	9.25	113.007	5.68	82.654	88.01	kafka-001	2019-04-24T19:31:34.083247757Z	30.63	7.64	30.63
30	10.72	126.724	6.82	143.522	88.02	kafka-001	2019-04-24T19:31:41.09694003Z	30.63	9.25	30.63
34	11.31	142.685	7.98	107.921	88.02	kafka-001	2019-04-24T19:31:48.109999359Z	30.63	10.72	30.63
37	12.38	157.598	8.79	182.493	88.02	kafka-001	2019-04-24T19:31:55.121133344Z	30.63	11.31	30.63
40	13.02	168.913	9.9	129.926	88.02	kafka-001	2019-04-24T19:32:02.141533116Z	30.63	12.38	30.63
43	11.51	183.789	10.72	139.508	88.03	kafka-001	2019-04-24T19:32:09.153678222Z	30.63	13.02	30.63
46	15.09	198.2	11.37	229.69	88.03	kafka-001	2019-04-24T19:32:16.162877991Z	30.63	11.51	30.63
50	14.28	209.379	12.34	160.426	88.03	kafka-001	2019-04-24T19:32:23.176451377Z	30.63	15.09	30.63
53	18.95	224.569	12.93	262.32	88.04	kafka-001	2019-04-24T19:32:30.198225883Z	30.63	14.28	30.63
55	15.91	235.786	14.21	181.948	88.04	kafka-001	2019-04-24T19:32:37.21072397Z	30.63	18.95	30.63
58	18.58	251.303	14.79	189.066	88.04	kafka-001	2019-04-24T19:32:44.224747405Z	30.63	15.91	30.63
61	17.88	262.189	15.72	303.54	88.05	kafka-001	2019-04-24T19:32:51.236715113Z	30.63	18.58	30.63
64	20.16	274.976	16.78	210.208	88.05	kafka-001	2019-04-24T19:32:58.251728211Z	30.63	17.88	30.63
67	22.15	289.88	17.63	334.648	88.05	kafka-001	2019-04-24T19:33:05.263476119Z	30.63	20.16	30.63
69	22.06	297.225	18.94	226.673	88.06	kafka-001	2019-04-24T19:33:12.274208521Z	30.63	22.15	30.63
72	21.35	307.839	19.46	233.433	88.06	kafka-001	2019-04-24T19:33:19.288119377Z	30.63	22.06	30.63
75	21.98	323.352	20.36	373.769	88.06	kafka-001	2019-04-24T19:33:26.301060457Z	30.63	21.35	30.63
77	23.39	328.809	20.93	253.462	88.07	kafka-001	2019-04-24T19:33:33.314456623Z	30.63	21.98	30.63
79	28.03	339.572	21.85	401.239	88.07	kafka-001	2019-04-24T19:33:40.328451336Z	30.63	23.39	30.63
82	24.48	350.881	23.16	270.547	88.08	kafka-001	2019-04-24T19:33:47.341664801Z	30.63	28.03	30.63
84	26.16	358.569	23.55	277.11	88.08	kafka-001	2019-04-24T19:33:54.355301959Z	30.63	24.48	30.63
87	25.39	374.274	24.23	437.044	88.09	kafka-001	2019-04-24T19:34:01.369238044Z	30.63	26.16	30.63
89	27.8	380.858	24.9	293.718	88.1	kafka-001	2019-04-24T19:34:08.384297273Z	30.63	25.39	30.63
92	30.36	386.439	25.88	461.942	88.1	kafka-001	2019-04-24T19:34:15.39729332Z	30.63	27.8	30.63
94	28.3	397.003	27.04	309.046	88.11	kafka-001	2019-04-24T19:34:22.41214155Z	30.63	30.36	30.63
96	23.83	407.245	27.08	313.308	88.11	kafka-001	2019-04-24T19:34:29.430099981Z	30.63	28.3	30.63
98	29.31	418.658	26.97	494.208	88.12	kafka-001	2019-04-24T19:34:36.444705992Z	30.63	23.83	30.63
100	26.32	425.371	27.5	332.414	88.12	kafka-001	2019-04-24T19:34:43.459834906Z	30.63	29.31	30.63
103	34.15	440.41	27.65	520.277	88.13	kafka-001	2019-04-24T19:34:50.47320008Z	30.64	26.32	30.64
105	29.85	444.447	28.71	344.244	88.14	kafka-001	2019-04-24T19:34:57.485833045Z	30.64	34.15	30.64
107	30.81	452.231	28.63	352.734	88.15	kafka-001	2019-04-24T19:35:04.498865822Z	30.64	29.85	30.64
109	30.36	469.144	29.05	550.61	88.15	kafka-001	2019-04-24T19:35:11.509243254Z	30.64	30.81	30.64
111	33.82	478.173	30.13	367.956	88.15	kafka-001	2019-04-24T19:35:18.523988054Z	30.64	30.36	30.64
114	34.45	489.292	30.89	579.809	88.16	kafka-001	2019-04-24T19:35:25.535893968Z	30.64	33.82	30.64
116	33.72	488.116	32.24	377.188	87.28	kafka-001	2019-04-24T19:35:32.548685242Z	30.64	34.45	30.64
118	31.99	498.688	32.17	386.318	87.28	kafka-001	2019-04-24T19:35:39.561037621Z	30.64	33.72	30.64
120	36.62	511.988	32.53	602.031	87.29	kafka-001	2019-04-24T19:35:46.572348133Z	30.64	31.99	30.64
122	36.84	521.923	33.49	399.828	87.29	kafka-001	2019-04-24T19:35:53.584572008Z	30.63	36.62	30.63
124	40.81	531.815	34.57	627.576	87.3	kafka-001	2019-04-24T19:36:00.603124283Z	30.63	36.84	30.63
125	34.73	533.702	35.74	416.924	87.31	kafka-001	2019-04-24T19:36:07.61576355Z	30.63	40.81	30.63
127	36.39	541.525	35.79	418.966	87.31	kafka-001	2019-04-24T19:36:14.629044329Z	30.63	34.73	30.63
129	36.17	556.994	36.23	654.455	87.32	kafka-001	2019-04-24T19:36:21.644199309Z	30.63	36.39	30.63
131	37.58	560.761	36.93	436.131	87.33	kafka-001	2019-04-24T19:36:28.664045014Z	30.63	36.17	30.63
133	37.27	568.66	37.09	670.843	87.34	kafka-001	2019-04-24T19:36:35.674997167Z	30.63	37.58	30.63
135	38.6	569.827	37.16	448.012	87.34	kafka-001	2019-04-24T19:36:42.686913501Z	30.63	37.27	30.63
137	35.62	580.701	36.79	453.362	87.35	kafka-001	2019-04-24T19:36:49.697999712Z	30.63	38.6	30.63
139	38.4	591.594	36.94	704.484	87.36	kafka-001	2019-04-24T19:36:56.708793171Z	30.64	35.62	30.64
141	48.01	590.177	37.27	463.81	87.37	kafka-001	2019-04-24T19:37:03.721763835Z	30.64	38.4	30.64
143	43.0	611.14	39.25	725.723	87.38	kafka-001	2019-04-24T19:37:10.732408758Z	30.63	48.01	30.63
144	37.15	612.544	40.15	478.88	87.39	kafka-001	2019-04-24T19:37:17.748129444Z	30.63	43.0	30.63
146	43.79	617.904	40.13	483.87	87.4	kafka-001	2019-04-24T19:37:24.761348939Z	30.63	37.15	30.63
148	41.02	633.056	40.99	743.19	87.4	kafka-001	2019-04-24T19:37:31.772584328Z	30.63	43.79	30.63
150	43.62	638.275	41.89	494.375	87.41	kafka-001	2019-04-24T19:37:38.7865916Z	30.63	41.02	30.63
151	38.25	642.39	42.76	763.663	87.42	kafka-001	2019-04-24T19:37:45.800696911Z	30.63	43.62	30.63
153	43.24	655.729	41.14	509.403	87.43	kafka-001	2019-04-24T19:37:52.81294855Z	30.63	38.25	30.63
155	36.46	662.291	41.18	513.494	87.44	kafka-001	2019-04-24T19:37:59.826743824Z	30.63	43.24	30.63
156	42.42	668.654	41.06	790.554	87.45	kafka-001	2019-04-24T19:38:06.84037115Z	30.63	36.46	30.63
158	40.23	669.629	40.83	523.096	87.46	kafka-001	2019-04-24T19:38:13.851918612Z	30.63	42.42	30.63
160	49.43	685.596	40.7	810.641	87.47	kafka-001	2019-04-24T19:38:20.863138168Z	30.63	40.23	30.63
161	45.89	687.98	41.67	532.598	87.48	kafka-001	2019-04-24T19:38:27.876557914Z	30.63	49.43	30.63
163	47.04	699.188	42.94	542.068	87.49	kafka-001	2019-04-24T19:38:34.889520342Z	30.63	45.89	30.63
165	45.34	711.354	43.58	830.536	87.5	kafka-001	2019-04-24T19:38:41.902192005Z	30.63	47.04	30.63
166	42.98	711.639	45.06	552.404	87.51	kafka-001	2019-04-24T19:38:48.917083582Z	30.64	45.34	30.64
168	44.67	726.146	45.15	854.986	87.53	kafka-001	2019-04-24T19:38:55.931039065Z	30.59	42.98	30.64
170	48.41	732.275	45.89	563.898	87.54	kafka-001	2019-04-24T19:39:02.946408117Z	30.64	44.67	30.64
171	41.61	732.127	45.72	568.696	87.55	kafka-001	2019-04-24T19:39:09.95758828Z	30.64	48.41	30.64
173	52.03	743.978	45.01	877.824	87.56	kafka-001	2019-04-24T19:39:16.971896273Z	30.64	41.61	30.64
174	45.23	745.181	45.84	579.273	87.57	kafka-001	2019-04-24T19:39:23.985331754Z	30.64	52.03	30.64
176	49.84	756.698	45.82	895.24	87.58	kafka-001	2019-04-24T19:39:30.995668892Z	30.64	45.23	30.64
178	57.64	752.385	46.97	585.798	87.59	kafka-001	2019-04-24T19:39:38.007262983Z	30.64	49.84	30.64
179	54.22	766.64	49.13	595.694	87.6	kafka-001	2019-04-24T19:39:45.021709681Z	30.64	57.64	30.64
181	50.31	776.959	50.1	913.046	87.61	kafka-001	2019-04-24T19:39:52.038693856Z	30.64	54.22	30.64
182	50.02	777.003	51.55	603.498	87.62	kafka-001	2019-04-24T19:39:59.052328947Z	30.64	50.31	30.64
184	49.55	783.428	51.21	928.864	87.63	kafka-001	2019-04-24T19:40:06.077540302Z	30.64	50.02	30.64
185	52.47	790.849	51.93	613.32	87.64	kafka-001	2019-04-24T19:40:13.092372713Z	30.64	49.55	30.64
187	48.76	799.4	52.37	946.56	87.65	kafka-001	2019-04-24T19:40:20.105321323Z	30.64	52.47	30.64
188	52.98	805.885	50.89	621.781	87.66	kafka-001	2019-04-24T19:40:27.119125942Z	30.64	48.76	30.64
190	49.71	806.178	50.68	629.422	87.67	kafka-001	2019-04-24T19:40:34.133120093Z	30.64	52.98	30.64
191	57.19	821.879	50.58	971.261	87.68	kafka-001	2019-04-24T19:40:41.144851364Z	30.64	49.71	30.64
193	48.93	823.941	51.78	640.559	87.7	kafka-001	2019-04-24T19:40:48.158416499Z	30.64	57.19	30.64
194	56.4	833.152	51.67	989.276	87.71	kafka-001	2019-04-24T19:40:55.173064874Z	30.64	48.93	30.64
196	51.27	836.207	52.33	647.746	87.72	kafka-001	2019-04-24T19:41:02.188139954Z	30.64	56.4	30.64
197	55.55	845.083	52.75	655.322	87.73	kafka-001	2019-04-24T19:41:09.203272001Z	30.64	51.27	30.64
199	57.27	851.532	53.17	1008.506	87.74	kafka-001	2019-04-24T19:41:16.217468462Z	30.64	55.55	30.64
200	55.42	849.951	54.43	663.162	87.76	kafka-001	2019-04-24T19:41:23.234722655Z	30.64	57.27	30.64
202	56.83	861.148	54.14	1022.835	87.77	kafka-001	2019-04-24T19:41:30.247866292Z	30.64	55.42	30.64
204	56.62	866.683	55.46	677.67	87.78	kafka-001	2019-04-24T19:41:37.261117368Z	30.64	56.83	30.64
205	51.22	872.401	55.49	681.372	87.79	kafka-001	2019-04-24T19:41:44.276562152Z	30.64	56.62	30.64
207	59.68	881.954	55.48	1053.075	87.8	kafka-001	2019-04-24T19:41:51.288821767Z	30.64	51.22	30.64
209	51.9	887.607	56.17	690.088	87.82	kafka-001	2019-04-24T19:41:58.299860616Z	30.64	59.68	30.64
210	69.47	898.99	55.28	1068.005	87.83	kafka-001	2019-04-24T19:42:05.31524625Z	30.64	51.9	30.64
212	48.93	903.805	57.62	703.436	87.84	kafka-001	2019-04-24T19:42:12.323256323Z	30.64	69.47	30.64
214	61.25	914.897	56.3	705.264	87.85	kafka-001	2019-04-24T19:42:19.333540285Z	30.64	48.93	30.64
215	56.02	923.038	57.08	1092.592	87.87	kafka-001	2019-04-24T19:42:26.344472541Z	30.64	61.25	30.64
217	62.57	930.197	57.88	720.948	87.88	kafka-001	2019-04-24T19:42:33.356652502Z	30.64	56.02	30.64
219	63.21	930.838	58.36	1106.513	87.89	kafka-001	2019-04-24T19:42:40.367570378Z	30.64	62.57	30.64
220	54.6	936.393	60.24	729.8	87.91	kafka-001	2019-04-24T19:42:47.383515808Z	30.64	63.21	30.64
222	54.0	944.272	57.76	733.036	87.92	kafka-001	2019-04-24T19:42:54.395259216Z	30.64	54.6	30.64
224	62.08	959.513	58.61	1134.608	87.93	kafka-001	2019-04-24T19:43:01.412099735Z	30.64	54.0	30.64
225	60.11	955.422	58.75	745.51	87.95	kafka-001	2019-04-24T19:43:08.424536441Z	30.64	62.08	30.64
227	65.16	963.428	59.43	1149.594	87.96	kafka-001	2019-04-24T19:43:15.435844277Z	30.64	60.11	30.64
228	60.5	972.83	59.86	756.414	87.97	kafka-001	2019-04-24T19:43:22.446979895Z	30.64	65.16	30.64
230	62.92	984.267	59.41	761.914	87.99	kafka-001	2019-04-24T19:43:29.460886184Z	30.64	60.5	30.64
231	62.02	990.3	60.8	1174.059	88.0	kafka-001	2019-04-24T19:43:36.473347873Z	30.64	62.92	30.64
233	58.99	995.957	62.13	773.291	88.02	kafka-001	2019-04-24T19:43:43.487498535Z	30.64	62.02	30.64
235	67.04	1005.608	61.62	1192.654	88.03	kafka-001	2019-04-24T19:43:50.496774442Z	30.64	58.99	30.64
236	66.2	1003.621	62.77	782.108	88.04	kafka-001	2019-04-24T19:43:57.508203499Z	30.64	67.04	30.64
238	60.2	1005.891	62.95	783.427	88.06	kafka-001	2019-04-24T19:44:04.517477446Z	30.64	66.2	30.64
239	67.18	1023.108	62.9	1206.856	88.07	kafka-001	2019-04-24T19:44:11.529622012Z	30.64	60.2	30.64
241	66.11	1027.669	63.61	801.76	88.09	kafka-001	2019-04-24T19:44:18.53739739Z	30.64	67.18	30.64
242	72.61	1032.552	64.29	1228.601	88.1	kafka-001	2019-04-24T19:44:25.549839196Z	30.64	66.11	30.64
244	69.17	1032.552	66.56	813.029	88.11	kafka-001	2019-04-24T19:44:32.568308191Z	30.64	72.61	30.64
245	68.5	1041.526	66.91	803.36	88.13	kafka-001	2019-04-24T19:44:39.582848809Z	30.64	69.17	30.64
247	69.63	1050.824	67.3	1251.032	87.27	kafka-001	2019-04-24T19:44:46.590463982Z	30.64	68.5	30.64
248	68.27	1039.857	68.87	812.794	87.28	kafka-001	2019-04-24T19:44:53.602781663Z	30.64	69.63	30.64
249	74.8	1057.512	69.05	1263.69	87.3	kafka-001	2019-04-24T19:45:00.614635146Z	30.64	68.27	30.64
251	70.68	1060.576	70.5	828.191	87.31	kafka-001	2019-04-24T19:45:07.629993358Z	30.64	74.8	30.64
252	71.88	1077.534	70.18	838.364	87.33	kafka-001	2019-04-24T19:45:14.641702898Z	30.64	70.68	30.64
254	70.82	1087.558	70.63	1290.148	87.34	kafka-001	2019-04-24T19:45:21.657390351Z	30.64	71.88	30.64
255	70.86	1085.86	71.01	847.317	87.36	kafka-001	2019-04-24T19:45:28.66916411Z	30.64	70.82	30.64
257	71.01	1096.537	71.22	1299.6	87.37	kafka-001	2019-04-24T19:45:35.681560806Z	30.64	70.86	30.64
258	69.93	1091.157	71.68	854.0	87.38	kafka-001	2019-04-24T19:45:42.694399394Z	30.64	71.01	30.64
260	66.19	1098.879	70.86	859.116	87.4	kafka-001	2019-04-24T19:45:49.70873833Z	30.64	69.93	30.64
261	68.26	1112.228	70.12	1322.048	87.41	kafka-001	2019-04-24T19:45:56.725104784Z	30.64	66.19	30.64
262	71.44	1115.552	69.51	870.655	87.43	kafka-001	2019-04-24T19:46:03.735431677Z	30.64	68.26	30.64
264	72.28	1125.705	69.62	1336.71	87.45	kafka-001	2019-04-24T19:46:10.749857017Z	30.64	71.44	30.64
265	70.62	1130.769	69.85	879.517	87.46	kafka-001	2019-04-24T19:46:17.766146958Z	30.64	72.28	30.64
267	74.99	1133.637	69.79	882.133	87.48	kafka-001	2019-04-24T19:46:24.779677462Z	30.64	70.62	30.64
268	69.15	1140.969	70.63	1361.46	87.49	kafka-001	2019-04-24T19:46:31.798579735Z	30.64	74.99	30.64
270	78.75	1141.128	71.12	891.567	87.41	kafka-001	2019-04-24T19:46:38.814272703Z	30.65	69.15	30.65
271	69.3	1138.492	72.87	1366.928	87.43	kafka-001	2019-04-24T19:46:45.828657062Z	30.65	78.75	30.65
272	75.97	1156.517	72.52	905.534	87.44	kafka-001	2019-04-24T19:46:52.841557347Z	30.65	69.3	30.65
274	78.97	1158.421	73.13	905.985	87.46	kafka-001	2019-04-24T19:46:59.858368915Z	30.65	75.97	30.65
275	77.95	1173.43	74.52	1391.095	87.47	kafka-001	2019-04-24T19:47:06.872863862Z	30.65	78.97	30.65
276	78.1	1176.299	75.02	916.196	87.49	kafka-001	2019-04-24T19:47:13.886626804Z	30.65	77.95	30.65
278	76.46	1181.53	76.51	1404.638	87.51	kafka-001	2019-04-24T19:47:20.905337146Z	30.65	78.1	30.65
279	70.03	1183.663	76.13	927.747	87.52	kafka-001	2019-04-24T19:47:27.921435817Z	30.65	76.46	30.65
280	76.36	1189.007	76.25	927.503	87.54	kafka-001	2019-04-24T19:47:34.934821861Z	30.65	70.03	30.65
282	69.35	1191.764	76.31	1424.13	87.55	kafka-001	2019-04-24T19:47:41.949272376Z	30.65	76.36	30.65
283	63.96	1208.861	74.71	942.598	87.57	kafka-001	2019-04-24T19:47:48.960815613Z	30.65	69.35	30.65
284	75.62	1214.923	72.38	1435.919	87.59	kafka-001	2019-04-24T19:47:55.973697886Z	30.65	63.96	30.65
286	81.28	1206.531	71.96	946.908	87.6	kafka-001	2019-04-24T19:48:02.989783231Z	30.65	75.62	30.65
287	79.61	1218.777	72.77	952.307	87.62	kafka-001	2019-04-24T19:48:10.006076662Z	30.65	81.28	30.65
288	80.73	1223.875	74.36	1460.236	87.64	kafka-001	2019-04-24T19:48:17.025261228Z	30.65	79.61	30.65
290	72.67	1227.437	75.09	962.339	87.66	kafka-001	2019-04-24T19:48:24.037041709Z	30.65	80.73	30.65
291	60.8	1240.138	75.65	1474.619	87.67	kafka-001	2019-04-24T19:48:31.049679222Z	30.65	72.67	30.65
292	66.35	1234.769	75.12	963.62	87.69	kafka-001	2019-04-24T19:48:38.060667276Z	30.65	60.8	30.65
293	85.07	1240.582	73.57	1483.617	87.71	kafka-001	2019-04-24T19:48:45.072186164Z	30.65	66.35	30.65
295	77.6	1245.709	74.2	982.404	87.73	kafka-001	2019-04-24T19:48:52.083046855Z	30.65	85.07	30.65
296	82.04	1243.699	73.87	980.076	87.74	kafka-001	2019-04-24T19:48:59.094966297Z	30.65	77.6	30.65
297	60.06	1241.479	74.09	1492.09	87.76	kafka-001	2019-04-24T19:49:06.105488635Z	30.65	82.04	30.65
299	80.12	1260.293	71.99	987.543	87.78	kafka-001	2019-04-24T19:49:13.122308732Z	30.65	60.06	30.65
300	84.79	1272.167	75.21	1528.778	87.8	kafka-001	2019-04-24T19:49:20.134394858Z	30.65	80.12	30.65
301	81.9	1268.913	78.28	993.46	87.81	kafka-001	2019-04-24T19:49:27.147488032Z	30.65	84.79	30.65
302	82.56	1269.854	77.75	1003.319	87.83	kafka-001	2019-04-24T19:49:34.160924754Z	30.65	81.9	30.65
304	78.27	1281.607	78.58	1527.816	87.85	kafka-001	2019-04-24T19:49:41.172190073Z	30.65	82.56	30.65
305	81.72	1288.105	77.95	1007.84	87.87	kafka-001	2019-04-24T19:49:48.184031276Z	30.65	78.27	30.65
306	87.73	1304.917	81.56	1557.683	87.88	kafka-001	2019-04-24T19:49:55.194294593Z	30.65	81.72	30.65
307	81.33	1302.362	82.83	1020.285	87.9	kafka-001	2019-04-24T19:50:02.207483773Z	30.65	87.73	30.65
309	82.01	1311.204	82.25	1019.169	87.92	kafka-001	2019-04-24T19:50:09.220237114Z	30.65	81.33	30.65
310	75.27	1321.839	82.27	1572.736	87.94	kafka-001	2019-04-24T19:50:16.230312229Z	30.65	82.01	30.65
311	86.35	1319.637	81.05	1031.356	87.96	kafka-001	2019-04-24T19:50:23.242028298Z	30.65	75.27	30.65
312	66.94	1333.882	82.4	1583.295	87.98	kafka-001	2019-04-24T19:50:30.255468176Z	30.65	86.35	30.65
313	87.65	1333.827	79.94	1039.798	88.0	kafka-001	2019-04-24T19:50:37.2783192Z	30.65	66.94	30.65
315	79.15	1338.139	79.92	1038.997	88.02	kafka-001	2019-04-24T19:50:44.294100739Z	30.65	87.65	30.65
316	70.09	1348.392	79.56	1598.763	88.03	kafka-001	2019-04-24T19:50:51.310435905Z	30.65	79.15	30.65
317	77.23	1332.547	77.57	1050.538	88.05	kafka-001	2019-04-24T19:50:58.32228797Z	30.65	70.09	30.65
318	89.53	1342.582	77.9	1601.351	88.07	kafka-001	2019-04-24T19:51:05.335032358Z	30.65	77.23	30.65
319	76.55	1357.577	78.43	1058.774	88.09	kafka-001	2019-04-24T19:51:12.349173918Z	30.65	89.53	30.65
321	88.4	1357.423	80.03	1061.965	88.11	kafka-001	2019-04-24T19:51:19.362326734Z	30.65	76.55	30.65
322	81.18	1362.033	80.16	1634.106	87.25	kafka-001	2019-04-24T19:51:26.375309097Z	30.65	88.4	30.65
323	85.14	1366.968	80.5	1071.27	87.27	kafka-001	2019-04-24T19:51:33.387831782Z	30.65	81.18	30.65
324	90.18	1373.673	83.0	1637.053	87.28	kafka-001	2019-04-24T19:51:40.399278292Z	30.65	85.14	30.65
325	84.3	1373.314	85.16	1077.992	87.31	kafka-001	2019-04-24T19:51:47.412850306Z	30.65	90.18	30.65
327	86.16	1377.901	84.29	1075.554	87.32	kafka-001	2019-04-24T19:51:54.425275896Z	30.65	84.3	30.65
328	91.81	1388.134	85.89	1664.825	87.34	kafka-001	2019-04-24T19:52:01.436995272Z	30.65	86.16	30.65
329	79.63	1383.022	86.46	1088.166	87.36	kafka-001	2019-04-24T19:52:08.4499894Z	30.65	91.81	30.65
330	92.14	15511.716	86.2	1718.024	87.72	kafka-001	2019-04-24T19:52:15.460835296Z	30.65	79.63	30.65
331	104.17	33393.346	87.37	1186.077	86.74	kafka-001	2019-04-24T19:52:22.473974498Z	30.65	92.14	30.65
333	117.81	49066.226	89.7	1238.286	87.9	kafka-001	2019-04-24T19:52:29.486054155Z	30.65	104.17	30.65
334	119.27	63881.175	95.29	1866.671	87.63	kafka-001	2019-04-24T19:52:36.501423946Z	30.65	117.81	30.65
335	127.98	75858.295	100.8	1318.299	88.09	kafka-001	2019-04-24T19:52:43.517227809Z	30.65	119.27	30.65
336	126.28	79063.51	106.83	1900.63	86.38	kafka-001	2019-04-24T19:52:50.531193048Z	30.65	127.98	30.65
337	133.75	84020.058	114.61	1339.285	87.04	kafka-001	2019-04-24T19:52:57.545252561Z	30.65	126.28	30.65
338	136.27	87985.271	121.54	1358.974	87.8	kafka-001	2019-04-24T19:53:04.558148815Z	30.65	133.75	30.65
340	139.77	93355.204	126.89	1953.343	86.42	kafka-001	2019-04-24T19:53:11.570186438Z	30.65	136.27	30.65
341	140.03	98275.701	130.55	1382.701	86.97	kafka-001	2019-04-24T19:53:18.586284719Z	30.65	139.77	30.65
342	138.5	94003.109	134.01	1959.157	88.08	kafka-001	2019-04-24T19:53:25.599854341Z	30.65	140.03	30.65
343	127.28	98528.143	135.77	1378.759	87.97	kafka-001	2019-04-24T19:53:32.623300784Z	30.65	138.5	30.65
344	137.07	98033.942	135.93	1394.01	86.71	kafka-001	2019-04-24T19:53:39.639702446Z	30.65	127.28	30.65
345	104.75	96042.006	136.49	1940.437	87.2	kafka-001	2019-04-24T19:53:46.653226197Z	30.65	137.07	30.65
346	136.02	98752.314	131.23	1394.226	88.0	kafka-001	2019-04-24T19:53:53.664713619Z	30.65	104.75	30.65
347	119.15	97569.986	130.61	1954.647	87.41	kafka-001	2019-04-24T19:54:00.676998989Z	30.65	136.02	30.65
348	146.54	97292.188	127.13	1393.824	87.93	kafka-001	2019-04-24T19:54:07.68992686Z	30.65	119.15	30.65
350	127.33	98725.241	128.47	1388.382	86.67	kafka-001	2019-04-24T19:54:14.707998543Z	30.65	146.54	30.65
351	147.28	98397.927	128.48	1964.514	87.9	kafka-001	2019-04-24T19:54:21.723378693Z	30.65	127.33	30.65
352	127.3	98607.446	130.18	1390.343	87.12	kafka-001	2019-04-24T19:54:28.738113269Z	30.65	147.28	30.65
353	135.72	98494.346	133.94	1972.023	87.67	kafka-001	2019-04-24T19:54:35.750113342Z	30.65	127.3	30.65
354	121.87	94364.432	133.89	1396.072	88.12	kafka-001	2019-04-24T19:54:42.76603747Z	30.65	135.72	30.65
355	136.36	98029.966	134.34	1378.548	86.86	kafka-001	2019-04-24T19:54:49.778473598Z	30.65	121.87	30.65
356	126.77	98432.511	132.64	1970.209	88.08	kafka-001	2019-04-24T19:54:56.785934013Z	30.65	136.36	30.65
357	136.72	97967.699	132.55	1398.657	86.81	kafka-001	2019-04-24T19:55:03.798612966Z	30.65	126.77	30.65
358	121.21	97467.359	130.79	1984.898	87.34	kafka-001	2019-04-24T19:55:10.810176076Z	30.65	136.72	30.65
359	135.37	97710.938	129.77	1400.285	87.2	kafka-001	2019-04-24T19:55:17.828708662Z	30.65	121.21	30.65
360	140.42	98505.398	129.72	1407.924	87.75	kafka-001	2019-04-24T19:55:24.838620883Z	30.65	135.37	30.65
361	139.06	91146.444	132.81	1976.918	88.12	kafka-001	2019-04-24T19:55:31.856706489Z	30.65	140.42	30.65
362	142.26	101039.638	133.26	1425.05	86.92	kafka-001	2019-04-24T19:55:38.870212875Z	30.65	139.06	30.65
362	149.53	102760.055	135.84	2008.997	87.77	kafka-001	2019-04-24T19:55:45.882679997Z	30.65	142.26	30.65
362	146.37	100309.218	137.97	1412.574	87.24	kafka-001	2019-04-24T19:55:52.895896299Z	30.65	149.53	30.65
362	133.46	100618.638	142.17	1422.312	87.83	kafka-001	2019-04-24T19:55:59.911088793Z	30.65	146.37	30.65
362	136.84	101979.072	141.85	1995.211	87.11	kafka-001	2019-04-24T19:56:06.918437837Z	30.65	133.46	30.65
362	145.57	101218.637	141.25	1417.013	88.18	kafka-001	2019-04-24T19:56:13.937821221Z	30.65	136.84	30.65
362	130.73	102142.601	142.34	1992.001	87.01	kafka-001	2019-04-24T19:56:20.948475772Z	30.65	145.57	30.65
362	129.8	95292.066	140.42	1403.473	87.94	kafka-001	2019-04-24T19:56:27.959348392Z	30.65	130.73	30.65
362	135.51	102587.063	137.13	1419.241	86.77	kafka-001	2019-04-24T19:56:34.96853357Z	30.65	129.8	30.65
362	134.79	101803.857	135.32	1980.599	87.4	kafka-001	2019-04-24T19:56:41.983254315Z	30.65	135.51	30.65
362	139.18	100638.559	135.54	1416.77	87.99	kafka-001	2019-04-24T19:56:49.00062232Z	30.65	134.79	30.65
362	130.05	102385.06	135.93	1992.769	86.83	kafka-001	2019-04-24T19:56:56.013324292Z	30.65	139.18	30.65
