----------------------------------------------------------------
382793.415	kafka-001	2017-07-27T16:56:32.872464944Z	371077.594	17.87	0	1.02
1.885	kafka-001	2017-07-27T16:56:39.87269395Z	1.362	17.87	0	1.61
3.196	kafka-001	2017-07-27T16:56:46.872624378Z	2.028	17.87	0	0.82
1.455	kafka-001	2017-07-27T16:56:53.872487042Z	0.752	17.88	0	0.99
3.382	kafka-001	2017-07-27T16:57:00.87260745Z	2.156	17.87	0	1.45
5.345	kafka-001	2017-07-27T16:57:07.872411032Z	2.892	17.88	3	1.39
32.297	kafka-001	2017-07-27T16:57:14.872552518Z	17.526	17.88	9	2.2
53.51	kafka-001	2017-07-27T16:57:21.872364461Z	50.998	17.88	14	2.73
57.343	kafka-001	2017-07-27T16:57:28.872579675Z	45.072	17.88	15	2.72
64.632	kafka-001	2017-07-27T16:57:35.872489369Z	69.067	17.88	15	3.64
61.841	kafka-001	2017-07-27T16:57:42.872940021Z	47.775	17.88	15	2.91
61.355	kafka-001	2017-07-27T16:57:49.872473047Z	47.83	17.88	15	2.61
59.882	kafka-001	2017-07-27T16:57:56.872721794Z	70.732	17.88	15	2.5
60.455	kafka-001	2017-07-27T16:58:03.872493863Z	45.775	17.88	15	2.71
62.356	kafka-001	2017-07-27T16:58:10.872535204Z	70.69	17.88	15	3.56
60.421	kafka-001	2017-07-27T16:58:17.872359572Z	47.571	17.88	15	3.02
56.543	kafka-001	2017-07-27T16:58:24.872914051Z	45.497	17.87	15	3.02
60.594	kafka-001	2017-07-27T16:58:31.872479319Z	68.913	17.87	15	2.2
58.703	kafka-001	2017-07-27T16:58:38.872701348Z	47.957	17.87	15	2.69
58.918	kafka-001	2017-07-27T16:58:45.872816948Z	71.35	17.87	15	3.65
52.405	kafka-001	2017-07-27T16:58:52.872585444Z	44.442	17.87	15	2.02
59.121	kafka-001	2017-07-27T16:58:59.872774794Z	45.791	17.87	15	3.03
60.066	kafka-001	2017-07-27T16:59:06.872535626Z	70.169	17.87	15	2.9
59.357	kafka-001	2017-07-27T16:59:13.872896121Z	48.224	17.88	15	2.6
57.654	kafka-001	2017-07-27T16:59:20.872416872Z	70.32	17.88	15	2.8
52.799	kafka-001	2017-07-27T16:59:27.872400301Z	45.398	17.88	15	2.76
58.817	kafka-001	2017-07-27T16:59:34.872390571Z	43.588	17.88	15	2.35
59.67	kafka-001	2017-07-27T16:59:41.872598148Z	71.788	17.88	15	2.88
58.397	kafka-001	2017-07-27T16:59:48.872682642Z	47.846	17.88	15	2.07
54.442	kafka-001	2017-07-27T16:59:55.872419948Z	69.083	17.88	15	2.27
55.915	kafka-001	2017-07-27T17:00:02.872524278Z	44.23	17.88	15	2.7
59.069	kafka-001	2017-07-27T17:00:09.872699349Z	46.019	17.88	15	2.73
60.438	kafka-001	2017-07-27T17:00:16.872652961Z	71.896	17.88	15	2.87
58.673	kafka-001	2017-07-27T17:00:23.872637551Z	47.582	17.88	15	2.33
65.188	kafka-001	2017-07-27T17:00:30.872752999Z	76.067	17.88	20	3.92
89.121	kafka-001	2017-07-27T17:00:37.872615704Z	66.918	17.88	23	3.14
102.667	kafka-001	2017-07-27T17:00:44.872339874Z	75.687	17.88	27	4.29
113.664	kafka-001	2017-07-27T17:00:51.872621544Z	127.24	17.88	30	3.93
119.933	kafka-001	2017-07-27T17:00:58.872695277Z	89.886	17.88	30	5.16
123.568	kafka-001	2017-07-27T17:01:05.872536091Z	140.368	17.88	30	5.61
117.845	kafka-001	2017-07-27T17:01:12.873198531Z	92.061	17.88	30	4.92
116.249	kafka-001	2017-07-27T17:01:19.872495776Z	91.085	17.89	30	5.09
122.982	kafka-001	2017-07-27T17:01:26.872537698Z	135.702	17.88	30	4.48
119.177	kafka-001	2017-07-27T17:01:33.872833092Z	92.738	17.89	30	4.44
122.356	kafka-001	2017-07-27T17:01:40.872638809Z	139.588	17.89	30	5.95
115.295	kafka-001	2017-07-27T17:01:47.872287511Z	91.206	17.89	30	3.73
121.591	kafka-001	2017-07-27T17:01:54.872659448Z	92.927	17.89	30	5.5
122.774	kafka-001	2017-07-27T17:02:01.872541281Z	135.824	17.89	30	4.23
121.973	kafka-001	2017-07-27T17:02:08.872567465Z	93.535	17.9	30	5.03
121.444	kafka-001	2017-07-27T17:02:15.872317587Z	138.985	17.9	30	4.5
119.333	kafka-001	2017-07-27T17:02:22.872519033Z	90.88	17.9	30	5.54
117.929	kafka-001	2017-07-27T17:02:29.872353821Z	91.762	17.9	30	4.84
122.992	kafka-001	2017-07-27T17:02:36.872385191Z	138.085	17.9	30	4.37
121.655	kafka-001	2017-07-27T17:02:43.872463167Z	92.065	17.9	30	4.52
123.372	kafka-001	2017-07-27T17:02:50.872501417Z	139.323	17.9	30	5.6
121.205	kafka-001	2017-07-27T17:02:57.87241756Z	94.063	17.9	30	4.8
114.649	kafka-001	2017-07-27T17:03:04.87286241Z	91.935	17.9	30	4.39
116.246	kafka-001	2017-07-27T17:03:11.872514422Z	135.424	17.9	30	4.69
119.993	kafka-001	2017-07-27T17:03:18.87264031Z	92.837	17.9	30	4.39
120.832	kafka-001	2017-07-27T17:03:25.872489598Z	139.188	17.9	30	5.34
117.903	kafka-001	2017-07-27T17:03:32.872499473Z	93.325	17.9	30	4.33
113.061	kafka-001	2017-07-27T17:03:39.872846393Z	91.223	17.9	30	4.95
121.806	kafka-001	2017-07-27T17:03:46.872755878Z	137.165	17.91	30	4.47
119.469	kafka-001	2017-07-27T17:03:53.872452448Z	91.886	17.91	30	4.03
126.342	kafka-001	2017-07-27T17:04:00.872504398Z	145.618	17.91	33	6.16
134.517	kafka-001	2017-07-27T17:04:07.872356919Z	103.288	17.91	35	5.51
141.091	kafka-001	2017-07-27T17:04:14.872410941Z	110.327	17.91	37	5.84
152.24	kafka-001	2017-07-27T17:04:21.872413586Z	171.415	17.91	39	6.45
162.078	kafka-001	2017-07-27T17:04:28.872790331Z	124.092	17.91	42	5.8
171.115	kafka-001	2017-07-27T17:04:35.87259414Z	191.947	17.91	44	7.64
179.467	kafka-001	2017-07-27T17:04:42.872479511Z	138.213	17.91	45	7.65
178.497	kafka-001	2017-07-27T17:04:49.872426972Z	138.545	17.91	45	7.27
177.734	kafka-001	2017-07-27T17:04:56.872762485Z	204.08	17.92	45	6.07
177.081	kafka-001	2017-07-27T17:05:03.872386335Z	137.638	17.92	45	5.52
175.147	kafka-001	2017-07-27T17:05:10.872459552Z	205.66	17.92	45	7.22
167.018	kafka-001	2017-07-27T17:05:17.872436366Z	128.493	17.92	45	7.61
177.615	kafka-001	2017-07-27T17:05:24.872361494Z	134.582	17.92	45	7.28
183.682	kafka-001	2017-07-27T17:05:31.872598875Z	207.926	17.92	45	6.96
174.539	kafka-001	2017-07-27T17:05:38.872406252Z	136.627	17.92	45	6.92
179.228	kafka-001	2017-07-27T17:05:45.87242606Z	203.454	17.92	45	6.4
174.503	kafka-001	2017-07-27T17:05:52.872600848Z	136.961	17.92	45	6.01
179.109	kafka-001	2017-07-27T17:05:59.872420897Z	137.412	17.92	45	7.22
181.228	kafka-001	2017-07-27T17:06:06.872581194Z	205.032	17.93	45	5.94
172.821	kafka-001	2017-07-27T17:06:13.872719907Z	136.657	17.93	45	5.44
174.214	kafka-001	2017-07-27T17:06:20.872361508Z	202.157	17.93	45	6.51
174.819	kafka-001	2017-07-27T17:06:27.872412138Z	136.974	17.93	45	6.98
176.085	kafka-001	2017-07-27T17:06:34.872667965Z	138.423	17.93	45	6.1
177.446	kafka-001	2017-07-27T17:06:41.872368575Z	203.981	17.93	45	5.87
173.045	kafka-001	2017-07-27T17:06:48.872408056Z	137.794	17.93	45	5.89
169.841	kafka-001	2017-07-27T17:06:55.872790433Z	201.619	17.93	45	6.77
174.388	kafka-001	2017-07-27T17:07:02.87248389Z	135.233	17.94	45	6.1
172.472	kafka-001	2017-07-27T17:07:09.872363985Z	135.737	17.94	45	6.65
178.543	kafka-001	2017-07-27T17:07:16.872370187Z	205.502	17.94	45	6.94
174.061	kafka-001	2017-07-27T17:07:23.87262723Z	137.195	17.94	45	5.84
174.482	kafka-001	2017-07-27T17:07:30.872555549Z	205.927	17.94	45	7.57
173.059	kafka-001	2017-07-27T17:07:37.872398032Z	134.892	17.94	45	7.34
177.231	kafka-001	2017-07-27T17:07:44.87247011Z	135.659	17.94	46	7.02
191.184	kafka-001	2017-07-27T17:07:51.872634802Z	214.857	17.94	48	7.55
194.333	kafka-001	2017-07-27T17:07:58.87271467Z	148.327	17.95	49	7.72
203.852	kafka-001	2017-07-27T17:08:05.872487348Z	230.421	17.94	51	7.76
202.407	kafka-001	2017-07-27T17:08:12.872553328Z	157.915	17.95	53	7.34
209.171	kafka-001	2017-07-27T17:08:19.872585774Z	162.565	17.95	55	8.94
224.894	kafka-001	2017-07-27T17:08:26.872557036Z	250.507	17.95	56	8.14
227.515	kafka-001	2017-07-27T17:08:33.872643863Z	174.206	17.95	58	8.93
233.773	kafka-001	2017-07-27T17:08:40.872490544Z	268.932	17.95	60	8.41
332.819	kafka-001	2017-07-27T17:08:50.872694404Z	314.743	17.96	60	8.99
236.057	kafka-001	2017-07-27T17:08:57.872668871Z	182.237	17.96	60	9.59
234.751	kafka-001	2017-07-27T17:09:04.872764974Z	182.552	17.96	60	9.06
235.49	kafka-001	2017-07-27T17:09:11.87266966Z	271.92	17.96	60	8.01
222.351	kafka-001	2017-07-27T17:09:18.872376011Z	178.53	17.96	60	7.3
235.42	kafka-001	2017-07-27T17:09:25.87297967Z	267.59	17.96	60	10.08
236.119	kafka-001	2017-07-27T17:09:32.872394527Z	183.307	17.96	60	8.85
235.687	kafka-001	2017-07-27T17:09:39.872473015Z	183.781	17.97	60	10.23
233.064	kafka-001	2017-07-27T17:09:46.872597845Z	272.61	17.97	60	8.05
239.519	kafka-001	2017-07-27T17:09:53.872622485Z	185.221	17.97	60	7.83
231.648	kafka-001	2017-07-27T17:10:00.872590208Z	270.899	17.97	60	9.97
231.829	kafka-001	2017-07-27T17:10:07.872661777Z	182.531	17.97	60	9.18
228.673	kafka-001	2017-07-27T17:10:14.872557064Z	180.973	17.97	60	9.05
233.024	kafka-001	2017-07-27T17:10:21.872919976Z	268.009	17.97	60	7.3
233.093	kafka-001	2017-07-27T17:10:28.872724109Z	180.914	17.98	60	7.42
230.342	kafka-001	2017-07-27T17:10:35.872722583Z	273.865	17.98	60	8.47
233.841	kafka-001	2017-07-27T17:10:42.872463459Z	183.02	17.98	60	8.45
230.795	kafka-001	2017-07-27T17:10:49.872506219Z	181.878	17.98	60	8.12
230.274	kafka-001	2017-07-27T17:10:56.872710772Z	269.842	17.98	60	8.37
234.577	kafka-001	2017-07-27T17:11:03.872490115Z	182.412	17.98	60	9.61
236.808	kafka-001	2017-07-27T17:11:10.872555664Z	271.949	17.98	60	8.97
233.585	kafka-001	2017-07-27T17:11:17.872339419Z	181.64	17.98	60	9.37
235.849	kafka-001	2017-07-27T17:11:24.872566251Z	183.511	17.99	60	8.81
234.514	kafka-001	2017-07-27T17:11:31.87244639Z	271.625	17.99	60	7.66
231.709	kafka-001	2017-07-27T17:11:38.872439447Z	181.257	17.99	60	7.78
239.232	kafka-001	2017-07-27T17:11:45.87256342Z	272.383	17.99	60	9.3
243.992	kafka-001	2017-07-27T17:11:52.872800988Z	186.405	17.99	62	7.43
248.664	kafka-001	2017-07-27T17:11:59.872458302Z	190.497	17.99	64	7.85
259.284	kafka-001	2017-07-27T17:12:06.872649482Z	292.033	17.99	65	8.53
259.443	kafka-001	2017-07-27T17:12:13.872634998Z	198.074	18.0	67	10.39
271.488	kafka-001	2017-07-27T17:12:20.872393957Z	304.274	18.0	69	9.34
279.883	kafka-001	2017-07-27T17:12:27.872536498Z	214.761	18.0	70	11.06
281.151	kafka-001	2017-07-27T17:12:34.872543543Z	215.47	18.0	72	10.91
291.492	kafka-001	2017-07-27T17:12:41.872344563Z	329.903	18.0	74	9.79
292.151	kafka-001	2017-07-27T17:12:48.872453314Z	225.729	18.01	75	9.85
296.712	kafka-001	2017-07-27T17:12:55.87244495Z	337.427	18.01	75	10.51
297.545	kafka-001	2017-07-27T17:13:02.872403905Z	228.272	18.01	75	9.95
294.999	kafka-001	2017-07-27T17:13:09.872554498Z	228.054	18.01	75	11.69
297.208	kafka-001	2017-07-27T17:13:16.872609116Z	341.739	18.02	75	9.91
294.103	kafka-001	2017-07-27T17:13:23.872371996Z	226.703	18.01	75	10.37
294.232	kafka-001	2017-07-27T17:13:30.872642182Z	335.653	18.02	75	10.56
298.269	kafka-001	2017-07-27T17:13:37.872517823Z	226.748	18.02	75	11.16
296.645	kafka-001	2017-07-27T17:13:44.872481194Z	227.406	18.02	75	10.19
296.282	kafka-001	2017-07-27T17:13:51.872561555Z	341.613	18.02	75	8.82
296.571	kafka-001	2017-07-27T17:13:58.872451677Z	228.889	18.02	75	11.04
291.492	kafka-001	2017-07-27T17:14:05.872765629Z	336.055	18.03	75	11.8
296.325	kafka-001	2017-07-27T17:14:12.872400499Z	225.485	18.03	75	9.74
294.798	kafka-001	2017-07-27T17:14:19.872376793Z	228.693	18.03	75	11.14
299.625	kafka-001	2017-07-27T17:14:26.872727753Z	339.77	18.03	75	10.46
295.306	kafka-001	2017-07-27T17:14:33.872578353Z	229.213	18.03	75	11.35
293.113	kafka-001	2017-07-27T17:14:40.872433436Z	338.228	18.03	75	11.19
290.733	kafka-001	2017-07-27T17:14:47.872980972Z	223.622	18.04	75	9.6
288.743	kafka-001	2017-07-27T17:14:54.872444812Z	226.6	18.04	75	10.13
292.59	kafka-001	2017-07-27T17:15:01.872523804Z	335.667	18.04	75	11.35
295.027	kafka-001	2017-07-27T17:15:08.872478729Z	230.971	18.04	75	9.84
290.064	kafka-001	2017-07-27T17:15:15.872672807Z	338.734	18.04	75	10.66
287.805	kafka-001	2017-07-27T17:15:22.872601053Z	227.626	18.05	75	9.64
290.929	kafka-001	2017-07-27T17:15:29.872467875Z	225.028	18.05	75	11.3
289.9	kafka-001	2017-07-27T17:15:36.87258874Z	335.696	18.05	75	8.97
290.885	kafka-001	2017-07-27T17:15:43.872430913Z	226.665	18.05	75	9.73
296.768	kafka-001	2017-07-27T17:15:50.872601609Z	338.861	18.05	76	9.35
291.649	kafka-001	2017-07-27T17:15:57.872468003Z	231.344	18.06	77	9.75
310.399	kafka-001	2017-07-27T17:16:04.872645306Z	234.558	18.06	79	12.4
320.199	kafka-001	2017-07-27T17:16:11.872391588Z	360.903	18.06	80	10.14
321.65	kafka-001	2017-07-27T17:16:18.872737755Z	247.903	18.06	82	11.24
328.284	kafka-001	2017-07-27T17:16:25.872720935Z	373.088	18.06	83	13.23
332.377	kafka-001	2017-07-27T17:16:32.872475101Z	252.113	18.07	84	10.74
334.171	kafka-001	2017-07-27T17:16:39.872513429Z	257.539	18.07	86	12.65
347.788	kafka-001	2017-07-27T17:16:46.872427331Z	390.97	18.07	87	12.76
346.541	kafka-001	2017-07-27T17:16:53.872332619Z	265.292	18.07	88	10.9
354.29	kafka-001	2017-07-27T17:17:00.872491249Z	400.875	18.07	90	11.45
356.001	kafka-001	2017-07-27T17:17:07.872397362Z	273.522	18.08	90	12.79
350.575	kafka-001	2017-07-27T17:17:14.872663182Z	271.654	18.08	90	10.47
358.302	kafka-001	2017-07-27T17:17:21.872653722Z	404.869	18.09	90	13.25
356.785	kafka-001	2017-07-27T17:17:28.872625756Z	275.643	18.1	90	11.71
350.418	kafka-001	2017-07-27T17:17:35.872391629Z	405.902	18.1	90	11.04
347.911	kafka-001	2017-07-27T17:17:42.872591008Z	266.872	18.1	90	12.61
351.217	kafka-001	2017-07-27T17:17:49.87268447Z	271.182	18.1	90	13.78
358.37	kafka-001	2017-07-27T17:17:56.872508514Z	408.108	18.11	90	10.64
348.643	kafka-001	2017-07-27T17:18:03.872585147Z	272.867	18.11	90	12.73
348.752	kafka-001	2017-07-27T17:18:10.87267938Z	406.34	18.11	90	13.78
349.243	kafka-001	2017-07-27T17:18:17.872640618Z	270.472	18.11	90	11.94
349.269	kafka-001	2017-07-27T17:18:24.872429847Z	272.613	18.11	90	12.46
358.972	kafka-001	2017-07-27T17:18:31.872534562Z	407.403	18.12	90	11.83
346.011	kafka-001	2017-07-27T17:18:38.872619325Z	271.206	18.12	90	11.53
356.396	kafka-001	2017-07-27T17:18:45.872402552Z	404.819	18.12	90	13.52
355.337	kafka-001	2017-07-27T17:18:52.872603038Z	275.299	18.12	90	11.62
351.007	kafka-001	2017-07-27T17:18:59.872802501Z	274.297	18.13	90	10.96
355.306	kafka-001	2017-07-27T17:19:06.872709518Z	405.889	18.13	90	11.19
347.243	kafka-001	2017-07-27T17:19:13.872823998Z	271.655	18.13	90	13.06
356.308	kafka-001	2017-07-27T17:19:20.872401419Z	403.235	18.13	90	11.34
349.274	kafka-001	2017-07-27T17:19:27.872774112Z	271.36	18.14	90	9.51
355.864	kafka-001	2017-07-27T17:19:34.872514945Z	277.126	18.14	90	12.25
351.974	kafka-001	2017-07-27T17:19:41.872663461Z	406.551	18.14	90	11.84
347.347	kafka-001	2017-07-27T17:19:48.872660115Z	270.824	18.14	90	12.17
354.992	kafka-001	2017-07-27T17:19:55.872582844Z	403.645	18.14	90	12.46
348.671	kafka-001	2017-07-27T17:20:02.872637177Z	273.358	18.15	90	12.91
345.716	kafka-001	2017-07-27T17:20:09.872387225Z	270.878	18.15	86	12.49
317.865	kafka-001	2017-07-27T17:20:16.872754627Z	380.267	18.15	81	10.8
300.92	kafka-001	2017-07-27T17:20:23.872365947Z	239.979	18.15	75	10.99
294.919	kafka-001	2017-07-27T17:20:30.872718314Z	337.716	18.15	75	10.31
296.469	kafka-001	2017-07-27T17:20:37.872776784Z	227.705	18.16	75	10.58
289.907	kafka-001	2017-07-27T17:20:44.872578395Z	227.522	18.16	75	8.1
292.896	kafka-001	2017-07-27T17:20:51.872828465Z	339.895	18.16	75	9.48
293.155	kafka-001	2017-07-27T17:20:58.872330241Z	226.736	18.16	75	9.13
293.986	kafka-001	2017-07-27T17:21:05.872682664Z	341.706	18.16	75	9.14
291.901	kafka-001	2017-07-27T17:21:12.872364261Z	228.302	18.16	75	10.0
290.473	kafka-001	2017-07-27T17:21:19.872722358Z	226.832	18.17	75	11.47
294.246	kafka-001	2017-07-27T17:21:26.872629471Z	341.017	18.17	75	9.45
293.367	kafka-001	2017-07-27T17:21:33.872398901Z	224.495	18.17	75	10.72
295.754	kafka-001	2017-07-27T17:21:40.872503637Z	339.502	18.17	75	9.83
297.555	kafka-001	2017-07-27T17:21:47.8723776Z	230.02	18.17	75	8.78
291.436	kafka-001	2017-07-27T17:21:54.872371394Z	225.913	18.18	75	9.02
298.041	kafka-001	2017-07-27T17:22:01.872415112Z	338.569	18.18	75	9.9
288.885	kafka-001	2017-07-27T17:22:08.87268042Z	226.783	18.18	75	9.74
298.068	kafka-001	2017-07-27T17:22:15.87230755Z	339.938	18.19	75	9.79
289.701	kafka-001	2017-07-27T17:22:22.873039346Z	226.342	18.2	75	10.34
290.777	kafka-001	2017-07-27T17:22:29.872525065Z	229.361	18.2	75	10.88
299.278	kafka-001	2017-07-27T17:22:36.872401657Z	338.444	18.2	75	8.62
290.603	kafka-001	2017-07-27T17:22:43.87236953Z	227.655	18.2	75	11.66
296.08	kafka-001	2017-07-27T17:22:50.872731616Z	339.769	18.2	75	11.21
291.631	kafka-001	2017-07-27T17:22:57.87272439Z	228.953	18.21	75	10.32
293.253	kafka-001	2017-07-27T17:23:04.872356136Z	227.59	18.21	75	10.11
294.25	kafka-001	2017-07-27T17:23:11.87250689Z	340.47	18.21	75	9.97
288.393	kafka-001	2017-07-27T17:23:18.872602039Z	225.448	18.21	75	10.99
293.252	kafka-001	2017-07-27T17:23:25.872569626Z	336.172	18.21	74	11.41
268.357	kafka-001	2017-07-27T17:23:32.872455949Z	212.306	18.21	65	8.64
242.211	kafka-001	2017-07-27T17:23:39.872434371Z	191.783	18.22	60	9.27
237.156	kafka-001	2017-07-27T17:23:46.87237525Z	274.71	18.22	60	6.78
231.651	kafka-001	2017-07-27T17:23:53.87229893Z	184.0	18.22	60	8.53
229.328	kafka-001	2017-07-27T17:24:00.872676806Z	270.384	18.22	60	8.9
231.451	kafka-001	2017-07-27T17:24:07.872887322Z	180.44	18.22	60	9.48
235.273	kafka-001	2017-07-27T17:24:14.872831447Z	181.779	18.22	60	6.83
233.394	kafka-001	2017-07-27T17:24:21.872789621Z	274.033	18.23	60	9.01
235.093	kafka-001	2017-07-27T17:24:28.872958011Z	185.833	18.23	60	6.98
235.786	kafka-001	2017-07-27T17:24:35.872688386Z	269.493	18.23	60	10.19
237.786	kafka-001	2017-07-27T17:24:42.872441967Z	183.159	18.23	60	8.73
232.991	kafka-001	2017-07-27T17:24:49.872481899Z	183.163	18.23	60	8.69
235.037	kafka-001	2017-07-27T17:24:56.872692018Z	274.655	18.23	60	7.74
229.417	kafka-001	2017-07-27T17:25:03.872708923Z	179.088	18.23	60	7.63
232.998	kafka-001	2017-07-27T17:25:10.87288402Z	272.148	18.23	60	10.88
232.677	kafka-001	2017-07-27T17:25:17.87265824Z	180.568	18.24	60	6.95
233.151	kafka-001	2017-07-27T17:25:24.872882383Z	182.173	18.24	60	9.13
237.564	kafka-001	2017-07-27T17:25:31.872576409Z	275.395	18.24	60	9.0
230.067	kafka-001	2017-07-27T17:25:38.872519875Z	181.795	18.24	60	6.82
232.52	kafka-001	2017-07-27T17:25:45.872421563Z	269.074	18.24	60	8.73
232.651	kafka-001	2017-07-27T17:25:52.872622658Z	182.339	18.24	60	8.05
230.505	kafka-001	2017-07-27T17:25:59.872439369Z	181.944	18.25	60	9.37
234.95	kafka-001	2017-07-27T17:26:06.872311151Z	272.788	18.25	60	7.01
226.449	kafka-001	2017-07-27T17:26:13.87252367Z	180.435	18.25	60	8.24
233.508	kafka-001	2017-07-27T17:26:20.872360885Z	268.788	18.25	60	7.51
231.347	kafka-001	2017-07-27T17:26:27.872691609Z	183.446	18.25	60	7.77
235.601	kafka-001	2017-07-27T17:26:34.872454319Z	182.043	18.25	60	7.97
232.394	kafka-001	2017-07-27T17:26:41.872448312Z	271.297	18.25	56	8.96
191.149	kafka-001	2017-07-27T17:26:48.872305098Z	157.756	18.26	45	6.03
169.74	kafka-001	2017-07-27T17:26:55.872490922Z	205.607	18.26	45	6.81
171.603	kafka-001	2017-07-27T17:27:02.872378861Z	132.319	18.26	45	7.29
175.733	kafka-001	2017-07-27T17:27:09.872448488Z	134.4	18.26	45	5.45
179.532	kafka-001	2017-07-27T17:27:16.87236039Z	207.482	18.26	45	5.47
175.085	kafka-001	2017-07-27T17:27:23.872575326Z	138.521	18.26	45	7.04
170.809	kafka-001	2017-07-27T17:27:30.872460075Z	204.208	18.26	45	7.9
176.61	kafka-001	2017-07-27T17:27:37.87250796Z	136.033	18.26	45	6.96
174.355	kafka-001	2017-07-27T17:27:44.872882481Z	136.74	18.26	45	6.66
175.596	kafka-001	2017-07-27T17:27:51.872422523Z	205.149	18.27	45	5.82
174.463	kafka-001	2017-07-27T17:27:58.872280687Z	136.571	18.27	45	5.87
173.492	kafka-001	2017-07-27T17:28:05.872466497Z	204.124	18.27	45	7.66
174.919	kafka-001	2017-07-27T17:28:12.872786326Z	138.281	18.27	45	5.81
170.277	kafka-001	2017-07-27T17:28:19.872466693Z	135.572	18.27	45	6.79
173.97	kafka-001	2017-07-27T17:28:26.872437818Z	204.15	18.27	45	6.03
174.295	kafka-001	2017-07-27T17:28:33.872934656Z	135.398	18.27	45	6.35
180.012	kafka-001	2017-07-27T17:28:40.872333387Z	207.288	18.27	45	6.45
166.307	kafka-001	2017-07-27T17:28:47.872589542Z	135.309	18.27	45	7.03
169.237	kafka-001	2017-07-27T17:28:54.872379883Z	132.887	18.27	45	7.04
173.904	kafka-001	2017-07-27T17:29:01.872439616Z	205.443	18.28	45	6.39
170.415	kafka-001	2017-07-27T17:29:08.872543474Z	136.157	18.28	45	5.64
174.778	kafka-001	2017-07-27T17:29:15.872776915Z	204.271	18.28	45	7.06
167.407	kafka-001	2017-07-27T17:29:22.872773373Z	136.783	18.28	45	7.39
173.885	kafka-001	2017-07-27T17:29:29.872541454Z	134.409	18.28	45	5.64
175.782	kafka-001	2017-07-27T17:29:36.872342005Z	205.287	18.28	45	5.89
172.813	kafka-001	2017-07-27T17:29:43.872419245Z	137.153	18.28	45	6.34
173.076	kafka-001	2017-07-27T17:29:50.872966157Z	203.386	18.28	41	6.56
128.787	kafka-001	2017-07-27T17:29:57.872542482Z	108.668	18.28	30	4.46
117.627	kafka-001	2017-07-27T17:30:04.872495714Z	92.282	18.28	30	4.25
113.17	kafka-001	2017-07-27T17:30:11.872529727Z	135.28	18.29	30	5.11
115.965	kafka-001	2017-07-27T17:30:18.872719468Z	91.849	18.29	30	4.97
122.284	kafka-001	2017-07-27T17:30:25.872636858Z	137.196	18.29	30	5.47
115.793	kafka-001	2017-07-27T17:30:32.872706759Z	92.425	18.29	30	5.16
116.415	kafka-001	2017-07-27T17:30:39.87244574Z	93.306	18.29	30	4.58
120.876	kafka-001	2017-07-27T17:30:46.872425438Z	138.03	18.29	30	4.4
114.989	kafka-001	2017-07-27T17:30:53.872430399Z	92.403	18.29	30	5.86
113.98	kafka-001	2017-07-27T17:31:00.872425318Z	137.03	18.29	30	6.02
114.629	kafka-001	2017-07-27T17:31:07.872491911Z	90.163	18.29	30	5.22
114.917	kafka-001	2017-07-27T17:31:14.872320243Z	91.018	18.29	30	5.19
121.006	kafka-001	2017-07-27T17:31:21.873233631Z	136.768	18.29	30	4.24
118.283	kafka-001	2017-07-27T17:31:28.872586582Z	93.002	18.29	30	5.24
121.36	kafka-001	2017-07-27T17:31:35.872485132Z	139.833	18.29	30	10.96
110.513	kafka-001	2017-07-27T17:31:42.872688533Z	91.173	18.29	30	4.75
111.537	kafka-001	2017-07-27T17:31:49.872580804Z	89.074	18.3	30	4.88
115.844	kafka-001	2017-07-27T17:31:56.872336821Z	135.636	18.3	30	4.89
116.057	kafka-001	2017-07-27T17:32:03.872415915Z	92.744	18.3	30	4.71
111.866	kafka-001	2017-07-27T17:32:10.872706533Z	137.296	18.3	30	5.44
114.351	kafka-001	2017-07-27T17:32:17.872533417Z	92.035	18.3	30	5.22
114.093	kafka-001	2017-07-27T17:32:24.872433985Z	92.903	18.3	30	5.36
111.948	kafka-001	2017-07-27T17:32:31.872829828Z	133.272	18.3	30	4.08
113.565	kafka-001	2017-07-27T17:32:38.872741119Z	91.888	18.3	30	5.0
114.826	kafka-001	2017-07-27T17:32:45.872615783Z	135.623	18.3	30	5.57
115.925	kafka-001	2017-07-27T17:32:52.872956126Z	93.931	18.3	30	4.09
111.177	kafka-001	2017-07-27T17:32:59.872460748Z	91.981	18.3	26	3.65
66.904	kafka-001	2017-07-27T17:33:06.872367434Z	101.819	18.3	15	2.66
59.213	kafka-001	2017-07-27T17:33:13.872512796Z	45.36	18.3	15	3.08
61.028	kafka-001	2017-07-27T17:33:20.872822493Z	70.161	18.3	15	2.93
59.893	kafka-001	2017-07-27T17:33:27.872670848Z	48.402	18.3	15	3.18
58.805	kafka-001	2017-07-27T17:33:34.872812274Z	47.933	18.31	15	3.04
58.368	kafka-001	2017-07-27T17:33:41.873039532Z	71.216	18.31	15	2.43
56.069	kafka-001	2017-07-27T17:33:48.872334881Z	45.885	18.31	15	2.3
57.034	kafka-001	2017-07-27T17:33:55.872476202Z	68.399	18.31	15	2.93
58.737	kafka-001	2017-07-27T17:34:02.872427051Z	46.393	18.31	15	2.87
57.961	kafka-001	2017-07-27T17:34:09.872375173Z	47.437	18.31	15	2.62
57.034	kafka-001	2017-07-27T17:34:16.872468512Z	70.459	18.31	15	2.99
56.393	kafka-001	2017-07-27T17:34:23.872622831Z	46.9	18.31	15	2.05
61.308	kafka-001	2017-07-27T17:34:30.872797979Z	68.734	18.31	15	2.95
57.345	kafka-001	2017-07-27T17:34:37.872486009Z	46.666	18.31	15	2.48
58.921	kafka-001	2017-07-27T17:34:44.872482604Z	47.613	18.31	15	2.45
60.172	kafka-001	2017-07-27T17:34:51.872523576Z	69.878	18.31	15	2.23
55.711	kafka-001	2017-07-27T17:34:58.872484307Z	46.466	18.31	15	2.03
57.678	kafka-001	2017-07-27T17:35:05.872509721Z	69.619	18.31	15	2.62
59.527	kafka-001	2017-07-27T17:35:12.872750731Z	45.785	18.31	15	3.04
58.779	kafka-001	2017-07-27T17:35:19.872513252Z	47.772	18.31	15	2.81
56.65	kafka-001	2017-07-27T17:35:26.872537017Z	70.22	18.31	15	2.37
59.065	kafka-001	2017-07-27T17:35:33.872639071Z	47.432	18.31	15	2.4
55.3	kafka-001	2017-07-27T17:35:40.872477438Z	67.962	18.31	15	2.99
58.881	kafka-001	2017-07-27T17:35:47.872542889Z	44.955	18.31	15	2.72
57.997	kafka-001	2017-07-27T17:35:54.87254337Z	47.547	18.31	15	2.6
59.248	kafka-001	2017-07-27T17:36:01.872470432Z	71.493	18.31	15	1.92
54.627	kafka-001	2017-07-27T17:36:08.872476237Z	45.71	18.31	12	2.16
29.522	kafka-001	2017-07-27T17:36:15.872664009Z	42.15	18.31	6	1.84
8.557	kafka-001	2017-07-27T17:36:22.872327682Z	8.154	18.31	0	1.08
0.979	kafka-001	2017-07-27T17:36:29.872596375Z	0.61	18.31	0	1.05
2.276	kafka-001	2017-07-27T17:36:36.872463323Z	1.224	18.31	0	0.79
1.949	kafka-001	2017-07-27T17:36:43.87248219Z	1.274	18.31	0	0.75
2.622	kafka-001	2017-07-27T17:36:50.872634027Z	1.332	18.31	0	1.21
1.995	kafka-001	2017-07-27T17:36:57.872572905Z	1.118	18.31	0	0.95
1.599	kafka-001	2017-07-27T17:37:04.872554443Z	0.982	18.31	0	1.21
2.09	kafka-001	2017-07-27T17:37:11.872502531Z	1.096	18.31	0	0.77
1.743	kafka-001	2017-07-27T17:37:18.872566735Z	0.924	18.31	0	0.8
2.874	kafka-001	2017-07-27T17:37:25.87251386Z	1.526	18.31	0	1.09
1.821	kafka-001	2017-07-27T17:37:32.872439688Z	1.166	18.31	0	0.98
1.521	kafka-001	2017-07-27T17:37:39.872446618Z	0.974	18.31	0	0.95
2.976	kafka-001	2017-07-27T17:37:46.872498106Z	1.648	18.31	0	0.81
1.851	kafka-001	2017-07-27T17:37:53.872432966Z	1.032	18.31	0	0.97
2.622	kafka-001	2017-07-27T17:38:00.872803831Z	1.332	18.31	0	1.37
1.145	kafka-001	2017-07-27T17:38:07.872575397Z	0.622	18.31	0	1.01
1.665	kafka-001	2017-07-27T17:38:14.872348745Z	1.114	18.31	0	1.16
2.984	kafka-001	2017-07-27T17:38:21.872488203Z	1.622	18.31	0	0.72
1.067	kafka-001	2017-07-27T17:38:28.872857661Z	0.602	18.31	0	0.89
2.832	kafka-001	2017-07-27T17:38:35.872843905Z	1.562	18.31	0	2.48
1.743	kafka-001	2017-07-27T17:38:42.872685843Z	0.924	18.31	0	1.04
1.641	kafka-001	2017-07-27T17:38:49.872525901Z	0.88	18.31	0	1.04
2.91	kafka-001	2017-07-27T17:38:56.872551999Z	1.504	18.31	0	0.93
1.875	kafka-001	2017-07-27T17:39:03.872380632Z	1.056	18.31	0	0.86
2.622	kafka-001	2017-07-27T17:39:10.872598784Z	1.332	18.31	0	1.48
1.929	kafka-001	2017-07-27T17:39:17.872657806Z	1.052	18.31	0	0.97
3.937	kafka-001	2017-07-27T17:39:24.872539409Z	1.57	18.31	2	1.46
23.026	kafka-001	2017-07-27T17:39:31.872493709Z	18.111	18.31	6	1.38
33.895	kafka-001	2017-07-27T17:39:38.872625179Z	22.957	18.32	9	2.01
48.864	kafka-001	2017-07-27T17:39:45.872537649Z	50.012	18.31	12	2.53
61.838	kafka-001	2017-07-27T17:39:52.87256076Z	44.853	18.31	16	2.92
73.614	kafka-001	2017-07-27T17:39:59.872562388Z	53.331	18.31	19	3.45
86.484	kafka-001	2017-07-27T17:40:06.872625328Z	92.656	18.32	21	3.52
89.125	kafka-001	2017-07-27T17:40:13.872457108Z	67.937	18.32	24	4.67
101.786	kafka-001	2017-07-27T17:40:20.872794911Z	110.261	18.32	26	5.11
108.425	kafka-001	2017-07-27T17:40:27.872750463Z	83.075	18.32	28	3.99
114.811	kafka-001	2017-07-27T17:40:34.872679182Z	87.325	18.32	30	5.51
125.65	kafka-001	2017-07-27T17:40:41.872658571Z	140.227	18.32	32	5.06
127.073	kafka-001	2017-07-27T17:40:48.872742321Z	98.871	18.32	34	5.2
140.076	kafka-001	2017-07-27T17:40:55.872949141Z	156.516	18.32	36	6.01
148.727	kafka-001	2017-07-27T17:41:02.872464966Z	113.959	18.32	38	6.14
158.409	kafka-001	2017-07-27T17:41:09.872464588Z	118.943	18.32	40	5.7
170.914	kafka-001	2017-07-27T17:41:16.872778926Z	188.643	18.32	42	6.78
172.109	kafka-001	2017-07-27T17:41:23.872560315Z	129.498	18.33	44	5.97
183.784	kafka-001	2017-07-27T17:41:30.872457753Z	201.998	18.33	46	8.47
192.397	kafka-001	2017-07-27T17:41:37.872630662Z	143.694	18.33	48	8.38
197.979	kafka-001	2017-07-27T17:41:44.872561607Z	148.894	18.33	49	7.97
205.212	kafka-001	2017-07-27T17:41:51.872805912Z	229.574	18.33	51	7.26
213.841	kafka-001	2017-07-27T17:41:58.872498883Z	160.127	18.33	53	8.54
215.972	kafka-001	2017-07-27T17:42:05.872421337Z	243.152	18.33	55	7.67
225.977	kafka-001	2017-07-27T17:42:12.872631868Z	169.366	18.34	57	8.85
235.831	kafka-001	2017-07-27T17:42:19.872754746Z	177.496	18.34	59	9.02
245.884	kafka-001	2017-07-27T17:42:26.872830556Z	272.257	18.34	61	7.33
252.771	kafka-001	2017-07-27T17:42:33.872443589Z	191.032	18.34	63	9.38
253.196	kafka-001	2017-07-27T17:42:40.872747239Z	289.647	18.34	65	9.02
262.247	kafka-001	2017-07-27T17:42:47.872983509Z	202.712	18.34	67	9.01
266.015	kafka-001	2017-07-27T17:42:54.872836471Z	202.172	18.34	68	11.09
277.754	kafka-001	2017-07-27T17:43:01.872305973Z	311.325	18.35	70	8.78
279.269	kafka-001	2017-07-27T17:43:08.872396719Z	214.072	18.35	72	11.0
286.396	kafka-001	2017-07-27T17:43:15.872640541Z	328.156	18.35	73	9.75
295.005	kafka-001	2017-07-27T17:43:22.872711462Z	227.412	18.35	75	10.9
299.049	kafka-001	2017-07-27T17:43:29.872362739Z	228.042	18.35	77	8.77
307.528	kafka-001	2017-07-27T17:43:36.87262793Z	351.557	18.35	78	10.77
312.213	kafka-001	2017-07-27T17:43:43.872552573Z	239.022	18.36	80	10.97
315.498	kafka-001	2017-07-27T17:43:50.872778105Z	362.209	18.36	81	13.35
322.065	kafka-001	2017-07-27T17:43:57.872839485Z	247.907	18.36	83	10.62
330.789	kafka-001	2017-07-27T17:44:04.872534655Z	254.006	18.36	84	13.04
332.964	kafka-001	2017-07-27T17:44:11.872632797Z	383.305	18.36	86	12.17
340.081	kafka-001	2017-07-27T17:44:18.872760596Z	262.218	18.37	87	12.13
346.902	kafka-001	2017-07-27T17:44:25.872548417Z	397.526	18.37	89	11.55
348.361	kafka-001	2017-07-27T17:44:32.872667303Z	266.908	18.37	90	11.78
353.869	kafka-001	2017-07-27T17:44:39.872564816Z	273.495	18.37	90	11.6
357.894	kafka-001	2017-07-27T17:44:46.872530386Z	407.939	18.37	90	13.33
350.097	kafka-001	2017-07-27T17:44:53.872713333Z	272.532	18.38	90	12.17
353.482	kafka-001	2017-07-27T17:45:00.872362204Z	407.225	18.38	90	12.97
350.083	kafka-001	2017-07-27T17:45:07.872485533Z	274.388	18.38	90	12.89
346.011	kafka-001	2017-07-27T17:45:14.87243147Z	272.092	18.38	90	11.42
344.988	kafka-001	2017-07-27T17:45:21.872528088Z	405.068	18.39	90	12.38
349.923	kafka-001	2017-07-27T17:45:28.872955991Z	267.455	18.39	90	12.75
356.356	kafka-001	2017-07-27T17:45:35.872904145Z	405.788	18.39	90	10.39
352.317	kafka-001	2017-07-27T17:45:42.872384612Z	275.468	18.39	90	12.66
345.033	kafka-001	2017-07-27T17:45:49.872718024Z	271.267	18.4	90	13.53
354.018	kafka-001	2017-07-27T17:45:56.872521347Z	400.897	18.4	90	12.71
343.165	kafka-001	2017-07-27T17:46:03.872458978Z	268.82	18.4	90	11.44
355.218	kafka-001	2017-07-27T17:46:10.872597034Z	404.167	18.4	90	13.36
353.901	kafka-001	2017-07-27T17:46:17.872577965Z	276.983	18.4	90	12.37
351.615	kafka-001	2017-07-27T17:46:24.872522499Z	274.788	18.41	90	11.35
351.674	kafka-001	2017-07-27T17:46:31.872766554Z	406.405	18.41	90	12.1
353.043	kafka-001	2017-07-27T17:46:38.872745394Z	271.101	18.41	90	13.14
357.426	kafka-001	2017-07-27T17:46:45.872780377Z	406.235	18.41	90	12.67
352.036	kafka-001	2017-07-27T17:46:52.872769745Z	273.313	18.41	90	11.96
353.702	kafka-001	2017-07-27T17:46:59.872410527Z	272.675	18.42	90	11.54
355.602	kafka-001	2017-07-27T17:47:06.872463854Z	408.294	18.42	90	13.75
348.063	kafka-001	2017-07-27T17:47:13.872504635Z	271.846	18.42	90	12.06
353.554	kafka-001	2017-07-27T17:47:20.872582981Z	404.529	18.42	90	16.34
355.185	kafka-001	2017-07-27T17:47:27.872400575Z	272.98	18.43	90	12.63
354.237	kafka-001	2017-07-27T17:47:34.872688894Z	274.377	18.43	90	13.36
356.858	kafka-001	2017-07-27T17:47:41.872568704Z	408.947	18.43	90	10.98
356.613	kafka-001	2017-07-27T17:47:48.872807682Z	273.056	18.43	90	12.48
353.494	kafka-001	2017-07-27T17:47:55.872461148Z	407.365	18.43	90	10.98
351.901	kafka-001	2017-07-27T17:48:02.872323542Z	271.169	18.44	90	13.89
354.919	kafka-001	2017-07-27T17:48:09.872638288Z	272.646	18.44	90	11.88
357.215	kafka-001	2017-07-27T17:48:16.872703308Z	405.813	18.44	90	13.36
350.606	kafka-001	2017-07-27T17:48:23.872472718Z	274.891	18.44	90	11.61
355.676	kafka-001	2017-07-27T17:48:30.872850757Z	406.118	18.44	90	11.5
353.461	kafka-001	2017-07-27T17:48:37.872737305Z	272.993	18.45	90	12.71
354.389	kafka-001	2017-07-27T17:48:44.872718517Z	270.116	18.45	90	12.26
354.843	kafka-001	2017-07-27T17:48:51.872689969Z	407.223	18.45	90	10.71
344.814	kafka-001	2017-07-27T17:48:58.872501916Z	272.475	18.45	90	11.84
355.058	kafka-001	2017-07-27T17:49:05.872438053Z	403.076	18.45	90	13.55
345.407	kafka-001	2017-07-27T17:49:12.872455897Z	272.834	18.46	90	12.6
352.519	kafka-001	2017-07-27T17:49:19.872599032Z	272.536	18.46	90	11.64
356.274	kafka-001	2017-07-27T17:49:26.872800271Z	406.54	18.46	90	11.95
347.555	kafka-001	2017-07-27T17:49:33.872444976Z	273.44	18.47	90	10.96
347.78	kafka-001	2017-07-27T17:49:40.872433769Z	402.561	18.47	90	13.5
350.219	kafka-001	2017-07-27T17:49:47.872633196Z	269.975	18.47	90	12.91
346.721	kafka-001	2017-07-27T17:49:54.872481794Z	273.37	18.47	90	11.18
349.938	kafka-001	2017-07-27T17:50:01.87235705Z	401.111	18.47	90	12.09
347.531	kafka-001	2017-07-27T17:50:08.872688792Z	272.5	18.48	90	12.49
352.536	kafka-001	2017-07-27T17:50:15.872707303Z	410.149	18.48	90	12.08
349.617	kafka-001	2017-07-27T17:50:22.872574018Z	272.855	18.48	90	13.9
344.443	kafka-001	2017-07-27T17:50:29.872672893Z	272.943	18.48	90	11.3
347.652	kafka-001	2017-07-27T17:50:36.872393215Z	402.87	18.48	90	10.49
348.981	kafka-001	2017-07-27T17:50:43.872755866Z	271.0	18.49	90	12.53
355.222	kafka-001	2017-07-27T17:50:50.872425542Z	404.951	18.49	90	13.12
348.801	kafka-001	2017-07-27T17:50:57.87234612Z	272.786	18.49	90	9.34
341.731	kafka-001	2017-07-27T17:51:04.872481731Z	272.616	18.49	90	10.5
346.402	kafka-001	2017-07-27T17:51:11.872489182Z	401.918	18.49	90	9.81
344.989	kafka-001	2017-07-27T17:51:18.872551904Z	269.386	18.5	90	13.02
353.97	kafka-001	2017-07-27T17:51:25.873150815Z	408.737	18.5	90	14.49
348.873	kafka-001	2017-07-27T17:51:32.872570947Z	272.222	18.5	90	11.8
350.029	kafka-001	2017-07-27T17:51:39.872437325Z	269.841	18.51	90	11.15
350.162	kafka-001	2017-07-27T17:51:46.872753764Z	402.991	18.51	90	11.18
350.733	kafka-001	2017-07-27T17:51:53.87244042Z	277.832	18.51	90	11.19
350.022	kafka-001	2017-07-27T17:52:00.872730708Z	405.347	18.51	90	13.95
338.993	kafka-001	2017-07-27T17:52:07.87247559Z	270.712	18.51	90	12.3
348.165	kafka-001	2017-07-27T17:52:14.872625193Z	270.521	18.51	90	13.36
355.602	kafka-001	2017-07-27T17:52:21.872528093Z	404.505	18.52	90	11.29
351.616	kafka-001	2017-07-27T17:52:28.87251182Z	273.132	18.52	90	9.96
358.711	kafka-001	2017-07-27T17:52:35.872621468Z	405.456	18.52	90	12.21
354.843	kafka-001	2017-07-27T17:52:42.872636932Z	272.992	18.53	90	14.03
353.099	kafka-001	2017-07-27T17:52:49.873050405Z	273.484	18.53	90	11.67
353.87	kafka-001	2017-07-27T17:52:56.872330759Z	410.015	18.53	90	12.82
345.561	kafka-001	2017-07-27T17:53:03.872811954Z	271.256	18.53	90	9.99
350.66	kafka-001	2017-07-27T17:53:10.87245731Z	401.423	18.53	90	14.7
351.627	kafka-001	2017-07-27T17:53:17.872487826Z	274.834	18.54	90	11.67
348.273	kafka-001	2017-07-27T17:53:24.872590831Z	274.252	18.54	90	10.74
346.514	kafka-001	2017-07-27T17:53:31.872647566Z	407.101	18.54	90	13.02
339.123	kafka-001	2017-07-27T17:53:38.872681326Z	266.593	18.54	86	13.15
315.708	kafka-001	2017-07-27T17:53:45.87291526Z	372.708	18.54	77	10.48
282.047	kafka-001	2017-07-27T17:53:52.872619364Z	223.084	18.54	70	9.36
259.103	kafka-001	2017-07-27T17:53:59.872568517Z	206.305	18.55	64	9.42
242.916	kafka-001	2017-07-27T17:54:06.872511356Z	284.495	18.55	60	7.5
234.219	kafka-001	2017-07-27T17:54:13.872817881Z	182.6	18.55	60	8.23
237.338	kafka-001	2017-07-27T17:54:20.872456424Z	271.97	18.55	60	8.63
236.645	kafka-001	2017-07-27T17:54:27.872820874Z	182.865	18.55	60	8.95
235.535	kafka-001	2017-07-27T17:54:34.872448358Z	183.503	18.55	60	8.31
235.552	kafka-001	2017-07-27T17:54:41.872658065Z	271.303	18.55	60	9.24
235.235	kafka-001	2017-07-27T17:54:48.872556261Z	180.898	18.56	60	7.95
235.962	kafka-001	2017-07-27T17:54:55.87244289Z	273.992	18.56	60	9.2
233.967	kafka-001	2017-07-27T17:55:02.872591446Z	182.33	18.56	60	8.85
235.173	kafka-001	2017-07-27T17:55:09.872237962Z	184.783	18.56	60	8.21
232.43	kafka-001	2017-07-27T17:55:16.872508162Z	271.054	18.56	60	8.0
231.463	kafka-001	2017-07-27T17:55:23.872260258Z	183.083	18.57	60	9.03
239.2	kafka-001	2017-07-27T17:55:30.872690529Z	271.073	18.56	60	9.97
233.019	kafka-001	2017-07-27T17:55:37.87248628Z	184.549	18.57	60	7.57
230.637	kafka-001	2017-07-27T17:55:44.873068092Z	182.478	18.57	60	7.09
236.428	kafka-001	2017-07-27T17:55:51.872749101Z	272.417	18.57	60	8.55
227.025	kafka-001	2017-07-27T17:55:58.872506672Z	181.68	18.57	60	8.54
231.706	kafka-001	2017-07-27T17:56:05.872790519Z	269.077	18.57	60	8.54
231.035	kafka-001	2017-07-27T17:56:12.872439141Z	182.032	18.58	60	8.26
236.167	kafka-001	2017-07-27T17:56:19.872385505Z	183.491	18.58	60	9.33
234.686	kafka-001	2017-07-27T17:56:26.872570025Z	271.37	18.58	60	8.75
225.757	kafka-001	2017-07-27T17:56:33.87248983Z	180.251	18.58	60	8.07
235.856	kafka-001	2017-07-27T17:56:40.872373953Z	271.007	18.58	60	8.56
234.479	kafka-001	2017-07-27T17:56:47.872350243Z	185.529	18.58	60	7.52
230.053	kafka-001	2017-07-27T17:56:54.872788864Z	182.841	18.58	60	8.01
231.086	kafka-001	2017-07-27T17:57:01.872793937Z	272.788	18.58	60	8.3
230.451	kafka-001	2017-07-27T17:57:08.87290403Z	181.305	18.59	60	7.54
231.468	kafka-001	2017-07-27T17:57:15.872864489Z	270.339	18.59	60	8.56
230.441	kafka-001	2017-07-27T17:57:22.872528935Z	182.3	18.59	60	9.66
236.167	kafka-001	2017-07-27T17:57:29.872518326Z	182.099	18.59	60	8.53
236.336	kafka-001	2017-07-27T17:57:36.872414607Z	271.791	18.59	60	7.41
227.52	kafka-001	2017-07-27T17:57:43.872636064Z	180.884	18.59	60	7.07
235.257	kafka-001	2017-07-27T17:57:50.872915002Z	272.638	18.59	60	9.2
233.365	kafka-001	2017-07-27T17:57:57.872283344Z	182.33	18.6	60	8.53
231.261	kafka-001	2017-07-27T17:58:04.872401196Z	182.945	18.6	60	8.07
234.954	kafka-001	2017-07-27T17:58:11.872580201Z	271.264	18.6	60	8.31
233.549	kafka-001	2017-07-27T17:58:18.872364637Z	181.572	18.6	60	8.14
235.97	kafka-001	2017-07-27T17:58:25.872412487Z	273.7	18.6	60	9.14
238.267	kafka-001	2017-07-27T17:58:32.872513141Z	183.711	18.6	60	8.2
239.489	kafka-001	2017-07-27T17:58:39.872822381Z	183.494	18.6	60	7.94
234.536	kafka-001	2017-07-27T17:58:46.872650862Z	274.426	18.61	60	7.84
228.297	kafka-001	2017-07-27T17:58:53.872493401Z	181.73	18.61	60	7.42
235.334	kafka-001	2017-07-27T17:59:00.873147798Z	267.356	18.61	60	7.26
224.299	kafka-001	2017-07-27T17:59:07.872564101Z	178.637	18.61	54	7.6
189.177	kafka-001	2017-07-27T17:59:14.872574695Z	154.238	18.61	41	6.09
137.464	kafka-001	2017-07-27T17:59:21.872890143Z	175.429	18.61	30	4.91
117.259	kafka-001	2017-07-27T17:59:28.872723176Z	92.78	18.61	30	4.02
119.67	kafka-001	2017-07-27T17:59:35.872871455Z	138.159	18.62	30	5.12
110.289	kafka-001	2017-07-27T17:59:42.872533959Z	90.122	18.62	30	5.13
118.841	kafka-001	2017-07-27T17:59:49.872805849Z	91.67	18.62	30	3.94
118.284	kafka-001	2017-07-27T17:59:56.872848455Z	138.231	18.62	30	4.6
115.113	kafka-001	2017-07-27T18:00:03.873721161Z	93.84	18.62	30	4.6
113.313	kafka-001	2017-07-27T18:00:10.872603968Z	137.762	18.62	30	4.81
115.334	kafka-001	2017-07-27T18:00:17.872441101Z	91.06	18.62	30	4.18
114.302	kafka-001	2017-07-27T18:00:24.872532801Z	88.736	18.62	30	4.02
117.981	kafka-001	2017-07-27T18:00:31.872272317Z	136.804	18.62	30	5.06
117.281	kafka-001	2017-07-27T18:00:38.87262023Z	92.934	18.62	30	4.5
121.586	kafka-001	2017-07-27T18:00:45.872343676Z	139.754	18.62	30	5.02
113.753	kafka-001	2017-07-27T18:00:52.872565666Z	91.218	18.62	30	4.85
117.025	kafka-001	2017-07-27T18:00:59.872337721Z	92.582	18.62	30	4.74
119.572	kafka-001	2017-07-27T18:01:06.872543181Z	136.948	18.62	30	4.58
117.965	kafka-001	2017-07-27T18:01:13.872686904Z	92.341	18.63	30	4.05
120.45	kafka-001	2017-07-27T18:01:20.872529577Z	138.033	18.62	30	5.25
115.433	kafka-001	2017-07-27T18:01:27.872420823Z	92.541	18.63	30	3.61
115.533	kafka-001	2017-07-27T18:01:34.87260191Z	92.613	18.63	30	4.59
118.062	kafka-001	2017-07-27T18:01:41.872754037Z	136.21	18.63	30	4.32
114.847	kafka-001	2017-07-27T18:01:48.872482544Z	91.624	18.63	30	4.35
119.426	kafka-001	2017-07-27T18:01:55.872428745Z	136.038	18.63	30	5.01
119.543	kafka-001	2017-07-27T18:02:02.872567418Z	93.91	18.63	30	4.19
114.341	kafka-001	2017-07-27T18:02:09.872407165Z	92.237	18.63	30	4.25
120.606	kafka-001	2017-07-27T18:02:16.87260884Z	137.482	18.63	30	4.44
114.121	kafka-001	2017-07-27T18:02:23.872299912Z	92.496	18.63	30	4.59
117.94	kafka-001	2017-07-27T18:02:30.87281497Z	138.475	18.63	30	5.3
115.119	kafka-001	2017-07-27T18:02:37.872726436Z	91.053	18.63	30	4.19
113.695	kafka-001	2017-07-27T18:02:44.872550805Z	90.708	18.63	30	5.25
117.524	kafka-001	2017-07-27T18:02:51.872506079Z	136.602	18.63	30	4.59
117.553	kafka-001	2017-07-27T18:02:58.872966493Z	92.518	18.64	30	4.71
121.06	kafka-001	2017-07-27T18:03:05.872319349Z	139.019	18.64	30	5.0
119.741	kafka-001	2017-07-27T18:03:12.872718223Z	94.055	18.64	30	5.37
110.611	kafka-001	2017-07-27T18:03:19.872463221Z	90.809	18.64	30	4.32
115.04	kafka-001	2017-07-27T18:03:26.872951778Z	137.433	18.64	30	4.13
116.061	kafka-001	2017-07-27T18:03:33.872260856Z	87.961	18.64	30	5.04
118.724	kafka-001	2017-07-27T18:03:40.872663725Z	138.69	18.64	30	5.48
119.357	kafka-001	2017-07-27T18:03:47.872602017Z	93.998	18.64	30	5.56
116.605	kafka-001	2017-07-27T18:03:54.872594413Z	93.346	18.64	30	4.84
112.984	kafka-001	2017-07-27T18:04:01.872613019Z	136.316	18.64	30	4.43
115.015	kafka-001	2017-07-27T18:04:08.872805362Z	88.329	18.64	30	3.85
119.304	kafka-001	2017-07-27T18:04:15.8727666Z	137.952	18.64	30	5.17
118.727	kafka-001	2017-07-27T18:04:22.872717752Z	92.797	18.65	28	3.85
81.685	kafka-001	2017-07-27T18:04:29.872680798Z	76.172	18.64	15	3.14
29.928	kafka-001	2017-07-27T18:04:36.872735853Z	53.943	18.64	2	1.16
2.369	kafka-001	2017-07-27T18:04:43.872834934Z	3.05	18.64	0	1.01
2.874	kafka-001	2017-07-27T18:04:50.872923584Z	1.526	18.64	0	1.39
1.001	kafka-001	2017-07-27T18:04:57.872862961Z	0.536	18.64	0	1.08
1.743	kafka-001	2017-07-27T18:05:04.872832248Z	0.924	18.64	0	1.22
2.09	kafka-001	2017-07-27T18:05:11.872787253Z	1.096	18.64	0	1.0
1.809	kafka-001	2017-07-27T18:05:18.872788671Z	0.99	18.64	0	0.98
2.766	kafka-001	2017-07-27T18:05:25.872752666Z	1.418	18.64	0	1.43
1.707	kafka-001	2017-07-27T18:05:32.872967013Z	0.946	18.64	0	1.16
1.809	kafka-001	2017-07-27T18:05:39.872715336Z	1.134	18.64	0	1.18
2.024	kafka-001	2017-07-27T18:05:46.872572032Z	1.03	18.64	0	0.85
1.743	kafka-001	2017-07-27T18:05:53.87261665Z	0.924	18.64	0	1.43
2.024	kafka-001	2017-07-27T18:06:00.872916788Z	1.03	18.64	0	1.24
1.809	kafka-001	2017-07-27T18:06:07.872626005Z	0.99	18.64	0	1.13
1.785	kafka-001	2017-07-27T18:06:14.872908728Z	0.966	18.64	0	1.21
2.024	kafka-001	2017-07-27T18:06:21.872665784Z	1.264	18.64	0	1.02
1.809	kafka-001	2017-07-27T18:06:28.872793391Z	0.99	18.64	0	0.95
2.09	kafka-001	2017-07-27T18:06:35.872453824Z	1.096	18.64	0	1.55
1.665	kafka-001	2017-07-27T18:06:42.872515923Z	0.904	18.64	0	1.13
1.743	kafka-001	2017-07-27T18:06:49.872867119Z	0.924	18.64	0	1.22
2.132	kafka-001	2017-07-27T18:06:56.872988913Z	1.138	18.64	0	0.89
1.201	kafka-001	2017-07-27T18:07:03.872410339Z	0.716	18.64	0	0.88
1.482	kafka-001	2017-07-27T18:07:10.872696262Z	0.822	18.64	0	1.02
1.001	kafka-001	2017-07-27T18:07:17.872558361Z	0.536	18.65	0	0.98
1.267	kafka-001	2017-07-27T18:07:24.872473769Z	0.782	18.64	0	1.16
1.38	kafka-001	2017-07-27T18:07:31.872866679Z	0.778	18.64	0	0.86
1.211	kafka-001	2017-07-27T18:07:38.872528554Z	0.688	18.64	0	0.89
2.024	kafka-001	2017-07-27T18:07:45.872962107Z	1.03	18.64	0	1.12
1.665	kafka-001	2017-07-27T18:07:52.87292054Z	0.982	18.64	0	1.11
