----------------------------------------------------------------
8.607	simsensor_2000_3	2017-07-29T00:38:27.420217282Z	4.555	0.0	7	0.1
5.67	simsensor_2000_2	2017-07-29T00:38:29.419955684Z	2.782	0.0	8	0.12
4.945	simsensor_2000_1	2017-07-29T00:38:31.420181787Z	2.295	0.0	10	0.09
0.0	simsensor_2000_14	2017-07-29T00:38:38.42038182Z	0.0	0.0	15	0.06
5.694	simsensor_2000_13	2017-07-29T00:38:40.419821969Z	2.718	0.0	16	0.09
5.868	simsensor_2000_12	2017-07-29T00:38:42.42071628Z	3.192	0.0	17	0.13
6.348	simsensor_2000_11	2017-07-29T00:38:44.419980977Z	3.192	0.0	18	0.08
5.734	simsensor_2000_10	2017-07-29T00:38:46.420227434Z	2.676	0.0	19	0.07
5.962	simsensor_2000_9	2017-07-29T00:38:48.420137242Z	3.084	0.0	20	0.08
5.588	simsensor_2000_8	2017-07-29T00:38:50.420211189Z	2.67	0.0	21	0.09
6.017	simsensor_2000_7	2017-07-29T00:38:52.419948935Z	3.115	0.0	22	0.08
5.3	simsensor_2000_6	2017-07-29T00:38:54.420232861Z	2.67	0.0	23	0.08
5.404	simsensor_2000_5	2017-07-29T00:38:56.420438656Z	2.712	0.0	24	0.12
4.333	simsensor_2000_4	2017-07-29T00:38:58.420037308Z	2.225	0.0	25	0.09
5.494	simsensor_2000_3	2017-07-29T00:39:00.419820611Z	2.67	0.0	26	0.09
4.9	simsensor_2000_2	2017-07-29T00:39:02.42041492Z	2.67	0.0	27	0.08
4.437	simsensor_2000_1	2017-07-29T00:39:04.420246733Z	2.225	0.0	28	0.08
0.0	simsensor_2001_13	2017-07-29T00:39:12.420522407Z	0.0	0.0	32	0.07
6.566	simsensor_2001_12	2017-07-29T00:39:14.420185981Z	3.68	0.0	32	0.11
7.244	simsensor_2001_11	2017-07-29T00:39:16.419984978Z	4.084	0.0	33	0.09
6.352	simsensor_2001_10	2017-07-29T00:39:18.420004082Z	3.568	0.0	34	0.11
6.652	simsensor_2001_9	2017-07-29T00:39:20.420046445Z	3.528	0.0	35	0.06
6.512	simsensor_2001_8	2017-07-29T00:39:22.42004096Z	3.56	0.0	35	0.05
6.486	simsensor_2001_7	2017-07-29T00:39:24.420060951Z	3.56	0.0	36	0.1
6.636	simsensor_2001_6	2017-07-29T00:39:26.419986096Z	3.602	0.0	37	0.13
6.286	simsensor_2001_5	2017-07-29T00:39:28.42030803Z	3.56	0.0	37	0.05
6.622	simsensor_2001_4	2017-07-29T00:39:30.420289598Z	3.56	0.0	38	0.08
5.701	simsensor_2001_3	2017-07-29T00:39:32.420414587Z	3.115	0.0	39	0.09
6.774	simsensor_2001_2	2017-07-29T00:39:34.420206642Z	3.56	0.0	40	0.11
5.631	simsensor_2001_1	2017-07-29T00:39:36.420362782Z	3.115	0.0	40	0.15
6.596	simsensor_2000_18	2017-07-29T00:39:38.420480119Z	3.266	0.0	41	0.05
6.236	simsensor_2000_17	2017-07-29T00:39:40.419992345Z	3.568	0.0	42	0.1
6.098	simsensor_2000_16	2017-07-29T00:39:42.420283075Z	3.122	0.0	42	0.09
6.026	simsensor_2000_15	2017-07-29T00:39:44.420257473Z	3.122	0.0	43	0.13
6.16	simsensor_2000_14	2017-07-29T00:39:46.420277026Z	3.122	0.0	44	0.07
5.076	simsensor_2000_13	2017-07-29T00:39:48.420097007Z	2.99	0.0	44	0.11
5.3	simsensor_2000_12	2017-07-29T00:39:50.420285259Z	2.85	0.0	45	0.09
6.008	simsensor_2000_11	2017-07-29T00:39:52.4203853Z	3.122	0.0	46	0.13
5.926	simsensor_2000_10	2017-07-29T00:39:54.419974089Z	2.676	0.0	46	0.13
5.207	simsensor_2000_9	2017-07-29T00:39:56.419959141Z	2.951	0.0	47	0.05
5.28	simsensor_2000_8	2017-07-29T00:39:58.420231279Z	2.67	0.0	48	0.11
5.395	simsensor_2000_7	2017-07-29T00:40:00.420090933Z	3.115	0.0	48	0.09
7.138	simsensor_2000_6	2017-07-29T00:40:03.420166093Z	3.56	0.0	49	0.06
6.544	simsensor_2000_5	2017-07-29T00:40:06.420026906Z	3.602	0.0	50	0.04
3.947	simsensor_2000_4	2017-07-29T00:40:08.419870874Z	2.225	0.0	51	0.06
5.338	simsensor_2000_3	2017-07-29T00:40:10.419906193Z	2.67	0.0	51	0.07
4.144	simsensor_2000_2	2017-07-29T00:40:12.41993686Z	2.67	0.0	52	0.06
4.317	simsensor_2000_1	2017-07-29T00:40:14.420378185Z	2.225	0.0	52	0.06
0.0	simsensor_2002_18	2017-07-29T00:40:22.419961838Z	0.0	0.0	55	0.06
7.77	simsensor_2002_17	2017-07-29T00:40:24.419862615Z	4.642	0.0	55	0.07
8.578	simsensor_2002_16	2017-07-29T00:40:26.420020542Z	4.906	0.0	56	0.06
8.336	simsensor_2002_15	2017-07-29T00:40:28.419846007Z	5.22	0.0	56	0.03
8.614	simsensor_2002_14	2017-07-29T00:40:30.42003223Z	4.592	0.0	57	0.06
7.17	simsensor_2002_13	2017-07-29T00:40:32.419967675Z	4.502	0.0	57	0.11
8.09	simsensor_2002_12	2017-07-29T00:40:34.419804547Z	4.46	0.0	58	0.05
7.618	simsensor_2002_11	2017-07-29T00:40:36.419918908Z	4.46	0.0	58	0.05
8.174	simsensor_2002_10	2017-07-29T00:40:38.419821755Z	4.906	0.0	59	0.06
7.58	simsensor_2002_9	2017-07-29T00:40:40.419819306Z	4.356	0.0	59	0.07
7.323	simsensor_2002_8	2017-07-29T00:40:42.419888493Z	4.047	0.0	60	0.06
7.488	simsensor_2002_7	2017-07-29T00:40:44.42036985Z	4.45	0.0	61	0.13
7.71	simsensor_2002_6	2017-07-29T00:40:46.419848311Z	4.45	0.0	61	0.09
7.451	simsensor_2002_5	2017-07-29T00:40:48.419947125Z	4.005	0.0	62	0.07
7.328	simsensor_2002_4	2017-07-29T00:40:50.420038692Z	4.492	0.0	62	0.06
7.423	simsensor_2002_3	2017-07-29T00:40:52.420306147Z	4.005	0.0	62	0.13
7.244	simsensor_2002_2	2017-07-29T00:40:54.419996195Z	4.45	0.0	63	0.06
6.789	simsensor_2002_1	2017-07-29T00:40:56.419921235Z	4.005	0.0	63	0.05
7.602	simsensor_2001_18	2017-07-29T00:40:58.420305912Z	4.194	0.0	64	0.05
7.92	simsensor_2001_17	2017-07-29T00:41:00.420362538Z	4.502	0.0	64	0.12
6.87	simsensor_2001_16	2017-07-29T00:41:02.42004841Z	4.014	0.0	65	0.06
7.366	simsensor_2001_15	2017-07-29T00:41:04.419920746Z	4.014	0.0	65	0.06
5.69	simsensor_2001_14	2017-07-29T00:41:06.419890533Z	3.196	0.0	66	0.09
8.006	simsensor_2001_13	2017-07-29T00:41:08.419798042Z	4.832	0.0	66	0.08
6.924	simsensor_2001_12	2017-07-29T00:41:10.419975304Z	4.014	0.0	67	0.05
6.872	simsensor_2001_11	2017-07-29T00:41:12.419934926Z	3.61	0.0	67	0.05
6.194	simsensor_2001_10	2017-07-29T00:41:14.419927215Z	3.568	0.0	68	0.06
6.391	simsensor_2001_9	2017-07-29T00:41:16.420635265Z	3.745	0.0	68	0.12
5.763	simsensor_2001_8	2017-07-29T00:41:18.420280524Z	3.115	0.0	69	0.1
7.023	simsensor_2001_7	2017-07-29T00:41:20.420170327Z	4.005	0.0	69	0.06
6.656	simsensor_2001_6	2017-07-29T00:41:22.419905563Z	3.602	0.0	70	0.06
4.369	simsensor_2001_5	2017-07-29T00:41:24.419813708Z	2.299	0.0	70	0.06
6.494	simsensor_2001_4	2017-07-29T00:41:26.420076556Z	3.56	0.0	71	0.07
7.658	simsensor_2001_3	2017-07-29T00:41:28.41993443Z	4.31	0.0	71	0.05
5.575	simsensor_2001_2	2017-07-29T00:41:30.419844775Z	3.181	0.0	72	0.05
5.533	simsensor_2001_1	2017-07-29T00:41:32.420197274Z	3.115	0.0	72	0.07
6.716	simsensor_2000_18	2017-07-29T00:41:34.420295758Z	3.452	0.0	73	0.1
5.88	simsensor_2000_17	2017-07-29T00:41:36.420021082Z	3.164	0.0	73	0.06
8.048	simsensor_2000_16	2017-07-29T00:41:39.419817319Z	4.46	0.0	74	0.06
5.48	simsensor_2000_15	2017-07-29T00:41:41.419843219Z	2.676	0.0	74	0.04
4.554	simsensor_2000_14	2017-07-29T00:41:43.41980773Z	2.304	0.0	75	0.06
6.014	simsensor_2000_13	2017-07-29T00:41:45.42001658Z	3.94	0.0	75	0.08
5.842	simsensor_2000_12	2017-07-29T00:41:47.419905233Z	3.122	0.0	75	0.06
4.592	simsensor_2000_11	2017-07-29T00:41:49.419913766Z	3.164	0.0	75	0.06
6.17	simsensor_2000_10	2017-07-29T00:41:51.420032024Z	3.122	0.0	75	0.07
4.109	simsensor_2000_9	2017-07-29T00:41:53.420308957Z	2.275	0.0	75	0.09
6.413	simsensor_2000_8	2017-07-29T00:41:56.420157716Z	4.005	0.0	75	0.12
5.734	simsensor_2000_7	2017-07-29T00:41:59.420103329Z	3.56	0.0	75	0.05
5.258	simsensor_2000_6	2017-07-29T00:42:01.420519794Z	2.67	0.0	75	0.06
4.75	simsensor_2000_5	2017-07-29T00:42:03.419960915Z	2.67	0.0	75	0.09
3.495	simsensor_2000_4	2017-07-29T00:42:05.419933973Z	2.58	0.0	75	0.05
4.874	simsensor_2000_3	2017-07-29T00:42:07.419885829Z	2.357	0.0	75	0.02
3.58	simsensor_2000_2	2017-07-29T00:42:09.419891387Z	2.67	0.0	75	0.1
4.059	simsensor_2000_1	2017-07-29T00:42:11.420292942Z	2.225	0.0	75	0.09
0.0	simsensor_2004_3	2017-07-29T00:42:19.419898898Z	0.0	0.0	75	0.06
9.243	simsensor_2004_2	2017-07-29T00:42:21.419796388Z	5.785	0.0	75	0.04
8.646	simsensor_2004_1	2017-07-29T00:42:23.420281262Z	5.34	0.0	75	0.06
9.329	simsensor_2003_18	2017-07-29T00:42:25.428671141Z	5.495	0.0	75	0.05
8.394	simsensor_2003_17	2017-07-29T00:42:27.420011295Z	5.352	0.0	75	0.07
8.724	simsensor_2003_16	2017-07-29T00:42:29.421160753Z	5.352	0.0	75	0.06
10.25	simsensor_2003_15	2017-07-29T00:42:32.420265355Z	6.244	0.0	75	0.09
8.7	simsensor_2003_14	2017-07-29T00:42:34.420093321Z	5.394	0.0	75	0.1
8.196	simsensor_2003_13	2017-07-29T00:42:36.419958188Z	5.352	0.0	75	0.11
8.324	simsensor_2003_12	2017-07-29T00:42:38.420241302Z	4.906	0.0	75	0.05
8.526	simsensor_2003_11	2017-07-29T00:42:40.420079826Z	5.352	0.0	75	0.08
8.7	simsensor_2003_10	2017-07-29T00:42:42.420012337Z	5.394	0.0	75	0.07
8.367	simsensor_2003_9	2017-07-29T00:42:44.419809107Z	4.685	0.0	75	0.07
9.51	simsensor_2003_8	2017-07-29T00:42:46.419787778Z	6.23	0.0	75	0.05
9.153	simsensor_2003_7	2017-07-29T00:42:49.420167942Z	5.827	0.0	75	0.1
8.115	simsensor_2003_6	2017-07-29T00:42:51.420386539Z	4.895	0.0	75	0.07
11.028	simsensor_2003_5	2017-07-29T00:42:54.420020433Z	6.23	0.0	75	0.07
6.927	simsensor_2003_4	2017-07-29T00:42:56.420287261Z	4.895	0.0	75	0.1
8.688	simsensor_2003_3	2017-07-29T00:42:58.420134905Z	5.382	0.0	75	0.1
6.723	simsensor_2003_2	2017-07-29T00:43:00.420076098Z	4.079	0.0	75	0.12
9.507	simsensor_2003_1	2017-07-29T00:43:02.420341892Z	5.711	0.0	75	0.09
8.242	simsensor_2002_18	2017-07-29T00:43:04.420203136Z	4.778	0.0	75	0.08
6.844	simsensor_2002_17	2017-07-29T00:43:06.420272298Z	4.502	0.0	75	0.1
5.734	simsensor_2002_16	2017-07-29T00:43:08.420030598Z	3.27	0.0	75	0.08
10.716	simsensor_2002_15	2017-07-29T00:43:10.419817307Z	6.542	0.0	75	0.11
8.596	simsensor_2002_14	2017-07-29T00:43:13.420215237Z	5.352	0.0	75	0.05
8.23	simsensor_2002_13	2017-07-29T00:43:15.419901655Z	4.948	0.0	75	0.09
7.598	simsensor_2002_12	2017-07-29T00:43:17.420251773Z	4.46	0.0	75	0.05
6.472	simsensor_2002_11	2017-07-29T00:43:19.420067558Z	4.46	0.0	75	0.05
8.192	simsensor_2002_10	2017-07-29T00:43:21.419929394Z	4.906	0.0	75	0.08
6.708	simsensor_2002_9	2017-07-29T00:43:23.419972121Z	4.036	0.0	75	0.09
7.359	simsensor_2002_8	2017-07-29T00:43:25.419814432Z	4.047	0.0	75	0.08
7.119	simsensor_2002_7	2017-07-29T00:43:27.419985939Z	4.005	0.0	75	0.04
6.858	simsensor_2002_6	2017-07-29T00:43:29.420300341Z	4.45	0.0	75	0.07
8.782	simsensor_2002_5	2017-07-29T00:43:32.420317418Z	5.34	0.0	75	0.1
5.31	simsensor_2002_4	2017-07-29T00:43:34.420317032Z	3.676	0.0	75	0.11
10.563	simsensor_2002_3	2017-07-29T00:43:37.419946124Z	5.711	0.0	75	0.09
6.594	simsensor_2002_2	2017-07-29T00:43:39.420400449Z	4.45	0.0	75	0.07
8.837	simsensor_2002_1	2017-07-29T00:43:42.420313542Z	4.895	0.0	75	0.09
6.092	simsensor_2001_18	2017-07-29T00:43:44.420154354Z	4.19	0.0	75	0.07
8.056	simsensor_2001_17	2017-07-29T00:43:46.41995516Z	4.832	0.0	75	0.12
6.138	simsensor_2001_16	2017-07-29T00:43:48.420050806Z	4.014	0.0	75	0.11
6.604	simsensor_2001_15	2017-07-29T00:43:50.420059274Z	4.014	0.0	75	0.06
6.36	simsensor_2001_14	2017-07-29T00:43:52.420069464Z	3.642	0.0	75	0.09
7.616	simsensor_2001_13	2017-07-29T00:43:55.420238903Z	4.948	0.0	75	0.07
9.054	simsensor_2001_12	2017-07-29T00:43:58.420269994Z	5.278	0.0	75	0.08
6.756	simsensor_2001_11	2017-07-29T00:44:00.420502477Z	4.014	0.0	75	0.12
5.314	simsensor_2001_10	2017-07-29T00:44:02.420342983Z	3.122	0.0	75	0.08
5.959	simsensor_2001_9	2017-07-29T00:44:04.42019093Z	3.415	0.0	75	0.12
5.616	simsensor_2001_8	2017-07-29T00:44:07.419995234Z	3.676	0.0	75	0.1
6.126	simsensor_2001_7	2017-07-29T00:44:09.420249517Z	3.56	0.0	75	0.08
7.679	simsensor_2001_6	2017-07-29T00:44:11.420370184Z	3.931	0.0	75	0.07
4.705	simsensor_2001_5	2017-07-29T00:44:13.420313865Z	3.189	0.0	75	0.06
3.815	simsensor_2001_4	2017-07-29T00:44:15.420101807Z	2.299	0.0	75	0.09
9.962	simsensor_2001_3	2017-07-29T00:44:17.420527115Z	5.192	0.0	75	0.07
4.942	simsensor_2001_2	2017-07-29T00:44:19.4202962Z	3.602	0.0	75	0.07
5.377	simsensor_2001_1	2017-07-29T00:44:21.420058918Z	3.115	0.0	75	0.08
5.917	simsensor_2000_18	2017-07-29T00:44:23.42075666Z	3.339	0.0	75	0.06
6.428	simsensor_2000_17	2017-07-29T00:44:25.420439747Z	2.676	0.0	75	0.08
6.372	simsensor_2000_16	2017-07-29T00:44:28.420322765Z	4.328	0.0	75	0.05
6.206	simsensor_2000_15	2017-07-29T00:44:30.420145576Z	3.254	0.0	75	0.09
3.44	simsensor_2000_14	2017-07-29T00:44:32.420124613Z	1.9	0.0	75	0.09
6.146	simsensor_2000_13	2017-07-29T00:44:34.42010519Z	3.94	0.0	75	0.07
4.972	simsensor_2000_12	2017-07-29T00:44:36.420307476Z	2.75	0.0	75	0.11
5.28	simsensor_2000_11	2017-07-29T00:44:38.419990366Z	3.494	0.0	75	0.08
6.034	simsensor_2000_10	2017-07-29T00:44:40.420337241Z	3.122	0.0	75	0.06
2.386	simsensor_2000_9	2017-07-29T00:44:42.419948169Z	1.128	0.0	75	0.06
7.007	simsensor_2000_8	2017-07-29T00:44:44.420096223Z	3.931	0.0	75	0.06
4.75	simsensor_2000_7	2017-07-29T00:44:46.420239032Z	2.712	0.0	75	0.06
4.716	simsensor_2000_6	2017-07-29T00:44:48.420175296Z	2.67	0.0	76	0.07
5.542	simsensor_2000_5	2017-07-29T00:44:50.420008409Z	2.67	0.0	76	0.08
5.724	simsensor_2000_4	2017-07-29T00:44:53.420209623Z	3.56	0.0	77	0.08
3.761	simsensor_2000_3	2017-07-29T00:44:55.42028812Z	2.225	0.0	77	0.08
5.301	simsensor_2000_2	2017-07-29T00:44:58.420202039Z	3.189	0.0	78	0.09
5.59	simsensor_2000_1	2017-07-29T00:45:01.419657594Z	3.528	0.0	78	0.06
0.0	simsensor_2004_8	2017-07-29T00:45:10.420473986Z	0.0	0.0	80	0.06
13.016	simsensor_2004_7	2017-07-29T00:45:13.419977271Z	8.192	0.0	80	0.06
12.301	simsensor_2004_6	2017-07-29T00:45:16.420067142Z	7.565	0.0	81	0.08
11.678	simsensor_2004_5	2017-07-29T00:45:19.419902695Z	7.162	0.0	81	0.08
10.917	simsensor_2004_4	2017-07-29T00:45:22.420117885Z	6.675	0.0	82	0.07
247.036	simsensor_2004_3	2017-07-29T00:45:25.419805917Z	164.986	0.0	82	0.07
11.137	simsensor_2004_2	2017-07-29T00:45:28.41974209Z	6.717	0.0	83	0.08
10.214	simsensor_2004_1	2017-07-29T00:45:31.419840265Z	6.23	0.0	83	0.03
11.565	simsensor_2003_18	2017-07-29T00:45:34.420113028Z	6.715	0.0	84	0.08
10.732	simsensor_2003_17	2017-07-29T00:45:37.420001415Z	6.286	0.0	84	0.06
10.042	simsensor_2003_16	2017-07-29T00:45:40.419921691Z	6.244	0.0	85	0.06
11.506	simsensor_2003_15	2017-07-29T00:45:43.419950301Z	6.244	0.0	86	0.08
10.386	simsensor_2003_14	2017-07-29T00:45:46.419894754Z	6.286	0.0	86	0.06
9.616	simsensor_2003_13	2017-07-29T00:45:49.419955618Z	6.244	0.0	87	0.05
8.93	simsensor_2003_12	2017-07-29T00:45:52.419984927Z	5.798	0.0	87	0.06
9.782	simsensor_2003_11	2017-07-29T00:45:55.419960372Z	5.426	0.0	88	0.06
10.65	simsensor_2003_10	2017-07-29T00:45:58.419894219Z	6.286	0.0	88	0.08
10.265	simsensor_2003_9	2017-07-29T00:46:01.420395637Z	6.007	0.0	89	0.06
10.384	simsensor_2003_8	2017-07-29T00:46:04.419945875Z	6.304	0.0	89	0.06
9.035	simsensor_2003_7	2017-07-29T00:46:07.419886341Z	5.827	0.0	90	0.06
9.683	simsensor_2003_6	2017-07-29T00:46:10.420001536Z	5.785	0.0	90	0.08
13.334	simsensor_2003_5	2017-07-29T00:46:13.419899018Z	7.046	0.0	91	0.05
7.183	simsensor_2003_4	2017-07-29T00:46:16.419957571Z	5.011	0.0	91	0.06
12.17	simsensor_2003_3	2017-07-29T00:46:19.420314062Z	7.046	0.0	92	0.06
7.36	simsensor_2003_2	2017-07-29T00:46:22.419911022Z	4.598	0.0	92	0.07
11.618	simsensor_2003_1	2017-07-29T00:46:25.419813682Z	6.972	0.0	93	0.06
10.44	simsensor_2002_18	2017-07-29T00:46:28.419946751Z	5.22	0.0	93	0.06
6.594	simsensor_2002_17	2017-07-29T00:46:31.419894871Z	4.534	0.0	94	0.06
8.426	simsensor_2002_16	2017-07-29T00:46:34.420048972Z	4.534	0.0	94	0.13
13.796	simsensor_2002_15	2017-07-29T00:46:37.420362446Z	7.922	0.0	95	0.05
8.1	simsensor_2002_14	2017-07-29T00:46:40.419986749Z	5.798	0.0	95	0.05
8.252	simsensor_2002_13	2017-07-29T00:46:43.420186932Z	4.534	0.0	96	0.06
11.384	simsensor_2002_12	2017-07-29T00:46:46.419847297Z	6.616	0.0	96	0.06
7.926	simsensor_2002_11	2017-07-29T00:46:49.419841872Z	4.948	0.0	97	0.07
7.894	simsensor_2002_10	2017-07-29T00:46:52.420475894Z	4.98	0.0	97	0.06
8.349	simsensor_2002_9	2017-07-29T00:46:55.419925491Z	4.885	0.0	98	0.08
9.773	simsensor_2002_8	2017-07-29T00:46:58.419994984Z	4.895	0.0	98	0.1
8.974	simsensor_2002_7	2017-07-29T00:47:01.420004666Z	5.382	0.0	99	0.06
8.254	simsensor_2002_6	2017-07-29T00:47:04.419872244Z	5.34	0.0	99	0.06
9.666	simsensor_2002_5	2017-07-29T00:47:08.420021036Z	5.414	0.0	100	0.08
7.706	simsensor_2002_4	2017-07-29T00:47:11.420036869Z	5.382	0.0	100	0.07
11.971	simsensor_2002_3	2017-07-29T00:47:14.420226297Z	5.711	0.0	101	0.08
6.482	simsensor_2002_2	2017-07-29T00:47:17.420226917Z	4.524	0.0	101	0.09
9.579	simsensor_2002_1	2017-07-29T00:47:20.420498083Z	5.711	0.0	102	0.1
9.006	simsensor_2001_18	2017-07-29T00:47:23.420520589Z	5.956	0.0	102	0.06
10.244	simsensor_2001_17	2017-07-29T00:47:26.419908313Z	5.724	0.0	103	0.06
6.5	simsensor_2001_16	2017-07-29T00:47:29.419921552Z	4.46	0.0	103	0.05
9.386	simsensor_2001_15	2017-07-29T00:47:32.41987287Z	5.352	0.0	104	0.06
7.936	simsensor_2001_14	2017-07-29T00:47:35.420925849Z	4.576	0.0	104	0.08
8.928	simsensor_2001_13	2017-07-29T00:47:39.419976927Z	5.798	0.0	105	0.06
8.658	simsensor_2001_12	2017-07-29T00:47:42.420497519Z	4.832	0.0	105	0.07
8.506	simsensor_2001_11	2017-07-29T00:47:45.419985255Z	4.906	0.0	106	0.06
7.946	simsensor_2001_10	2017-07-29T00:47:48.420142964Z	4.502	0.0	106	0.06
6.862	simsensor_2001_9	2017-07-29T00:47:51.42024513Z	3.86	0.0	107	0.08
4.851	simsensor_2001_8	2017-07-29T00:47:54.420260827Z	2.686	0.0	107	0.07
9.317	simsensor_2001_7	2017-07-29T00:47:57.420098781Z	5.398	0.0	107	0.05
8.026	simsensor_2001_6	2017-07-29T00:48:00.419866982Z	4.376	0.0	108	0.06
6.605	simsensor_2001_5	2017-07-29T00:48:03.420006509Z	4.121	0.0	108	0.06
7.618	simsensor_2001_4	2017-07-29T00:48:07.419902946Z	4.524	0.0	109	0.05
9.171	simsensor_2001_3	2017-07-29T00:48:10.419967525Z	4.821	0.0	109	0.06
7.245	simsensor_2001_2	2017-07-29T00:48:13.419952261Z	4.895	0.0	110	0.07
9.197	simsensor_2001_1	2017-07-29T00:48:16.420282719Z	4.863	0.0	110	0.06
7.306	simsensor_2000_18	2017-07-29T00:48:19.420019336Z	4.248	0.0	110	0.08
9.248	simsensor_2000_17	2017-07-29T00:48:23.420224868Z	4.46	0.0	111	0.07
5.37	simsensor_2000_16	2017-07-29T00:48:26.420241121Z	3.642	0.0	111	0.09
8.274	simsensor_2000_15	2017-07-29T00:48:29.419882967Z	4.874	0.0	112	0.07
6.05	simsensor_2000_14	2017-07-29T00:48:32.419697112Z	2.75	0.0	112	0.08
8.63	simsensor_2000_13	2017-07-29T00:48:36.419920548Z	5.724	0.0	113	0.09
6.502	simsensor_2000_12	2017-07-29T00:48:39.419803708Z	3.642	0.0	113	0.09
7.492	simsensor_2000_11	2017-07-29T00:48:42.419786319Z	4.386	0.0	114	0.06
7.21	simsensor_2000_10	2017-07-29T00:48:45.419883702Z	4.056	0.0	114	0.06
3.516	simsensor_2000_9	2017-07-29T00:48:48.41985959Z	1.536	0.0	115	0.09
8.601	simsensor_2000_8	2017-07-29T00:48:51.420501138Z	4.821	0.0	115	0.11
7.094	simsensor_2000_7	2017-07-29T00:48:54.419983952Z	3.56	0.0	115	0.07
6.244	simsensor_2000_6	2017-07-29T00:48:57.420277057Z	3.56	0.0	116	0.07
6.518	simsensor_2000_5	2017-07-29T00:49:00.420872789Z	3.602	0.0	116	0.08
4.641	simsensor_2000_4	2017-07-29T00:49:03.419893026Z	3.115	0.0	117	0.07
5.77	simsensor_2000_3	2017-07-29T00:49:06.420459905Z	3.56	0.0	117	0.06
4.839	simsensor_2000_2	2017-07-29T00:49:09.420061614Z	3.189	0.0	117	0.05
5.614	simsensor_2000_1	2017-07-29T00:49:12.420028665Z	3.486	0.0	118	0.06
0.0	simsensor_2006_11	2017-07-29T00:49:21.420053684Z	0.0	0.0	119	0.1
15.25	simsensor_2006_10	2017-07-29T00:49:24.420318255Z	9.436	0.0	120	0.07
14.03	simsensor_2006_9	2017-07-29T00:49:27.420804028Z	8.91	0.0	120	0.09
14.386	simsensor_2006_8	2017-07-29T00:49:30.420058906Z	8.9	0.0	120	0.08
14.138	simsensor_2006_7	2017-07-29T00:49:33.419964365Z	8.9	0.0	121	0.1
14.128	simsensor_2006_6	2017-07-29T00:49:36.419818698Z	8.942	0.0	121	0.1
14.105	simsensor_2006_5	2017-07-29T00:49:39.42030025Z	8.455	0.0	122	0.09
13.728	simsensor_2006_4	2017-07-29T00:49:42.419845382Z	8.942	0.0	122	0.14
15.436	simsensor_2006_3	2017-07-29T00:49:45.419946723Z	9.79	0.0	122	0.06
15.116	simsensor_2006_2	2017-07-29T00:49:48.420173284Z	8.942	0.0	123	0.07
12.895	simsensor_2006_1	2017-07-29T00:49:51.420359577Z	8.455	0.0	123	0.08
14.308	simsensor_2005_18	2017-07-29T00:49:54.420274721Z	8.728	0.0	124	0.13
14.238	simsensor_2005_17	2017-07-29T00:49:57.420069693Z	8.92	0.0	124	0.12
14.382	simsensor_2005_16	2017-07-29T00:50:00.420376207Z	8.962	0.0	124	0.09
14.224	simsensor_2005_15	2017-07-29T00:50:03.420175522Z	8.92	0.0	125	0.06
13.508	simsensor_2005_14	2017-07-29T00:50:06.420648566Z	8.516	0.0	125	0.06
13.832	simsensor_2005_13	2017-07-29T00:50:09.420275968Z	8.028	0.0	126	0.08
12.886	simsensor_2005_12	2017-07-29T00:50:12.420421887Z	8.07	0.0	126	0.07
12.41	simsensor_2005_11	2017-07-29T00:50:15.420157754Z	7.582	0.0	126	0.09
11.704	simsensor_2005_10	2017-07-29T00:50:18.420367169Z	7.582	0.0	127	0.09
13.085	simsensor_2005_9	2017-07-29T00:50:21.420170439Z	8.117	0.0	127	0.1
13.393	simsensor_2005_8	2017-07-29T00:50:24.419866167Z	8.455	0.0	127	0.06
12.118	simsensor_2005_7	2017-07-29T00:50:27.420056804Z	7.236	0.0	128	0.09
13.819	simsensor_2005_6	2017-07-29T00:50:30.420718088Z	8.381	0.0	128	0.07
14.022	simsensor_2005_5	2017-07-29T00:50:33.419870346Z	8.942	0.0	129	0.06
11.961	simsensor_2005_4	2017-07-29T00:50:36.419999439Z	7.565	0.0	129	0.06
12.952	simsensor_2005_3	2017-07-29T00:50:39.420512191Z	8.052	0.0	130	0.09
12.694	simsensor_2005_2	2017-07-29T00:50:42.420088815Z	8.01	0.0	130	0.1
11.995	simsensor_2005_1	2017-07-29T00:50:45.420055307Z	6.675	0.0	130	0.07
13.149	simsensor_2004_18	2017-07-29T00:50:48.420011813Z	8.239	0.0	131	0.06
12.312	simsensor_2004_17	2017-07-29T00:50:51.42006344Z	7.954	0.0	131	0.06
13.596	simsensor_2004_16	2017-07-29T00:50:54.420161405Z	8.028	0.0	132	0.07
10.688	simsensor_2004_15	2017-07-29T00:50:57.420293004Z	6.806	0.0	132	0.05
13.082	simsensor_2004_14	2017-07-29T00:51:00.420588767Z	7.954	0.0	132	0.1
10.48	simsensor_2004_13	2017-07-29T00:51:03.419841411Z	6.806	0.0	133	0.06
13.78	simsensor_2004_12	2017-07-29T00:51:06.420011201Z	8.846	0.0	133	0.06
13.824	simsensor_2004_11	2017-07-29T00:51:09.419988962Z	7.624	0.0	134	0.06
11.986	simsensor_2004_10	2017-07-29T00:51:12.419838462Z	8.028	0.0	134	0.07
12.342	simsensor_2004_9	2017-07-29T00:51:15.420145155Z	6.868	0.0	134	0.07
12.813	simsensor_2004_8	2017-07-29T00:51:19.420368379Z	8.497	0.0	135	0.08
12.462	simsensor_2004_7	2017-07-29T00:51:22.41988147Z	8.01	0.0	135	0.06
13.709	simsensor_2004_6	2017-07-29T00:51:25.419809911Z	7.607	0.0	136	0.05
9.382	simsensor_2004_5	2017-07-29T00:51:28.42007098Z	6.304	0.0	136	0.06
13.698	simsensor_2004_4	2017-07-29T00:51:32.419793235Z	7.936	0.0	137	0.05
247.519	simsensor_2004_3	2017-07-29T00:51:35.42015845Z	165.473	0.0	137	0.08
8.55	simsensor_2004_2	2017-07-29T00:51:38.420227268Z	5.414	0.0	137	0.12
13.781	simsensor_2004_1	2017-07-29T00:51:42.420165568Z	8.423	0.0	138	0.07
9.53	simsensor_2003_18	2017-07-29T00:51:45.431704932Z	6.182	0.0	138	0.06
12.792	simsensor_2003_17	2017-07-29T00:51:48.420219044Z	7.062	0.0	139	0.06
10.258	simsensor_2003_16	2017-07-29T00:51:51.420236448Z	6.69	0.0	139	0.07
10.312	simsensor_2003_15	2017-07-29T00:51:54.420836546Z	5.84	0.0	139	0.08
11.506	simsensor_2003_14	2017-07-29T00:51:57.420557193Z	6.244	0.0	140	0.1
9.33	simsensor_2003_13	2017-07-29T00:52:00.419931326Z	6.244	0.0	140	0.06
9.164	simsensor_2003_12	2017-07-29T00:52:03.419764467Z	5.84	0.0	140	0.06
9.016	simsensor_2003_11	2017-07-29T00:52:06.420577759Z	5.426	0.0	141	0.07
9.882	simsensor_2003_10	2017-07-29T00:52:10.42027987Z	6.318	0.0	141	0.06
13.459	simsensor_2003_9	2017-07-29T00:52:14.420180963Z	7.025	0.0	142	0.12
7.792	simsensor_2003_8	2017-07-29T00:52:17.419947415Z	5.488	0.0	142	0.07
10.967	simsensor_2003_7	2017-07-29T00:52:20.41985135Z	6.601	0.0	142	0.06
6.789	simsensor_2003_6	2017-07-29T00:52:23.420310945Z	4.195	0.0	143	0.03
14.677	simsensor_2003_5	2017-07-29T00:52:26.419991882Z	8.233	0.0	143	0.07
10.658	simsensor_2003_4	2017-07-29T00:52:30.420228148Z	6.304	0.0	144	0.06
10.948	simsensor_2003_3	2017-07-29T00:52:33.420137765Z	7.088	0.0	144	0.05
6.329	simsensor_2003_2	2017-07-29T00:52:36.420192571Z	4.153	0.0	144	0.08
12.114	simsensor_2003_1	2017-07-29T00:52:39.420174519Z	6.972	0.0	145	0.08
8.313	simsensor_2002_18	2017-07-29T00:52:42.420322939Z	4.723	0.0	145	0.11
9.592	simsensor_2002_17	2017-07-29T00:52:46.420289469Z	6.286	0.0	146	0.11
9.322	simsensor_2002_16	2017-07-29T00:52:49.420227668Z	5.352	0.0	146	0.11
12.1	simsensor_2002_15	2017-07-29T00:52:52.420724844Z	6.69	0.0	146	0.11
9.894	simsensor_2002_14	2017-07-29T00:52:55.420223311Z	6.988	0.0	147	0.09
8.164	simsensor_2002_13	2017-07-29T00:52:58.420403966Z	4.576	0.0	147	0.1
13.06	simsensor_2002_12	2017-07-29T00:53:02.420316609Z	7.062	0.0	148	0.1
6.942	simsensor_2002_11	2017-07-29T00:53:05.420366423Z	4.906	0.0	148	0.11
8.416	simsensor_2002_10	2017-07-29T00:53:08.420345425Z	4.98	0.0	149	0.14
5.602	simsensor_2002_9	2017-07-29T00:53:11.420155431Z	3.446	0.0	149	0.09
11.452	simsensor_2002_8	2017-07-29T00:53:14.419915152Z	6.082	0.0	149	0.09
10.7	simsensor_2002_7	2017-07-29T00:53:18.420186528Z	6.23	0.0	150	0.12
8.164	simsensor_2002_6	2017-07-29T00:53:21.422973283Z	5.382	0.0	150	0.08
6.86	simsensor_2002_5	2017-07-29T00:53:24.420295777Z	3.786	0.0	150	0.1
8.121	simsensor_2002_4	2017-07-29T00:53:27.420372746Z	5.633	0.0	150	0.11
11.955	simsensor_2002_3	2017-07-29T00:53:30.420351745Z	6.601	0.0	150	0.09
6.459	simsensor_2002_2	2017-07-29T00:53:33.420147557Z	4.079	0.0	150	0.05
7.694	simsensor_2002_1	2017-07-29T00:53:36.420202582Z	5.308	0.0	150	0.06
8.413	simsensor_2001_18	2017-07-29T00:53:39.420236362Z	6.281	0.0	150	0.08
11.306	simsensor_2001_17	2017-07-29T00:53:43.420263601Z	6.616	0.0	150	0.06
9.504	simsensor_2001_16	2017-07-29T00:53:47.420325804Z	6.658	0.0	150	0.1
10.382	simsensor_2001_15	2017-07-29T00:53:51.420755086Z	5.798	0.0	150	0.07
7.156	simsensor_2001_14	2017-07-29T00:53:54.420271897Z	4.088	0.0	150	0.08
7.512	simsensor_2001_13	2017-07-29T00:53:57.420144509Z	5.352	0.0	150	0.09
7.726	simsensor_2001_12	2017-07-29T00:54:00.420175919Z	4.46	0.0	150	0.06
8.922	simsensor_2001_11	2017-07-29T00:54:04.420287136Z	5.394	0.0	150	0.13
7.834	simsensor_2001_10	2017-07-29T00:54:07.420089591Z	4.46	0.0	150	0.06
7.293	simsensor_2001_9	2017-07-29T00:54:11.421212601Z	4.377	0.0	150	0.11
6.828	simsensor_2001_8	2017-07-29T00:54:15.420172084Z	3.708	0.0	150	0.06
10.08	simsensor_2001_7	2017-07-29T00:54:19.420294922Z	6.198	0.0	150	0.1
7.22	simsensor_2001_6	2017-07-29T00:54:22.420076019Z	4.45	0.0	150	0.06
7.618	simsensor_2001_5	2017-07-29T00:54:25.420530506Z	4.45	0.0	150	0.09
4.415	simsensor_2001_4	2017-07-29T00:54:28.420068677Z	3.189	0.0	150	0.05
11.066	simsensor_2001_3	2017-07-29T00:54:32.420095258Z	6.198	0.0	150	0.12
7.423	simsensor_2001_2	2017-07-29T00:54:36.420154559Z	5.785	0.0	150	0.09
9.148	simsensor_2001_1	2017-07-29T00:54:39.420320642Z	4.376	0.0	150	0.17
7.867	simsensor_2000_18	2017-07-29T00:54:42.420098703Z	5.447	0.0	150	0.06
8.482	simsensor_2000_17	2017-07-29T00:54:45.421188121Z	3.568	0.0	150	0.07
4.446	simsensor_2000_16	2017-07-29T00:54:48.419759366Z	3.642	0.0	150	0.1
9.506	simsensor_2000_15	2017-07-29T00:54:51.420049802Z	5.32	0.0	150	0.06
5.254	simsensor_2000_14	2017-07-29T00:54:54.419713021Z	2.684	0.0	150	0.05
6.748	simsensor_2000_13	2017-07-29T00:54:57.420187682Z	4.898	0.0	150	0.1
5.442	simsensor_2000_12	2017-07-29T00:55:00.420674488Z	3.642	0.0	150	0.09
7.998	simsensor_2000_11	2017-07-29T00:55:03.420666243Z	4.832	0.0	150	0.05
6.476	simsensor_2000_10	2017-07-29T00:55:06.419796535Z	3.61	0.0	150	0.11
2.08	simsensor_2000_9	2017-07-29T00:55:09.420002483Z	0.34	0.0	150	0.06
9.062	simsensor_2000_8	2017-07-29T00:55:12.419756343Z	5.266	0.0	150	0.07
4.405	simsensor_2000_7	2017-07-29T00:55:15.420035527Z	2.299	0.0	150	0.06
5.792	simsensor_2000_6	2017-07-29T00:55:18.420518169Z	3.56	0.0	150	0.09
8.635	simsensor_2000_5	2017-07-29T00:55:21.419958158Z	4.863	0.0	150	0.08
4.639	simsensor_2000_4	2017-07-29T00:55:24.41984834Z	3.115	0.0	150	0.08
5.218	simsensor_2000_3	2017-07-29T00:55:27.419986534Z	3.56	0.0	150	0.05
4.306	simsensor_2000_2	2017-07-29T00:55:30.420151567Z	2.744	0.0	150	0.06
3.867	simsensor_2000_1	2017-07-29T00:55:33.420250883Z	3.115	0.0	150	0.06
0.0	simsensor_2008_6	2017-07-29T00:55:43.419899318Z	0.0	0.0	150	0.12
15.12	simsensor_2008_5	2017-07-29T00:55:46.419807477Z	9.832	0.0	150	0.05
14.613	simsensor_2008_4	2017-07-29T00:55:49.419914181Z	9.345	0.0	150	0.06
15.384	simsensor_2008_3	2017-07-29T00:55:52.42013771Z	9.832	0.0	150	0.06
16.137	simsensor_2008_2	2017-07-29T00:55:56.419970429Z	10.235	0.0	150	0.06
15.714	simsensor_2008_1	2017-07-29T00:55:59.420017428Z	9.832	0.0	150	0.11
15.104	simsensor_2007_18	2017-07-29T00:56:02.419868525Z	9.77	0.0	150	0.06
14.964	simsensor_2007_17	2017-07-29T00:56:05.420015808Z	9.366	0.0	150	0.06
16.8	simsensor_2007_16	2017-07-29T00:56:09.420027518Z	10.746	0.0	150	0.12
13.282	simsensor_2007_15	2017-07-29T00:56:12.420324979Z	8.664	0.0	150	0.08
17.488	simsensor_2007_14	2017-07-29T00:56:15.419694233Z	11.002	0.0	150	0.11
13.908	simsensor_2007_13	2017-07-29T00:56:18.420269053Z	9.366	0.0	150	0.1
16.598	simsensor_2007_12	2017-07-29T00:56:21.419903432Z	10.3	0.0	150	0.05
15.956	simsensor_2007_11	2017-07-29T00:56:24.420196372Z	9.812	0.0	150	0.08
14.832	simsensor_2007_10	2017-07-29T00:56:27.42001907Z	9.408	0.0	151	0.07
14.787	simsensor_2007_9	2017-07-29T00:56:30.420149574Z	9.231	0.0	151	0.06
14.369	simsensor_2007_8	2017-07-29T00:56:33.420036991Z	8.455	0.0	152	0.07
12.999	simsensor_2007_7	2017-07-29T00:56:36.419899929Z	8.571	0.0	152	0.08
15.409	simsensor_2007_6	2017-07-29T00:56:39.419794198Z	9.271	0.0	152	0.05
13.847	simsensor_2007_5	2017-07-29T00:56:42.419759127Z	9.345	0.0	153	0.06
15.055	simsensor_2007_4	2017-07-29T00:56:45.419836479Z	9.387	0.0	153	0.08
13.785	simsensor_2007_3	2017-07-29T00:56:48.419835009Z	8.455	0.0	153	0.06
15.173	simsensor_2007_2	2017-07-29T00:56:51.41982468Z	9.387	0.0	154	0.08
16.474	simsensor_2007_1	2017-07-29T00:56:54.42022287Z	10.68	0.0	154	0.1
15.92	simsensor_2006_18	2017-07-29T00:56:57.420029449Z	9.378	0.0	154	0.1
15.532	simsensor_2006_17	2017-07-29T00:57:01.419952441Z	10.63	0.0	155	0.07
13.274	simsensor_2006_16	2017-07-29T00:57:04.419908559Z	7.698	0.0	155	0.79
13.138	simsensor_2006_15	2017-07-29T00:57:07.42005146Z	8.92	0.0	156	0.07
17.592	simsensor_2006_14	2017-07-29T00:57:10.42019043Z	10.226	0.0	156	0.06
14.01	simsensor_2006_13	2017-07-29T00:57:13.420117601Z	9.366	0.0	156	0.07
16.126	simsensor_2006_12	2017-07-29T00:57:17.420126834Z	10.3	0.0	157	0.07
13.042	simsensor_2006_11	2017-07-29T00:57:20.42007574Z	8.028	0.0	157	0.06
15.692	simsensor_2006_10	2017-07-29T00:57:23.420018863Z	9.486	0.0	158	0.06
12.646	simsensor_2006_9	2017-07-29T00:57:26.420054908Z	7.848	0.0	158	0.07
12.667	simsensor_2006_8	2017-07-29T00:57:29.423545166Z	7.681	0.0	158	0.05
18.482	simsensor_2006_7	2017-07-29T00:57:33.419815777Z	11.496	0.0	159	0.09
15.343	simsensor_2006_6	2017-07-29T00:57:37.420171378Z	9.345	0.0	159	0.05
14.018	simsensor_2006_5	2017-07-29T00:57:41.420189093Z	8.942	0.0	160	0.06
15.079	simsensor_2006_4	2017-07-29T00:57:44.42008714Z	9.345	0.0	160	0.07
14.632	simsensor_2006_3	2017-07-29T00:57:47.419925186Z	9.832	0.0	160	0.08
15.787	simsensor_2006_2	2017-07-29T00:57:50.420266596Z	9.345	0.0	161	0.08
13.996	simsensor_2006_1	2017-07-29T00:57:54.419877951Z	8.942	0.0	161	0.07
15.554	simsensor_2005_18	2017-07-29T00:57:57.420075213Z	10.082	0.0	162	0.06
13.682	simsensor_2005_17	2017-07-29T00:58:00.419984049Z	8.962	0.0	162	0.07
14.106	simsensor_2005_16	2017-07-29T00:58:03.420068393Z	8.92	0.0	162	0.07
16.178	simsensor_2005_15	2017-07-29T00:58:07.419971824Z	9.366	0.0	163	0.07
14.486	simsensor_2005_14	2017-07-29T00:58:11.419945507Z	9.854	0.0	163	0.12
13.102	simsensor_2005_13	2017-07-29T00:58:14.42026414Z	7.582	0.0	164	0.1
15.058	simsensor_2005_12	2017-07-29T00:58:18.419977484Z	9.366	0.0	164	0.1
12.612	simsensor_2005_11	2017-07-29T00:58:22.420193837Z	7.252	0.0	164	0.13
14.93	simsensor_2005_10	2017-07-29T00:58:26.420360258Z	9.738	0.0	165	0.09
13.87	simsensor_2005_9	2017-07-29T00:58:30.420699041Z	8.046	0.0	165	0.1
13.687	simsensor_2005_8	2017-07-29T00:58:34.42039636Z	9.345	0.0	166	0.12
12.535	simsensor_2005_7	2017-07-29T00:58:38.420312658Z	7.681	0.0	166	0.1
15.896	simsensor_2005_6	2017-07-29T00:58:42.419791582Z	9.716	0.0	167	0.12
15.545	simsensor_2005_5	2017-07-29T00:58:46.420516298Z	9.345	0.0	167	0.09
13.615	simsensor_2005_4	2017-07-29T00:58:50.420326622Z	8.497	0.0	168	0.09
14.614	simsensor_2005_3	2017-07-29T00:58:54.420388863Z	8.9	0.0	168	0.07
13.424	simsensor_2005_2	2017-07-29T00:58:58.42019162Z	8.9	0.0	168	0.12
11.959	simsensor_2005_1	2017-07-29T00:59:02.420094482Z	6.791	0.0	169	0.13
15.791	simsensor_2004_18	2017-07-29T00:59:06.42065224Z	10.065	0.0	169	0.1
14.592	simsensor_2004_17	2017-07-29T00:59:10.420358934Z	9.26	0.0	170	0.03
12.25	simsensor_2004_16	2017-07-29T00:59:14.420549103Z	7.73	0.0	170	0.09
14.982	simsensor_2004_15	2017-07-29T00:59:18.419936327Z	8.846	0.0	171	0.09
14.218	simsensor_2004_14	2017-07-29T00:59:22.42027256Z	8.888	0.0	171	0.08
11.122	simsensor_2004_13	2017-07-29T00:59:26.420335431Z	8.102	0.0	172	0.1
15.722	simsensor_2004_12	2017-07-29T00:59:30.419894529Z	9.292	0.0	172	0.07
14.44	simsensor_2004_11	2017-07-29T00:59:34.420067616Z	8.516	0.0	172	0.07
14.356	simsensor_2004_10	2017-07-29T00:59:38.420212413Z	9.366	0.0	173	0.11
11.967	simsensor_2004_9	2017-07-29T00:59:42.420690655Z	6.359	0.0	173	0.1
12.657	simsensor_2004_8	2017-07-29T00:59:46.420280932Z	8.455	0.0	174	0.13
12.076	simsensor_2004_7	2017-07-29T00:59:50.420479145Z	8.126	0.0	174	0.06
17.123	simsensor_2004_6	2017-07-29T00:59:54.419683655Z	9.271	0.0	174	0.09
9.67	simsensor_2004_5	2017-07-29T00:59:58.419885383Z	6.378	0.0	175	0.08
14.564	simsensor_2004_4	2017-07-29T01:00:02.42068201Z	8.752	0.0	175	0.09
247.051	simsensor_2004_3	2017-07-29T01:00:06.41992619Z	165.547	0.0	176	0.06
10.903	simsensor_2004_2	2017-07-29T01:00:10.420331068Z	6.749	0.0	176	0.08
14.942	simsensor_2004_1	2017-07-29T01:00:14.41991747Z	8.752	0.0	176	0.09
9.943	simsensor_2003_18	2017-07-29T01:00:18.419998825Z	7.305	0.0	177	0.06
15.294	simsensor_2003_17	2017-07-29T01:00:22.420029792Z	8.772	0.0	177	0.06
11.138	simsensor_2003_16	2017-07-29T01:00:26.419877293Z	7.136	0.0	178	0.05
12.68	simsensor_2003_15	2017-07-29T01:00:30.419939169Z	7.178	0.0	178	0.06
11.012	simsensor_2003_14	2017-07-29T01:00:34.419907651Z	5.872	0.0	178	0.09
13.024	simsensor_2003_13	2017-07-29T01:00:38.419922759Z	7.954	0.0	179	0.06
9.008	simsensor_2003_12	2017-07-29T01:00:42.419942347Z	7.136	0.0	179	0.06
11.37	simsensor_2003_11	2017-07-29T01:00:46.420110946Z	5.914	0.0	180	0.06
8.2	simsensor_2003_10	2017-07-29T01:00:50.41977032Z	5.5	0.0	180	0.08
13.035	simsensor_2003_9	2017-07-29T01:00:54.42015788Z	6.779	0.0	180	0.07
10.069	simsensor_2003_8	2017-07-29T01:00:58.419792738Z	6.865	0.0	181	0.05
10.906	simsensor_2003_7	2017-07-29T01:01:02.419930945Z	7.046	0.0	181	0.07
9.53	simsensor_2003_6	2017-07-29T01:01:06.419940584Z	5.488	0.0	181	0.05
15.343	simsensor_2003_5	2017-07-29T01:01:10.420205071Z	9.123	0.0	182	0.06
9.178	simsensor_2003_4	2017-07-29T01:01:14.421380157Z	5.488	0.0	182	0.06
13.084	simsensor_2003_3	2017-07-29T01:01:18.419942264Z	7.978	0.0	183	0.07
8.191	simsensor_2003_2	2017-07-29T01:01:22.420231404Z	5.859	0.0	183	0.09
13.39	simsensor_2003_1	2017-07-29T01:01:26.420365934Z	7.862	0.0	183	0.08
10.038	simsensor_2002_18	2017-07-29T01:01:30.420149158Z	6.248	0.0	184	0.07
9.198	simsensor_2002_17	2017-07-29T01:01:34.420024631Z	6.244	0.0	184	0.06
9.806	simsensor_2002_16	2017-07-29T01:01:38.419935205Z	5.426	0.0	185	0.08
14.428	simsensor_2002_15	2017-07-29T01:01:42.422411581Z	7.954	0.0	185	0.06
11.664	simsensor_2002_14	2017-07-29T01:01:46.419803529Z	8.368	0.0	185	0.08
9.044	simsensor_2002_13	2017-07-29T01:01:50.419882174Z	4.98	0.0	186	0.05
13.174	simsensor_2002_12	2017-07-29T01:01:54.419815886Z	7.508	0.0	186	0.06
9.06	simsensor_2002_11	2017-07-29T01:01:58.41985973Z	5.798	0.0	186	0.06
9.256	simsensor_2002_10	2017-07-29T01:02:02.419844586Z	5.468	0.0	187	0.06
5.643	simsensor_2002_9	2017-07-29T01:02:06.419773545Z	3.245	0.0	187	0.1
13.036	simsensor_2002_8	2017-07-29T01:02:10.420193293Z	6.972	0.0	188	0.06
10.306	simsensor_2002_7	2017-07-29T01:02:14.419987641Z	6.23	0.0	188	0.05
9.886	simsensor_2002_6	2017-07-29T01:02:18.419990566Z	6.272	0.0	188	0.11
6.086	simsensor_2002_5	2017-07-29T01:02:22.419921375Z	3.86	0.0	189	0.06
11.767	simsensor_2002_4	2017-07-29T01:02:26.420347447Z	7.339	0.0	189	0.06
13.123	simsensor_2002_3	2017-07-29T01:02:30.419910504Z	7.491	0.0	189	0.06
9.223	simsensor_2002_2	2017-07-29T01:02:34.419799816Z	4.969	0.0	190	0.05
8.232	simsensor_2002_1	2017-07-29T01:02:38.419865205Z	6.198	0.0	190	0.05
9.97	simsensor_2001_18	2017-07-29T01:02:42.420138123Z	7.866	0.0	190	0.11
13.166	simsensor_2001_17	2017-07-29T01:02:46.419781245Z	7.434	0.0	191	0.07
8.98	simsensor_2001_16	2017-07-29T01:02:50.420253479Z	6.658	0.0	191	0.05
13.052	simsensor_2001_15	2017-07-29T01:02:55.420263543Z	6.69	0.0	192	0.04
8.492	simsensor_2001_14	2017-07-29T01:02:59.419995574Z	5.426	0.0	192	0.06
9.14	simsensor_2001_13	2017-07-29T01:03:03.420042035Z	5.798	0.0	192	0.07
8.244	simsensor_2001_12	2017-07-29T01:03:07.419972967Z	4.906	0.0	193	0.05
10.34	simsensor_2001_11	2017-07-29T01:03:11.420151755Z	5.798	0.0	193	0.07
9.894	simsensor_2001_10	2017-07-29T01:03:15.420025603Z	5.84	0.0	193	0.13
5.756	simsensor_2001_9	2017-07-29T01:03:19.41999426Z	3.298	0.0	194	0.05
5.305	simsensor_2001_8	2017-07-29T01:03:23.419813077Z	2.447	0.0	194	0.07
12.844	simsensor_2001_7	2017-07-29T01:03:28.420784201Z	7.862	0.0	195	0.12
8.46	simsensor_2001_6	2017-07-29T01:03:32.41987217Z	5.382	0.0	195	0.06
10.464	simsensor_2001_5	2017-07-29T01:03:36.42001241Z	5.418	0.0	195	0.06
5.505	simsensor_2001_4	2017-07-29T01:03:40.420151173Z	4.001	0.0	196	0.05
11.358	simsensor_2001_3	2017-07-29T01:03:44.420469816Z	6.156	0.0	196	0.13
8.171	simsensor_2001_2	2017-07-29T01:03:48.419832885Z	5.785	0.0	197	0.05
11.141	simsensor_2001_1	2017-07-29T01:03:52.41979487Z	5.711	0.0	197	0.06
10.086	simsensor_2000_18	2017-07-29T01:03:56.419837012Z	6.982	0.0	197	0.07
10.604	simsensor_2000_17	2017-07-29T01:04:01.419856434Z	4.948	0.0	198	0.05
6.966	simsensor_2000_16	2017-07-29T01:04:05.419700184Z	4.534	0.0	198	0.07
8.58	simsensor_2000_15	2017-07-29T01:04:09.419895954Z	5.352	0.0	198	0.06
8.226	simsensor_2000_14	2017-07-29T01:04:13.419813176Z	4.46	0.0	199	0.06
8.08	simsensor_2000_13	2017-07-29T01:04:17.419840966Z	5.802	0.0	199	0.06
7.918	simsensor_2000_12	2017-07-29T01:04:21.420656421Z	4.456	0.0	199	0.06
9.636	simsensor_2000_11	2017-07-29T01:04:25.420238399Z	5.766	0.0	200	0.08
6.31	simsensor_2000_10	2017-07-29T01:04:29.419936802Z	4.088	0.0	200	0.06
3.777	simsensor_2000_9	2017-07-29T01:04:33.41977818Z	0.495	0.0	200	0.06
10.191	simsensor_2000_8	2017-07-29T01:04:37.419931522Z	5.711	0.0	201	0.05
5.312	simsensor_2000_7	2017-07-29T01:04:41.419908802Z	2.86	0.0	201	0.05
6.408	simsensor_2000_6	2017-07-29T01:04:45.419983962Z	3.634	0.0	201	0.06
11.714	simsensor_2000_5	2017-07-29T01:04:49.420744812Z	6.898	0.0	202	0.06
4.313	simsensor_2000_4	2017-07-29T01:04:53.419890916Z	3.189	0.0	202	0.08
9.059	simsensor_2000_3	2017-07-29T01:04:57.419914613Z	5.711	0.0	202	0.09
5.06	simsensor_2000_2	2017-07-29T01:05:01.420183217Z	2.818	0.0	203	0.13
5.665	simsensor_2000_1	2017-07-29T01:05:05.419972085Z	4.821	0.0	203	0.1
0.0	simsensor_2011_6	2017-07-29T01:05:16.420232418Z	0.0	0.0	204	0.08
21.543	simsensor_2011_5	2017-07-29T01:05:20.420311402Z	13.795	0.0	204	0.09
21.625	simsensor_2011_4	2017-07-29T01:05:24.419968472Z	13.795	0.0	205	0.06
21.421	simsensor_2011_3	2017-07-29T01:05:28.419874887Z	13.837	0.0	205	0.05
21.929	simsensor_2011_2	2017-07-29T01:05:32.419920168Z	13.795	0.0	205	0.07
21.289	simsensor_2011_1	2017-07-29T01:05:36.41984013Z	13.837	0.0	206	0.09
21.25	simsensor_2010_18	2017-07-29T01:05:40.42044132Z	13.554	0.0	206	0.09
22.084	simsensor_2010_17	2017-07-29T01:05:44.426094113Z	13.38	0.0	206	0.06
19.398	simsensor_2010_16	2017-07-29T01:05:48.419806599Z	12.976	0.0	207	0.06
20.412	simsensor_2010_15	2017-07-29T01:05:52.419902461Z	12.934	0.0	207	0.05
21.442	simsensor_2010_14	2017-07-29T01:05:56.420112047Z	13.422	0.0	207	0.06
18.848	simsensor_2010_13	2017-07-29T01:06:00.422618702Z	12.488	0.0	208	0.05
21.406	simsensor_2010_12	2017-07-29T01:06:04.419713938Z	13.38	0.0	208	0.07
20.424	simsensor_2010_11	2017-07-29T01:06:08.420081459Z	13.422	0.0	208	0.07
20.926	simsensor_2010_10	2017-07-29T01:06:12.420811785Z	13.38	0.0	209	0.06
19.193	simsensor_2010_9	2017-07-29T01:06:16.420150347Z	12.507	0.0	209	0.06
21.065	simsensor_2010_8	2017-07-29T01:06:20.420599806Z	12.905	0.0	209	0.06
20.317	simsensor_2010_7	2017-07-29T01:06:24.420085949Z	12.905	0.0	210	0.06
19.702	simsensor_2010_6	2017-07-29T01:06:28.419792353Z	13.392	0.0	210	0.07
20.596	simsensor_2010_5	2017-07-29T01:06:32.420530161Z	12.46	0.0	210	0.1
19.3	simsensor_2010_4	2017-07-29T01:06:36.42025526Z	12.502	0.0	211	0.09
19.987	simsensor_2010_3	2017-07-29T01:06:40.421184268Z	12.905	0.0	211	0.06
20.266	simsensor_2010_2	2017-07-29T01:06:44.419914496Z	12.46	0.0	211	0.06
18.772	simsensor_2010_1	2017-07-29T01:06:48.419898299Z	12.502	0.0	212	0.09
19.65	simsensor_2009_18	2017-07-29T01:06:52.420302284Z	12.74	0.0	212	0.09
21.128	simsensor_2009_17	2017-07-29T01:06:56.419817653Z	12.584	0.0	213	0.05
15.504	simsensor_2009_16	2017-07-29T01:07:00.419970118Z	10.352	0.0	213	0.08
23.042	simsensor_2009_15	2017-07-29T01:07:04.419964419Z	15.016	0.0	213	0.06
19.108	simsensor_2009_14	2017-07-29T01:07:08.42011771Z	12.084	0.0	214	0.06
19.418	simsensor_2009_13	2017-07-29T01:07:12.420008485Z	12.488	0.0	214	0.06
19.922	simsensor_2009_12	2017-07-29T01:07:16.419960479Z	12.084	0.0	214	0.06
18.442	simsensor_2009_11	2017-07-29T01:07:20.42039262Z	12.042	0.0	215	0.06
17.888	simsensor_2009_10	2017-07-29T01:07:24.419941386Z	11.15	0.0	215	0.06
14.339	simsensor_2009_9	2017-07-29T01:07:28.41982881Z	9.407	0.0	215	0.07
20.773	simsensor_2009_8	2017-07-29T01:07:32.420359814Z	12.831	0.0	216	0.07
17.998	simsensor_2009_7	2017-07-29T01:07:36.419988572Z	11.57	0.0	216	0.08
18.868	simsensor_2009_6	2017-07-29T01:07:40.420094099Z	11.546	0.0	216	0.05
17.65	simsensor_2009_5	2017-07-29T01:07:44.419935277Z	11.636	0.0	217	0.11
18.391	simsensor_2009_4	2017-07-29T01:07:48.420183052Z	11.125	0.0	217	0.13
16.871	simsensor_2009_3	2017-07-29T01:07:52.420612387Z	11.167	0.0	217	0.1
15.346	simsensor_2009_2	2017-07-29T01:07:56.419883359Z	9.864	0.0	218	0.04
17.866	simsensor_2009_1	2017-07-29T01:08:00.420326146Z	11.57	0.0	218	0.06
22.296	simsensor_2008_18	2017-07-29T01:08:04.419941045Z	13.182	0.0	218	0.1
16.234	simsensor_2008_17	2017-07-29T01:08:08.420373153Z	10.704	0.0	219	0.13
17.596	simsensor_2008_16	2017-07-29T01:08:12.420034845Z	10.746	0.0	219	0.1
17.292	simsensor_2008_15	2017-07-29T01:08:16.419872851Z	11.596	0.0	219	0.06
17.38	simsensor_2008_14	2017-07-29T01:08:20.420652608Z	10.704	0.0	220	0.08
16.032	simsensor_2008_13	2017-07-29T01:08:24.420802649Z	10.332	0.0	220	0.08
20.398	simsensor_2008_12	2017-07-29T01:08:28.419871689Z	12.01	0.0	221	0.06
15.31	simsensor_2008_11	2017-07-29T01:08:32.434579641Z	10.704	0.0	221	0.09
16.936	simsensor_2008_10	2017-07-29T01:08:36.419913585Z	10.746	0.0	221	0.06
16.414	simsensor_2008_9	2017-07-29T01:08:40.419843954Z	8.84	0.0	222	0.06
16.585	simsensor_2008_8	2017-07-29T01:08:44.421015907Z	11.167	0.0	222	0.08
15.084	simsensor_2008_7	2017-07-29T01:08:48.42008135Z	10.68	0.0	222	0.1
254.705	simsensor_2008_6	2017-07-29T01:08:52.420005769Z	168.991	0.0	223	0.06
16.213	simsensor_2008_5	2017-07-29T01:08:56.421322119Z	11.125	0.0	223	0.09
14.326	simsensor_2008_4	2017-07-29T01:09:00.420126307Z	9.016	0.0	223	0.05
21.19	simsensor_2008_3	2017-07-29T01:09:05.420132763Z	12.386	0.0	224	0.09
13.687	simsensor_2008_2	2017-07-29T01:09:09.419869578Z	8.603	0.0	224	0.14
19.867	simsensor_2008_1	2017-07-29T01:09:13.420628542Z	12.799	0.0	224	0.09
19.701	simsensor_2007_18	2017-07-29T01:09:18.420189194Z	12.225	0.0	225	0.09
15.08	simsensor_2007_17	2017-07-29T01:09:22.420151511Z	9.854	0.0	225	0.12
16.098	simsensor_2007_16	2017-07-29T01:09:26.419759015Z	10.704	0.0	225	0.11
11.954	simsensor_2007_15	2017-07-29T01:09:30.419902797Z	7.92	0.0	225	0.08
20.808	simsensor_2007_14	2017-07-29T01:09:34.419746538Z	13.158	0.0	225	0.07
14.91	simsensor_2007_13	2017-07-29T01:09:38.420423755Z	10.63	0.0	225	0.07
19.448	simsensor_2007_12	2017-07-29T01:09:42.420267875Z	11.638	0.0	225	0.11
15.896	simsensor_2007_11	2017-07-29T01:09:46.420090472Z	10.258	0.0	225	0.07
16.532	simsensor_2007_10	2017-07-29T01:09:50.420205187Z	10.354	0.0	225	0.05
14.027	simsensor_2007_9	2017-07-29T01:09:54.420100716Z	8.447	0.0	225	0.05
17.034	simsensor_2007_8	2017-07-29T01:09:58.419764801Z	9.832	0.0	225	0.09
12.102	simsensor_2007_7	2017-07-29T01:10:02.420224043Z	8.974	0.0	225	0.06
15.18	simsensor_2007_6	2017-07-29T01:10:06.419877136Z	9.016	0.0	225	0.06
16.74	simsensor_2007_5	2017-07-29T01:10:10.420572009Z	11.422	0.0	225	0.06
15.714	simsensor_2007_4	2017-07-29T01:10:14.419939389Z	9.832	0.0	225	0.11
15.144	simsensor_2007_3	2017-07-29T01:10:18.419926441Z	9.79	0.0	225	0.07
13.728	simsensor_2007_2	2017-07-29T01:10:22.41985442Z	9.016	0.0	225	0.06
17.262	simsensor_2007_1	2017-07-29T01:10:26.420444238Z	10.754	0.0	225	0.06
21.517	simsensor_2006_18	2017-07-29T01:10:30.420001256Z	13.455	0.0	225	0.1
14.42	simsensor_2006_17	2017-07-29T01:10:34.419758369Z	10.226	0.0	225	0.07
15.224	simsensor_2006_16	2017-07-29T01:10:38.420222343Z	9.15	0.0	225	0.06
14.222	simsensor_2006_15	2017-07-29T01:10:42.42055923Z	10.222	0.0	225	0.07
19.534	simsensor_2006_14	2017-07-29T01:10:46.419969505Z	11.076	0.0	225	0.07
12.502	simsensor_2006_13	2017-07-29T01:10:50.42008708Z	9.776	0.0	225	0.08
16.622	simsensor_2006_12	2017-07-29T01:10:54.420620782Z	10.258	0.0	225	0.06
15.138	simsensor_2006_11	2017-07-29T01:10:58.41986172Z	9.408	0.0	225	0.06
14.102	simsensor_2006_10	2017-07-29T01:11:02.420304956Z	9.072	0.0	225	0.06
14.681	simsensor_2006_9	2017-07-29T01:11:06.419811149Z	7.947	0.0	225	0.09
13.002	simsensor_2006_8	2017-07-29T01:11:10.420085863Z	9.07	0.0	225	0.06
17.658	simsensor_2006_7	2017-07-29T01:11:14.42014347Z	10.626	0.0	225	0.11
15.846	simsensor_2006_6	2017-07-29T01:11:18.420573734Z	9.758	0.0	225	0.06
14.079	simsensor_2006_5	2017-07-29T01:11:22.420050108Z	8.529	0.0	225	0.05
14.661	simsensor_2006_4	2017-07-29T01:11:26.419878254Z	10.203	0.0	225	0.06
17.196	simsensor_2006_3	2017-07-29T01:11:30.420078714Z	10.754	0.0	225	0.07
16.578	simsensor_2006_2	2017-07-29T01:11:34.420222682Z	10.726	0.0	225	0.11
15.6	simsensor_2006_1	2017-07-29T01:11:38.42041004Z	8.822	0.0	225	0.14
16.495	simsensor_2005_18	2017-07-29T01:11:42.421834457Z	12.593	0.0	225	0.07
13.286	simsensor_2005_17	2017-07-29T01:11:46.420310351Z	9.036	0.0	225	0.06
15.504	simsensor_2005_16	2017-07-29T01:11:50.420177641Z	10.63	0.0	225	0.06
16.454	simsensor_2005_15	2017-07-29T01:11:54.419921758Z	8.962	0.0	225	0.08
14.708	simsensor_2005_14	2017-07-29T01:11:58.419901657Z	10.258	0.0	225	0.05
13.702	simsensor_2005_13	2017-07-29T01:12:02.420152339Z	8.474	0.0	225	0.08
14.672	simsensor_2005_12	2017-07-29T01:12:06.419870016Z	8.962	0.0	225	0.07
11.442	simsensor_2005_11	2017-07-29T01:12:10.420432343Z	6.764	0.0	225	0.07
15.212	simsensor_2005_10	2017-07-29T01:12:14.420280687Z	10.226	0.0	225	0.05
9.522	simsensor_2005_9	2017-07-29T01:12:18.419828165Z	4.824	0.0	225	0.06
15.546	simsensor_2005_8	2017-07-29T01:12:22.420049095Z	10.454	0.0	225	0.06
14.473	simsensor_2005_7	2017-07-29T01:12:26.420341765Z	8.571	0.0	225	0.07
14.221	simsensor_2005_6	2017-07-29T01:12:30.419825603Z	9.271	0.0	226	0.06
15.212	simsensor_2005_5	2017-07-29T01:12:34.42015409Z	8.9	0.0	226	0.08
15.003	simsensor_2005_4	2017-07-29T01:12:38.420305159Z	9.387	0.0	226	0.07
13.555	simsensor_2005_3	2017-07-29T01:12:42.42017332Z	8.455	0.0	227	0.1
11.884	simsensor_2005_2	2017-07-29T01:12:46.420237123Z	8.942	0.0	227	0.14
11.353	simsensor_2005_1	2017-07-29T01:12:50.420482538Z	5.933	0.0	227	0.07
18.929	simsensor_2004_18	2017-07-29T01:12:54.42053321Z	12.581	0.0	228	0.06
16.008	simsensor_2004_17	2017-07-29T01:12:58.42017853Z	10.524	0.0	228	0.12
11.778	simsensor_2004_16	2017-07-29T01:13:02.419976966Z	7.284	0.0	228	0.14
15.582	simsensor_2004_15	2017-07-29T01:13:06.419879804Z	9.292	0.0	229	0.09
15.01	simsensor_2004_14	2017-07-29T01:13:10.42033724Z	8.888	0.0	229	0.06
10.26	simsensor_2004_13	2017-07-29T01:13:14.420020555Z	8.102	0.0	229	0.06
14.196	simsensor_2004_12	2017-07-29T01:13:18.420303814Z	8.474	0.0	230	0.08
16.326	simsensor_2004_11	2017-07-29T01:13:22.420297826Z	9.334	0.0	230	0.11
12.818	simsensor_2004_10	2017-07-29T01:13:26.419747887Z	8.92	0.0	230	0.06
10.675	simsensor_2004_9	2017-07-29T01:13:30.420177216Z	4.689	0.0	231	0.09
10.76	simsensor_2004_8	2017-07-29T01:13:34.420115613Z	8.126	0.0	231	0.07
14.636	simsensor_2004_7	2017-07-29T01:13:38.420071199Z	8.9	0.0	231	0.13
17.233	simsensor_2004_6	2017-07-29T01:13:42.420593358Z	9.391	0.0	232	0.07
7.993	simsensor_2004_5	2017-07-29T01:13:46.419983258Z	5.855	0.0	232	0.05
15.826	simsensor_2004_4	2017-07-29T01:13:50.420295548Z	8.806	0.0	232	0.05
246.445	simsensor_2004_3	2017-07-29T01:13:54.420128731Z	165.493	0.0	233	0.08
9.91	simsensor_2004_2	2017-07-29T01:13:58.420152282Z	6.378	0.0	233	0.13
15.844	simsensor_2004_1	2017-07-29T01:14:02.420245852Z	9.568	0.0	233	0.09
11.752	simsensor_2003_18	2017-07-29T01:14:06.420285108Z	8.892	0.0	234	0.08
15.496	simsensor_2003_17	2017-07-29T01:14:11.420148747Z	8.846	0.0	234	0.12
14.298	simsensor_2003_16	2017-07-29T01:14:16.420437361Z	8.888	0.0	234	0.1
10.056	simsensor_2003_15	2017-07-29T01:14:20.420061654Z	6.318	0.0	235	0.05
14.684	simsensor_2003_14	2017-07-29T01:14:25.420740792Z	7.136	0.0	235	0.08
12.752	simsensor_2003_13	2017-07-29T01:14:29.420585609Z	8.442	0.0	235	0.12
9.828	simsensor_2003_12	2017-07-29T01:14:34.419880216Z	7.582	0.0	236	0.04
13.166	simsensor_2003_11	2017-07-29T01:14:39.420025516Z	7.21	0.0	236	0.1
7.554	simsensor_2003_10	2017-07-29T01:14:43.420183188Z	5.054	0.0	237	0.08
10.809	simsensor_2003_9	2017-07-29T01:14:47.420513011Z	5.183	0.0	237	0.12
10.642	simsensor_2003_8	2017-07-29T01:14:51.420536706Z	7.268	0.0	237	0.1
10.591	simsensor_2003_7	2017-07-29T01:14:55.421984607Z	6.601	0.0	237	0.12
10.039	simsensor_2003_6	2017-07-29T01:15:00.420003249Z	5.933	0.0	238	0.07
15.181	simsensor_2003_5	2017-07-29T01:15:04.441816534Z	8.349	0.0	238	0.09
11.257	simsensor_2003_4	2017-07-29T01:15:09.420208882Z	7.639	0.0	238	0.07
12.16	simsensor_2003_3	2017-07-29T01:15:13.420160348Z	7.12	0.0	239	0.11
10.357	simsensor_2003_2	2017-07-29T01:15:18.421105455Z	7.607	0.0	239	0.1
12.964	simsensor_2003_1	2017-07-29T01:15:22.420000838Z	6.23	0.0	240	0.06
9.74	simsensor_2002_18	2017-07-29T01:15:26.419831197Z	7.772	0.0	240	0.06
12.044	simsensor_2002_17	2017-07-29T01:15:30.41996378Z	7.062	0.0	240	0.06
9.476	simsensor_2002_16	2017-07-29T01:15:35.420053657Z	5.872	0.0	241	0.06
16.256	simsensor_2002_15	2017-07-29T01:15:39.419880052Z	8.442	0.0	241	0.06
10.682	simsensor_2002_14	2017-07-29T01:15:44.4205356Z	9.218	0.0	241	0.08
11.32	simsensor_2002_13	2017-07-29T01:15:49.419800189Z	5.872	0.0	242	0.07
11.054	simsensor_2002_12	2017-07-29T01:15:53.419872145Z	6.69	0.0	242	0.13
9.434	simsensor_2002_11	2017-07-29T01:15:57.419974428Z	5.918	0.0	242	0.06
10.602	simsensor_2002_10	2017-07-29T01:16:02.420157359Z	6.318	0.0	243	0.1
6.176	simsensor_2002_9	2017-07-29T01:16:07.41993782Z	1.964	0.0	243	0.09
12.535	simsensor_2002_8	2017-07-29T01:16:12.420410326Z	8.307	0.0	243	0.11
13.007	simsensor_2002_7	2017-07-29T01:16:17.419949777Z	7.491	0.0	244	0.07
11.875	simsensor_2002_6	2017-07-29T01:16:22.420257251Z	7.607	0.0	244	0.1
4.826	simsensor_2002_5	2017-07-29T01:16:27.419850312Z	3.118	0.0	245	0.06
14.881	simsensor_2002_4	2017-07-29T01:16:31.420115309Z	8.971	0.0	245	0.05
10.108	simsensor_2002_3	2017-07-29T01:16:35.444264712Z	6.23	0.0	245	0.06
11.971	simsensor_2002_2	2017-07-29T01:16:40.420287504Z	5.859	0.0	246	0.08
10.62	simsensor_2002_1	2017-07-29T01:16:45.419744575Z	7.904	0.0	246	0.05
10.959	simsensor_2001_18	2017-07-29T01:16:49.426888289Z	10.421	0.0	246	0.07
16.36	simsensor_2001_17	2017-07-29T01:16:54.419824662Z	8.326	0.0	247	0.07
7.99	simsensor_2001_16	2017-07-29T01:16:58.420533268Z	6.658	0.0	247	0.08
13.628	simsensor_2001_15	2017-07-29T01:17:03.4205059Z	6.69	0.0	247	0.06
12.152	simsensor_2001_14	2017-07-29T01:17:09.420009564Z	6.764	0.0	248	0.09
8.262	simsensor_2001_13	2017-07-29T01:17:14.420825098Z	7.136	0.0	248	0.07
9.44	simsensor_2001_12	2017-07-29T01:17:19.420308252Z	4.534	0.0	248	0.06
12.616	simsensor_2001_11	2017-07-29T01:17:23.419867431Z	6.616	0.0	249	0.06
11.134	simsensor_2001_10	2017-07-29T01:17:28.419882757Z	6.732	0.0	249	0.08
0.0	simsensor_2001_9	2017-07-29T01:17:32.421687162Z	0.435	0.0	249	0.05
8.638	simsensor_2001_8	2017-07-29T01:17:37.420333375Z	4.524	0.0	250	0.12
12.563	simsensor_2001_7	2017-07-29T01:17:42.419862699Z	7.417	0.0	250	0.06
8.561	simsensor_2001_6	2017-07-29T01:17:47.419905276Z	5.901	0.0	250	0.06
12.708	simsensor_2001_5	2017-07-29T01:17:52.419920453Z	7.124	0.0	251	0.06
6.981	simsensor_2001_4	2017-07-29T01:17:57.420263175Z	4.933	0.0	251	0.13
14.049	simsensor_2001_3	2017-07-29T01:18:02.433739633Z	7.449	0.0	251	0.14
5.174	simsensor_2001_2	2017-07-29T01:18:07.420229419Z	4.598	0.0	252	0.07
14.651	simsensor_2001_1	2017-07-29T01:18:12.420155593Z	7.417	0.0	252	0.13
12.688	simsensor_2000_18	2017-07-29T01:18:17.419723248Z	8.266	0.0	253	0.1
11.08	simsensor_2000_17	2017-07-29T01:18:22.420159166Z	5.724	0.0	253	0.1
9.086	simsensor_2000_16	2017-07-29T01:18:27.421180108Z	5.426	0.0	253	0.1
6.554	simsensor_2000_15	2017-07-29T01:18:32.420269191Z	5.022	0.0	254	0.05
10.904	simsensor_2000_14	2017-07-29T01:18:37.42013844Z	6.244	0.0	254	0.06
12.262	simsensor_2000_13	2017-07-29T01:18:42.420664411Z	7.512	0.0	254	0.09
7.16	simsensor_2000_12	2017-07-29T01:18:47.420136975Z	4.902	0.0	255	0.09
10.028	simsensor_2000_11	2017-07-29T01:18:52.420650596Z	5.394	0.0	255	0.09
8.9	simsensor_2000_10	2017-07-29T01:18:57.420674579Z	5.798	0.0	255	0.1
1.598	simsensor_2000_9	2017-07-29T01:19:02.419905388Z	0.0	0.0	256	0.07
14.403	simsensor_2000_8	2017-07-29T01:19:07.420137212Z	7.459	0.0	256	0.07
6.146	simsensor_2000_7	2017-07-29T01:19:12.420662211Z	2.892	0.0	256	0.12
8.052	simsensor_2000_6	2017-07-29T01:19:17.420745445Z	5.34	0.0	257	0.11
13.763	simsensor_2000_5	2017-07-29T01:19:22.419782438Z	7.343	0.0	257	0.09
4.949	simsensor_2000_4	2017-07-29T01:19:27.421341665Z	4.121	0.0	258	0.05
10.649	simsensor_2000_3	2017-07-29T01:19:32.419875666Z	6.559	0.0	258	0.05
2.189	simsensor_2000_2	2017-07-29T01:19:37.433351613Z	1.705	0.0	258	0.07
9.718	simsensor_2000_1	2017-07-29T01:19:42.420804278Z	6.898	0.0	259	0.11
0.0	simsensor_2014_7	2017-07-29T01:19:55.420039785Z	0.0	0.0	259	0.07
27.085	simsensor_2014_6	2017-07-29T01:20:00.420502898Z	17.397	0.0	260	0.06
26.857	simsensor_2014_5	2017-07-29T01:20:06.42020347Z	17.397	0.0	260	0.09
27.522	simsensor_2014_4	2017-07-29T01:20:12.422939763Z	17.842	0.0	260	0.06
26.095	simsensor_2014_3	2017-07-29T01:20:17.419919911Z	16.507	0.0	260	0.09
26.086	simsensor_2014_2	2017-07-29T01:20:22.419934426Z	16.91	0.0	261	0.08
24.805	simsensor_2014_1	2017-07-29T01:20:27.42000961Z	16.507	0.0	261	0.07
25.487	simsensor_2013_18	2017-07-29T01:20:32.419973946Z	15.989	0.0	262	0.06
25.898	simsensor_2013_17	2017-07-29T01:20:37.420408742Z	16.544	0.0	262	0.06
26.632	simsensor_2013_16	2017-07-29T01:20:42.420436524Z	17.362	0.0	262	0.08
26.18	simsensor_2013_15	2017-07-29T01:20:47.419849573Z	16.502	0.0	263	0.1
26.124	simsensor_2013_14	2017-07-29T01:20:52.421819863Z	17.026	0.0	263	0.05
25.77	simsensor_2013_13	2017-07-29T01:20:57.419890164Z	16.912	0.0	263	0.06
26.956	simsensor_2013_12	2017-07-29T01:21:03.419955976Z	17.394	0.0	264	0.06
23.25	simsensor_2013_11	2017-07-29T01:21:08.420105427Z	15.206	0.0	264	0.05
25.076	simsensor_2013_10	2017-07-29T01:21:13.419979824Z	15.652	0.0	264	0.04
22.69	simsensor_2013_9	2017-07-29T01:21:18.420617935Z	14.206	0.0	265	0.1
25.846	simsensor_2013_8	2017-07-29T01:21:23.419885388Z	16.794	0.0	265	0.09
24.225	simsensor_2013_7	2017-07-29T01:21:28.423877341Z	15.617	0.0	265	0.08
24.719	simsensor_2013_6	2017-07-29T01:21:33.419996519Z	15.617	0.0	266	0.06
25.423	simsensor_2013_5	2017-07-29T01:21:38.419888389Z	16.465	0.0	266	0.1
24.352	simsensor_2013_4	2017-07-29T01:21:43.420095903Z	15.208	0.0	266	0.06
23.08	simsensor_2013_3	2017-07-29T01:21:48.420094229Z	15.246	0.0	267	0.1
24.805	simsensor_2013_2	2017-07-29T01:21:53.4198168Z	16.355	0.0	267	0.06
24.871	simsensor_2013_1	2017-07-29T01:21:58.420509509Z	14.685	0.0	267	0.05
24.119	simsensor_2012_18	2017-07-29T01:22:03.419992618Z	16.563	0.0	268	0.05
24.042	simsensor_2012_17	2017-07-29T01:22:08.41992707Z	15.61	0.0	268	0.09
24.824	simsensor_2012_16	2017-07-29T01:22:13.419973035Z	15.206	0.0	268	0.09
21.612	simsensor_2012_15	2017-07-29T01:22:18.420386036Z	14.346	0.0	269	0.13
24.174	simsensor_2012_14	2017-07-29T01:22:23.419812367Z	15.578	0.0	269	0.06
23.486	simsensor_2012_13	2017-07-29T01:22:28.420077488Z	15.164	0.0	269	0.08
24.194	simsensor_2012_12	2017-07-29T01:22:33.420033303Z	15.164	0.0	270	0.05
22.846	simsensor_2012_11	2017-07-29T01:22:38.42034896Z	14.76	0.0	270	0.1
22.744	simsensor_2012_10	2017-07-29T01:22:43.42006993Z	14.718	0.0	270	0.08
256.989	simsensor_2012_9	2017-07-29T01:22:48.420029623Z	170.393	0.0	271	0.11
24.367	simsensor_2012_8	2017-07-29T01:22:53.420181492Z	16.391	0.0	271	0.06
16.708	simsensor_2012_7	2017-07-29T01:22:58.420223747Z	11.018	0.0	271	0.09
28.753	simsensor_2012_6	2017-07-29T01:23:03.420382055Z	17.991	0.0	272	0.15
21.142	simsensor_2012_5	2017-07-29T01:23:08.419989794Z	14.198	0.0	272	0.09
22.9	simsensor_2012_4	2017-07-29T01:23:13.420056665Z	14.356	0.0	272	0.08
25.396	simsensor_2012_3	2017-07-29T01:23:18.420302194Z	15.988	0.0	273	0.09
22.282	simsensor_2012_2	2017-07-29T01:23:23.420311591Z	14.282	0.0	273	0.08
19.885	simsensor_2012_1	2017-07-29T01:23:28.420057053Z	12.937	0.0	274	0.12
23.39	simsensor_2011_18	2017-07-29T01:23:33.420682457Z	13.948	0.0	274	0.06
24.542	simsensor_2011_17	2017-07-29T01:23:38.420216045Z	15.206	0.0	274	0.1
22.812	simsensor_2011_16	2017-07-29T01:23:43.420019594Z	14.23	0.0	275	0.06
21.522	simsensor_2011_15	2017-07-29T01:23:48.420081152Z	14.314	0.0	275	0.07
22.656	simsensor_2011_14	2017-07-29T01:23:53.419948324Z	15.578	0.0	275	0.06
23.392	simsensor_2011_13	2017-07-29T01:23:58.419996986Z	14.76	0.0	275	0.13
24.322	simsensor_2011_12	2017-07-29T01:24:03.421051891Z	14.772	0.0	276	0.09
19.398	simsensor_2011_11	2017-07-29T01:24:08.420439739Z	12.996	0.0	276	0.07
23.852	simsensor_2011_10	2017-07-29T01:24:13.420073981Z	15.284	0.0	276	0.11
19.07	simsensor_2011_9	2017-07-29T01:24:18.419788111Z	11.748	0.0	277	0.01
24.469	simsensor_2011_8	2017-07-29T01:24:23.420353131Z	15.465	0.0	277	0.08
25.051	simsensor_2011_7	2017-07-29T01:24:28.420700172Z	14.727	0.0	277	0.08
24.367	simsensor_2011_6	2017-07-29T01:24:33.420453249Z	16.275	0.0	278	0.07
20.365	simsensor_2011_5	2017-07-29T01:24:38.420609428Z	13.911	0.0	278	0.08
21.679	simsensor_2011_4	2017-07-29T01:24:43.420218679Z	13.985	0.0	278	0.08
20.722	simsensor_2011_3	2017-07-29T01:24:48.420228246Z	14.166	0.0	279	0.09
27.307	simsensor_2011_2	2017-07-29T01:24:53.420212999Z	15.617	0.0	279	0.07
21.556	simsensor_2011_1	2017-07-29T01:24:58.420429943Z	14.282	0.0	279	0.13
16.358	simsensor_2010_18	2017-07-29T01:25:03.420114132Z	11.74	0.0	280	0.05
30.434	simsensor_2010_17	2017-07-29T01:25:08.41983112Z	18.882	0.0	280	0.05
24.4	simsensor_2010_16	2017-07-29T01:25:13.420016045Z	15.95	0.0	280	0.06
21.27	simsensor_2010_15	2017-07-29T01:25:18.419842886Z	13.128	0.0	281	0.09
15.334	simsensor_2010_14	2017-07-29T01:25:23.420072833Z	10.848	0.0	281	0.06
16.804	simsensor_2010_13	2017-07-29T01:25:28.419961796Z	10.926	0.0	281	0.06
31.448	simsensor_2010_12	2017-07-29T01:25:33.420112509Z	18.85	0.0	282	0.06
23.094	simsensor_2010_11	2017-07-29T01:25:38.420294028Z	15.578	0.0	282	0.09
19.762	simsensor_2010_10	2017-07-29T01:25:43.420325153Z	12.19	0.0	282	0.0
15.912	simsensor_2010_9	2017-07-29T01:25:48.420040242Z	10.248	0.0	283	0.07
20.494	simsensor_2010_8	2017-07-29T01:25:53.420192852Z	13.392	0.0	283	0.06
26.056	simsensor_2010_7	2017-07-29T01:25:58.420064812Z	15.872	0.0	283	0.06
17.089	simsensor_2010_6	2017-07-29T01:26:03.419970926Z	11.315	0.0	284	0.04
20.578	simsensor_2010_5	2017-07-29T01:26:08.420859365Z	12.576	0.0	284	0.02
20.299	simsensor_2010_4	2017-07-29T01:26:13.419818237Z	13.033	0.0	284	0.11
19.414	simsensor_2010_3	2017-07-29T01:26:19.419897847Z	12.554	0.0	285	0.06
23.764	simsensor_2010_2	2017-07-29T01:26:24.419943442Z	15.032	0.0	285	0.05
20.704	simsensor_2010_1	2017-07-29T01:26:29.419966031Z	14.274	0.0	285	0.01
22.3	simsensor_2009_18	2017-07-29T01:26:34.419835581Z	14.184	0.0	286	0.1
27.268	simsensor_2009_17	2017-07-29T01:26:39.420503023Z	17.194	0.0	286	0.08
9.778	simsensor_2009_16	2017-07-29T01:26:44.420434622Z	5.912	0.0	286	0.07
26.82	simsensor_2009_15	2017-07-29T01:26:49.419912258Z	18.014	0.0	287	0.05
17.394	simsensor_2009_14	2017-07-29T01:26:54.419931306Z	10.522	0.0	287	0.12
16.64	simsensor_2009_13	2017-07-29T01:26:59.419788958Z	10.518	0.0	287	0.06
22.588	simsensor_2009_12	2017-07-29T01:27:04.420148836Z	12.786	0.0	288	0.03
24.638	simsensor_2009_11	2017-07-29T01:27:10.419858277Z	17.204	0.0	288	0.06
19.518	simsensor_2009_10	2017-07-29T01:27:16.420032594Z	12.498	0.0	288	0.06
15.573	simsensor_2009_9	2017-07-29T01:27:22.419993784Z	9.421	0.0	289	0.06
11.743	simsensor_2009_8	2017-07-29T01:27:28.419777756Z	7.829	0.0	289	0.12
34.446	simsensor_2009_7	2017-07-29T01:27:33.424383606Z	22.474	0.0	289	0.05
14.614	simsensor_2009_6	2017-07-29T01:27:38.419764535Z	7.342	0.0	290	0.12
21.543	simsensor_2009_5	2017-07-29T01:27:43.420696659Z	13.078	0.0	290	0.09
7.097	simsensor_2009_4	2017-07-29T01:27:48.420405248Z	6.246	0.0	290	0.11
23.161	simsensor_2009_3	2017-07-29T01:27:53.420095361Z	14.611	0.0	291	0.08
25.734	simsensor_2009_2	2017-07-29T01:27:58.419980774Z	16.063	0.0	291	0.06
10.586	simsensor_2009_1	2017-07-29T01:28:03.419996901Z	7.045	0.0	291	0.06
36.515	simsensor_2008_18	2017-07-29T01:28:08.419845683Z	23.351	0.0	291	0.03
9.932	simsensor_2008_17	2017-07-29T01:28:13.419820564Z	7.506	0.0	292	0.05
24.236	simsensor_2008_16	2017-07-29T01:28:18.419998981Z	15.21	0.0	292	0.06
7.732	simsensor_2008_15	2017-07-29T01:28:23.419962862Z	5.538	0.0	292	0.08
23.348	simsensor_2008_14	2017-07-29T01:28:28.420351239Z	13.942	0.0	293	0.12
19.612	simsensor_2008_13	2017-07-29T01:28:33.420461392Z	11.884	0.0	293	0.06
21.306	simsensor_2008_12	2017-07-29T01:28:38.419887107Z	12.976	0.0	293	0.09
23.15	simsensor_2008_11	2017-07-29T01:28:43.420031322Z	16.174	0.0	294	0.07
13.118	simsensor_2008_10	2017-07-29T01:28:48.420917328Z	7.432	0.0	294	0.12
10.117	simsensor_2008_9	2017-07-29T01:28:53.420177705Z	4.525	0.0	294	0.14
18.167	simsensor_2008_8	2017-07-29T01:28:58.420214838Z	12.947	0.0	295	0.03
13.623	simsensor_2008_7	2017-07-29T01:29:03.420524279Z	9.229	0.0	295	0.09
256.144	simsensor_2008_6	2017-07-29T01:29:08.420266913Z	170.442	0.0	295	0.12
15.702	simsensor_2008_5	2017-07-29T01:29:13.420161931Z	10.209	0.0	296	0.06
23.736	simsensor_2008_4	2017-07-29T01:29:18.420488236Z	14.637	0.0	296	0.12
15.21	simsensor_2008_3	2017-07-29T01:29:23.420300025Z	9.98	0.0	296	0.09
7.718	simsensor_2008_2	2017-07-29T01:29:29.420221222Z	3.484	0.0	297	0.09
27.337	simsensor_2008_1	2017-07-29T01:29:34.419943047Z	18.511	0.0	297	0.05
17.868	simsensor_2007_18	2017-07-29T01:29:39.42302834Z	12.626	0.0	297	0.09
25.23	simsensor_2007_17	2017-07-29T01:29:44.419913273Z	15.268	0.0	298	0.13
10.548	simsensor_2007_16	2017-07-29T01:29:49.419884084Z	7.248	0.0	298	0.1
15.62	simsensor_2007_15	2017-07-29T01:29:54.419808551Z	9.8	0.0	298	0.12
30.658	simsensor_2007_14	2017-07-29T01:29:59.425270985Z	18.894	0.0	299	0.11
0.0	simsensor_2007_13	2017-07-29T01:30:04.419880817Z	0.824	0.0	299	0.08
32.752	simsensor_2007_12	2017-07-29T01:30:09.421185585Z	19.552	0.0	299	0.09
21.526	simsensor_2007_11	2017-07-29T01:30:14.419996802Z	12.58	0.0	299	0.05
23.194	simsensor_2007_10	2017-07-29T01:30:22.420007632Z	15.062	0.0	300	0.09
0.0	simsensor_2007_9	2017-07-29T01:30:30.419761353Z	0.0	0.0	300	0.0
38.977	simsensor_2007_8	2017-07-29T01:30:35.419986914Z	23.95	0.0	300	0.08
0.986	simsensor_2007_7	2017-07-29T01:30:40.419941427Z	2.051	0.0	300	0.04
17.952	simsensor_2007_6	2017-07-29T01:30:45.41991097Z	11.454	0.0	300	0.06
12.985	simsensor_2007_5	2017-07-29T01:30:50.419853243Z	7.29	0.0	300	0.06
21.959	simsensor_2007_4	2017-07-29T01:30:55.419836189Z	14.97	0.0	300	0.06
13.443	simsensor_2007_3	2017-07-29T01:31:00.419929717Z	8.785	0.0	300	0.05
0.0	simsensor_2007_2	2017-07-29T01:31:05.419951487Z	0.0	0.0	300	0.01
25.08	simsensor_2007_1	2017-07-29T01:31:10.436642322Z	15.13	0.0	300	0.07
18.522	simsensor_2006_18	2017-07-29T01:31:15.420214603Z	12.828	0.0	300	0.06
24.958	simsensor_2006_17	2017-07-29T01:31:20.420998971Z	17.29	0.0	300	0.06
11.594	simsensor_2006_16	2017-07-29T01:31:25.419874382Z	6.802	0.0	300	0.05
38.39	simsensor_2006_15	2017-07-29T01:31:30.419959931Z	25.316	0.0	300	0.06
0.0	simsensor_2006_14	2017-07-29T01:31:35.420195482Z	0.0	0.0	300	0.06
21.992	simsensor_2006_13	2017-07-29T01:31:40.419870476Z	15.462	0.0	300	0.06
12.622	simsensor_2006_12	2017-07-29T01:31:45.420201306Z	8.882	0.0	300	0.09
29.23	simsensor_2006_11	2017-07-29T01:31:50.420439882Z	17.216	0.0	300	0.06
0.0	simsensor_2006_10	2017-07-29T01:31:55.419952696Z	0.0	0.0	300	0.12
20.786	simsensor_2006_9	2017-07-29T01:32:00.419890212Z	11.65	0.0	300	0.06
27.348	simsensor_2006_8	2017-07-29T01:32:05.419807357Z	18.31	0.0	300	0.05
5.37	simsensor_2006_7	2017-07-29T01:32:10.419927581Z	3.276	0.0	300	0.08
20.349	simsensor_2006_6	2017-07-29T01:32:15.419910755Z	11.683	0.0	300	0.12
14.052	simsensor_2006_5	2017-07-29T01:32:20.419996196Z	8.5	0.0	300	0.06
11.802	simsensor_2006_4	2017-07-29T01:32:25.421115177Z	9.564	0.0	300	0.13
15.249	simsensor_2006_3	2017-07-29T01:32:30.419901452Z	9.387	0.0	300	0.05
10.608	simsensor_2006_2	2017-07-29T01:32:35.420143157Z	6.9	0.0	300	0.04
26.073	simsensor_2006_1	2017-07-29T01:32:40.419970542Z	15.243	0.0	300	0.04
27.477	simsensor_2005_18	2017-07-29T01:32:45.420416119Z	20.805	0.0	300	0.11
0.0	simsensor_2005_17	2017-07-29T01:32:50.419869781Z	0.0	0.0	300	0.06
27.822	simsensor_2005_16	2017-07-29T01:32:55.419800239Z	18.33	0.0	300	0.07
3.75	simsensor_2005_15	2017-07-29T01:33:00.420159538Z	0.666	0.0	300	0.05
26.744	simsensor_2005_14	2017-07-29T01:33:05.419921535Z	17.926	0.0	300	0.0
6.54	simsensor_2005_13	2017-07-29T01:33:10.419859798Z	4.31	0.0	300	0.05
8.822	simsensor_2005_12	2017-07-29T01:33:15.419750382Z	5.128	0.0	300	0.07
7.726	simsensor_2005_11	2017-07-29T01:33:20.419984291Z	4.724	0.0	300	0.06
36.496	simsensor_2005_10	2017-07-29T01:33:25.420477577Z	22.378	0.0	300	0.07
0.0	simsensor_2005_9	2017-07-29T01:33:30.419777108Z	0.0	0.0	300	0.05
34.84	simsensor_2005_8	2017-07-29T01:33:35.427775009Z	23.732	0.0	300	0.07
7.561	simsensor_2005_7	2017-07-29T01:33:40.41989761Z	4.533	0.0	301	0.05
10.861	simsensor_2005_6	2017-07-29T01:33:45.419944217Z	6.971	0.0	301	0.05
6.826	simsensor_2005_5	2017-07-29T01:33:50.422123529Z	3.04	0.0	301	0.0
27.082	simsensor_2005_4	2017-07-29T01:33:56.419782131Z	18.14	0.0	302	0.07
7.591	simsensor_2005_3	2017-07-29T01:34:01.420386275Z	5.339	0.0	302	0.07
41.706	simsensor_2005_2	2017-07-29T01:34:06.419846344Z	26.374	0.0	302	0.1
1.502	simsensor_2005_1	2017-07-29T01:34:13.420002955Z	0.262	0.0	303	0.06
15.954	simsensor_2004_18	2017-07-29T01:34:18.420200014Z	12.33	0.0	303	0.0
20.14	simsensor_2004_17	2017-07-29T01:34:23.420645862Z	12.226	0.0	303	0.06
0.0	simsensor_2004_16	2017-07-29T01:34:30.420678321Z	0.0	0.0	304	0.0
28.106	simsensor_2004_15	2017-07-29T01:34:35.420107328Z	17.842	0.0	304	0.07
39.516	simsensor_2004_14	2017-07-29T01:34:40.420432305Z	24.876	0.0	304	0.05
0.0	simsensor_2004_13	2017-07-29T01:34:45.420449638Z	0.0	0.0	305	0.1
14.984	simsensor_2004_12	2017-07-29T01:34:50.419865279Z	9.366	0.0	305	0.06
10.576	simsensor_2004_11	2017-07-29T01:34:55.420360874Z	6.172	0.0	305	0.05
23.96	simsensor_2004_10	2017-07-29T01:35:00.420002267Z	15.948	0.0	305	0.05
1.878	simsensor_2004_9	2017-07-29T01:35:05.420101836Z	0.0	0.0	306	0.02
28.364	simsensor_2004_8	2017-07-29T01:35:10.420156781Z	18.362	0.0	306	0.03
6.774	simsensor_2004_7	2017-07-29T01:35:15.422424835Z	4.714	0.0	306	0.05
10.19	simsensor_2004_6	2017-07-29T01:35:20.419943876Z	4.972	0.0	307	0.07
8.923	simsensor_2004_5	2017-07-29T01:35:25.420249476Z	6.597	0.0	307	0.09
24.451	simsensor_2004_4	2017-07-29T01:35:30.434677628Z	14.263	0.0	307	0.06
233.371	simsensor_2004_3	2017-07-29T01:35:36.420725543Z	156.517	0.0	308	0.07
23.684	simsensor_2004_2	2017-07-29T01:35:41.420249288Z	15.872	0.0	308	0.09
10.614	simsensor_2004_1	2017-07-29T01:35:46.420301754Z	6.082	0.0	308	0.06
22.825	simsensor_2003_18	2017-07-29T01:35:51.420183413Z	17.363	0.0	308	0.09
26.352	simsensor_2003_17	2017-07-29T01:35:56.419931907Z	14.912	0.0	309	0.07
0.0	simsensor_2003_16	2017-07-29T01:36:01.419987816Z	0.0	0.0	309	0.04
0.0	simsensor_2003_15	2017-07-29T01:36:06.426563348Z	0.0	0.0	309	0.07
40.726	simsensor_2003_14	2017-07-29T01:36:11.420000089Z	22.964	0.0	310	0.05
0.0	simsensor_2003_13	2017-07-29T01:36:16.41987014Z	0.0	0.0	310	0.08
5.446	simsensor_2003_12	2017-07-29T01:36:21.419773548Z	4.354	0.0	310	0.06
14.864	simsensor_2003_11	2017-07-29T01:36:26.420223053Z	7.58	0.0	310	0.06
22.67	simsensor_2003_10	2017-07-29T01:36:32.420126765Z	14.742	0.0	311	0.09
11.803	simsensor_2003_9	2017-07-29T01:36:38.420037894Z	4.753	0.0	311	0.09
9.709	simsensor_2003_8	2017-07-29T01:36:44.420022387Z	6.039	0.0	311	0.09
0.0	simsensor_2003_7	2017-07-29T01:36:49.41977751Z	0.0	0.0	312	0.05
17.074	simsensor_2003_6	2017-07-29T01:36:54.419795598Z	11.14	0.0	312	0.05
38.083	simsensor_2003_5	2017-07-29T01:37:00.41990901Z	22.099	0.0	312	0.06
0.0	simsensor_2003_4	2017-07-29T01:37:06.420371549Z	0.0	0.0	313	0.01
50.557	simsensor_2003_3	2017-07-29T01:37:11.420300489Z	32.425	0.0	313	0.06
0.0	simsensor_2003_2	2017-07-29T01:37:16.420241946Z	0.0	0.0	313	0.07
11.459	simsensor_2003_1	2017-07-29T01:37:22.420158519Z	5.713	0.0	314	0.1
3.241	simsensor_2002_18	2017-07-29T01:37:27.420309274Z	4.961	0.0	314	0.06
15.064	simsensor_2002_17	2017-07-29T01:37:33.419763628Z	9.052	0.0	314	0.06
19.478	simsensor_2002_16	2017-07-29T01:37:39.419854845Z	11.196	0.0	315	0.07
37.648	simsensor_2002_15	2017-07-29T01:37:44.419778495Z	22.566	0.0	315	0.05
0.0	simsensor_2002_14	2017-07-29T01:37:49.41988407Z	0.0	0.0	315	0.06
16.414	simsensor_2002_13	2017-07-29T01:37:54.42004849Z	8.474	0.0	315	0.07
13.734	simsensor_2002_12	2017-07-29T01:37:59.42026196Z	8.252	0.0	316	0.12
9.86	simsensor_2002_11	2017-07-29T01:38:05.420164284Z	7.436	0.0	316	0.09
0.0	simsensor_2002_10	2017-07-29T01:38:10.419841163Z	0.0	0.0	316	0.07
0.0	simsensor_2002_9	2017-07-29T01:38:16.420710405Z	0.0	0.0	317	0.1
32.701	simsensor_2002_8	2017-07-29T01:38:21.420415042Z	20.409	0.0	317	0.06
36.609	simsensor_2002_7	2017-07-29T01:38:26.420651329Z	22.023	0.0	317	0.06
0.0	simsensor_2002_6	2017-07-29T01:38:32.420534257Z	0.0	0.0	318	0.11
0.0	simsensor_2002_5	2017-07-29T01:38:38.420305573Z	0.0	0.0	318	0.08
53.679	simsensor_2002_4	2017-07-29T01:38:43.420008559Z	31.921	0.0	318	0.05
0.0	simsensor_2002_3	2017-07-29T01:38:49.420185863Z	0.0	0.0	319	0.04
29.153	simsensor_2002_2	2017-07-29T01:38:55.419900168Z	16.583	0.0	319	0.06
33.602	simsensor_2002_1	2017-07-29T01:39:00.419811705Z	22.698	0.0	319	0.09
0.0	simsensor_2001_18	2017-07-29T01:39:05.420030869Z	0.0	0.0	319	0.01
53.82	simsensor_2001_17	2017-07-29T01:39:11.420401861Z	30.556	0.0	320	0.08
9.392	simsensor_2001_16	2017-07-29T01:39:17.420165129Z	8.772	0.0	320	0.06
0.0	simsensor_2001_15	2017-07-29T01:39:22.419833389Z	0.0	0.0	320	0.06
38.512	simsensor_2001_14	2017-07-29T01:39:28.423467398Z	22.708	0.0	321	0.12
0.0	simsensor_2001_13	2017-07-29T01:39:34.420127758Z	0.0	0.0	321	0.08
22.078	simsensor_2001_12	2017-07-29T01:39:39.419837665Z	13.01	0.0	321	0.01
31.82	simsensor_2001_11	2017-07-29T01:39:44.419836269Z	18.628	0.0	322	0.02
3.368	simsensor_2001_10	2017-07-29T01:39:50.419926316Z	2.344	0.0	322	0.07
0.0	simsensor_2001_9	2017-07-29T01:39:56.420055273Z	0.0	0.0	322	0.09
20.441	simsensor_2001_8	2017-07-29T01:40:01.419966414Z	13.298	0.0	323	0.08
47.331	simsensor_2001_7	2017-07-29T01:40:06.420277614Z	29.024	0.0	323	0.03
0.0	simsensor_2001_6	2017-07-29T01:40:11.420157415Z	0.0	0.0	323	0.01
0.0	simsensor_2001_5	2017-07-29T01:40:17.419953514Z	0.0	0.0	324	0.04
5.538	simsensor_2001_4	2017-07-29T01:40:22.420069992Z	3.186	0.0	324	0.08
18.917	simsensor_2001_3	2017-07-29T01:40:28.420932986Z	11.125	0.0	324	0.06
0.0	simsensor_2001_2	2017-07-29T01:40:34.421628175Z	0.0	0.0	325	0.06
43.332	simsensor_2001_1	2017-07-29T01:40:40.419872697Z	26.229	0.0	325	0.06
29.042	simsensor_2000_18	2017-07-29T01:40:46.420306601Z	17.173	0.0	325	0.08
3.284	simsensor_2000_17	2017-07-29T01:40:51.419835493Z	1.636	0.0	326	0.05
0.0	simsensor_2000_16	2017-07-29T01:40:57.41994147Z	0.0	0.0	326	0.1
28.298	simsensor_2000_15	2017-07-29T01:41:03.419943155Z	20.074	0.0	326	0.06
0.0	simsensor_2000_14	2017-07-29T01:41:09.419932495Z	0.0	0.0	327	0.08
48.746	simsensor_2000_13	2017-07-29T01:41:15.420081802Z	30.94	0.0	327	0.03
0.0	simsensor_2000_12	2017-07-29T01:41:21.420796529Z	0.0	0.0	327	0.06
34.54	simsensor_2000_11	2017-07-29T01:41:27.420101372Z	20.116	0.0	328	0.09
0.0	simsensor_2000_10	2017-07-29T01:41:33.419750602Z	0.0	0.0	328	0.09
0.0	simsensor_2000_9	2017-07-29T01:41:39.420069394Z	0.0	0.0	328	0.04
11.929	simsensor_2000_8	2017-07-29T01:41:45.420328848Z	4.719	0.0	329	0.13
18.167	simsensor_2000_7	2017-07-29T01:41:51.419798109Z	11.831	0.0	329	0.06
9.692	simsensor_2000_6	2017-07-29T01:41:57.422408397Z	5.414	0.0	329	0.03
0.0	simsensor_2000_5	2017-07-29T01:42:02.420193854Z	0.0	0.0	330	0.0
45.263	simsensor_2000_4	2017-07-29T01:42:08.419916223Z	28.559	0.0	330	0.09
14.323	simsensor_2000_3	2017-07-29T01:42:14.419901588Z	8.763	0.0	330	0.0
0.0	simsensor_2000_2	2017-07-29T01:42:20.419811237Z	0.0	0.0	331	0.05
0.0	simsensor_2000_1	2017-07-29T01:42:26.420352641Z	0.0	0.0	331	0.0
0.0	simsensor_2018_8	2017-07-29T01:42:41.420265258Z	0.0	0.0	332	0.05
30.693	simsensor_2018_7	2017-07-29T01:42:47.419930347Z	20.099	0.0	332	0.06
36.736	simsensor_2018_6	2017-07-29T01:42:53.420059317Z	23.034	0.0	333	0.05
21.446	simsensor_2018_5	2017-07-29T01:42:59.420225225Z	13.868	0.0	333	0.1
20.319	simsensor_2018_4	2017-07-29T01:43:05.420126515Z	13.317	0.0	333	0.01
36.88	simsensor_2018_3	2017-07-29T01:43:11.419873092Z	23.924	0.0	334	0.06
37.847	simsensor_2018_2	2017-07-29T01:43:17.420236118Z	24.369	0.0	334	0.09
6.831	simsensor_2018_1	2017-07-29T01:43:23.419876723Z	4.967	0.0	334	0.09
29.459	simsensor_2017_18	2017-07-29T01:43:29.4200682Z	18.839	0.0	335	0.11
32.11	simsensor_2017_17	2017-07-29T01:43:35.419917103Z	19.89	0.0	335	0.09
16.556	simsensor_2017_16	2017-07-29T01:43:41.420326651Z	10.78	0.0	335	0.05
39.016	simsensor_2017_15	2017-07-29T01:43:47.4198884Z	24.94	0.0	336	0.05
38.086	simsensor_2017_14	2017-07-29T01:43:53.420025396Z	23.978	0.0	336	0.03
7.158	simsensor_2017_13	2017-07-29T01:43:59.419819653Z	6.134	0.0	336	0.03
52.7	simsensor_2017_12	2017-07-29T01:44:05.419957052Z	33.006	0.0	337	0.03
29.504	simsensor_2017_11	2017-07-29T01:44:11.420321293Z	19.516	0.0	337	0.01
0.0	simsensor_2017_10	2017-07-29T01:44:17.419792841Z	0.0	0.0	337	0.06
52.723	simsensor_2017_9	2017-07-29T01:44:23.419936126Z	33.105	0.0	338	0.06
0.0	simsensor_2017_8	2017-07-29T01:44:29.420503678Z	0.0	0.0	338	0.13
77.985	simsensor_2017_7	2017-07-29T01:44:35.419845539Z	51.071	0.0	338	0.06
21.137	simsensor_2017_6	2017-07-29T01:44:41.420572429Z	12.799	0.0	339	0.01
28.558	simsensor_2017_5	2017-07-29T01:44:47.420250826Z	18.858	0.0	339	0.1
30.693	simsensor_2017_4	2017-07-29T01:44:53.419843539Z	19.791	0.0	339	0.06
7.565	simsensor_2017_3	2017-07-29T01:44:59.420870327Z	5.337	0.0	340	0.11
22.786	simsensor_2017_2	2017-07-29T01:45:05.420017654Z	13.732	0.0	340	0.05
57.891	simsensor_2017_1	2017-07-29T01:45:11.421111692Z	37.603	0.0	340	0.02
7.315	simsensor_2016_18	2017-07-29T01:45:17.419801924Z	5.085	0.0	341	0.02
46.366	simsensor_2016_17	2017-07-29T01:45:23.419935494Z	28.886	0.0	341	0.08
0.0	simsensor_2016_16	2017-07-29T01:45:29.419865626Z	0.0	0.0	341	0.12
70.46	simsensor_2016_15	2017-07-29T01:45:36.420063314Z	44.69	0.0	342	0.09
0.0	simsensor_2016_14	2017-07-29T01:45:42.420234194Z	0.0	0.0	342	0.12
72.096	simsensor_2016_13	2017-07-29T01:45:48.419952871Z	46.058	0.0	342	0.02
259.278	simsensor_2016_12	2017-07-29T01:45:54.420219263Z	173.476	0.0	343	0.06
13.726	simsensor_2016_11	2017-07-29T01:46:00.420491215Z	9.184	0.0	343	0.02
0.0	simsensor_2016_10	2017-07-29T01:46:06.420557432Z	0.0	0.0	343	0.09
93.823	simsensor_2016_9	2017-07-29T01:46:12.420003338Z	60.107	0.0	343	0.14
28.106	simsensor_2016_8	2017-07-29T01:46:18.419950657Z	18.106	0.0	344	0.05
0.054	simsensor_2016_7	2017-07-29T01:46:24.420374212Z	0.0	0.0	344	0.11
9.412	simsensor_2016_6	2017-07-29T01:46:30.420381408Z	6.418	0.0	344	0.06
0.0	simsensor_2016_5	2017-07-29T01:46:36.420417117Z	0.0	0.0	345	0.11
77.683	simsensor_2016_4	2017-07-29T01:46:42.4202099Z	50.657	0.0	345	0.14
33.112	simsensor_2016_3	2017-07-29T01:46:48.420097832Z	21.032	0.0	345	0.06
43.807	simsensor_2016_2	2017-07-29T01:46:54.420301591Z	27.931	0.0	346	0.05
22.102	simsensor_2016_1	2017-07-29T01:47:00.419870518Z	14.42	0.0	346	0.09
25.704	simsensor_2015_18	2017-07-29T01:47:06.420195284Z	16.842	0.0	346	0.04
0.0	simsensor_2015_17	2017-07-29T01:47:12.420183913Z	0.0	0.0	347	0.07
27.854	simsensor_2015_16	2017-07-29T01:47:18.420782665Z	16.098	0.0	347	0.07
20.148	simsensor_2015_15	2017-07-29T01:47:24.419748197Z	13.304	0.0	347	0.05
60.996	simsensor_2015_14	2017-07-29T01:47:30.419804411Z	38.106	0.0	348	0.06
43.848	simsensor_2015_13	2017-07-29T01:47:36.420878313Z	29.308	0.0	348	0.04
0.0	simsensor_2015_12	2017-07-29T01:47:42.420190336Z	0.0	0.0	348	0.08
43.486	simsensor_2015_11	2017-07-29T01:47:48.419851704Z	27.674	0.0	349	0.01
25.708	simsensor_2015_10	2017-07-29T01:47:54.419839011Z	17.386	0.0	349	0.15
0.0	simsensor_2015_9	2017-07-29T01:48:00.426768682Z	0.0	0.0	349	0.08
43.746	simsensor_2015_8	2017-07-29T01:48:06.420440339Z	26.831	0.0	350	0.04
29.709	simsensor_2015_7	2017-07-29T01:48:12.420588325Z	19.716	0.0	350	0.14
21.366	simsensor_2015_6	2017-07-29T01:48:18.420033789Z	13.586	0.0	350	0.02
64.186	simsensor_2015_5	2017-07-29T01:48:24.419899452Z	41.712	0.0	351	0.09
0.0	simsensor_2015_4	2017-07-29T01:48:30.419848285Z	0.0	0.0	351	0.06
40.491	simsensor_2015_3	2017-07-29T01:48:36.42083827Z	23.997	0.0	351	0.06
1.81	simsensor_2015_2	2017-07-29T01:48:42.419870116Z	3.602	0.0	351	0.06
45.665	simsensor_2015_1	2017-07-29T01:48:48.420017559Z	28.857	0.0	352	0.05
21.354	simsensor_2014_18	2017-07-29T01:48:54.419991749Z	14.18	0.0	352	0.09
1.48	simsensor_2014_17	2017-07-29T01:49:00.425669186Z	0.11	0.0	352	0.01
23.88	simsensor_2014_16	2017-07-29T01:49:06.420153995Z	14.984	0.0	353	0.02
13.588	simsensor_2014_15	2017-07-29T01:49:12.420570513Z	9.914	0.0	353	0.12
41.936	simsensor_2014_14	2017-07-29T01:49:18.419863303Z	24.396	0.0	353	0.06
60.496	simsensor_2014_13	2017-07-29T01:49:24.419916983Z	38.164	0.0	354	0.13
19.072	simsensor_2014_12	2017-07-29T01:49:30.419817259Z	13.28	0.0	354	0.06
0.0	simsensor_2014_11	2017-07-29T01:49:36.419813449Z	0.0	0.0	354	0.02
3.804	simsensor_2014_10	2017-07-29T01:49:42.419901317Z	3.424	0.0	355	0.03
56.082	simsensor_2014_9	2017-07-29T01:49:48.420730084Z	35.074	0.0	355	0.08
9.819	simsensor_2014_8	2017-07-29T01:49:54.423281822Z	5.561	0.0	355	0.0
80.885	simsensor_2014_7	2017-07-29T01:50:00.419781952Z	51.921	0.0	356	0.04
0.0	simsensor_2014_6	2017-07-29T01:50:06.420164792Z	0.0	0.0	356	0.09
75.636	simsensor_2014_5	2017-07-29T01:50:12.434508215Z	49.806	0.0	356	0.01
27.429	simsensor_2014_4	2017-07-29T01:50:20.419966485Z	16.624	0.0	357	0.06
38.901	simsensor_2014_3	2017-07-29T01:50:26.42000052Z	23.914	0.0	357	0.06
9.486	simsensor_2014_2	2017-07-29T01:50:32.420068762Z	7.53	0.0	357	0.04
6.058	simsensor_2014_1	2017-07-29T01:50:38.420324415Z	4.452	0.0	357	0.09
34.425	simsensor_2013_18	2017-07-29T01:50:44.420094614Z	22.595	0.0	358	0.07
0.0	simsensor_2013_17	2017-07-29T01:50:50.419862929Z	0.0	0.0	358	0.07
58.114	simsensor_2013_16	2017-07-29T01:50:56.420322275Z	36.948	0.0	358	0.1
25.1	simsensor_2013_15	2017-07-29T01:51:02.420013843Z	15.07	0.0	359	0.06
46.708	simsensor_2013_14	2017-07-29T01:51:08.420429402Z	32.564	0.0	359	0.01
29.784	simsensor_2013_13	2017-07-29T01:51:14.419974744Z	16.462	0.0	359	0.08
0.0	simsensor_2013_12	2017-07-29T01:51:21.420099753Z	0.0	0.0	360	0.02
47.624	simsensor_2013_11	2017-07-29T01:51:27.419975065Z	31.93	0.0	360	0.06
67.8	simsensor_2013_10	2017-07-29T01:51:33.420042025Z	43.652	0.0	360	0.06
0.0	simsensor_2013_9	2017-07-29T01:51:39.41993256Z	0.0	0.0	360	0.06
40.594	simsensor_2013_8	2017-07-29T01:51:45.419794469Z	26.839	0.0	361	0.0
7.572	simsensor_2013_7	2017-07-29T01:51:51.420377585Z	4.526	0.0	361	0.01
65.095	simsensor_2013_6	2017-07-29T01:51:57.419850679Z	41.279	0.0	361	0.1
0.0	simsensor_2013_5	2017-07-29T01:52:03.420004094Z	0.0	0.0	362	0.09
53.401	simsensor_2013_4	2017-07-29T01:52:09.420228795Z	34.049	0.0	362	0.0
11.694	simsensor_2013_3	2017-07-29T01:52:15.419988484Z	7.976	0.0	362	0.0
65.336	simsensor_2013_2	2017-07-29T01:52:21.420218561Z	41.946	0.0	363	0.03
8.444	simsensor_2013_1	2017-07-29T01:52:27.420155907Z	5.169	0.0	363	0.11
77.106	simsensor_2012_18	2017-07-29T01:52:33.421373677Z	49.303	0.0	363	0.08
0.0	simsensor_2012_17	2017-07-29T01:52:40.419809868Z	0.932	0.0	364	0.05
0.0	simsensor_2012_16	2017-07-29T01:52:46.419870034Z	0.0	0.0	364	0.0
47.526	simsensor_2012_15	2017-07-29T01:52:52.419771038Z	31.45	0.0	364	0.0
0.0	simsensor_2012_14	2017-07-29T01:52:58.419968019Z	0.0	0.0	365	0.07
71.376	simsensor_2012_13	2017-07-29T01:53:04.4198854Z	44.574	0.0	365	0.07
24.618	simsensor_2012_12	2017-07-29T01:53:10.419738365Z	16.014	0.0	365	0.06
0.0	simsensor_2012_11	2017-07-29T01:53:16.419765614Z	0.0	0.0	365	0.07
4.38	simsensor_2012_10	2017-07-29T01:53:22.41991756Z	3.328	0.0	366	0.06
272.741	simsensor_2012_9	2017-07-29T01:53:28.420415086Z	179.177	0.0	366	0.05
38.914	simsensor_2012_8	2017-07-29T01:53:34.420689252Z	25.558	0.0	366	0.06
32.248	simsensor_2012_7	2017-07-29T01:53:40.419845633Z	21.436	0.0	367	0.06
3.457	simsensor_2012_6	2017-07-29T01:53:46.424933813Z	3.375	0.0	367	0.08
70.506	simsensor_2012_5	2017-07-29T01:53:52.42023546Z	45.14	0.0	367	0.05
0.0	simsensor_2012_4	2017-07-29T01:53:58.420042059Z	0.0	0.0	367	0.02
82.118	simsensor_2012_3	2017-07-29T01:54:04.42062988Z	54.144	0.0	368	0.13
51.729	simsensor_2012_2	2017-07-29T01:54:10.420274009Z	32.975	0.0	368	0.06
0.0	simsensor_2012_1	2017-07-29T01:54:16.419959625Z	0.0	0.0	368	0.0
27.002	simsensor_2011_18	2017-07-29T01:54:22.42003146Z	18.184	0.0	369	0.06
0.0	simsensor_2011_17	2017-07-29T01:54:28.419948119Z	0.0	0.0	369	0.04
37.276	simsensor_2011_16	2017-07-29T01:54:34.419776804Z	23.516	0.0	369	0.02
23.226	simsensor_2011_15	2017-07-29T01:54:41.419931554Z	15.766	0.0	370	0.05
43.756	simsensor_2011_14	2017-07-29T01:54:47.420153167Z	28.532	0.0	370	0.1
49.944	simsensor_2011_13	2017-07-29T01:54:53.419983363Z	31.726	0.0	370	0.05
52.366	simsensor_2011_12	2017-07-29T01:54:59.420276709Z	31.39	0.0	371	0.09
0.0	simsensor_2011_11	2017-07-29T01:55:05.420338516Z	0.0	0.0	371	0.0
99.784	simsensor_2011_10	2017-07-29T01:55:11.420139486Z	64.764	0.0	371	0.06
33.871	simsensor_2011_9	2017-07-29T01:55:17.420114899Z	20.253	0.0	371	0.06
0.0	simsensor_2011_8	2017-07-29T01:55:23.419899386Z	0.0	0.0	372	0.02
0.0	simsensor_2011_7	2017-07-29T01:55:29.419968403Z	0.0	0.0	372	0.04
16.95	simsensor_2011_6	2017-07-29T01:55:35.420112897Z	9.494	0.0	372	0.06
0.0	simsensor_2011_5	2017-07-29T01:55:41.419782412Z	0.0	0.0	373	0.05
83.956	simsensor_2011_4	2017-07-29T01:55:49.4199765Z	54.484	0.0	373	0.0
34.245	simsensor_2011_3	2017-07-29T01:55:55.419930118Z	22.431	0.0	373	0.09
20.789	simsensor_2011_2	2017-07-29T01:56:02.420155877Z	12.321	0.0	374	0.0
96.046	simsensor_2011_1	2017-07-29T01:56:08.420219096Z	61.238	0.0	374	0.12
0.0	simsensor_2010_18	2017-07-29T01:56:14.419909616Z	0.0	0.0	374	0.16
0.0	simsensor_2010_17	2017-07-29T01:56:20.419778642Z	0.0	0.0	374	0.06
71.034	simsensor_2010_16	2017-07-29T01:56:26.42043477Z	46.318	0.0	375	0.0
12.516	simsensor_2010_15	2017-07-29T01:56:32.423694304Z	7.698	0.0	375	0.07
0.0	simsensor_2010_14	2017-07-29T01:56:38.419926069Z	0.0	0.0	375	0.09
2.056	simsensor_2010_13	2017-07-29T01:56:44.420161005Z	0.65	0.0	375	0.03
71.946	simsensor_2010_12	2017-07-29T01:56:50.419714628Z	46.096	0.0	375	0.01
0.0	simsensor_2010_11	2017-07-29T01:56:56.419876316Z	0.0	0.0	375	0.0
20.9	simsensor_2010_10	2017-07-29T01:57:02.420535812Z	13.234	0.0	375	0.0
33.245	simsensor_2010_9	2017-07-29T01:57:08.419827882Z	20.207	0.0	375	0.12
13.854	simsensor_2010_8	2017-07-29T01:57:14.419875833Z	8.274	0.0	375	0.04
111.485	simsensor_2010_7	2017-07-29T01:57:20.419759599Z	71.743	0.0	375	0.03
0.0	simsensor_2010_6	2017-07-29T01:57:26.419943365Z	0.0	0.0	375	0.0
2.487	simsensor_2010_5	2017-07-29T01:57:32.419809659Z	1.595	0.0	375	0.06
18.483	simsensor_2010_4	2017-07-29T01:57:39.419900347Z	12.855	0.0	375	0.11
8.859	simsensor_2010_3	2017-07-29T01:57:46.419968128Z	4.679	0.0	375	0.1
44.935	simsensor_2010_2	2017-07-29T01:57:52.420484808Z	29.933	0.0	375	0.11
59.915	simsensor_2010_1	2017-07-29T01:57:58.421349261Z	37.839	0.0	375	0.14
0.0	simsensor_2009_18	2017-07-29T01:58:04.42071728Z	0.0	0.0	375	0.06
59.4	simsensor_2009_17	2017-07-29T01:58:10.419864288Z	35.71	0.0	375	0.06
4.406	simsensor_2009_16	2017-07-29T01:58:16.42007694Z	3.826	0.0	375	0.11
0.0	simsensor_2009_15	2017-07-29T01:58:22.420210261Z	0.0	0.0	375	0.0
22.744	simsensor_2009_14	2017-07-29T01:58:28.42016339Z	13.872	0.0	375	0.13
65.56	simsensor_2009_13	2017-07-29T01:58:34.420657338Z	41.016	0.0	375	0.02
7.01	simsensor_2009_12	2017-07-29T01:58:40.42019836Z	3.478	0.0	375	0.0
68.258	simsensor_2009_11	2017-07-29T01:58:46.420108826Z	43.868	0.0	375	0.0
0.0	simsensor_2009_10	2017-07-29T01:58:52.419941662Z	0.0	0.0	375	0.1
17.67	simsensor_2009_9	2017-07-29T01:58:58.420060128Z	8.28	0.0	375	0.07
8.928	simsensor_2009_8	2017-07-29T01:59:04.420434121Z	7.408	0.0	375	0.0
92.37	simsensor_2009_7	2017-07-29T01:59:10.419945411Z	59.752	0.0	375	0.06
0.0	simsensor_2009_6	2017-07-29T01:59:16.42029207Z	0.0	0.0	375	0.06
26.326	simsensor_2009_5	2017-07-29T01:59:22.420635585Z	17.379	0.0	375	0.11
52.253	simsensor_2009_4	2017-07-29T01:59:28.427594249Z	37.248	0.0	375	0.02
60.564	simsensor_2009_3	2017-07-29T01:59:34.421542469Z	35.162	0.0	375	0.0
26.459	simsensor_2009_2	2017-07-29T01:59:40.428460998Z	17.176	0.0	375	0.06
0.0	simsensor_2009_1	2017-07-29T01:59:46.420022496Z	0.0	0.0	376	0.07
131.805	simsensor_2008_18	2017-07-29T01:59:52.421303293Z	86.269	0.0	376	0.05
51.946	simsensor_2008_17	2017-07-29T01:59:58.419950452Z	33.508	0.0	376	0.06
19.25	simsensor_2008_16	2017-07-29T02:00:04.420066297Z	13.522	0.0	377	0.05
0.0	simsensor_2008_15	2017-07-29T02:00:10.420078549Z	0.0	0.0	377	0.06
1.108	simsensor_2008_14	2017-07-29T02:00:17.419748012Z	0.0	0.0	377	0.06
71.358	simsensor_2008_13	2017-07-29T02:00:23.419992118Z	47.864	0.0	378	0.01
32.022	simsensor_2008_12	2017-07-29T02:00:29.420648563Z	19.222	0.0	378	0.11
0.0	simsensor_2008_11	2017-07-29T02:00:35.420781418Z	0.0	0.0	378	0.13
126.692	simsensor_2008_10	2017-07-29T02:00:42.42073736Z	80.588	0.0	379	0.0
0.0	simsensor_2008_9	2017-07-29T02:00:48.420050059Z	0.0	0.0	379	0.08
62.793	simsensor_2008_8	2017-07-29T02:00:54.419782675Z	38.425	0.0	379	0.06
0.0	simsensor_2008_7	2017-07-29T02:01:00.419717915Z	0.0	0.0	379	0.02
289.671	simsensor_2008_6	2017-07-29T02:01:06.419843431Z	193.803	0.0	380	0.01
3.459	simsensor_2008_5	2017-07-29T02:01:12.421909583Z	0.965	0.0	380	0.03
30.622	simsensor_2008_4	2017-07-29T02:01:18.419985063Z	18.73	0.0	380	0.07
60.415	simsensor_2008_3	2017-07-29T02:01:24.42041777Z	39.981	0.0	381	0.07
0.0	simsensor_2008_2	2017-07-29T02:01:30.420014533Z	0.0	0.0	381	0.06
8.958	simsensor_2008_1	2017-07-29T02:01:36.419969177Z	6.19	0.0	381	0.0
0.0	simsensor_2007_18	2017-07-29T02:01:42.420024428Z	0.631	0.0	382	0.05
135.206	simsensor_2007_17	2017-07-29T02:01:48.419913761Z	83.718	0.0	382	0.06
0.0	simsensor_2007_16	2017-07-29T02:01:54.420005884Z	0.0	0.0	382	0.01
9.556	simsensor_2007_15	2017-07-29T02:02:00.419794165Z	4.56	0.0	383	0.01
0.0	simsensor_2007_14	2017-07-29T02:02:06.420013422Z	0.0	0.0	383	0.1
131.754	simsensor_2007_13	2017-07-29T02:02:12.420032938Z	85.222	0.0	383	0.06
0.0	simsensor_2007_12	2017-07-29T02:02:18.420463983Z	0.0	0.0	383	0.08
83.086	simsensor_2007_11	2017-07-29T02:02:24.420116458Z	49.898	0.0	384	0.04
0.0	simsensor_2007_10	2017-07-29T02:02:30.419904376Z	0.0	0.0	384	0.05
64.48	simsensor_2007_9	2017-07-29T02:02:36.420286323Z	37.184	0.0	384	0.07
5.613	simsensor_2007_8	2017-07-29T02:02:43.419946431Z	3.552	0.0	385	0.06
0.0	simsensor_2007_7	2017-07-29T02:02:49.419870691Z	0.0	0.0	385	0.11
119.704	simsensor_2007_6	2017-07-29T02:02:56.429856701Z	76.552	0.0	385	0.06
0.0	simsensor_2007_5	2017-07-29T02:03:02.419850273Z	0.0	0.0	386	0.07
0.0	simsensor_2007_4	2017-07-29T02:03:08.419963687Z	0.0	0.0	386	0.05
127.047	simsensor_2007_3	2017-07-29T02:03:14.430520446Z	83.295	0.0	386	0.08
0.0	simsensor_2007_2	2017-07-29T02:03:20.419979132Z	0.0	0.0	387	0.07
29.753	simsensor_2007_1	2017-07-29T02:03:26.419921161Z	19.899	0.0	387	0.07
24.977	simsensor_2006_18	2017-07-29T02:03:32.420516884Z	16.957	0.0	387	0.06
36.28	simsensor_2006_17	2017-07-29T02:03:38.420026525Z	23.73	0.0	387	0.09
32.138	simsensor_2006_16	2017-07-29T02:03:44.41985937Z	18.99	0.0	388	0.07
0.0	simsensor_2006_15	2017-07-29T02:03:50.419936466Z	0.0	0.0	388	0.06
92.886	simsensor_2006_14	2017-07-29T02:03:56.420095204Z	58.444	0.0	388	0.05
0.0	simsensor_2006_13	2017-07-29T02:04:02.421373792Z	0.0	0.0	389	0.0
0.0	simsensor_2006_12	2017-07-29T02:04:08.420010546Z	0.0	0.0	389	0.0
53.612	simsensor_2006_11	2017-07-29T02:04:14.427813697Z	32.634	0.0	389	0.02
32.422	simsensor_2006_10	2017-07-29T02:04:20.419875897Z	19.146	0.0	389	0.06
18.75	simsensor_2006_9	2017-07-29T02:04:26.419764198Z	10.25	0.0	390	0.07
0.0	simsensor_2006_8	2017-07-29T02:04:32.419852193Z	0.0	0.0	390	0.0
71.241	simsensor_2006_7	2017-07-29T02:04:38.41974775Z	48.549	0.0	390	0.06
0.0	simsensor_2006_6	2017-07-29T02:04:44.419976301Z	0.0	0.0	391	0.04
0.0	simsensor_2006_5	2017-07-29T02:04:50.419956637Z	0.0	0.0	391	0.01
64.242	simsensor_2006_4	2017-07-29T02:04:56.419878348Z	41.544	0.0	391	0.06
104.957	simsensor_2006_3	2017-07-29T02:05:03.419815646Z	65.871	0.0	392	0.0
0.0	simsensor_2006_2	2017-07-29T02:05:09.419953678Z	0.0	0.0	392	0.07
10.476	simsensor_2006_1	2017-07-29T02:05:15.421883593Z	5.408	0.0	392	0.1
31.65	simsensor_2005_18	2017-07-29T02:05:21.419985314Z	22.554	0.0	392	0.05
24.284	simsensor_2005_17	2017-07-29T02:05:27.419905229Z	14.83	0.0	393	0.07
53.45	simsensor_2005_16	2017-07-29T02:05:34.420401474Z	34.592	0.0	393	0.1
0.0	simsensor_2005_15	2017-07-29T02:05:40.42090967Z	0.0	0.0	393	0.06
0.0	simsensor_2005_14	2017-07-29T02:05:46.420044889Z	0.0	0.0	394	0.02
16.336	simsensor_2005_13	2017-07-29T02:05:52.420336859Z	11.896	0.0	394	0.09
0.522	simsensor_2005_12	2017-07-29T02:05:59.419760364Z	0.0	0.0	394	0.02
71.868	simsensor_2005_11	2017-07-29T02:06:06.4197815Z	44.75	0.0	395	0.1
0.0	simsensor_2005_10	2017-07-29T02:06:12.419987282Z	0.0	0.0	395	0.0
0.0	simsensor_2005_9	2017-07-29T02:06:18.426291277Z	0.0	0.0	395	0.04
95.789	simsensor_2005_8	2017-07-29T02:06:25.419906664Z	66.001	0.0	396	0.09
47.991	simsensor_2005_7	2017-07-29T02:06:32.419867166Z	30.025	0.0	396	0.06
21.025	simsensor_2005_6	2017-07-29T02:06:38.420013665Z	12.055	0.0	396	0.07
0.0	simsensor_2005_5	2017-07-29T02:06:45.420133363Z	0.0	0.0	397	0.08
0.0	simsensor_2005_4	2017-07-29T02:06:51.419996714Z	0.0	0.0	397	0.06
0.888	simsensor_2005_3	2017-07-29T02:06:57.420519977Z	2.034	0.0	397	0.06
85.522	simsensor_2005_2	2017-07-29T02:07:03.420204049Z	52.704	0.0	397	0.04
0.0	simsensor_2005_1	2017-07-29T02:07:09.419953352Z	0.0	0.0	398	0.0
18.811	simsensor_2004_18	2017-07-29T02:07:15.420153913Z	17.731	0.0	398	0.08
62.908	simsensor_2004_17	2017-07-29T02:07:22.41981396Z	40.618	0.0	398	0.06
9.564	simsensor_2004_16	2017-07-29T02:07:28.420078782Z	4.496	0.0	399	0.05
121.29	simsensor_2004_15	2017-07-29T02:07:46.420371951Z	79.626	0.0	399	0.06
0.0	simsensor_2004_14	2017-07-29T02:07:52.419956911Z	0.0	0.0	399	0.06
0.0	simsensor_2004_13	2017-07-29T02:07:59.419888084Z	0.0	0.0	400	0.0
55.124	simsensor_2004_12	2017-07-29T02:08:06.419870327Z	33.936	0.0	400	0.07
23.46	simsensor_2004_11	2017-07-29T02:08:13.42003635Z	16.982	0.0	400	0.1
0.0	simsensor_2004_10	2017-07-29T02:08:20.420066089Z	0.0	0.0	401	0.05
76.78	simsensor_2004_9	2017-07-29T02:08:26.419924913Z	44.493	0.0	401	0.04
0.0	simsensor_2004_8	2017-07-29T02:08:32.420322487Z	0.0	0.0	401	0.05
159.73	simsensor_2004_7	2017-07-29T02:08:38.420288112Z	101.084	0.0	401	0.02
30.346	simsensor_2004_6	2017-07-29T02:08:44.419776137Z	19.872	0.0	402	0.06
0.0	simsensor_2004_5	2017-07-29T02:08:50.419747772Z	0.0	0.0	402	0.03
40.216	simsensor_2004_4	2017-07-29T02:08:57.420305497Z	22.468	0.0	402	0.05
311.09	simsensor_2004_3	2017-07-29T02:09:04.427539729Z	205.698	0.0	403	0.02
23.419	simsensor_2004_2	2017-07-29T02:09:11.420893111Z	15.793	0.0	403	0.06
0.0	simsensor_2004_1	2017-07-29T02:09:18.419992934Z	0.0	0.0	403	0.05
73.05	simsensor_2003_18	2017-07-29T02:09:26.419821376Z	52.032	0.0	404	0.06
155.608	simsensor_2003_17	2017-07-29T02:09:33.419902534Z	95.612	0.0	404	0.08
0.0	simsensor_2003_16	2017-07-29T02:09:40.42035036Z	0.0	0.0	404	0.06
29.532	simsensor_2003_15	2017-07-29T02:09:47.420386657Z	20.556	0.0	405	0.07
87.97	simsensor_2003_14	2017-07-29T02:09:54.422778497Z	53.734	0.0	405	0.0
23.168	simsensor_2003_13	2017-07-29T02:10:01.419917528Z	16.144	0.0	405	0.03
0.0	simsensor_2003_12	2017-07-29T02:10:07.42063317Z	0.0	0.0	405	0.0
0.0	simsensor_2003_11	2017-07-29T02:10:13.419942467Z	0.0	0.0	406	0.01
71.992	simsensor_2003_10	2017-07-29T02:10:19.419687164Z	47.892	0.0	406	0.06
6.972	simsensor_2003_9	2017-07-29T02:10:28.420151513Z	0.0	0.0	406	0.03
0.0	simsensor_2003_8	2017-07-29T02:10:35.420627803Z	0.0	0.0	407	0.06
100.88	simsensor_2003_7	2017-07-29T02:10:41.420123887Z	66.43	0.0	407	0.02
0.0	simsensor_2003_6	2017-07-29T02:10:47.419854501Z	0.0	0.0	407	0.01
75.83	simsensor_2003_5	2017-07-29T02:10:53.419849706Z	47.018	0.0	408	0.0
0.0	simsensor_2003_4	2017-07-29T02:10:59.419893375Z	0.0	0.0	408	0.06
122.093	simsensor_2003_3	2017-07-29T02:11:06.41987537Z	79.623	0.0	408	0.02
0.0	simsensor_2003_2	2017-07-29T02:11:13.419948762Z	0.0	0.0	409	0.23
0.0	simsensor_2003_1	2017-07-29T02:11:20.42029566Z	0.0	0.0	409	0.02
3.194	simsensor_2002_18	2017-07-29T02:11:26.420053222Z	9.056	0.0	409	0.0
73.264	simsensor_2002_17	2017-07-29T02:11:32.420254615Z	43.29	0.0	409	0.09
0.0	simsensor_2002_16	2017-07-29T02:11:39.41980694Z	0.0	0.0	410	0.08
58.1	simsensor_2002_15	2017-07-29T02:11:46.420135779Z	35.018	0.0	410	0.0
0.0	simsensor_2002_14	2017-07-29T02:11:53.420063264Z	0.0	0.0	410	0.06
61.962	simsensor_2002_13	2017-07-29T02:12:00.419890451Z	42.562	0.0	411	0.0
9.192	simsensor_2002_12	2017-07-29T02:12:07.419885723Z	2.956	0.0	411	0.04
41.52	simsensor_2002_11	2017-07-29T02:12:13.420872961Z	29.25	0.0	411	0.06
0.0	simsensor_2002_10	2017-07-29T02:12:20.422397257Z	0.0	0.0	412	0.09
0.0	simsensor_2002_9	2017-07-29T02:12:27.420066988Z	0.0	0.0	412	0.03
190.591	simsensor_2002_8	2017-07-29T02:12:34.420139179Z	122.153	0.0	412	0.06
0.0	simsensor_2002_7	2017-07-29T02:12:40.419948628Z	0.0	0.0	412	0.04
61.411	simsensor_2002_6	2017-07-29T02:12:47.420015109Z	40.019	0.0	413	0.01
14.771	simsensor_2002_5	2017-07-29T02:12:54.429030112Z	13.067	0.0	413	0.08
0.0	simsensor_2002_4	2017-07-29T02:13:01.420152183Z	0.0	0.0	413	0.0
9.584	simsensor_2002_3	2017-07-29T02:13:08.420070802Z	2.85	0.0	414	0.06
63.569	simsensor_2002_2	2017-07-29T02:13:15.41997865Z	41.387	0.0	414	0.07
3.037	simsensor_2002_1	2017-07-29T02:13:22.420002288Z	4.503	0.0	414	0.09
21.238	simsensor_2001_18	2017-07-29T02:13:29.420540384Z	18.314	0.0	415	0.02
54.998	simsensor_2001_17	2017-07-29T02:13:36.420491691Z	30.81	0.0	415	0.11
5.798	simsensor_2001_16	2017-07-29T02:13:43.42038323Z	5.182	0.0	415	0.02
0.0	simsensor_2001_15	2017-07-29T02:13:50.420062971Z	0.0	0.0	416	0.04
46.892	simsensor_2001_14	2017-07-29T02:13:57.420536543Z	28.284	0.0	416	0.09
10.23	simsensor_2001_13	2017-07-29T02:14:04.420346227Z	9.762	0.0	416	0.02
3.776	simsensor_2001_12	2017-07-29T02:14:11.419915998Z	1.824	0.0	417	0.0
88.954	simsensor_2001_11	2017-07-29T02:14:18.419960914Z	55.282	0.0	417	0.12
0.0	simsensor_2001_10	2017-07-29T02:14:25.420086077Z	0.0	0.0	417	0.01
