----------------------------------------------------------------
216771.312	spark-master	2017-07-27T16:56:28.244616099Z	124421.953	18.12	0	0.4
0.0	cassandra-001	2017-07-27T16:56:35.27089448Z	0.0	28.54	0	1.4
98244.009	spark-master	2017-07-27T16:56:37.271210337Z	111389.977	18.12	0	0.7
0.0	cassandra-001	2017-07-27T16:56:44.269243812Z	0.0	28.54	0	0.65
98245.199	spark-master	2017-07-27T16:56:46.244506829Z	111392.281	18.12	0	0.52
0.0	cassandra-001	2017-07-27T16:56:53.272282696Z	0.0	28.54	0	0.64
98305.281	spark-master	2017-07-27T16:56:55.244386705Z	111397.292	18.13	0	29.9
0.0	cassandra-001	2017-07-27T16:57:02.271208395Z	0.0	28.53	0	0.68
98303.226	spark-master	2017-07-27T16:57:04.24406388Z	111339.579	18.13	0	0.51
0.0	cassandra-001	2017-07-27T16:57:11.268370019Z	0.0	28.53	6	0.7
98307.61	spark-master	2017-07-27T16:57:13.244587546Z	111345.855	18.13	8	0.67
0.0	cassandra-001	2017-07-27T16:57:20.260682291Z	0.0	28.53	13	2.51
98322.424	spark-master	2017-07-27T16:57:22.24454552Z	111366.465	18.13	14	0.85
0.0	cassandra-001	2017-07-27T16:57:29.270135722Z	0.0	28.53	15	0.69
98357.178	spark-master	2017-07-27T16:57:31.244662273Z	111396.237	18.13	15	0.51
0.0	cassandra-001	2017-07-27T16:57:38.269089699Z	0.0	28.53	15	0.7
98378.628	spark-master	2017-07-27T16:57:40.244569648Z	111424.885	18.13	15	9.02
0.0	cassandra-001	2017-07-27T16:57:47.244542353Z	0.0	28.53	15	0.6
98374.729	spark-master	2017-07-27T16:57:49.271951544Z	111437.559	18.13	15	0.42
0.0	cassandra-001	2017-07-27T16:57:56.27195795Z	0.0	28.53	15	0.71
98395.915	spark-master	2017-07-27T16:57:58.244497436Z	111466.875	18.13	15	0.45
0.0	cassandra-001	2017-07-27T16:58:05.267925769Z	0.0	28.53	15	3.41
98417.687	spark-master	2017-07-27T16:58:07.244546693Z	111495.588	18.13	15	0.56
0.0	cassandra-001	2017-07-27T16:58:14.268152682Z	0.0	28.53	15	0.75
98453.434	spark-master	2017-07-27T16:58:16.244712833Z	111526.943	18.13	15	0.47
0.0	cassandra-001	2017-07-27T16:58:23.268011218Z	0.0	28.54	15	73.51
98474.717	spark-master	2017-07-27T16:58:25.244609185Z	111555.237	18.13	15	3.19
0.0	cassandra-001	2017-07-27T16:58:32.244591841Z	0.0	28.54	15	1.49
98469.724	spark-master	2017-07-27T16:58:34.244500169Z	111567.331	18.13	15	0.53
0.0	cassandra-001	2017-07-27T16:58:41.26041478Z	0.0	28.54	15	0.55
98491.271	spark-master	2017-07-27T16:58:43.244488638Z	111597.683	18.13	15	0.64
0.0	cassandra-001	2017-07-27T16:58:50.267791034Z	0.0	28.54	15	3.57
98511.91	spark-master	2017-07-27T16:58:52.244629631Z	111627.654	18.13	15	0.53
0.0	cassandra-001	2017-07-27T16:58:59.269338749Z	0.0	28.54	15	0.67
98545.738	spark-master	2017-07-27T16:59:01.24470562Z	111657.516	18.13	15	0.45
0.0	cassandra-001	2017-07-27T16:59:08.267891932Z	0.0	28.54	15	0.65
98568.185	spark-master	2017-07-27T16:59:10.244129322Z	111687.526	18.13	15	3.76
0.0	cassandra-001	2017-07-27T16:59:17.262164035Z	0.0	28.54	15	0.63
98563.945	spark-master	2017-07-27T16:59:19.244471511Z	111699.14	18.13	15	0.52
0.0	cassandra-001	2017-07-27T16:59:26.269337589Z	0.0	28.54	15	0.69
98585.243	spark-master	2017-07-27T16:59:28.244477809Z	111729.208	18.13	15	0.51
0.0	cassandra-001	2017-07-27T16:59:35.271014736Z	0.0	28.53	15	2.95
98603.872	spark-master	2017-07-27T16:59:37.244571896Z	111756.999	18.13	15	0.44
0.0	cassandra-001	2017-07-27T16:59:44.268173455Z	0.0	28.53	15	0.6
98640.443	spark-master	2017-07-27T16:59:46.244409102Z	111789.457	18.13	15	0.46
0.0	cassandra-001	2017-07-27T16:59:53.244597307Z	0.0	28.53	15	0.66
98661.215	spark-master	2017-07-27T16:59:55.244525997Z	111818.8	18.12	15	3.73
0.0	cassandra-001	2017-07-27T17:00:02.268943743Z	0.0	28.53	15	0.65
98655.719	spark-master	2017-07-27T17:00:04.244170185Z	111830.432	18.12	15	0.42
0.0	cassandra-001	2017-07-27T17:00:11.269429901Z	0.0	28.53	15	0.65
98676.128	spark-master	2017-07-27T17:00:13.244442446Z	111858.942	18.12	15	0.62
0.0	cassandra-001	2017-07-27T17:00:20.268238353Z	0.0	28.53	15	3.45
98697.826	spark-master	2017-07-27T17:00:22.244181301Z	111888.742	18.12	15	0.53
0.0	cassandra-001	2017-07-27T17:00:29.267824844Z	0.0	28.53	18	0.64
98737.902	spark-master	2017-07-27T17:00:31.244463488Z	111923.69	18.12	19	0.48
0.0	cassandra-001	2017-07-27T17:00:38.270654249Z	0.0	28.53	23	0.63
98773.689	spark-master	2017-07-27T17:00:40.244464098Z	111964.435	18.12	24	11.23
0.0	cassandra-001	2017-07-27T17:00:47.269358206Z	0.0	28.53	27	0.64
98767.313	spark-master	2017-07-27T17:00:49.244584041Z	111986.368	18.12	28	0.51
0.0	cassandra-001	2017-07-27T17:00:56.270460306Z	0.0	28.53	30	0.7
98805.284	spark-master	2017-07-27T17:00:58.244691202Z	112038.097	18.12	30	0.47
0.0	cassandra-001	2017-07-27T17:01:05.260020926Z	0.0	28.53	30	3.08
98845.75	spark-master	2017-07-27T17:01:07.244427577Z	112094.279	18.12	30	0.5
0.0	cassandra-001	2017-07-27T17:01:14.271510857Z	0.0	28.53	30	0.72
98915.457	spark-master	2017-07-27T17:01:16.244545902Z	112153.313	18.12	30	0.47
0.0	cassandra-001	2017-07-27T17:01:23.26861984Z	0.0	28.53	30	0.6
98952.779	spark-master	2017-07-27T17:01:25.244406116Z	112205.128	18.12	30	4.08
0.0	cassandra-001	2017-07-27T17:01:32.271893771Z	0.0	28.53	30	0.65
98944.765	spark-master	2017-07-27T17:01:34.269720311Z	112230.501	18.12	30	0.48
0.0	cassandra-001	2017-07-27T17:01:41.268818005Z	0.0	28.53	30	0.63
98986.156	spark-master	2017-07-27T17:01:43.244534372Z	112285.52	18.12	30	0.65
0.0	cassandra-001	2017-07-27T17:01:50.271221188Z	0.0	28.53	30	3.74
99027.654	spark-master	2017-07-27T17:01:52.244519789Z	112340.013	18.12	30	0.69
0.0	cassandra-001	2017-07-27T17:01:59.269774782Z	0.0	28.53	30	0.56
99095.568	spark-master	2017-07-27T17:02:01.244548148Z	112398.627	18.12	30	0.54
0.0	cassandra-001	2017-07-27T17:02:08.270534217Z	0.0	28.53	30	0.72
99136.48	spark-master	2017-07-27T17:02:10.244575662Z	112453.028	18.11	30	4.32
0.0	cassandra-001	2017-07-27T17:02:17.268909311Z	0.0	28.53	30	0.68
99128.257	spark-master	2017-07-27T17:02:19.244598296Z	112476.811	18.11	30	0.45
0.0	cassandra-001	2017-07-27T17:02:26.267164363Z	0.0	28.53	30	1.23
99169.109	spark-master	2017-07-27T17:02:28.244627014Z	112530.315	18.11	30	0.4
0.0	cassandra-001	2017-07-27T17:02:35.266189971Z	0.0	28.53	30	4.45
99208.713	spark-master	2017-07-27T17:02:37.244529113Z	112585.536	18.11	30	0.54
0.0	cassandra-001	2017-07-27T17:02:44.270722132Z	0.0	28.53	30	0.68
99276.585	spark-master	2017-07-27T17:02:46.244579276Z	112645.111	18.11	30	0.37
0.0	cassandra-001	2017-07-27T17:02:53.264356615Z	0.0	28.53	30	0.66
99317.455	spark-master	2017-07-27T17:02:55.244313277Z	112702.493	18.11	30	3.65
0.0	cassandra-001	2017-07-27T17:03:02.272711358Z	0.0	28.53	30	0.73
99308.136	spark-master	2017-07-27T17:03:04.244651549Z	112726.216	18.11	30	0.42
0.0	cassandra-001	2017-07-27T17:03:11.270173169Z	0.0	28.53	30	0.62
99347.08	spark-master	2017-07-27T17:03:13.244610825Z	112780.058	18.1	30	0.6
0.0	cassandra-001	2017-07-27T17:03:20.270708977Z	0.0	28.53	30	3.52
99386.476	spark-master	2017-07-27T17:03:22.244178826Z	112835.013	18.1	30	0.51
0.0	cassandra-001	2017-07-27T17:03:29.269523598Z	0.0	28.53	30	0.64
99456.341	spark-master	2017-07-27T17:03:31.244408106Z	112894.861	18.1	30	0.44
0.0	cassandra-001	2017-07-27T17:03:38.270632867Z	0.0	28.53	30	0.64
99493.799	spark-master	2017-07-27T17:03:40.244597026Z	112949.372	18.11	30	4.3
0.0	cassandra-001	2017-07-27T17:03:47.269600712Z	0.0	28.53	30	0.69
99485.913	spark-master	2017-07-27T17:03:49.244651913Z	112973.544	18.11	30	0.48
0.0	cassandra-001	2017-07-27T17:03:56.274883593Z	0.0	28.53	31	1.26
99525.154	spark-master	2017-07-27T17:03:58.244801677Z	113030.326	18.11	31	0.45
0.0	cassandra-001	2017-07-27T17:04:05.26797579Z	0.0	28.53	34	5.5
99569.189	spark-master	2017-07-27T17:04:07.268498135Z	113089.67	18.09	35	0.51
0.0	cassandra-001	2017-07-27T17:04:14.269856816Z	0.0	28.53	37	0.72
99653.291	spark-master	2017-07-27T17:04:16.244504752Z	113160.269	18.09	37	0.4
0.0	cassandra-001	2017-07-27T17:04:23.269379309Z	0.0	28.53	40	0.62
99706.897	spark-master	2017-07-27T17:04:25.244612562Z	113229.1	18.09	40	4.39
0.0	cassandra-001	2017-07-27T17:04:32.268138749Z	0.0	28.53	42	0.69
99695.596	spark-master	2017-07-27T17:04:34.244660406Z	113261.751	18.09	43	0.42
0.0	cassandra-001	2017-07-27T17:04:41.264746429Z	0.0	28.53	45	0.61
99752.089	spark-master	2017-07-27T17:04:43.269350515Z	113339.861	18.09	45	0.54
0.0	cassandra-001	2017-07-27T17:04:50.27254159Z	0.0	28.53	45	5.09
99813.396	spark-master	2017-07-27T17:04:52.24415484Z	113421.488	18.09	45	0.56
0.0	cassandra-001	2017-07-27T17:04:59.244186248Z	0.0	28.52	45	0.61
99916.204	spark-master	2017-07-27T17:05:01.244531324Z	113507.028	18.09	45	0.5
0.0	cassandra-001	2017-07-27T17:05:08.259221744Z	0.0	28.52	45	0.56
99976.349	spark-master	2017-07-27T17:05:10.244550193Z	113589.805	18.09	45	4.39
0.0	cassandra-001	2017-07-27T17:05:17.270322308Z	0.0	28.52	45	0.66
99959.524	spark-master	2017-07-27T17:05:19.244555636Z	113619.435	18.09	45	0.36
0.0	cassandra-001	2017-07-27T17:05:26.269684169Z	0.0	28.52	45	1.29
100017.685	spark-master	2017-07-27T17:05:28.244484388Z	113698.139	18.09	45	0.44
0.0	cassandra-001	2017-07-27T17:05:35.273536463Z	0.0	28.52	45	3.86
100076.239	spark-master	2017-07-27T17:05:37.244430681Z	113780.653	18.09	45	0.5
0.0	cassandra-001	2017-07-27T17:05:44.26991877Z	0.0	28.52	45	0.67
100178.442	spark-master	2017-07-27T17:05:46.244385203Z	113866.149	18.09	45	0.45
0.0	cassandra-001	2017-07-27T17:05:53.259489318Z	0.0	28.52	45	0.7
100239.96	spark-master	2017-07-27T17:05:55.244567523Z	113946.054	18.09	45	5.15
0.0	cassandra-001	2017-07-27T17:06:02.244441972Z	0.0	28.52	45	0.64
100221.238	spark-master	2017-07-27T17:06:04.244035867Z	113978.436	18.09	45	0.36
0.0	cassandra-001	2017-07-27T17:06:11.244607543Z	0.0	28.52	45	0.66
100280.349	spark-master	2017-07-27T17:06:13.269401169Z	114059.042	18.09	45	0.66
0.0	cassandra-001	2017-07-27T17:06:20.268973064Z	0.0	28.52	45	4.57
100339.571	spark-master	2017-07-27T17:06:22.244566161Z	114136.675	18.09	45	0.54
0.0	cassandra-001	2017-07-27T17:06:29.244514829Z	0.0	28.52	45	0.63
100442.921	spark-master	2017-07-27T17:06:31.244418911Z	114221.936	18.09	45	0.42
0.0	cassandra-001	2017-07-27T17:06:38.244611311Z	0.0	28.52	45	0.73
100500.378	spark-master	2017-07-27T17:06:40.244503933Z	114299.625	18.09	45	4.69
0.0	cassandra-001	2017-07-27T17:06:47.270172343Z	0.0	28.52	45	0.68
100487.191	spark-master	2017-07-27T17:06:49.244500733Z	114333.148	18.08	45	0.5
0.0	cassandra-001	2017-07-27T17:06:56.269749613Z	0.0	28.52	45	1.25
100546.288	spark-master	2017-07-27T17:06:58.244525723Z	114411.184	18.08	45	0.5
0.0	cassandra-001	2017-07-27T17:07:05.268719514Z	0.0	28.52	45	4.27
100601.47	spark-master	2017-07-27T17:07:07.272880998Z	114491.012	18.08	45	0.56
0.0	cassandra-001	2017-07-27T17:07:14.27267487Z	0.0	28.52	45	0.68
100705.64	spark-master	2017-07-27T17:07:16.244108426Z	114577.503	18.08	45	0.32
0.0	cassandra-001	2017-07-27T17:07:23.270919376Z	0.0	28.52	45	0.75
100763.089	spark-master	2017-07-27T17:07:25.244097344Z	114656.377	18.08	45	4.41
0.0	cassandra-001	2017-07-27T17:07:32.269490641Z	0.0	28.52	45	0.59
100748.92	spark-master	2017-07-27T17:07:34.244535364Z	114690.359	18.08	45	0.46
0.0	cassandra-001	2017-07-27T17:07:41.268336697Z	0.0	28.52	45	0.44
100805.626	spark-master	2017-07-27T17:07:43.24470731Z	114768.98	18.08	45	0.64
0.0	cassandra-001	2017-07-27T17:07:50.265544018Z	0.0	28.52	47	4.72
100865.638	spark-master	2017-07-27T17:07:52.244562917Z	114853.517	18.08	48	0.53
0.0	cassandra-001	2017-07-27T17:07:59.270531546Z	0.0	28.52	49	0.64
100978.293	spark-master	2017-07-27T17:08:01.244347302Z	114948.405	18.08	50	0.46
0.0	cassandra-001	2017-07-27T17:08:08.270798943Z	0.0	28.52	52	0.64
101043.134	spark-master	2017-07-27T17:08:10.24429034Z	115040.547	18.08	52	5.17
0.0	cassandra-001	2017-07-27T17:08:17.270351715Z	0.0	28.52	54	0.57
101027.736	spark-master	2017-07-27T17:08:19.244484449Z	115082.034	18.08	54	0.53
0.0	cassandra-001	2017-07-27T17:08:26.24412081Z	0.0	28.52	56	0.95
101097.65	spark-master	2017-07-27T17:08:28.244491117Z	115178.389	18.08	56	0.47
0.0	cassandra-001	2017-07-27T17:08:35.269495695Z	0.0	28.52	58	4.98
101172.291	spark-master	2017-07-27T17:08:37.244482648Z	115280.2	18.08	59	0.51
0.0	cassandra-001	2017-07-27T17:08:46.268596356Z	0.0	28.52	60	0.66
101251.198	spark-master	2017-07-27T17:08:48.244628339Z	115386.702	18.08	60	0.44
0.0	cassandra-001	2017-07-27T17:08:55.268622295Z	0.0	28.53	60	7.52
101329.802	spark-master	2017-07-27T17:08:57.244555515Z	115490.669	18.08	60	0.35
0.0	cassandra-001	2017-07-27T17:09:04.24455584Z	0.0	28.53	60	0.65
101466.261	spark-master	2017-07-27T17:09:06.260166848Z	115605.869	18.07	60	0.37
0.0	cassandra-001	2017-07-27T17:09:13.260907876Z	0.0	28.53	60	0.56
101542.666	spark-master	2017-07-27T17:09:15.26432909Z	115712.762	18.07	60	4.7
0.0	cassandra-001	2017-07-27T17:09:22.265625752Z	0.0	28.53	60	0.67
101522.788	spark-master	2017-07-27T17:09:24.24450182Z	115755.657	18.07	60	0.39
0.0	cassandra-001	2017-07-27T17:09:31.26890549Z	0.0	28.53	60	0.66
101596.607	spark-master	2017-07-27T17:09:33.244601162Z	115861.976	18.07	60	0.6
0.0	cassandra-001	2017-07-27T17:09:40.268132368Z	0.0	28.53	60	4.98
101673.903	spark-master	2017-07-27T17:09:42.260830971Z	115971.22	18.07	60	0.4
0.0	cassandra-001	2017-07-27T17:09:49.270145121Z	0.0	28.53	60	0.67
101810.945	spark-master	2017-07-27T17:09:51.244671749Z	116085.933	18.07	60	0.43
0.0	cassandra-001	2017-07-27T17:09:58.269529065Z	0.0	28.53	60	0.69
101888.638	spark-master	2017-07-27T17:10:00.244659717Z	116194.27	18.07	60	8.34
0.0	cassandra-001	2017-07-27T17:10:07.268747077Z	0.0	28.53	60	0.67
101865.961	spark-master	2017-07-27T17:10:09.244531979Z	116240.157	18.07	60	0.41
0.0	cassandra-001	2017-07-27T17:10:16.270984349Z	0.0	28.53	60	0.69
101940.729	spark-master	2017-07-27T17:10:18.267428159Z	116346.832	18.07	60	0.46
0.0	cassandra-001	2017-07-27T17:10:25.26991684Z	0.0	28.53	60	6.05
102013.62	spark-master	2017-07-27T17:10:27.244499207Z	116451.586	18.07	60	0.46
0.0	cassandra-001	2017-07-27T17:10:34.258739384Z	0.0	28.53	60	0.48
102151.614	spark-master	2017-07-27T17:10:36.2447054Z	116567.366	18.07	60	0.51
0.0	cassandra-001	2017-07-27T17:10:43.259240082Z	0.0	28.53	60	0.64
102228.135	spark-master	2017-07-27T17:10:45.268389826Z	116673.454	18.07	60	5.02
0.0	cassandra-001	2017-07-27T17:10:52.244486238Z	0.0	28.53	60	0.68
102207.621	spark-master	2017-07-27T17:10:54.263282566Z	116718.22	18.07	60	0.49
0.0	cassandra-001	2017-07-27T17:11:01.271042Z	0.0	28.53	60	0.62
102287.219	spark-master	2017-07-27T17:11:03.24477965Z	116821.603	18.06	60	0.63
0.0	cassandra-001	2017-07-27T17:11:10.269105645Z	0.0	28.53	60	5.5
102364.944	spark-master	2017-07-27T17:11:12.244819182Z	116927.745	18.06	60	0.52
0.0	cassandra-001	2017-07-27T17:11:19.270835779Z	0.0	28.53	60	0.68
102502.911	spark-master	2017-07-27T17:11:21.244644274Z	117043.394	18.06	60	0.5
0.0	cassandra-001	2017-07-27T17:11:28.271938963Z	0.0	28.53	60	0.67
102577.811	spark-master	2017-07-27T17:11:30.26963351Z	117148.159	18.06	60	5.61
0.0	cassandra-001	2017-07-27T17:11:37.265775857Z	0.0	28.53	60	0.66
102558.466	spark-master	2017-07-27T17:11:39.244561718Z	117192.755	18.06	60	0.43
0.0	cassandra-001	2017-07-27T17:11:46.244576409Z	0.0	28.53	60	0.63
102635.432	spark-master	2017-07-27T17:11:48.244635314Z	117299.6	18.06	60	0.42
0.0	cassandra-001	2017-07-27T17:11:55.269764504Z	0.0	28.53	62	6.57
102713.699	spark-master	2017-07-27T17:11:57.244339868Z	117410.477	18.05	62	0.35
0.0	cassandra-001	2017-07-27T17:12:04.270790165Z	0.0	28.53	64	0.7
102860.553	spark-master	2017-07-27T17:12:06.244588552Z	117533.892	18.05	65	3.56
0.0	cassandra-001	2017-07-27T17:12:13.272651406Z	0.0	28.53	67	0.61
102942.021	spark-master	2017-07-27T17:12:15.244540026Z	117651.245	18.06	67	4.85
0.0	cassandra-001	2017-07-27T17:12:22.269501523Z	0.0	28.53	69	0.69
102918.938	spark-master	2017-07-27T17:12:24.244565014Z	117703.1	18.06	69	0.43
0.0	cassandra-001	2017-07-27T17:12:31.270006414Z	0.0	28.53	71	0.66
103009.861	spark-master	2017-07-27T17:12:33.244829794Z	117825.728	18.06	71	0.6
0.0	cassandra-001	2017-07-27T17:12:40.269673272Z	0.0	28.53	73	6.69
103100.703	spark-master	2017-07-27T17:12:42.244641217Z	117954.907	18.04	73	0.41
0.0	cassandra-001	2017-07-27T17:12:49.271114871Z	0.0	28.53	75	0.68
103267.816	spark-master	2017-07-27T17:12:51.244693688Z	118094.052	18.04	75	0.41
0.0	cassandra-001	2017-07-27T17:12:58.2447477Z	0.0	28.53	75	0.65
103361.56	spark-master	2017-07-27T17:13:00.244194355Z	118227.675	18.04	75	5.17
0.0	cassandra-001	2017-07-27T17:13:07.261092889Z	0.0	28.53	75	0.59
103334.598	spark-master	2017-07-27T17:13:09.244690952Z	118286.075	18.04	75	0.46
0.0	cassandra-001	2017-07-27T17:13:16.2700566Z	0.0	28.53	75	0.67
103430.409	spark-master	2017-07-27T17:13:18.24453749Z	118420.071	18.04	75	0.51
0.0	cassandra-001	2017-07-27T17:13:25.271514366Z	0.0	28.53	75	7.25
103523.835	spark-master	2017-07-27T17:13:27.244222603Z	118552.144	18.04	75	0.57
0.0	cassandra-001	2017-07-27T17:13:34.272941227Z	0.0	28.53	75	0.69
103691.764	spark-master	2017-07-27T17:13:36.244578598Z	118692.733	18.04	75	0.46
0.0	cassandra-001	2017-07-27T17:13:43.266636547Z	0.0	28.53	75	0.64
103785.034	spark-master	2017-07-27T17:13:45.244335379Z	118826.661	18.04	75	5.42
0.0	cassandra-001	2017-07-27T17:13:52.272926224Z	0.0	28.53	75	0.5
103759.619	spark-master	2017-07-27T17:13:54.244664004Z	118882.971	18.05	75	0.47
0.0	cassandra-001	2017-07-27T17:14:01.274540507Z	0.0	28.54	75	0.67
103855.451	spark-master	2017-07-27T17:14:03.244647677Z	119014.23	18.04	75	0.66
0.0	cassandra-001	2017-07-27T17:14:10.244635173Z	0.0	28.54	75	8.03
103949.766	spark-master	2017-07-27T17:14:12.244483158Z	119143.625	18.03	75	0.43
0.0	cassandra-001	2017-07-27T17:14:19.244723811Z	0.0	28.53	75	0.64
104117.475	spark-master	2017-07-27T17:14:21.244767933Z	119286.351	18.03	75	0.41
0.0	cassandra-001	2017-07-27T17:14:28.272006189Z	0.0	28.53	75	0.7
104214.313	spark-master	2017-07-27T17:14:30.244822353Z	119418.992	18.03	75	5.62
0.0	cassandra-001	2017-07-27T17:14:37.262551511Z	0.0	28.54	75	0.56
104188.505	spark-master	2017-07-27T17:14:39.244670613Z	119476.424	18.03	75	0.47
0.0	cassandra-001	2017-07-27T17:14:46.269759192Z	0.0	28.54	75	0.55
104283.283	spark-master	2017-07-27T17:14:48.244701838Z	119607.727	18.04	75	0.54
0.0	cassandra-001	2017-07-27T17:14:55.272616388Z	0.0	28.54	75	6.74
104375.382	spark-master	2017-07-27T17:14:57.26790301Z	119740.688	18.04	75	0.54
0.0	cassandra-001	2017-07-27T17:15:04.268460995Z	0.0	28.54	75	0.69
104544.147	spark-master	2017-07-27T17:15:06.270210804Z	119882.187	18.04	75	0.47
0.0	cassandra-001	2017-07-27T17:15:13.244783434Z	0.0	28.54	75	0.59
104639.207	spark-master	2017-07-27T17:15:15.244327937Z	120015.315	18.04	75	16.91
0.0	cassandra-001	2017-07-27T17:15:22.244313407Z	0.0	28.54	75	0.61
104615.054	spark-master	2017-07-27T17:15:24.244278528Z	120072.405	18.04	75	0.43
0.0	cassandra-001	2017-07-27T17:15:31.244838348Z	0.0	28.54	75	0.62
104705.558	spark-master	2017-07-27T17:15:33.244626346Z	120205.659	18.02	75	0.62
0.0	cassandra-001	2017-07-27T17:15:40.269923703Z	0.0	28.54	75	5.47
104801.367	spark-master	2017-07-27T17:15:42.244427501Z	120336.329	18.02	75	0.45
0.0	cassandra-001	2017-07-27T17:15:49.27247628Z	0.0	28.54	75	0.58
104970.664	spark-master	2017-07-27T17:15:51.268696162Z	120479.869	18.02	75	0.4
0.0	cassandra-001	2017-07-27T17:15:58.27073209Z	0.0	28.54	77	0.63
105071.285	spark-master	2017-07-27T17:16:00.244697482Z	120615.372	18.02	77	5.38
0.0	cassandra-001	2017-07-27T17:16:07.244865377Z	0.0	28.54	79	0.67
105044.753	spark-master	2017-07-27T17:16:09.244205001Z	120672.797	18.03	79	0.35
0.0	cassandra-001	2017-07-27T17:16:16.270092102Z	0.0	28.54	81	0.62
105146.956	spark-master	2017-07-27T17:16:18.244238803Z	120817.266	18.03	81	0.48
0.0	cassandra-001	2017-07-27T17:16:25.271669747Z	0.0	28.54	82	6.24
105252.92	spark-master	2017-07-27T17:16:27.244646114Z	120964.352	18.03	83	0.46
0.0	cassandra-001	2017-07-27T17:16:34.261919795Z	0.0	28.54	84	0.52
105442.471	spark-master	2017-07-27T17:16:36.271327799Z	121125.649	18.03	85	0.42
0.0	cassandra-001	2017-07-27T17:16:43.270124665Z	0.0	28.54	86	0.71
105554.327	spark-master	2017-07-27T17:16:45.244587064Z	121278.415	18.03	86	15.6
0.0	cassandra-001	2017-07-27T17:16:52.265455347Z	0.0	28.54	88	0.64
105522.579	spark-master	2017-07-27T17:16:54.267951194Z	121346.002	18.06	88	0.46
0.0	cassandra-001	2017-07-27T17:17:01.262485911Z	0.0	28.54	89	0.71
105635.901	spark-master	2017-07-27T17:17:03.244523717Z	121501.667	18.06	90	0.53
0.0	cassandra-001	2017-07-27T17:17:10.269763074Z	0.0	28.54	90	6.75
105749.497	spark-master	2017-07-27T17:17:12.244513113Z	121661.471	18.06	90	0.45
0.0	cassandra-001	2017-07-27T17:17:19.244189724Z	0.0	28.54	90	0.64
105952.472	spark-master	2017-07-27T17:17:21.244172495Z	121833.297	18.04	90	0.46
0.0	cassandra-001	2017-07-27T17:17:28.271603836Z	0.0	28.54	90	0.69
106063.352	spark-master	2017-07-27T17:17:30.26899381Z	121991.791	18.04	90	5.84
0.0	cassandra-001	2017-07-27T17:17:37.27023742Z	0.0	28.54	90	0.7
106030.264	spark-master	2017-07-27T17:17:39.244226078Z	122062.177	18.04	90	0.42
0.0	cassandra-001	2017-07-27T17:17:46.271333143Z	0.0	28.54	90	0.61
106139.816	spark-master	2017-07-27T17:17:48.244659573Z	122219.361	18.04	90	0.5
0.0	cassandra-001	2017-07-27T17:17:55.27034306Z	0.0	28.54	90	7.74
106252.052	spark-master	2017-07-27T17:17:57.244625938Z	122379.687	18.03	90	0.4
0.0	cassandra-001	2017-07-27T17:18:04.26908936Z	0.0	28.54	90	0.69
106454.777	spark-master	2017-07-27T17:18:06.27186963Z	122549.325	18.04	90	0.38
0.0	cassandra-001	2017-07-27T17:18:13.259694028Z	0.0	28.54	90	0.63
106568.056	spark-master	2017-07-27T17:18:15.244466572Z	122706.146	18.04	90	9.35
0.0	cassandra-001	2017-07-27T17:18:22.271852108Z	0.0	28.54	90	0.71
106537.478	spark-master	2017-07-27T17:18:24.244674713Z	122774.29	18.02	90	0.43
0.0	cassandra-001	2017-07-27T17:18:31.260568164Z	0.0	28.54	90	0.62
106652.362	spark-master	2017-07-27T17:18:33.244532537Z	122932.231	18.02	90	0.57
0.0	cassandra-001	2017-07-27T17:18:40.26932673Z	0.0	28.54	90	6.66
106766.63	spark-master	2017-07-27T17:18:42.244579124Z	123088.829	18.02	90	0.5
0.0	cassandra-001	2017-07-27T17:18:49.259884086Z	0.0	28.54	90	0.62
106967.429	spark-master	2017-07-27T17:18:51.244142786Z	123259.736	18.01	90	0.42
0.0	cassandra-001	2017-07-27T17:18:58.269912134Z	0.0	28.54	90	0.62
107084.222	spark-master	2017-07-27T17:19:00.270822025Z	123419.415	18.01	90	5.82
0.0	cassandra-001	2017-07-27T17:19:07.269884638Z	0.0	28.54	90	0.67
107051.643	spark-master	2017-07-27T17:19:09.244474805Z	123486.807	18.01	90	0.42
0.0	cassandra-001	2017-07-27T17:19:16.265210675Z	0.0	28.54	90	0.62
107165.66	spark-master	2017-07-27T17:19:18.244611471Z	123646.984	18.01	90	0.46
0.0	cassandra-001	2017-07-27T17:19:25.244494446Z	0.0	28.54	90	7.58
107278.543	spark-master	2017-07-27T17:19:27.244822352Z	123804.575	18.0	90	0.52
0.0	cassandra-001	2017-07-27T17:19:34.244560901Z	0.0	28.54	90	0.66
107482.242	spark-master	2017-07-27T17:19:36.244140494Z	123975.667	18.0	90	0.43
0.0	cassandra-001	2017-07-27T17:19:43.263549344Z	0.0	28.54	90	0.65
107595.477	spark-master	2017-07-27T17:19:45.244444599Z	124132.018	18.0	90	5.85
0.0	cassandra-001	2017-07-27T17:19:52.244692437Z	0.0	28.54	90	0.74
107565.657	spark-master	2017-07-27T17:19:54.244752741Z	124199.389	17.99	90	0.43
0.0	cassandra-001	2017-07-27T17:20:01.262331875Z	0.0	28.54	90	0.63
107678.697	spark-master	2017-07-27T17:20:03.244398484Z	124356.852	17.99	90	0.55
0.0	cassandra-001	2017-07-27T17:20:10.270394451Z	0.0	28.54	86	6.58
107790.43	spark-master	2017-07-27T17:20:12.244663753Z	124515.154	17.99	84	0.46
0.0	cassandra-001	2017-07-27T17:20:19.268754715Z	0.0	28.54	80	0.69
107972.422	spark-master	2017-07-27T17:20:21.244837841Z	124668.308	17.97	78	0.38
0.0	cassandra-001	2017-07-27T17:20:28.270439987Z	0.0	28.54	75	0.65
108062.803	spark-master	2017-07-27T17:20:30.244664304Z	124799.952	17.97	75	5.63
0.0	cassandra-001	2017-07-27T17:20:37.256813266Z	0.0	28.54	75	0.55
108038.524	spark-master	2017-07-27T17:20:39.244528237Z	124855.207	17.97	75	0.41
0.0	cassandra-001	2017-07-27T17:20:46.270217929Z	0.0	28.54	75	0.68
108134.507	spark-master	2017-07-27T17:20:48.244498519Z	124989.688	17.97	75	0.37
0.0	cassandra-001	2017-07-27T17:20:55.272147667Z	0.0	28.54	75	7.01
108229.219	spark-master	2017-07-27T17:20:57.244673069Z	125120.737	17.97	75	0.48
0.0	cassandra-001	2017-07-27T17:21:04.269908315Z	0.0	28.54	75	0.71
108401.043	spark-master	2017-07-27T17:21:06.244551859Z	125265.094	17.97	75	0.46
0.0	cassandra-001	2017-07-27T17:21:13.272480383Z	0.0	28.54	75	0.64
108494.425	spark-master	2017-07-27T17:21:15.244548312Z	125396.065	17.97	75	5.63
0.0	cassandra-001	2017-07-27T17:21:22.271743777Z	0.0	28.55	75	0.71
108467.531	spark-master	2017-07-27T17:21:24.244560682Z	125453.324	17.97	75	0.43
0.0	cassandra-001	2017-07-27T17:21:31.27128514Z	0.0	28.55	75	0.63
108563.858	spark-master	2017-07-27T17:21:33.270917605Z	125584.747	17.95	75	0.67
0.0	cassandra-001	2017-07-27T17:21:40.272506188Z	0.0	28.55	75	6.82
108660.559	spark-master	2017-07-27T17:21:42.244658045Z	125717.052	17.95	75	0.5
0.0	cassandra-001	2017-07-27T17:21:49.267466933Z	0.0	28.55	75	0.66
108832.395	spark-master	2017-07-27T17:21:51.244535649Z	125861.697	17.95	75	0.44
0.0	cassandra-001	2017-07-27T17:21:58.259457614Z	0.0	28.55	75	0.64
108925.315	spark-master	2017-07-27T17:22:00.244678003Z	125994.486	17.95	75	6.43
0.0	cassandra-001	2017-07-27T17:22:07.24439802Z	0.0	28.55	75	0.65
108899.29	spark-master	2017-07-27T17:22:09.244627599Z	126051.331	17.95	75	0.42
0.0	cassandra-001	2017-07-27T17:22:16.24412107Z	0.0	28.55	75	0.68
108995.042	spark-master	2017-07-27T17:22:18.24451256Z	126183.157	17.95	75	0.47
0.0	cassandra-001	2017-07-27T17:22:25.244424526Z	0.0	28.55	75	6.17
109092.625	spark-master	2017-07-27T17:22:27.2445384Z	126314.891	17.95	75	1.19
0.0	cassandra-001	2017-07-27T17:22:34.24412943Z	0.0	28.55	75	0.63
109260.198	spark-master	2017-07-27T17:22:36.244598411Z	126455.57	17.94	75	0.43
0.0	cassandra-001	2017-07-27T17:22:43.244690359Z	0.0	28.55	75	0.67
109354.035	spark-master	2017-07-27T17:22:45.244385145Z	126588.055	17.94	75	5.8
0.0	cassandra-001	2017-07-27T17:22:52.244523384Z	0.0	28.55	75	0.62
109327.207	spark-master	2017-07-27T17:22:54.244501941Z	126648.206	17.94	75	0.46
0.0	cassandra-001	2017-07-27T17:23:01.244482277Z	0.0	28.55	75	0.59
109423.809	spark-master	2017-07-27T17:23:03.244147452Z	126781.817	17.94	75	0.69
0.0	cassandra-001	2017-07-27T17:23:10.244392083Z	0.0	28.55	75	5.65
109521.009	spark-master	2017-07-27T17:23:12.244655981Z	126914.045	17.93	75	0.47
0.0	cassandra-001	2017-07-27T17:23:19.244022734Z	0.0	28.55	75	0.67
109691.187	spark-master	2017-07-27T17:23:21.244480114Z	127055.413	17.93	75	0.46
0.0	cassandra-001	2017-07-27T17:23:28.244628096Z	0.0	28.55	71	0.63
109779.922	spark-master	2017-07-27T17:23:30.244321516Z	127182.959	17.93	68	4.97
0.0	cassandra-001	2017-07-27T17:23:37.244473334Z	0.0	28.55	61	0.65
109749.254	spark-master	2017-07-27T17:23:39.244086758Z	127229.856	17.93	60	0.36
0.0	cassandra-001	2017-07-27T17:23:46.244482988Z	0.0	28.55	60	0.64
109825.826	spark-master	2017-07-27T17:23:48.244541668Z	127339.64	17.92	60	0.42
0.0	cassandra-001	2017-07-27T17:23:55.24420651Z	0.0	28.55	60	5.84
109903.647	spark-master	2017-07-27T17:23:57.244639428Z	127448.177	17.92	60	0.43
0.0	cassandra-001	2017-07-27T17:24:04.244600232Z	0.0	28.55	60	0.69
110038.459	spark-master	2017-07-27T17:24:06.244631171Z	127563.848	17.92	60	0.43
0.0	cassandra-001	2017-07-27T17:24:13.244555266Z	0.0	28.54	60	0.65
110114.208	spark-master	2017-07-27T17:24:15.244196765Z	127670.225	17.92	60	5.82
0.0	cassandra-001	2017-07-27T17:24:22.24452852Z	0.0	28.54	60	0.66
110094.229	spark-master	2017-07-27T17:24:24.244674679Z	127716.02	17.91	60	0.38
0.0	cassandra-001	2017-07-27T17:24:31.244197366Z	0.0	28.54	60	0.64
110172.939	spark-master	2017-07-27T17:24:33.244529323Z	127823.691	17.91	60	0.6
0.0	cassandra-001	2017-07-27T17:24:40.244544049Z	0.0	28.54	60	4.62
110247.966	spark-master	2017-07-27T17:24:42.244639774Z	127930.914	17.91	60	0.44
0.0	cassandra-001	2017-07-27T17:24:49.244599346Z	0.0	28.54	60	0.68
110385.968	spark-master	2017-07-27T17:24:51.244557979Z	128046.788	17.91	60	0.4
0.0	cassandra-001	2017-07-27T17:24:58.244597855Z	0.0	28.55	60	0.67
110463.549	spark-master	2017-07-27T17:25:00.244604952Z	128152.288	17.9	60	5.08
0.0	cassandra-001	2017-07-27T17:25:07.244475762Z	0.0	28.54	60	0.68
110443.658	spark-master	2017-07-27T17:25:09.244217857Z	128196.917	17.9	60	0.41
0.0	cassandra-001	2017-07-27T17:25:16.244147945Z	0.0	28.54	60	0.6
110520.63	spark-master	2017-07-27T17:25:18.244543685Z	128302.423	17.9	60	0.39
0.0	cassandra-001	2017-07-27T17:25:25.244109343Z	0.0	28.54	60	6.08
110597.045	spark-master	2017-07-27T17:25:27.244727354Z	128409.098	17.9	60	0.51
0.0	cassandra-001	2017-07-27T17:25:34.244703121Z	0.0	28.54	60	0.66
110734.335	spark-master	2017-07-27T17:25:36.244620317Z	128523.612	17.9	60	0.5
0.0	cassandra-001	2017-07-27T17:25:43.244149542Z	0.0	28.54	60	0.58
110809.153	spark-master	2017-07-27T17:25:45.244240627Z	128628.139	17.9	60	5.1
0.0	cassandra-001	2017-07-27T17:25:52.244635432Z	0.0	28.54	60	0.68
110791.789	spark-master	2017-07-27T17:25:54.244623035Z	128674.671	17.9	60	0.5
0.0	cassandra-001	2017-07-27T17:26:01.244451382Z	0.0	28.54	60	0.65
110867.768	spark-master	2017-07-27T17:26:03.244533167Z	128781.326	17.9	60	0.61
0.0	cassandra-001	2017-07-27T17:26:10.244778133Z	0.0	28.55	60	5.81
110945.02	spark-master	2017-07-27T17:26:12.244527625Z	128888.825	17.88	60	0.5
0.0	cassandra-001	2017-07-27T17:26:19.244702744Z	0.0	28.55	60	0.7
111077.506	spark-master	2017-07-27T17:26:21.244490516Z	129000.561	17.88	60	0.49
0.0	cassandra-001	2017-07-27T17:26:28.244658116Z	0.0	28.55	60	0.64
111156.699	spark-master	2017-07-27T17:26:30.244541156Z	129108.343	17.88	60	5.07
0.0	cassandra-001	2017-07-27T17:26:37.244494239Z	0.0	28.55	60	0.7
111135.359	spark-master	2017-07-27T17:26:39.244595592Z	129153.122	17.88	60	0.41
0.0	cassandra-001	2017-07-27T17:26:46.244801861Z	0.0	28.55	48	0.61
111210.592	spark-master	2017-07-27T17:26:48.244721305Z	129253.346	17.88	45	0.39
0.0	cassandra-001	2017-07-27T17:26:55.244707195Z	0.0	28.55	45	5.24
111270.911	spark-master	2017-07-27T17:26:57.244539287Z	129336.16	17.88	45	0.51
0.0	cassandra-001	2017-07-27T17:27:04.244772778Z	0.0	28.55	45	0.59
111368.647	spark-master	2017-07-27T17:27:06.244617175Z	129417.684	17.88	45	0.44
0.0	cassandra-001	2017-07-27T17:27:13.244704077Z	0.0	28.55	45	0.68
111430.099	spark-master	2017-07-27T17:27:15.244428532Z	129500.203	17.88	45	4.85
0.0	cassandra-001	2017-07-27T17:27:22.244642792Z	0.0	28.55	45	0.66
111415.925	spark-master	2017-07-27T17:27:24.244585977Z	129534.481	17.88	45	0.48
0.0	cassandra-001	2017-07-27T17:27:31.244787438Z	0.0	28.55	45	0.61
111474.459	spark-master	2017-07-27T17:27:33.244585172Z	129617.279	17.87	45	0.7
0.0	cassandra-001	2017-07-27T17:27:40.244526448Z	0.0	28.55	45	4.52
111533.028	spark-master	2017-07-27T17:27:42.244724076Z	129695.847	17.87	45	0.52
0.0	cassandra-001	2017-07-27T17:27:49.244450824Z	0.0	28.55	45	0.65
111635.781	spark-master	2017-07-27T17:27:51.244503846Z	129782.996	17.87	45	0.47
0.0	cassandra-001	2017-07-27T17:27:58.244723Z	0.0	28.55	45	0.66
111695.373	spark-master	2017-07-27T17:28:00.244581213Z	129864.41	17.87	45	4.8
0.0	cassandra-001	2017-07-27T17:28:07.244583843Z	0.0	28.58	45	0.69
111678.912	spark-master	2017-07-27T17:28:09.244558214Z	129896.686	17.87	45	0.51
0.0	cassandra-001	2017-07-27T17:28:16.244569977Z	0.0	28.59	45	0.62
111736.81	spark-master	2017-07-27T17:28:18.244569363Z	129977.355	17.86	45	0.51
0.0	cassandra-001	2017-07-27T17:28:25.24455684Z	0.0	28.59	45	6.25
111797.714	spark-master	2017-07-27T17:28:27.244172752Z	130056.599	17.87	45	0.52
0.0	cassandra-001	2017-07-27T17:28:34.244094745Z	0.0	28.59	45	0.68
111899.765	spark-master	2017-07-27T17:28:36.24452208Z	130143.457	17.87	45	0.4
0.0	cassandra-001	2017-07-27T17:28:43.244631858Z	0.0	28.6	45	0.64
111958.122	spark-master	2017-07-27T17:28:45.244543251Z	130225.413	17.87	45	4.71
0.0	cassandra-001	2017-07-27T17:28:52.244452969Z	0.0	28.62	45	0.64
111941.416	spark-master	2017-07-27T17:28:54.244711474Z	130257.662	17.87	45	0.43
0.0	cassandra-001	2017-07-27T17:29:01.244456221Z	0.0	28.62	45	0.65
112001.356	spark-master	2017-07-27T17:29:03.244535678Z	130338.391	17.86	45	0.82
0.0	cassandra-001	2017-07-27T17:29:10.244530495Z	0.0	28.62	45	4.11
112056.996	spark-master	2017-07-27T17:29:12.244614382Z	130420.251	17.86	45	0.43
0.0	cassandra-001	2017-07-27T17:29:19.244680639Z	0.0	28.64	45	0.68
112161.346	spark-master	2017-07-27T17:29:21.244623297Z	130508.808	17.86	45	0.47
0.0	cassandra-001	2017-07-27T17:29:28.244124016Z	0.0	28.64	45	0.61
112217.684	spark-master	2017-07-27T17:29:30.244512957Z	130588.296	17.86	45	4.93
0.0	cassandra-001	2017-07-27T17:29:37.244470586Z	0.0	28.64	45	0.69
112200.412	spark-master	2017-07-27T17:29:39.244522401Z	130621.147	17.86	45	0.45
0.0	cassandra-001	2017-07-27T17:29:46.244446618Z	0.0	28.64	45	0.65
112258.588	spark-master	2017-07-27T17:29:48.244584233Z	130702.266	17.86	45	0.42
0.0	cassandra-001	2017-07-27T17:29:55.244644936Z	0.0	28.65	33	5.25
112313.713	spark-master	2017-07-27T17:29:57.244621961Z	130776.561	17.86	30	2.35
0.0	cassandra-001	2017-07-27T17:30:04.244601352Z	0.0	28.67	30	0.63
112383.46	spark-master	2017-07-27T17:30:06.24461212Z	130835.369	17.86	30	0.39
0.0	cassandra-001	2017-07-27T17:30:13.244595403Z	0.0	28.67	30	0.67
112422.699	spark-master	2017-07-27T17:30:15.244487235Z	130888.325	17.86	30	3.81
0.0	cassandra-001	2017-07-27T17:30:22.244614823Z	0.0	28.67	30	0.53
112412.617	spark-master	2017-07-27T17:30:24.244557915Z	130911.604	17.86	30	0.38
0.0	cassandra-001	2017-07-27T17:30:31.244604156Z	0.0	28.67	30	0.66
112452.9	spark-master	2017-07-27T17:30:33.244560675Z	130966.115	17.86	30	0.58
0.0	cassandra-001	2017-07-27T17:30:40.244584481Z	0.0	28.67	30	3.42
112493.024	spark-master	2017-07-27T17:30:42.244579598Z	131021.382	17.86	30	0.46
0.0	cassandra-001	2017-07-27T17:30:49.24453474Z	0.0	28.67	30	0.69
112562.381	spark-master	2017-07-27T17:30:51.244779412Z	131079.913	17.85	30	0.43
0.0	cassandra-001	2017-07-27T17:30:58.244586633Z	0.0	28.67	30	0.65
112602.408	spark-master	2017-07-27T17:31:00.244627151Z	131136.483	17.85	30	4.62
0.0	cassandra-001	2017-07-27T17:31:07.244472237Z	0.0	28.67	30	0.68
112592.555	spark-master	2017-07-27T17:31:09.244570711Z	131157.813	17.85	30	0.45
0.0	cassandra-001	2017-07-27T17:31:16.244635556Z	0.0	28.67	30	0.68
112631.432	spark-master	2017-07-27T17:31:18.24464325Z	131212.191	17.85	30	0.41
0.0	cassandra-001	2017-07-27T17:31:25.244592337Z	0.0	28.67	30	4.97
112671.581	spark-master	2017-07-27T17:31:27.244381777Z	131267.229	17.85	30	0.51
0.0	cassandra-001	2017-07-27T17:31:34.244526321Z	0.0	28.67	30	0.66
112741.949	spark-master	2017-07-27T17:31:36.244575124Z	131325.893	17.85	30	0.45
0.0	cassandra-001	2017-07-27T17:31:43.244575895Z	0.0	28.67	30	0.69
112781.259	spark-master	2017-07-27T17:31:45.244348676Z	131380.359	17.84	30	4.85
0.0	cassandra-001	2017-07-27T17:31:52.244657236Z	0.0	28.68	30	0.61
112772.798	spark-master	2017-07-27T17:31:54.244509693Z	131405.036	17.84	30	0.45
0.0	cassandra-001	2017-07-27T17:32:01.244551676Z	0.0	28.68	30	0.63
112811.22	spark-master	2017-07-27T17:32:03.244677603Z	131458.793	17.84	30	0.65
0.0	cassandra-001	2017-07-27T17:32:10.244590908Z	0.0	28.68	30	3.9
112851.487	spark-master	2017-07-27T17:32:12.244605384Z	131513.032	17.84	30	0.42
0.0	cassandra-001	2017-07-27T17:32:19.244057632Z	0.0	28.68	30	0.47
112919.635	spark-master	2017-07-27T17:32:21.244682272Z	131573.042	17.84	30	0.43
0.0	cassandra-001	2017-07-27T17:32:28.24462547Z	0.0	28.68	30	0.66
112956.956	spark-master	2017-07-27T17:32:30.244581009Z	131626.296	17.84	30	4.43
0.0	cassandra-001	2017-07-27T17:32:37.24456007Z	0.0	28.68	30	0.67
112949.263	spark-master	2017-07-27T17:32:39.244634937Z	131649.691	17.84	30	0.44
0.0	cassandra-001	2017-07-27T17:32:46.244590898Z	0.0	28.68	30	0.66
112988.25	spark-master	2017-07-27T17:32:48.244760047Z	131703.893	17.84	30	0.42
0.0	cassandra-001	2017-07-27T17:32:55.24465172Z	0.0	28.68	30	4.23
113028.651	spark-master	2017-07-27T17:32:57.24462638Z	131759.288	17.84	30	0.47
0.0	cassandra-001	2017-07-27T17:33:04.244581678Z	0.0	28.68	18	0.77
113081.226	spark-master	2017-07-27T17:33:06.244731137Z	131808.704	17.84	15	0.42
0.0	cassandra-001	2017-07-27T17:33:13.244575615Z	0.0	28.68	15	0.67
113095.035	spark-master	2017-07-27T17:33:15.244629159Z	131835.453	17.84	15	3.93
0.0	cassandra-001	2017-07-27T17:33:22.244827162Z	0.0	28.68	15	0.65
113091.414	spark-master	2017-07-27T17:33:24.24484333Z	131848.792	17.84	15	0.47
0.0	cassandra-001	2017-07-27T17:33:31.244799246Z	0.0	28.68	15	0.69
113113.383	spark-master	2017-07-27T17:33:33.244605317Z	131878.982	17.84	15	0.64
0.0	cassandra-001	2017-07-27T17:33:40.244780143Z	0.0	28.68	15	3.37
113135.861	spark-master	2017-07-27T17:33:42.244469311Z	131909.472	17.84	15	0.48
0.0	cassandra-001	2017-07-27T17:33:49.24422304Z	0.0	28.68	15	0.58
113171.033	spark-master	2017-07-27T17:33:51.244774758Z	131937.938	17.84	15	0.48
0.0	cassandra-001	2017-07-27T17:33:58.244905195Z	0.0	28.68	15	0.66
113191.809	spark-master	2017-07-27T17:34:00.244868497Z	131965.721	17.84	15	4.2
0.0	cassandra-001	2017-07-27T17:34:07.244198349Z	0.0	28.68	15	0.65
113187.235	spark-master	2017-07-27T17:34:09.244133189Z	131978.247	17.84	15	0.51
0.0	cassandra-001	2017-07-27T17:34:16.244578676Z	0.0	28.68	15	0.66
113208.556	spark-master	2017-07-27T17:34:18.244691456Z	132007.027	17.83	15	0.56
0.0	cassandra-001	2017-07-27T17:34:25.244822656Z	0.0	28.68	15	4.58
113229.978	spark-master	2017-07-27T17:34:27.244564489Z	132036.067	17.83	15	0.57
0.0	cassandra-001	2017-07-27T17:34:34.244764245Z	0.0	28.68	15	0.72
113265.385	spark-master	2017-07-27T17:34:36.244838577Z	132065.815	17.83	15	0.49
0.0	cassandra-001	2017-07-27T17:34:43.245239703Z	0.0	28.68	15	0.67
113285.312	spark-master	2017-07-27T17:34:45.244667578Z	132093.628	17.84	15	3.79
0.0	cassandra-001	2017-07-27T17:34:52.244645285Z	0.0	28.68	15	0.66
113281.309	spark-master	2017-07-27T17:34:54.244651372Z	132106.064	17.84	15	0.45
0.0	cassandra-001	2017-07-27T17:35:01.24454372Z	0.0	28.68	15	0.64
113302.816	spark-master	2017-07-27T17:35:03.244633246Z	132134.442	17.83	15	0.7
0.0	cassandra-001	2017-07-27T17:35:10.244532196Z	0.0	28.68	15	2.99
113322.595	spark-master	2017-07-27T17:35:12.244619562Z	132161.462	17.83	15	0.49
0.0	cassandra-001	2017-07-27T17:35:19.244436905Z	0.0	28.68	15	0.7
113358.836	spark-master	2017-07-27T17:35:21.244521119Z	132192.24	17.83	15	0.45
0.0	cassandra-001	2017-07-27T17:35:28.244566822Z	0.0	28.68	15	0.61
113379.036	spark-master	2017-07-27T17:35:30.244629373Z	132220.912	17.83	15	3.56
0.0	cassandra-001	2017-07-27T17:35:37.244359239Z	0.0	28.68	15	0.65
113374.767	spark-master	2017-07-27T17:35:39.244546712Z	132232.395	17.83	15	0.44
0.0	cassandra-001	2017-07-27T17:35:46.244486651Z	0.0	28.68	15	0.58
113394.134	spark-master	2017-07-27T17:35:48.244466339Z	132259.877	17.84	15	0.43
0.0	cassandra-001	2017-07-27T17:35:55.244077334Z	0.0	28.68	15	3.45
113415.584	spark-master	2017-07-27T17:35:57.244569815Z	132288.822	17.83	15	0.51
0.0	cassandra-001	2017-07-27T17:36:04.244717419Z	0.0	28.68	15	0.67
113450.913	spark-master	2017-07-27T17:36:06.244317449Z	132319.405	17.82	15	0.5
0.0	cassandra-001	2017-07-27T17:36:13.244554588Z	0.0	28.68	8	0.65
113457.446	spark-master	2017-07-27T17:36:15.244747795Z	132338.046	17.82	6	3.95
0.0	cassandra-001	2017-07-27T17:36:22.244305906Z	0.0	28.68	0	0.6
113453.351	spark-master	2017-07-27T17:36:24.244573654Z	132340.379	17.82	0	0.4
0.0	cassandra-001	2017-07-27T17:36:31.244060198Z	0.0	28.68	0	0.67
113453.945	spark-master	2017-07-27T17:36:33.244450873Z	132341.399	17.82	0	0.65
0.0	cassandra-001	2017-07-27T17:36:40.244622889Z	0.0	28.68	0	0.61
113455.291	spark-master	2017-07-27T17:36:42.24467638Z	132343.775	17.82	0	0.54
0.0	cassandra-001	2017-07-27T17:36:49.244889572Z	0.0	28.68	0	0.68
113456.622	spark-master	2017-07-27T17:36:51.244501005Z	132346.25	17.82	0	0.51
0.0	cassandra-001	2017-07-27T17:36:58.244684015Z	0.0	28.68	0	0.66
113457.815	spark-master	2017-07-27T17:37:00.244705385Z	132348.383	17.82	0	3.01
0.0	cassandra-001	2017-07-27T17:37:07.244100433Z	0.0	28.68	0	0.59
113458.007	spark-master	2017-07-27T17:37:09.244645344Z	132348.808	17.82	0	0.48
0.0	cassandra-001	2017-07-27T17:37:16.24451907Z	0.0	28.68	0	0.64
113459.209	spark-master	2017-07-27T17:37:18.244560074Z	132351.184	17.82	0	0.47
0.0	cassandra-001	2017-07-27T17:37:25.244813384Z	0.0	28.68	0	1.11
113460.57	spark-master	2017-07-27T17:37:27.244540753Z	132353.629	17.82	0	0.59
0.0	cassandra-001	2017-07-27T17:37:34.24442593Z	0.0	28.68	0	0.65
113461.967	spark-master	2017-07-27T17:37:36.244157715Z	132355.792	17.82	0	0.42
0.0	cassandra-001	2017-07-27T17:37:43.244525804Z	0.0	28.68	0	0.66
113463.247	spark-master	2017-07-27T17:37:45.24453073Z	132358.168	17.82	0	2.93
0.0	cassandra-001	2017-07-27T17:37:52.244489232Z	0.0	28.68	0	0.67
113463.857	spark-master	2017-07-27T17:37:54.244822786Z	132359.305	17.82	0	0.39
0.0	cassandra-001	2017-07-27T17:38:01.244456308Z	0.0	28.68	0	0.65
113465.047	spark-master	2017-07-27T17:38:03.244572955Z	132361.609	17.82	0	0.59
0.0	cassandra-001	2017-07-27T17:38:10.244591679Z	0.0	28.68	0	0.61
113466.029	spark-master	2017-07-27T17:38:12.244202436Z	132363.201	17.82	0	80.34
0.0	cassandra-001	2017-07-27T17:38:19.24445421Z	0.0	28.68	0	0.71
113467.564	spark-master	2017-07-27T17:38:21.244569038Z	132365.894	17.82	0	0.4
0.0	cassandra-001	2017-07-27T17:38:28.244616688Z	0.0	28.68	0	0.56
113468.225	spark-master	2017-07-27T17:38:30.244656489Z	132367.285	17.82	0	2.85
0.0	cassandra-001	2017-07-27T17:38:37.244539186Z	0.0	28.68	0	0.64
113468.883	spark-master	2017-07-27T17:38:39.244539524Z	132368.452	17.82	0	0.42
0.0	cassandra-001	2017-07-27T17:38:46.244404376Z	0.0	28.68	0	0.68
113470.043	spark-master	2017-07-27T17:38:48.244518427Z	132370.786	17.82	0	0.35
0.0	cassandra-001	2017-07-27T17:38:55.244496544Z	0.0	28.68	0	1.88
113471.446	spark-master	2017-07-27T17:38:57.244546556Z	132373.273	17.82	0	0.41
0.0	cassandra-001	2017-07-27T17:39:04.245425535Z	0.0	28.68	0	0.6
113472.465	spark-master	2017-07-27T17:39:06.244539213Z	132375.436	17.82	0	0.39
0.0	cassandra-001	2017-07-27T17:39:13.244569589Z	0.0	28.68	0	0.66
113473.625	spark-master	2017-07-27T17:39:15.244572134Z	132377.77	17.82	0	3.05
0.0	cassandra-001	2017-07-27T17:39:22.244882689Z	0.0	28.68	1	0.67
113473.847	spark-master	2017-07-27T17:39:24.244501277Z	132378.165	17.82	2	0.37
0.0	cassandra-001	2017-07-27T17:39:31.244829293Z	0.0	28.68	5	0.64
113480.281	spark-master	2017-07-27T17:39:33.244550376Z	132386.222	17.82	6	0.55
0.0	cassandra-001	2017-07-27T17:39:40.244404551Z	0.0	28.68	10	2.72
113492.842	spark-master	2017-07-27T17:39:42.244628822Z	132402.579	17.82	10	0.38
0.0	cassandra-001	2017-07-27T17:39:49.244448761Z	0.0	28.68	14	0.64
113524.506	spark-master	2017-07-27T17:39:51.24457913Z	132428.494	17.81	15	0.51
0.0	cassandra-001	2017-07-27T17:39:58.244518409Z	0.0	28.68	18	0.61
113553.302	spark-master	2017-07-27T17:40:00.244472942Z	132462.125	17.81	19	2.62
0.0	cassandra-001	2017-07-27T17:40:07.244750634Z	0.0	28.68	21	0.66
113549.509	spark-master	2017-07-27T17:40:09.244493213Z	132478.698	17.81	22	0.44
0.0	cassandra-001	2017-07-27T17:40:16.244513398Z	0.0	28.68	24	0.64
113579.502	spark-master	2017-07-27T17:40:18.244597361Z	132520.054	17.81	25	0.46
0.0	cassandra-001	2017-07-27T17:40:25.244629835Z	0.0	28.68	27	4.68
113613.665	spark-master	2017-07-27T17:40:27.244483201Z	132566.965	17.81	27	0.47
0.0	cassandra-001	2017-07-27T17:40:34.244632837Z	0.0	28.68	29	0.64
113679.901	spark-master	2017-07-27T17:40:36.244472956Z	132621.776	17.81	30	0.46
0.0	cassandra-001	2017-07-27T17:40:43.244517868Z	0.0	28.68	32	0.67
113723.918	spark-master	2017-07-27T17:40:45.244458153Z	132680.003	17.81	32	4.87
0.0	cassandra-001	2017-07-27T17:40:52.244543847Z	0.0	28.68	35	0.64
113713.585	spark-master	2017-07-27T17:40:54.24425897Z	132705.293	17.81	35	0.46
0.0	cassandra-001	2017-07-27T17:41:01.244467096Z	0.0	28.68	37	0.68
113760.033	spark-master	2017-07-27T17:41:03.244673194Z	132770.53	17.81	38	0.66
0.0	cassandra-001	2017-07-27T17:41:10.244482172Z	0.0	28.68	40	4.3
113811.079	spark-master	2017-07-27T17:41:12.244501479Z	132840.38	17.81	41	0.52
0.0	cassandra-001	2017-07-27T17:41:19.244501318Z	0.0	28.68	42	0.66
113909.007	spark-master	2017-07-27T17:41:21.244555112Z	132921.723	17.81	43	0.47
0.0	cassandra-001	2017-07-27T17:41:28.244543872Z	0.0	28.68	45	0.61
113968.244	spark-master	2017-07-27T17:41:30.244613659Z	133000.558	17.81	45	4.74
0.0	cassandra-001	2017-07-27T17:41:37.244630065Z	0.0	28.68	47	0.71
113954.48	spark-master	2017-07-27T17:41:39.244588166Z	133035.386	17.81	48	0.44
0.0	cassandra-001	2017-07-27T17:41:46.244591304Z	0.0	28.68	49	0.66
114017.266	spark-master	2017-07-27T17:41:48.244559165Z	133124.123	17.8	50	0.4
0.0	cassandra-001	2017-07-27T17:41:55.244501654Z	0.0	28.68	52	6.01
114085.263	spark-master	2017-07-27T17:41:57.244613679Z	133215.788	17.8	52	0.49
0.0	cassandra-001	2017-07-27T17:42:04.244567058Z	0.0	28.68	54	0.67
114207.966	spark-master	2017-07-27T17:42:06.244551057Z	133318.04	17.8	55	0.4
0.0	cassandra-001	2017-07-27T17:42:13.244450348Z	0.0	28.68	57	0.65
114282.948	spark-master	2017-07-27T17:42:15.244538848Z	133417.384	17.8	58	5.95
0.0	cassandra-001	2017-07-27T17:42:22.244884917Z	0.0	28.68	60	0.6
114262.759	spark-master	2017-07-27T17:42:24.244885035Z	133461.253	17.8	60	0.45
0.0	cassandra-001	2017-07-27T17:42:31.24449026Z	0.0	28.68	62	0.69
114338.923	spark-master	2017-07-27T17:42:33.244551324Z	133572.908	17.8	62	0.63
0.0	cassandra-001	2017-07-27T17:42:40.244626282Z	0.0	28.68	64	5.08
114422.88	spark-master	2017-07-27T17:42:42.244670652Z	133684.328	17.8	65	0.42
0.0	cassandra-001	2017-07-27T17:42:49.244581169Z	0.0	28.69	67	0.67
114575.572	spark-master	2017-07-27T17:42:51.244500215Z	133811.281	17.79	67	0.47
0.0	cassandra-001	2017-07-27T17:42:58.244530976Z	0.0	28.69	69	0.62
114663.131	spark-master	2017-07-27T17:43:00.244355497Z	133931.978	17.79	69	4.13
0.0	cassandra-001	2017-07-27T17:43:07.244299072Z	0.0	28.69	71	0.65
114639.283	spark-master	2017-07-27T17:43:09.244624672Z	133985.129	17.79	71	0.46
0.0	cassandra-001	2017-07-27T17:43:16.244615398Z	0.0	28.69	73	0.59
114733.653	spark-master	2017-07-27T17:43:18.24450731Z	134111.835	17.79	74	0.48
0.0	cassandra-001	2017-07-27T17:43:25.24483773Z	0.0	28.69	75	7.66
114828.409	spark-master	2017-07-27T17:43:27.244365376Z	134243.021	17.79	76	0.52
0.0	cassandra-001	2017-07-27T17:43:34.244715769Z	0.0	28.69	77	0.62
115005.271	spark-master	2017-07-27T17:43:36.244661749Z	134390.917	17.79	78	1.42
0.0	cassandra-001	2017-07-27T17:43:43.244752198Z	0.0	28.68	79	0.61
115103.338	spark-master	2017-07-27T17:43:45.244778841Z	134529.541	17.78	80	6.22
0.0	cassandra-001	2017-07-27T17:43:52.244559889Z	0.0	28.68	81	0.59
115074.903	spark-master	2017-07-27T17:43:54.244620694Z	134592.142	17.78	82	0.41
0.0	cassandra-001	2017-07-27T17:44:01.244505586Z	0.0	28.68	83	0.66
115178.329	spark-master	2017-07-27T17:44:03.244602941Z	134735.539	17.78	84	0.55
0.0	cassandra-001	2017-07-27T17:44:10.244630208Z	0.0	28.68	85	7.25
115285.734	spark-master	2017-07-27T17:44:12.244652547Z	134885.511	17.78	85	0.38
0.0	cassandra-001	2017-07-27T17:44:19.244652612Z	0.0	28.68	87	0.67
115484.607	spark-master	2017-07-27T17:44:21.244414379Z	135050.279	17.78	87	0.39
0.0	cassandra-001	2017-07-27T17:44:28.244588742Z	0.0	28.68	89	0.59
115595.789	spark-master	2017-07-27T17:44:30.244083374Z	135205.38	17.78	89	5.32
0.0	cassandra-001	2017-07-27T17:44:37.244590815Z	0.0	28.68	90	0.7
115563.953	spark-master	2017-07-27T17:44:39.244664423Z	135272.12	17.78	90	0.39
0.0	cassandra-001	2017-07-27T17:44:46.244534714Z	0.0	28.68	90	0.62
115677.124	spark-master	2017-07-27T17:44:48.244611062Z	135429.954	17.79	90	0.4
0.0	cassandra-001	2017-07-27T17:44:55.244572074Z	0.0	28.68	90	7.07
115791.711	spark-master	2017-07-27T17:44:57.244568336Z	135587.788	17.79	90	0.49
0.0	cassandra-001	2017-07-27T17:45:04.244614683Z	0.0	28.68	90	0.63
115992.909	spark-master	2017-07-27T17:45:06.244628093Z	135757.342	17.78	90	0.39
0.0	cassandra-001	2017-07-27T17:45:13.244678347Z	0.0	28.68	90	0.67
116106.739	spark-master	2017-07-27T17:45:15.244624455Z	135917.997	17.78	90	4.67
0.0	cassandra-001	2017-07-27T17:45:22.244133071Z	0.0	28.68	90	0.68
116074.213	spark-master	2017-07-27T17:45:24.244107024Z	135987.211	17.78	90	0.38
0.0	cassandra-001	2017-07-27T17:45:31.244504964Z	0.0	28.68	90	0.67
116187.198	spark-master	2017-07-27T17:45:33.24457152Z	136140.225	17.77	90	0.6
0.0	cassandra-001	2017-07-27T17:45:40.244320271Z	0.0	28.68	90	6.22
116302.629	spark-master	2017-07-27T17:45:42.24452029Z	136297.362	17.77	90	0.48
0.0	cassandra-001	2017-07-27T17:45:49.244663805Z	0.0	28.68	90	0.66
116504.181	spark-master	2017-07-27T17:45:51.244708077Z	136465.976	17.77	90	0.45
0.0	cassandra-001	2017-07-27T17:45:58.244480944Z	0.0	28.68	90	0.69
116618.649	spark-master	2017-07-27T17:46:00.244739898Z	136620.322	17.77	90	5.8
0.0	cassandra-001	2017-07-27T17:46:07.24459058Z	0.0	28.68	90	0.69
116585.157	spark-master	2017-07-27T17:46:09.24451146Z	136683.398	17.76	90	0.41
0.0	cassandra-001	2017-07-27T17:46:16.24412538Z	0.0	28.68	90	0.64
116700.724	spark-master	2017-07-27T17:46:18.244457898Z	136843.118	17.76	90	0.38
0.0	cassandra-001	2017-07-27T17:46:25.244651004Z	0.0	28.68	90	7.51
116816.416	spark-master	2017-07-27T17:46:27.244651038Z	137004.44	17.75	90	0.47
0.0	cassandra-001	2017-07-27T17:46:34.244133877Z	0.0	28.68	90	0.67
117018.547	spark-master	2017-07-27T17:46:36.244133094Z	137173.833	17.75	90	0.34
0.0	cassandra-001	2017-07-27T17:46:43.244557539Z	0.0	28.68	90	0.68
117135.457	spark-master	2017-07-27T17:46:45.24482358Z	137330.742	17.75	90	6.5
0.0	cassandra-001	2017-07-27T17:46:52.244471984Z	0.0	28.68	90	0.68
117106.297	spark-master	2017-07-27T17:46:54.244544831Z	137396.32	17.76	90	0.36
0.0	cassandra-001	2017-07-27T17:47:01.24450508Z	0.0	28.68	90	0.71
117220.721	spark-master	2017-07-27T17:47:03.244682785Z	137552.877	17.75	90	0.54
0.0	cassandra-001	2017-07-27T17:47:10.244251806Z	0.0	28.68	90	6.54
117338.239	spark-master	2017-07-27T17:47:12.244198732Z	137709.299	17.75	90	0.41
0.0	cassandra-001	2017-07-27T17:47:19.244585249Z	0.0	28.68	90	0.69
117542.064	spark-master	2017-07-27T17:47:21.244687562Z	137875.131	17.74	90	0.42
0.0	cassandra-001	2017-07-27T17:47:28.244561439Z	0.0	28.68	90	0.66
117659.583	spark-master	2017-07-27T17:47:30.244182754Z	138035.192	17.74	90	5.04
0.0	cassandra-001	2017-07-27T17:47:37.244358184Z	0.0	28.68	90	0.68
117627.504	spark-master	2017-07-27T17:47:39.244572818Z	138104.337	17.74	90	0.42
0.0	cassandra-001	2017-07-27T17:47:46.244612474Z	0.0	28.68	90	0.65
117739.407	spark-master	2017-07-27T17:47:48.244591103Z	138264.493	17.74	90	0.4
0.0	cassandra-001	2017-07-27T17:47:55.244580808Z	0.0	28.68	90	8.06
117857.056	spark-master	2017-07-27T17:47:57.24472053Z	138422.353	17.74	90	0.53
0.0	cassandra-001	2017-07-27T17:48:04.244250038Z	0.0	28.67	90	0.65
118060.897	spark-master	2017-07-27T17:48:06.244168585Z	138592.6	17.74	90	0.47
0.0	cassandra-001	2017-07-27T17:48:13.244489156Z	0.0	28.67	90	0.63
118176.224	spark-master	2017-07-27T17:48:15.244852818Z	138751.502	17.73	90	6.72
0.0	cassandra-001	2017-07-27T17:48:22.244367604Z	0.0	28.67	90	0.69
118142.586	spark-master	2017-07-27T17:48:24.244168583Z	138818.521	17.73	90	0.47
0.0	cassandra-001	2017-07-27T17:48:31.244126729Z	0.0	28.67	90	0.58
118255.261	spark-master	2017-07-27T17:48:33.244220472Z	138978.152	17.73	90	0.52
0.0	cassandra-001	2017-07-27T17:48:40.244181924Z	0.0	28.67	90	5.61
118366.916	spark-master	2017-07-27T17:48:42.244124916Z	139137.07	17.73	90	0.46
0.0	cassandra-001	2017-07-27T17:48:49.244500116Z	0.0	28.67	90	0.69
118569.059	spark-master	2017-07-27T17:48:51.24461789Z	139308.599	17.72	90	0.5
0.0	cassandra-001	2017-07-27T17:48:58.244158676Z	0.0	28.67	90	0.63
118681.349	spark-master	2017-07-27T17:49:00.244475287Z	139465.15	17.72	90	5.73
0.0	cassandra-001	2017-07-27T17:49:07.244684756Z	0.0	28.65	90	0.62
118651.308	spark-master	2017-07-27T17:49:09.244591491Z	139532.289	17.72	90	0.43
0.0	cassandra-001	2017-07-27T17:49:16.244278704Z	0.0	28.65	90	0.64
118765.148	spark-master	2017-07-27T17:49:18.244897252Z	139691.837	17.72	90	0.49
0.0	cassandra-001	2017-07-27T17:49:25.244596374Z	0.0	28.65	90	8.23
118878.46	spark-master	2017-07-27T17:49:27.244506028Z	139850.439	17.71	90	0.55
0.0	cassandra-001	2017-07-27T17:49:34.244683297Z	0.0	28.65	90	0.68
119081.908	spark-master	2017-07-27T17:49:36.244487571Z	140023.659	17.71	90	0.47
0.0	cassandra-001	2017-07-27T17:49:43.244572979Z	0.0	28.65	90	0.66
119188.781	spark-master	2017-07-27T17:49:45.244586691Z	140180.716	17.71	90	16.52
0.0	cassandra-001	2017-07-27T17:49:52.244185333Z	0.0	28.65	90	0.66
119158.389	spark-master	2017-07-27T17:49:54.244673492Z	140250.449	17.71	90	0.52
0.0	cassandra-001	2017-07-27T17:50:01.244461543Z	0.0	28.65	90	0.66
119269.203	spark-master	2017-07-27T17:50:03.244440638Z	140407.734	17.7	90	0.61
0.0	cassandra-001	2017-07-27T17:50:10.244496786Z	0.0	28.65	90	5.99
119385.516	spark-master	2017-07-27T17:50:12.244566273Z	140566.22	17.7	90	0.42
0.0	cassandra-001	2017-07-27T17:50:19.244386944Z	0.0	28.65	90	0.72
119588.503	spark-master	2017-07-27T17:50:21.244812643Z	140735.795	17.7	90	0.46
0.0	cassandra-001	2017-07-27T17:50:28.24498771Z	0.0	28.65	90	0.86
119704.235	spark-master	2017-07-27T17:50:30.245217348Z	140894.583	17.69	90	9.3
0.0	cassandra-001	2017-07-27T17:50:37.244615666Z	0.0	28.65	90	0.69
119671.749	spark-master	2017-07-27T17:50:39.24466747Z	140962.484	17.69	90	0.37
0.0	cassandra-001	2017-07-27T17:50:46.244810151Z	0.0	28.65	90	0.62
119783.214	spark-master	2017-07-27T17:50:48.244457309Z	141119.444	17.69	90	0.46
0.0	cassandra-001	2017-07-27T17:50:55.24459892Z	0.0	28.65	90	7.79
119895.729	spark-master	2017-07-27T17:50:57.244533082Z	141279.983	17.68	90	0.43
0.0	cassandra-001	2017-07-27T17:51:04.244180675Z	0.0	28.65	90	0.62
120097.047	spark-master	2017-07-27T17:51:06.244460367Z	141448.452	17.68	90	0.39
0.0	cassandra-001	2017-07-27T17:51:13.244590246Z	0.0	28.65	90	0.66
120210.529	spark-master	2017-07-27T17:51:15.244532387Z	141605.434	17.68	90	6.23
0.0	cassandra-001	2017-07-27T17:51:22.244151338Z	0.0	28.65	90	0.65
120180.007	spark-master	2017-07-27T17:51:24.244247222Z	141672.559	17.68	90	0.37
0.0	cassandra-001	2017-07-27T17:51:31.244559805Z	0.0	28.65	90	0.66
120294.844	spark-master	2017-07-27T17:51:33.244480761Z	141831.8	17.68	90	0.5
0.0	cassandra-001	2017-07-27T17:51:40.244435995Z	0.0	28.65	90	6.32
120408.35	spark-master	2017-07-27T17:51:42.244171599Z	141987.716	17.67	90	0.38
0.0	cassandra-001	2017-07-27T17:51:49.244537546Z	0.0	28.65	90	0.63
120612.79	spark-master	2017-07-27T17:51:51.244397346Z	142155.948	17.67	90	0.45
0.0	cassandra-001	2017-07-27T17:51:58.244488254Z	0.0	28.65	90	1.27
120725.854	spark-master	2017-07-27T17:52:00.244340136Z	142318.033	17.67	90	5.8
0.0	cassandra-001	2017-07-27T17:52:07.244473799Z	0.0	28.65	90	0.68
120693.443	spark-master	2017-07-27T17:52:09.244606981Z	142386.151	17.67	90	0.45
0.0	cassandra-001	2017-07-27T17:52:16.244121239Z	0.0	28.65	90	0.62
120806.392	spark-master	2017-07-27T17:52:18.2441371Z	142540.868	17.66	90	0.39
0.0	cassandra-001	2017-07-27T17:52:25.244466428Z	0.0	28.66	90	7.59
120919.916	spark-master	2017-07-27T17:52:27.244150047Z	142700.302	17.66	90	0.38
0.0	cassandra-001	2017-07-27T17:52:34.24436029Z	0.0	28.66	90	0.6
121121.223	spark-master	2017-07-27T17:52:36.244335727Z	142869.462	17.67	90	0.39
0.0	cassandra-001	2017-07-27T17:52:43.244784667Z	0.0	28.66	90	0.61
121235.864	spark-master	2017-07-27T17:52:45.244528721Z	143025.915	17.67	90	6.02
0.0	cassandra-001	2017-07-27T17:52:52.244528505Z	0.0	28.66	90	0.68
121208.064	spark-master	2017-07-27T17:52:54.24455809Z	143095.339	17.67	90	0.39
0.0	cassandra-001	2017-07-27T17:53:01.244413913Z	0.0	28.66	90	0.68
121325.317	spark-master	2017-07-27T17:53:03.24449949Z	143252.643	17.67	90	0.56
0.0	cassandra-001	2017-07-27T17:53:10.244420743Z	0.0	28.66	90	7.1
121438.225	spark-master	2017-07-27T17:53:12.244060192Z	143408.006	17.67	90	0.43
0.0	cassandra-001	2017-07-27T17:53:19.244528096Z	0.0	28.66	90	0.64
121643.897	spark-master	2017-07-27T17:53:21.244418137Z	143579.944	17.66	90	0.39
0.0	cassandra-001	2017-07-27T17:53:28.244131255Z	0.0	28.66	90	1.25
121757.658	spark-master	2017-07-27T17:53:30.244216555Z	143737.438	17.66	90	5.76
0.0	cassandra-001	2017-07-27T17:53:37.24440421Z	0.0	28.66	88	0.67
121728.215	spark-master	2017-07-27T17:53:39.244700418Z	143800.971	17.65	86	0.4
0.0	cassandra-001	2017-07-27T17:53:46.244137004Z	0.0	28.66	76	0.67
121833.614	spark-master	2017-07-27T17:53:48.244385713Z	143947.656	17.65	75	0.41
0.0	cassandra-001	2017-07-27T17:53:55.244527709Z	0.0	28.66	68	6.57
121926.274	spark-master	2017-07-27T17:53:57.244646951Z	144073.875	17.65	66	0.41
0.0	cassandra-001	2017-07-27T17:54:04.244085991Z	0.0	28.66	60	0.66
122068.607	spark-master	2017-07-27T17:54:06.244456807Z	144194.365	17.65	60	0.4
0.0	cassandra-001	2017-07-27T17:54:13.244609505Z	0.0	28.66	60	0.66
122144.457	spark-master	2017-07-27T17:54:15.244739631Z	144299.057	17.65	60	7.63
0.0	cassandra-001	2017-07-27T17:54:22.244658773Z	0.0	28.66	60	0.66
122126.906	spark-master	2017-07-27T17:54:24.244311243Z	144342.709	17.65	60	0.42
0.0	cassandra-001	2017-07-27T17:54:31.244494214Z	0.0	28.66	60	0.63
122204.565	spark-master	2017-07-27T17:54:33.244515795Z	144451.082	17.65	60	0.58
0.0	cassandra-001	2017-07-27T17:54:40.244601546Z	0.0	28.66	60	6.78
122282.24	spark-master	2017-07-27T17:54:42.244640231Z	144556.07	17.64	60	0.44
0.0	cassandra-001	2017-07-27T17:54:49.244387836Z	0.0	28.66	60	0.62
122417.89	spark-master	2017-07-27T17:54:51.244404169Z	144670.895	17.64	60	0.45
0.0	cassandra-001	2017-07-27T17:54:58.244307058Z	0.0	28.66	60	1.33
122492.718	spark-master	2017-07-27T17:55:00.24447048Z	144777.584	17.64	60	4.98
0.0	cassandra-001	2017-07-27T17:55:07.244480086Z	0.0	28.66	60	0.7
122472.259	spark-master	2017-07-27T17:55:09.244524123Z	144825.479	17.64	60	0.4
0.0	cassandra-001	2017-07-27T17:55:16.244493103Z	0.0	28.66	60	0.55
122547.502	spark-master	2017-07-27T17:55:18.244609908Z	144934.564	17.64	60	0.45
0.0	cassandra-001	2017-07-27T17:55:25.244465743Z	0.0	28.66	60	7.65
122623.868	spark-master	2017-07-27T17:55:27.244473556Z	145041.06	17.64	60	0.46
0.0	cassandra-001	2017-07-27T17:55:34.244507003Z	0.0	28.66	60	0.67
122761.09	spark-master	2017-07-27T17:55:36.244727976Z	145158.379	17.64	60	0.42
0.0	cassandra-001	2017-07-27T17:55:43.244639608Z	0.0	28.66	60	0.58
122838.607	spark-master	2017-07-27T17:55:45.24475559Z	145264.894	17.64	60	5.42
0.0	cassandra-001	2017-07-27T17:55:52.24456707Z	0.0	28.66	60	0.72
122817.157	spark-master	2017-07-27T17:55:54.244747029Z	145309.288	17.64	60	0.37
0.0	cassandra-001	2017-07-27T17:56:01.244796402Z	0.0	28.66	60	0.63
122894.615	spark-master	2017-07-27T17:56:03.244804263Z	145414.244	17.64	60	0.61
0.0	cassandra-001	2017-07-27T17:56:10.2444216Z	0.0	28.66	60	5.3
122969.487	spark-master	2017-07-27T17:56:12.244550486Z	145523.349	17.64	60	0.46
0.0	cassandra-001	2017-07-27T17:56:19.244739742Z	0.0	28.66	60	0.63
123102.602	spark-master	2017-07-27T17:56:21.24473269Z	145637.053	17.63	60	0.41
0.0	cassandra-001	2017-07-27T17:56:28.24453594Z	0.0	28.66	60	1.02
123179.802	spark-master	2017-07-27T17:56:30.244734516Z	145745.001	17.63	60	4.54
0.0	cassandra-001	2017-07-27T17:56:37.244501224Z	0.0	28.66	60	0.64
123159.104	spark-master	2017-07-27T17:56:39.244534198Z	145789.451	17.64	60	0.49
0.0	cassandra-001	2017-07-27T17:56:46.244684091Z	0.0	28.66	60	0.7
123235.703	spark-master	2017-07-27T17:56:48.244663541Z	145895.984	17.63	60	0.39
0.0	cassandra-001	2017-07-27T17:56:55.244351499Z	0.0	28.66	60	6.1
123312.927	spark-master	2017-07-27T17:56:57.244585643Z	146002.943	17.63	60	0.45
0.0	cassandra-001	2017-07-27T17:57:04.24450611Z	0.0	28.66	60	0.7
123450.187	spark-master	2017-07-27T17:57:06.24436061Z	146114.951	17.62	60	0.39
0.0	cassandra-001	2017-07-27T17:57:13.244497752Z	0.0	28.66	60	0.68
123528.315	spark-master	2017-07-27T17:57:15.244594727Z	146222.184	17.62	60	4.95
0.0	cassandra-001	2017-07-27T17:57:22.244526024Z	0.0	28.66	60	0.68
123509.328	spark-master	2017-07-27T17:57:24.2447465Z	146266.993	17.62	60	0.51
0.0	cassandra-001	2017-07-27T17:57:31.244808586Z	0.0	28.66	60	0.65
123583.832	spark-master	2017-07-27T17:57:33.244823745Z	146371.937	17.62	60	0.67
0.0	cassandra-001	2017-07-27T17:57:40.244735743Z	0.0	28.66	60	5.98
123661.41	spark-master	2017-07-27T17:57:42.244522544Z	146479.501	17.62	60	0.49
0.0	cassandra-001	2017-07-27T17:57:49.244785885Z	0.0	28.66	60	0.62
123797.513	spark-master	2017-07-27T17:57:51.244323053Z	146592.149	17.63	60	0.51
0.0	cassandra-001	2017-07-27T17:57:58.244715664Z	0.0	28.66	60	1.23
123877.395	spark-master	2017-07-27T17:58:00.244348658Z	146699.092	17.62	60	5.38
0.0	cassandra-001	2017-07-27T17:58:07.24476346Z	0.0	28.66	60	0.68
123856.287	spark-master	2017-07-27T17:58:09.244771122Z	146743.088	17.62	60	0.43
0.0	cassandra-001	2017-07-27T17:58:16.244588013Z	0.0	28.66	60	0.67
123933.342	spark-master	2017-07-27T17:58:18.244819493Z	146847.289	17.62	60	0.5
0.0	cassandra-001	2017-07-27T17:58:25.244683095Z	0.0	28.66	60	6.95
124011.225	spark-master	2017-07-27T17:58:27.244588462Z	146955.406	17.62	60	0.49
0.0	cassandra-001	2017-07-27T17:58:34.244707182Z	0.0	28.67	60	3.28
124149.102	spark-master	2017-07-27T17:58:36.244273458Z	147072.465	17.62	60	0.44
0.0	cassandra-001	2017-07-27T17:58:43.244145705Z	0.0	28.64	60	1.16
124225.894	spark-master	2017-07-27T17:58:45.244508895Z	147178.366	17.62	60	5.72
0.0	cassandra-001	2017-07-27T17:58:52.244014011Z	0.0	28.64	60	0.6
124205.548	spark-master	2017-07-27T17:58:54.244642924Z	147223.173	17.62	60	0.46
0.0	cassandra-001	2017-07-27T17:59:01.244544276Z	0.0	28.64	60	0.68
124280.046	spark-master	2017-07-27T17:59:03.244524021Z	147326.953	17.62	60	0.72
0.0	cassandra-001	2017-07-27T17:59:10.244704567Z	0.0	28.64	50	6.03
124353.403	spark-master	2017-07-27T17:59:12.244854382Z	147427.603	17.61	46	0.55
0.0	cassandra-001	2017-07-27T17:59:19.244543049Z	0.0	28.64	34	0.6
124440.624	spark-master	2017-07-27T17:59:21.244617609Z	147507.454	17.61	30	0.44
0.0	cassandra-001	2017-07-27T17:59:28.244387296Z	0.0	28.64	30	0.9
124473.804	spark-master	2017-07-27T17:59:30.244689992Z	147561.033	17.61	30	4.44
0.0	cassandra-001	2017-07-27T17:59:37.244440826Z	0.0	28.63	30	0.74
124465.304	spark-master	2017-07-27T17:59:39.244703038Z	147584.135	17.61	30	0.46
0.0	cassandra-001	2017-07-27T17:59:46.244611234Z	0.0	28.63	30	0.67
124504.445	spark-master	2017-07-27T17:59:48.244525222Z	147638.74	17.6	30	0.47
0.0	cassandra-001	2017-07-27T17:59:55.244637057Z	0.0	28.63	30	4.9
124544.09	spark-master	2017-07-27T17:59:57.244507264Z	147693.112	17.6	30	0.45
0.0	cassandra-001	2017-07-27T18:00:04.244606016Z	0.0	28.64	30	0.71
124614.894	spark-master	2017-07-27T18:00:06.244627541Z	147754.307	17.6	30	0.49
0.0	cassandra-001	2017-07-27T18:00:13.244140371Z	0.0	28.64	30	0.59
124653.981	spark-master	2017-07-27T18:00:15.2444064Z	147809.022	17.6	30	4.14
0.0	cassandra-001	2017-07-27T18:00:22.244685592Z	0.0	28.63	30	0.69
124643.579	spark-master	2017-07-27T18:00:24.244778868Z	147831.442	17.6	30	0.47
0.0	cassandra-001	2017-07-27T18:00:31.244609349Z	0.0	28.64	30	0.68
124681.919	spark-master	2017-07-27T18:00:33.244588539Z	147885.938	17.6	30	0.58
0.0	cassandra-001	2017-07-27T18:00:40.244315778Z	0.0	28.64	30	3.74
124722.272	spark-master	2017-07-27T18:00:42.244558665Z	147941.525	17.6	30	0.49
0.0	cassandra-001	2017-07-27T18:00:49.244333223Z	0.0	28.64	30	0.62
124792.565	spark-master	2017-07-27T18:00:51.244780525Z	148000.647	17.6	30	0.47
0.0	cassandra-001	2017-07-27T18:00:58.244699812Z	0.0	28.64	30	1.29
124834.436	spark-master	2017-07-27T18:01:00.244740622Z	148056.309	17.6	30	4.6
0.0	cassandra-001	2017-07-27T18:01:07.244465044Z	0.0	28.64	30	0.59
124822.23	spark-master	2017-07-27T18:01:09.244446706Z	148079.642	17.6	30	0.44
0.0	cassandra-001	2017-07-27T18:01:16.244452579Z	0.0	28.64	30	0.62
124862.492	spark-master	2017-07-27T18:01:18.244491211Z	148133.47	17.59	30	0.49
0.0	cassandra-001	2017-07-27T18:01:25.244624096Z	0.0	28.64	30	4.81
124902.734	spark-master	2017-07-27T18:01:27.244584512Z	148189.215	17.59	30	0.5
0.0	cassandra-001	2017-07-27T18:01:34.244564988Z	0.0	28.64	30	0.68
124971.255	spark-master	2017-07-27T18:01:36.244503511Z	148248.255	17.59	30	0.44
0.0	cassandra-001	2017-07-27T18:01:43.244523134Z	0.0	28.64	30	0.57
125011.63	spark-master	2017-07-27T18:01:45.244495251Z	148304.034	17.59	30	3.42
0.0	cassandra-001	2017-07-27T18:01:52.24454516Z	0.0	28.64	30	0.72
125000.702	spark-master	2017-07-27T18:01:54.244622787Z	148326.358	17.59	30	0.45
0.0	cassandra-001	2017-07-27T18:02:01.244648359Z	0.0	28.64	30	0.48
125039.573	spark-master	2017-07-27T18:02:03.244581422Z	148382.938	17.58	30	0.61
0.0	cassandra-001	2017-07-27T18:02:10.244340074Z	0.0	28.64	30	4.35
125080.683	spark-master	2017-07-27T18:02:12.244752384Z	148438.772	17.58	30	0.5
0.0	cassandra-001	2017-07-27T18:02:19.2446796Z	0.0	28.64	30	0.68
125148.933	spark-master	2017-07-27T18:02:21.244735721Z	148496.099	17.58	30	0.5
0.0	cassandra-001	2017-07-27T18:02:28.244771672Z	0.0	28.64	30	1.28
125189.326	spark-master	2017-07-27T18:02:30.244659443Z	148552.619	17.58	30	4.37
0.0	cassandra-001	2017-07-27T18:02:37.244468729Z	0.0	28.64	30	0.68
125179.562	spark-master	2017-07-27T18:02:39.244514461Z	148575.801	17.58	30	0.5
0.0	cassandra-001	2017-07-27T18:02:46.244541583Z	0.0	28.64	30	0.62
125219.306	spark-master	2017-07-27T18:02:48.244541188Z	148630.268	17.58	30	0.48
0.0	cassandra-001	2017-07-27T18:02:55.244594542Z	0.0	28.64	30	4.66
125258.429	spark-master	2017-07-27T18:02:57.244551018Z	148685.02	17.58	30	0.53
0.0	cassandra-001	2017-07-27T18:03:04.244575418Z	0.0	28.64	30	0.69
125328.581	spark-master	2017-07-27T18:03:06.244480267Z	148745.502	17.58	30	0.39
0.0	cassandra-001	2017-07-27T18:03:13.244519733Z	0.0	28.64	30	0.66
125368.708	spark-master	2017-07-27T18:03:15.244451921Z	148800.93	17.58	30	4.07
0.0	cassandra-001	2017-07-27T18:03:22.244416466Z	0.0	28.64	30	0.7
125358.161	spark-master	2017-07-27T18:03:24.244587115Z	148824.933	17.58	30	0.49
0.0	cassandra-001	2017-07-27T18:03:31.244632691Z	0.0	28.64	30	0.7
125396.699	spark-master	2017-07-27T18:03:33.244490119Z	148877.268	17.57	30	0.64
0.0	cassandra-001	2017-07-27T18:03:40.244563405Z	0.0	28.64	30	4.48
125437.317	spark-master	2017-07-27T18:03:42.244139682Z	148931.28	17.57	30	0.47
0.0	cassandra-001	2017-07-27T18:03:49.244449148Z	0.0	28.64	30	0.65
125507.891	spark-master	2017-07-27T18:03:51.244446921Z	148991.119	17.57	30	0.52
0.0	cassandra-001	2017-07-27T18:03:58.244558908Z	0.0	28.64	30	1.1
125547.542	spark-master	2017-07-27T18:04:00.244873961Z	149044.882	17.57	30	4.58
0.0	cassandra-001	2017-07-27T18:04:07.24452098Z	0.0	28.64	30	0.61
125537.156	spark-master	2017-07-27T18:04:09.244495051Z	149067.021	17.57	30	0.48
0.0	cassandra-001	2017-07-27T18:04:16.24462098Z	0.0	28.64	30	0.7
125577.665	spark-master	2017-07-27T18:04:18.244175905Z	149120.478	17.57	30	0.35
0.0	cassandra-001	2017-07-27T18:04:25.244662669Z	0.0	28.64	24	5.62
125616.398	spark-master	2017-07-27T18:04:27.244504695Z	149174.908	17.57	20	0.46
0.0	cassandra-001	2017-07-27T18:04:34.244515272Z	0.0	28.64	7	0.59
125644.906	spark-master	2017-07-27T18:04:36.244500739Z	149202.542	17.57	3	0.53
0.0	cassandra-001	2017-07-27T18:04:43.24445349Z	0.0	28.64	0	0.6
125638.873	spark-master	2017-07-27T18:04:45.244714251Z	149204.812	17.57	0	3.1
0.0	cassandra-001	2017-07-27T18:04:52.244624209Z	0.0	28.64	0	0.72
125639.495	spark-master	2017-07-27T18:04:54.244511327Z	149206.021	17.57	0	0.42
0.0	cassandra-001	2017-07-27T18:05:01.244539545Z	0.0	28.64	0	0.64
125640.297	spark-master	2017-07-27T18:05:03.24420014Z	149207.583	17.57	0	0.65
0.0	cassandra-001	2017-07-27T18:05:10.244602389Z	0.0	28.64	0	1.26
125641.099	spark-master	2017-07-27T18:05:12.244598715Z	149209.145	17.58	0	0.48
0.0	cassandra-001	2017-07-27T18:05:19.244460206Z	0.0	28.64	0	0.64
125642.301	spark-master	2017-07-27T18:05:21.244496833Z	149211.521	17.57	0	0.39
0.0	cassandra-001	2017-07-27T18:05:28.24450301Z	0.0	28.64	0	1.29
125643.491	spark-master	2017-07-27T18:05:30.244656515Z	149213.825	17.57	0	2.91
0.0	cassandra-001	2017-07-27T18:05:37.244472626Z	0.0	28.64	0	0.63
125644.215	spark-master	2017-07-27T18:05:39.244576247Z	149214.992	17.57	0	0.36
0.0	cassandra-001	2017-07-27T18:05:46.24459301Z	0.0	28.64	0	0.67
125645.059	spark-master	2017-07-27T18:05:48.244559534Z	149216.596	17.57	0	0.46
0.0	cassandra-001	2017-07-27T18:05:55.244765721Z	0.0	28.64	0	1.93
125645.831	spark-master	2017-07-27T18:05:57.244824152Z	149218.188	17.57	0	0.44
0.0	cassandra-001	2017-07-27T18:06:04.244234385Z	0.0	28.64	0	0.69
125647.063	spark-master	2017-07-27T18:06:06.244745222Z	149220.534	17.57	0	0.43
0.0	cassandra-001	2017-07-27T18:06:13.244559801Z	0.0	28.64	0	0.68
125647.865	spark-master	2017-07-27T18:06:15.244538137Z	149222.096	17.57	0	2.86
0.0	cassandra-001	2017-07-27T18:06:22.244598786Z	0.0	28.64	0	0.7
125648.679	spark-master	2017-07-27T18:06:24.244361806Z	149223.263	17.58	0	0.4
0.0	cassandra-001	2017-07-27T18:06:31.244493247Z	0.0	28.64	0	0.66
125649.481	spark-master	2017-07-27T18:06:33.244707218Z	149224.825	17.58	0	0.6
0.0	cassandra-001	2017-07-27T18:06:40.244752712Z	0.0	28.64	0	1.35
125650.713	spark-master	2017-07-27T18:06:42.24452808Z	149227.171	17.58	0	0.43
0.0	cassandra-001	2017-07-27T18:06:49.244589398Z	0.0	28.64	0	0.66
125651.873	spark-master	2017-07-27T18:06:51.244788948Z	149229.505	17.58	0	0.36
0.0	cassandra-001	2017-07-27T18:06:58.244450013Z	0.0	28.64	0	1.28
125652.467	spark-master	2017-07-27T18:07:00.244447876Z	149230.525	17.58	0	2.13
0.0	cassandra-001	2017-07-27T18:07:07.244642496Z	0.0	28.64	0	0.7
125652.701	spark-master	2017-07-27T18:07:09.244611977Z	149230.992	17.58	0	0.4
0.0	cassandra-001	2017-07-27T18:07:16.244577147Z	0.0	28.64	0	0.47
125653.295	spark-master	2017-07-27T18:07:18.244551728Z	149232.012	17.58	0	0.43
0.0	cassandra-001	2017-07-27T18:07:25.244226384Z	0.0	28.64	0	1.49
125653.859	spark-master	2017-07-27T18:07:27.244636121Z	149233.062	17.6	0	0.46
0.0	cassandra-001	2017-07-27T18:07:34.244632854Z	0.0	28.64	0	0.69
125654.495	spark-master	2017-07-27T18:07:36.244526977Z	149234.124	17.6	0	0.41
0.0	cassandra-001	2017-07-27T18:07:43.244627508Z	0.0	28.64	0	0.63
125655.297	spark-master	2017-07-27T18:07:45.24412511Z	149235.686	17.6	0	2.68
0.0	cassandra-001	2017-07-27T18:07:52.244666874Z	0.0	28.64	0	0.7
125655.955	spark-master	2017-07-27T18:07:54.244603072Z	149236.853	17.6	0	0.45
