container_cpu%	timestamp	memory%	net_send	host_moving_avg_cpu	net_receive	host_cpu	memory_active_anon%	name	memory_rss%	sensor_count
3.18	2019-04-23T20:58:39.993629647Z	87.7	353143.303	nan	39000258.587	0	30.38	kafka-001	30.38	2
3.81	2019-04-23T20:58:47.003820798Z	87.71	54.474	nan	47.892	3.18	30.38	kafka-001	30.38	6
6.38	2019-04-23T20:58:54.015728009Z	87.71	56.889	nan	60.295	3.81	30.38	kafka-001	30.38	10
12.78	2019-04-23T20:59:01.025870303Z	87.91	119.763	nan	8504.686	6.38	30.38	kafka-001	30.38	13
11.93	2019-04-23T20:59:08.038020959Z	88.22	117.767	nan	13004.149	12.78	30.38	kafka-001	30.38	17
24.26	2019-04-23T20:59:15.047960899Z	87.63	131.823	6.35	12494.139	11.93	30.38	kafka-001	30.38	20
15.82	2019-04-23T20:59:22.058998836Z	87.98	177.696	10.39	14791.135	24.26	30.38	kafka-001	30.38	22
20.49	2019-04-23T20:59:29.071564272Z	87.68	182.585	12.5	24904.366	15.82	30.38	kafka-001	30.38	25
17.63	2019-04-23T20:59:36.084174067Z	88.25	236.767	15.28	23881.523	20.49	30.38	kafka-001	30.38	28
28.82	2019-04-23T20:59:43.094621758Z	87.93	193.521	17.15	24210.265	17.63	30.38	kafka-001	30.38	30
21.01	2019-04-23T20:59:50.103748079Z	87.6	261.577	19.82	23869.902	28.82	30.38	kafka-001	30.38	33
25.21	2019-04-23T20:59:57.115708365Z	87.54	239.36	21.34	35304.573	21.01	30.38	kafka-001	30.38	35
29.13	2019-04-23T21:00:04.126894615Z	87.48	245.924	21.5	34527.969	25.21	30.39	kafka-001	30.39	37
25.06	2019-04-23T21:00:11.138361223Z	87.41	321.151	23.72	34669.586	29.13	30.39	kafka-001	30.39	39
27.44	2019-04-23T21:00:18.149567085Z	88.24	258.371	24.48	34940.739	25.06	30.39	kafka-001	30.39	41
31.88	2019-04-23T21:00:25.179417627Z	88.18	342.48	26.11	35059.596	27.44	30.39	kafka-001	30.39	44
32.23	2019-04-23T21:00:32.190840425Z	87.45	302.644	26.62	44547.437	31.88	30.39	kafka-001	30.39	46
32.33	2019-04-23T21:00:39.200503161Z	87.62	303.237	28.49	44679.216	32.23	30.39	kafka-001	30.39	48
31.13	2019-04-23T21:00:46.213214023Z	87.77	401.144	29.68	43677.717	32.33	30.39	kafka-001	30.39	50
34.47	2019-04-23T21:00:53.223090907Z	87.96	320.411	30.01	45591.185	31.13	30.39	kafka-001	30.39	52
35.12	2019-04-23T21:01:00.234566093Z	88.11	415.828	31.58	43946.466	34.47	30.39	kafka-001	30.39	54
38.91	2019-04-23T21:01:07.24561458Z	87.49	349.794	32.86	49371.085	35.12	30.39	kafka-001	30.39	55
34.81	2019-04-23T21:01:14.2566937Z	87.79	351.492	34.03	50028.02	38.91	30.39	kafka-001	30.39	57
39.4	2019-04-23T21:01:21.269597555Z	87.91	472.255	34.46	55550.078	34.81	30.39	kafka-001	30.39	59
38.53	2019-04-23T21:01:28.279525008Z	87.41	378.44	35.64	54648.784	39.4	30.39	kafka-001	30.39	61
42.41	2019-04-23T21:01:35.293024252Z	87.76	486.683	36.87	54414.27	38.53	30.39	kafka-001	30.39	62
35.62	2019-04-23T21:01:42.305597894Z	87.95	385.054	38.2	54198.202	42.41	30.39	kafka-001	30.39	64
39.99	2019-04-23T21:01:49.323612807Z	87.24	392.694	38.28	54904.049	35.62	30.39	kafka-001	30.39	66
40.17	2019-04-23T21:01:56.336640071Z	87.67	546.864	38.46	59477.662	39.99	30.39	kafka-001	30.39	67
43.48	2019-04-23T21:02:03.347682231Z	88.12	424.913	39.35	60843.853	40.17	30.39	kafka-001	30.39	69
39.47	2019-04-23T21:02:10.357788555Z	87.67	539.108	40.03	60562.862	43.48	30.39	kafka-001	30.39	70
42.84	2019-04-23T21:02:17.368845074Z	88.22	434.312	40.19	60625.608	39.47	30.39	kafka-001	30.39	72
39.62	2019-04-23T21:02:24.379813628Z	87.84	430.288	40.26	59054.373	42.84	30.39	kafka-001	30.39	73
49.46	2019-04-23T21:02:31.395724161Z	88.24	571.288	40.93	63406.934	39.62	30.39	kafka-001	30.39	75
45.26	2019-04-23T21:02:38.407455243Z	88.07	463.65	42.51	67960.544	49.46	30.39	kafka-001	30.39	76
54.37	2019-04-23T21:02:45.421832071Z	87.96	604.719	43.35	70428.828	45.26	30.39	kafka-001	30.39	77
46.89	2019-04-23T21:02:52.432941439Z	88.0	492.539	45.17	76923.823	54.37	30.39	kafka-001	30.39	79
61.49	2019-04-23T21:02:59.444828207Z	88.02	498.041	46.41	74613.083	46.89	30.44	kafka-001	30.44	80
43.91	2019-04-23T21:03:06.45674943Z	87.81	640.674	49.51	77433.443	61.49	30.44	kafka-001	30.44	82
56.1	2019-04-23T21:03:13.467573862Z	87.83	506.937	50.23	75554.067	43.91	30.44	kafka-001	30.44	83
51.19	2019-04-23T21:03:20.479303483Z	87.85	652.858	51.34	75697.429	56.1	30.44	kafka-001	30.44	85
63.32	2019-04-23T21:03:27.492032315Z	87.84	513.408	52.32	76651.663	51.19	30.44	kafka-001	30.44	86
56.64	2019-04-23T21:03:34.504197578Z	87.85	514.606	53.82	75412.544	63.32	30.44	kafka-001	30.44	87
57.73	2019-04-23T21:03:41.516084056Z	87.94	665.511	55.44	78566.434	56.64	30.44	kafka-001	30.44	89
50.85	2019-04-23T21:03:48.526245264Z	87.97	520.735	54.81	76943.2	57.73	30.44	kafka-001	30.44	90
67.87	2019-04-23T21:03:55.540630247Z	87.92	675.55	55.97	76777.571	50.85	30.44	kafka-001	30.44	91
55.36	2019-04-23T21:04:02.553009688Z	88.0	537.238	57.93	78339.633	67.87	30.45	kafka-001	30.45	93
48.94	2019-04-23T21:04:09.563022127Z	87.82	536.959	58.63	76658.768	55.36	30.45	kafka-001	30.45	94
53.23	2019-04-23T21:04:16.575353873Z	87.87	694.301	56.23	77408.358	48.94	30.45	kafka-001	30.45	95
59.63	2019-04-23T21:04:23.586454633Z	87.83	547.387	55.66	77551.847	53.23	30.45	kafka-001	30.45	97
55.54	2019-04-23T21:04:30.596202055Z	87.63	705.542	55.98	77730.43	59.63	30.45	kafka-001	30.45	98
57.79	2019-04-23T21:04:37.609172354Z	87.56	546.063	56.76	74343.116	55.54	30.45	kafka-001	30.45	99
61.57	2019-04-23T21:04:44.617624279Z	87.6	557.176	55.08	78774.942	57.79	30.45	kafka-001	30.45	100
58.48	2019-04-23T21:04:51.628498004Z	87.69	730.047	56.12	78894.61	61.57	30.45	kafka-001	30.45	101
53.92	2019-04-23T21:04:58.637868105Z	87.5	567.816	57.71	78114.721	58.48	30.45	kafka-001	30.45	103
62.82	2019-04-23T21:05:05.647224719Z	87.53	750.3	57.82	76534.002	53.92	30.45	kafka-001	30.45	104
56.04	2019-04-23T21:05:12.654460338Z	87.61	584.563	58.35	78359.814	62.82	30.45	kafka-001	30.45	105
62.06	2019-04-23T21:05:19.667522923Z	87.69	586.991	58.44	78357.281	56.04	30.45	kafka-001	30.45	106
52.51	2019-04-23T21:05:26.675020685Z	87.8	776.956	59.15	79140.582	62.06	30.45	kafka-001	30.45	108
51.16	2019-04-23T21:05:33.682770639Z	87.73	589.687	57.64	76732.086	52.51	30.45	kafka-001	30.45	109
55.36	2019-04-23T21:05:40.690486369Z	87.78	776.776	56.42	77135.633	51.16	30.45	kafka-001	30.45	110
61.57	2019-04-23T21:05:47.701373034Z	87.88	605.905	56.66	79480.754	55.36	30.45	kafka-001	30.45	111
66.23	2019-04-23T21:05:54.711821023Z	87.96	595.09	56.45	78150.021	61.57	30.45	kafka-001	30.45	112
56.3	2019-04-23T21:06:01.7220872Z	88.04	791.906	58.15	78642.131	66.23	30.45	kafka-001	30.45	113
60.86	2019-04-23T21:06:08.733620439Z	88.12	605.824	57.19	78568.584	56.3	30.45	kafka-001	30.45	115
64.4	2019-04-23T21:06:15.743012835Z	88.16	798.827	58.58	76653.695	60.86	30.45	kafka-001	30.45	116
58.55	2019-04-23T21:06:22.753577604Z	87.36	621.519	60.79	79342.66	64.4	30.45	kafka-001	30.45	117
59.06	2019-04-23T21:06:29.764218217Z	87.45	618.407	61.32	79842.472	58.55	30.45	kafka-001	30.45	118
55.98	2019-04-23T21:06:36.774157431Z	87.52	821.95	60.9	78213.171	59.06	30.45	kafka-001	30.45	119
61.63	2019-04-23T21:06:43.782921852Z	87.46	624.455	59.19	72489.306	55.98	30.45	kafka-001	30.45	120
58.9	2019-04-23T21:06:50.791403967Z	87.52	824.639	60.08	77641.997	61.63	30.45	kafka-001	30.45	121
61.45	2019-04-23T21:06:57.800525835Z	87.57	627.597	59.75	79102.535	58.9	30.45	kafka-001	30.45	122
61.02	2019-04-23T21:07:04.807365432Z	87.67	645.3	59.26	79036.281	61.45	30.45	kafka-001	30.45	123
62.11	2019-04-23T21:07:11.826941653Z	87.72	861.485	59.67	77461.526	61.02	30.45	kafka-001	30.45	124
56.7	2019-04-23T21:07:18.835687271Z	87.83	661.322	60.18	79527.126	62.11	30.45	kafka-001	30.45	126
63.96	2019-04-23T21:07:25.845572826Z	87.93	864.949	60.3	79514.956	56.7	30.45	kafka-001	30.45	127
61.04	2019-04-23T21:07:32.855441344Z	88.02	651.21	60.69	79576.237	63.96	30.45	kafka-001	30.45	128
59.73	2019-04-23T21:07:39.863957647Z	88.13	651.642	61.05	79500.784	61.04	30.45	kafka-001	30.45	129
55.38	2019-04-23T21:07:46.875259178Z	88.2	872.715	60.76	78130.636	59.73	30.45	kafka-001	30.45	130
61.65	2019-04-23T21:07:53.88630171Z	88.24	655.956	59.82	79021.245	55.38	30.45	kafka-001	30.45	131
69.17	2019-04-23T21:08:00.893261814Z	87.41	869.734	59.74	78084.174	61.65	30.45	kafka-001	30.45	132
65.77	2019-04-23T21:08:07.903257Z	87.51	665.345	61.82	79382.572	69.17	30.45	kafka-001	30.45	133
63.09	2019-04-23T21:08:14.91135409Z	87.61	666.255	62.12	79148.688	65.77	30.45	kafka-001	30.45	134
39.81	2019-04-23T21:08:21.920741347Z	87.49	896.702	62.46	79117.833	63.09	30.46	kafka-001	30.46	135
63.52	2019-04-23T21:08:28.928773679Z	87.58	680.421	59.14	78862.602	39.81	30.46	kafka-001	30.46	136
69.92	2019-04-23T21:08:35.941177619Z	87.67	905.077	60.5	79051.931	63.52	30.46	kafka-001	30.46	137
60.34	2019-04-23T21:08:42.948001962Z	87.77	682.743	61.88	79039.814	69.92	30.46	kafka-001	30.46	138
62.4	2019-04-23T21:08:49.957978572Z	87.84	690.969	60.41	79202.268	60.34	30.46	kafka-001	30.46	139
70.3	2019-04-23T21:08:56.969206318Z	87.93	926.083	59.85	78976.598	62.4	30.46	kafka-001	30.46	140
63.34	2019-04-23T21:09:03.978897246Z	88.03	691.03	61.05	79344.757	70.3	30.46	kafka-001	30.46	141
65.32	2019-04-23T21:09:10.986854048Z	88.13	931.285	64.97	79251.543	63.34	30.46	kafka-001	30.46	142
68.92	2019-04-23T21:09:17.997514282Z	88.21	697.815	65.27	78392.183	65.32	30.46	kafka-001	30.46	143
66.75	2019-04-23T21:09:25.007881569Z	87.35	700.061	65.1	77039.511	68.92	30.46	kafka-001	30.46	144
60.13	2019-04-23T21:09:32.019941679Z	87.45	937.329	66.17	79184.229	66.75	30.46	kafka-001	30.46	145
65.29	2019-04-23T21:09:39.027815742Z	87.55	706.958	65.79	79524.707	60.13	30.46	kafka-001	30.46	146
57.69	2019-04-23T21:09:46.040345496Z	87.65	948.521	64.96	79394.134	65.29	30.46	kafka-001	30.46	146
64.71	2019-04-23T21:09:53.052998698Z	87.71	706.431	64.02	77701.038	57.69	30.46	kafka-001	30.46	147
63.26	2019-04-23T21:10:00.099769144Z	87.71	959.868	63.91	79439.4	64.71	30.46	kafka-001	30.46	148
65.06	2019-04-23T21:10:07.111965934Z	87.81	722.348	62.97	78822.32	63.26	30.46	kafka-001	30.46	149
61.8	2019-04-23T21:10:14.124068014Z	87.92	723.593	62.69	79877.889	65.06	30.46	kafka-001	30.46	150
67.66	2019-04-23T21:10:21.136679882Z	87.74	963.97	62.97	78324.538	61.8	30.46	kafka-001	30.46	151
65.64	2019-04-23T21:10:28.145996098Z	87.56	721.877	63.36	79248.419	67.66	30.46	kafka-001	30.46	152
70.72	2019-04-23T21:10:35.158553147Z	87.66	981.753	64.69	79370.158	65.64	30.46	kafka-001	30.46	153
59.96	2019-04-23T21:10:42.170105872Z	87.73	729.862	65.69	78085.787	70.72	30.46	kafka-001	30.46	153
67.68	2019-04-23T21:10:49.181320379Z	87.83	733.11	65.14	79040.916	59.96	30.46	kafka-001	30.46	154
64.97	2019-04-23T21:10:56.195587776Z	87.93	992.79	65.58	79462.076	67.68	30.46	kafka-001	30.46	155
66.35	2019-04-23T21:11:03.205228193Z	87.98	737.31	66.1	77029.549	64.97	30.46	kafka-001	30.46	156
63.02	2019-04-23T21:11:10.216599037Z	88.11	1005.961	65.89	80310.545	66.35	30.46	kafka-001	30.46	157
68.36	2019-04-23T21:11:17.228821298Z	87.31	740.639	65.45	79426.733	63.02	30.46	kafka-001	30.46	158
62.01	2019-04-23T21:11:24.239173812Z	87.4	746.907	65.06	79030.38	68.36	30.46	kafka-001	30.46	159
69.18	2019-04-23T21:11:31.248616791Z	87.49	1007.274	65.4	78770.58	62.01	30.46	kafka-001	30.46	159
64.71	2019-04-23T21:11:38.260493114Z	87.58	748.522	65.65	78891.461	69.18	30.46	kafka-001	30.46	160
70.71	2019-04-23T21:11:45.272813533Z	87.71	1015.737	65.6	80154.093	64.71	30.46	kafka-001	30.46	161
59.89	2019-04-23T21:11:52.284087197Z	87.83	759.5	66.33	79857.627	70.71	30.46	kafka-001	30.46	162
70.68	2019-04-23T21:11:59.293973999Z	87.88	758.008	65.81	77537.943	59.89	30.46	kafka-001	30.46	163
64.28	2019-04-23T21:12:06.303574587Z	87.54	1032.359	66.2	79040.464	70.68	30.46	kafka-001	30.46	164
70.62	2019-04-23T21:12:13.314237336Z	87.6	754.901	66.57	77921.091	64.28	30.46	kafka-001	30.46	164
65.89	2019-04-23T21:12:20.324251466Z	87.64	1027.768	66.81	78945.731	70.62	30.46	kafka-001	30.46	165
71.46	2019-04-23T21:12:27.336553351Z	87.76	767.849	67.01	80289.764	65.89	30.46	kafka-001	30.46	166
67.84	2019-04-23T21:12:34.34531215Z	87.51	767.597	67.14	77879.865	71.46	30.46	kafka-001	30.46	167
74.3	2019-04-23T21:12:41.365491113Z	87.55	1036.763	68.46	79254.012	67.84	30.46	kafka-001	30.46	168
64.47	2019-04-23T21:12:48.376116986Z	87.65	782.92	69.06	79258.23	74.3	30.46	kafka-001	30.46	169
76.6	2019-04-23T21:12:55.385824709Z	87.73	1047.701	69.1	78595.421	64.47	30.46	kafka-001	30.46	169
65.13	2019-04-23T21:13:02.397107596Z	87.79	775.593	70.09	77298.944	76.6	30.46	kafka-001	30.46	170
65.08	2019-04-23T21:13:09.418591679Z	87.89	780.933	69.97	79272.096	65.13	30.46	kafka-001	30.46	171
68.49	2019-04-23T21:13:16.429081641Z	87.99	1065.693	68.9	79184.026	65.08	30.46	kafka-001	30.46	172
72.67	2019-04-23T21:13:23.440810776Z	88.09	786.315	69.01	79022.076	68.49	30.46	kafka-001	30.46	173
68.46	2019-04-23T21:13:30.451804003Z	87.29	1071.698	68.74	79075.073	72.67	30.46	kafka-001	30.46	173
75.44	2019-04-23T21:13:37.461770116Z	87.28	794.421	69.4	74703.891	68.46	30.46	kafka-001	30.46	174
78.31	2019-04-23T21:13:44.474439453Z	87.37	794.522	69.21	78240.697	75.44	30.46	kafka-001	30.46	175
69.59	2019-04-23T21:13:51.487385285Z	87.47	1082.686	71.41	79456.137	78.31	30.46	kafka-001	30.46	176
73.77	2019-04-23T21:13:58.50240576Z	87.52	791.545	72.16	77338.973	69.59	30.46	kafka-001	30.46	177
75.07	2019-04-23T21:14:05.513589297Z	87.6	1084.279	73.04	78303.666	73.77	30.46	kafka-001	30.46	178
72.35	2019-04-23T21:14:12.525878312Z	87.7	801.24	73.44	79059.041	75.07	30.46	kafka-001	30.46	178
71.95	2019-04-23T21:14:19.536633068Z	87.7	793.091	74.09	75111.263	72.35	30.46	kafka-001	30.46	179
72.05	2019-04-23T21:14:26.547007196Z	87.81	1105.2	73.51	79671.918	71.95	30.46	kafka-001	30.46	180
59.37	2019-04-23T21:14:33.557633948Z	87.92	813.466	72.46	79663.597	72.05	30.46	kafka-001	30.46	181
74.68	2019-04-23T21:14:40.565924054Z	88.0	1106.197	70.76	78305.825	59.37	30.46	kafka-001	30.46	182
74.91	2019-04-23T21:14:47.576765305Z	87.98	804.302	70.91	73811.142	74.68	30.46	kafka-001	30.46	182
67.75	2019-04-23T21:14:54.588565194Z	88.06	816.685	70.88	78590.375	74.91	30.46	kafka-001	30.46	183
71.79	2019-04-23T21:15:01.599020966Z	87.29	1120.55	70.12	79857.723	67.75	30.46	kafka-001	30.46	184
68.99	2019-04-23T21:15:08.612178207Z	87.34	828.684	70.09	77229.621	71.79	30.46	kafka-001	30.46	185
73.18	2019-04-23T21:15:15.624462771Z	87.39	1122.361	69.58	77271.841	68.99	30.46	kafka-001	30.46	185
70.45	2019-04-23T21:15:22.63743284Z	87.46	825.097	71.88	77686.084	73.18	30.46	kafka-001	30.46	186
74.08	2019-04-23T21:15:29.647704673Z	87.57	838.429	71.18	79475.8	70.45	30.46	kafka-001	30.46	187
71.71	2019-04-23T21:15:36.661487038Z	87.67	1140.78	71.04	79438.683	74.08	30.46	kafka-001	30.46	188
73.42	2019-04-23T21:15:43.671919871Z	87.74	835.091	71.7	78248.65	71.71	30.46	kafka-001	30.46	189
73.7	2019-04-23T21:15:50.681259052Z	87.78	1145.094	71.97	76068.858	73.42	30.46	kafka-001	30.46	189
76.12	2019-04-23T21:15:57.691170953Z	87.84	834.604	72.76	77502.453	73.7	30.46	kafka-001	30.46	190
78.87	2019-04-23T21:16:04.701518123Z	87.89	841.121	73.25	79225.651	76.12	30.46	kafka-001	30.46	191
74.87	2019-04-23T21:16:11.711345475Z	87.97	1153.247	74.65	78178.697	78.87	30.46	kafka-001	30.46	192
64.36	2019-04-23T21:16:18.723592013Z	87.15	843.751	74.78	78444.79	74.87	30.46	kafka-001	30.46	192
76.23	2019-04-23T21:16:25.735687577Z	87.2	1161.518	73.56	76362.191	64.36	30.46	kafka-001	30.46	193
69.96	2019-04-23T21:16:32.749351518Z	87.32	842.814	74.02	80406.595	76.23	30.46	kafka-001	30.46	194
76.87	2019-04-23T21:16:39.762052983Z	87.43	849.107	73.4	79053.037	69.96	30.46	kafka-001	30.46	195
71.88	2019-04-23T21:16:46.778585958Z	87.37	1178.506	73.53	78769.909	76.87	30.46	kafka-001	30.46	195
70.17	2019-04-23T21:16:53.792703858Z	87.44	861.814	72.36	77706.846	71.88	30.46	kafka-001	30.46	196
78.01	2019-04-23T21:17:00.807200032Z	87.55	1166.018	71.58	79581.126	70.17	30.46	kafka-001	30.46	197
77.65	2019-04-23T21:17:07.81709119Z	87.55	860.22	73.85	74675.757	78.01	30.46	kafka-001	30.46	198
60.36	2019-04-23T21:17:14.828693524Z	87.63	868.67	74.09	78160.545	77.65	30.46	kafka-001	30.46	198
57.29	2019-04-23T21:17:21.839411499Z	87.73	1202.821	72.49	79048.899	60.36	30.46	kafka-001	30.46	199
57.33	2019-04-23T21:17:28.85193013Z	87.8	880.792	69.23	77865.126	57.29	30.46	kafka-001	30.46	200
77.32	2019-04-23T21:17:35.860014747Z	87.91	1198.238	66.8	79658.802	57.33	30.46	kafka-001	30.46	200
69.13	2019-04-23T21:17:42.868398158Z	87.13	873.978	67.99	79371.449	77.32	30.46	kafka-001	30.46	201
66.52	2019-04-23T21:17:49.875853304Z	87.15	883.46	66.51	80210.204	69.13	30.46	kafka-001	30.46	201
47.34	2019-04-23T21:17:56.882611475Z	87.28	1206.835	64.66	80127.803	66.52	30.46	kafka-001	30.46	202
84.16	2019-04-23T21:18:03.896361873Z	87.25	856.798	62.49	73628.981	47.34	30.46	kafka-001	30.46	203
71.29	2019-04-23T21:18:10.906396221Z	87.36	1212.134	66.97	79475.143	84.16	30.46	kafka-001	30.46	203
76.49	2019-04-23T21:18:17.918290569Z	87.87	887.105	69.29	80707.255	71.29	30.46	kafka-001	30.46	204
67.48	2019-04-23T21:18:24.929094109Z	87.07	885.85	69.15	79578.425	76.49	30.46	kafka-001	30.46	204
79.08	2019-04-23T21:18:31.943892515Z	87.14	1219.623	68.88	77946.681	67.48	30.46	kafka-001	30.46	205
71.65	2019-04-23T21:18:38.955037683Z	87.23	893.541	70.97	80853.8	79.08	30.46	kafka-001	30.46	205
81.93	2019-04-23T21:18:45.969589222Z	87.32	1219.79	75.02	78803.141	71.65	30.46	kafka-001	30.46	206
71.4	2019-04-23T21:18:52.980637941Z	87.42	890.029	74.65	79015.764	81.93	30.46	kafka-001	30.46	207
78.78	2019-04-23T21:18:59.992190437Z	87.53	894.151	74.67	79316.166	71.4	30.46	kafka-001	30.46	207
77.61	2019-04-23T21:19:07.00244096Z	87.66	1240.339	75.05	80224.173	78.78	30.46	kafka-001	30.46	208
79.41	2019-04-23T21:19:14.013631984Z	87.78	895.503	76.74	79922.55	77.61	30.46	kafka-001	30.46	208
79.67	2019-04-23T21:19:21.022997041Z	87.1	1289.716	76.8	97168.051	79.41	30.46	kafka-001	30.46	209
84.14	2019-04-23T21:19:28.036368221Z	87.03	944.292	78.13	96489.37	79.67	30.46	kafka-001	30.46	209
78.05	2019-04-23T21:19:35.050213483Z	87.51	953.452	78.5	95134.276	84.14	30.46	kafka-001	30.46	210
83.69	2019-04-23T21:19:42.060579778Z	87.03	1279.323	79.61	96870.692	78.05	30.46	kafka-001	30.46	211
85.55	2019-04-23T21:19:49.070891988Z	87.55	954.311	80.43	96478.84	83.69	30.46	kafka-001	30.46	211
54.83	2019-04-23T21:19:56.081106061Z	87.46	1269.047	81.75	92113.382	85.55	30.46	kafka-001	30.46	212
84.56	2019-04-23T21:20:03.090904154Z	87.07	978.702	77.65	95012.914	54.83	30.46	kafka-001	30.46	212
90.37	2019-04-23T21:20:10.104031756Z	87.59	1309.774	78.47	96768.747	84.56	30.46	kafka-001	30.46	213
85.32	2019-04-23T21:20:17.116012911Z	87.25	965.332	79.51	97764.902	90.37	30.46	kafka-001	30.46	214
88.42	2019-04-23T21:20:24.127287982Z	87.8	967.557	80.72	97874.946	85.32	30.46	kafka-001	30.46	214
83.01	2019-04-23T21:20:31.142364064Z	87.37	1316.872	81.51	94033.553	88.42	30.46	kafka-001	30.46	215
89.09	2019-04-23T21:20:38.152947713Z	87.02	962.402	81.09	97522.133	83.01	30.46	kafka-001	30.46	215
85.74	2019-04-23T21:20:45.165309623Z	87.56	1319.973	86.8	97170.933	89.09	30.46	kafka-001	30.46	216
89.01	2019-04-23T21:20:52.176309954Z	87.08	968.927	86.99	96574.08	85.74	30.46	kafka-001	30.46	216
86.78	2019-04-23T21:20:59.185434811Z	87.61	974.058	86.76	96801.914	89.01	30.46	kafka-001	30.46	217
86.89	2019-04-23T21:21:06.197874122Z	87.27	1333.436	87.01	97510.29	86.78	30.46	kafka-001	30.46	217
83.26	2019-04-23T21:21:13.215021508Z	87.64	976.661	86.75	96462.085	86.89	30.46	kafka-001	30.46	218
91.71	2019-04-23T21:21:20.224642795Z	87.26	1330.176	86.8	96210.926	83.26	30.46	kafka-001	30.46	218
82.37	2019-04-23T21:21:27.233104507Z	87.8	982.477	87.23	97785.023	91.71	30.46	kafka-001	30.46	219
96.09	2019-04-23T21:21:34.24395411Z	87.64	1004.577	86.67	105063.089	82.37	30.46	kafka-001	30.46	219
85.83	2019-04-23T21:21:41.25183559Z	87.67	1383.895	87.85	113154.826	96.09	30.46	kafka-001	30.46	220
95.03	2019-04-23T21:21:48.263493503Z	87.62	1022.739	87.69	110258.281	85.83	30.46	kafka-001	30.46	221
94.93	2019-04-23T21:21:55.272074462Z	87.32	1383.562	89.05	113208.238	95.03	30.46	kafka-001	30.46	221
87.34	2019-04-23T21:22:02.284455602Z	87.21	1032.624	90.99	111989.335	94.93	30.46	kafka-001	30.46	222
100.37	2019-04-23T21:22:09.305319719Z	87.6	1037.285	90.26	113076.822	87.34	30.46	kafka-001	30.46	222
95.95	2019-04-23T21:22:16.317742966Z	87.48	1395.975	93.26	111293.09	100.37	30.46	kafka-001	30.46	223
91.65	2019-04-23T21:22:23.324972378Z	86.77	1039.231	93.24	112038.576	95.95	30.46	kafka-001	30.46	223
92.7	2019-04-23T21:22:30.335874611Z	87.68	1400.088	94.21	112941.841	91.65	30.46	kafka-001	30.46	224
95.39	2019-04-23T21:22:37.342249254Z	87.61	1040.891	93.82	111849.79	92.7	30.46	kafka-001	30.46	225
95.55	2019-04-23T21:22:44.352906562Z	87.16	1046.527	93.9	113489.906	95.39	30.46	kafka-001	30.46	225
93.97	2019-04-23T21:22:51.364941177Z	87.11	1408.084	95.27	110388.372	95.55	30.46	kafka-001	30.46	226
97.85	2019-04-23T21:22:58.376757171Z	87.32	1039.211	94.2	105418.386	93.97	30.47	kafka-001	30.47	226
92.15	2019-04-23T21:23:05.388440321Z	87.17	1416.104	94.52	111180.008	97.85	30.47	kafka-001	30.47	227
93.97	2019-04-23T21:23:12.407391154Z	87.85	1050.005	94.6	112202.964	92.15	30.47	kafka-001	30.47	227
96.34	2019-04-23T21:23:19.41705252Z	87.35	1051.353	94.81	110988.393	93.97	30.47	kafka-001	30.47	228
93.8	2019-04-23T21:23:26.431098743Z	86.85	1416.939	94.97	113819.646	96.34	30.47	kafka-001	30.47	228
93.64	2019-04-23T21:23:33.442274583Z	87.58	1046.761	94.68	110734.804	93.8	30.47	kafka-001	30.47	229
94.89	2019-04-23T21:23:40.454839793Z	87.1	1429.934	94.62	110251.955	93.64	30.47	kafka-001	30.47	229
94.73	2019-04-23T21:23:47.463684059Z	87.78	1062.389	94.13	112826.018	94.89	30.47	kafka-001	30.47	230
85.48	2019-04-23T21:23:54.475053632Z	87.87	1069.747	94.56	116163.618	94.73	30.47	kafka-001	30.47	230
62.97	2019-04-23T21:24:01.482230252Z	87.35	1452.073	93.15	118438.79	85.48	30.47	kafka-001	30.47	231
97.1	2019-04-23T21:24:08.491443532Z	87.82	1099.588	87.58	125596.316	62.97	30.47	kafka-001	30.47	231
108.66	2019-04-23T21:24:15.497722717Z	87.16	1473.757	88.14	123565.691	97.1	30.47	kafka-001	30.47	232
93.93	2019-04-23T21:24:22.50909793Z	86.83	1103.264	90.64	121245.783	108.66	30.47	kafka-001	30.47	232
98.57	2019-04-23T21:24:29.518984938Z	87.86	1101.592	90.48	127299.529	93.93	30.47	kafka-001	30.47	233
83.87	2019-04-23T21:24:36.530534066Z	87.22	1488.047	91.12	127051.597	98.57	30.47	kafka-001	30.47	233
101.08	2019-04-23T21:24:43.543781717Z	87.46	1103.171	90.85	122302.394	83.87	30.47	kafka-001	30.47	234
87.23	2019-04-23T21:24:50.560363289Z	87.77	1494.348	97.2	125003.357	101.08	30.47	kafka-001	30.47	234
95.33	2019-04-23T21:24:57.568737814Z	87.2	1108.818	95.56	125460.863	87.23	30.47	kafka-001	30.47	235
103.83	2019-04-23T21:25:04.578230779Z	87.1	1116.282	93.34	125524.851	95.33	30.47	kafka-001	30.47	235
84.01	2019-04-23T21:25:11.589270162Z	87.38	1493.213	94.99	126450.66	103.83	30.47	kafka-001	30.47	236
91.42	2019-04-23T21:25:18.599473398Z	87.69	1134.606	92.56	127281.266	84.01	30.47	kafka-001	30.47	236
102.83	2019-04-23T21:25:25.608641569Z	87.01	1505.073	93.82	125393.575	91.42	30.47	kafka-001	30.47	237
97.69	2019-04-23T21:25:32.618905402Z	87.81	1125.862	94.11	127036.378	102.83	30.47	kafka-001	30.47	237
98.61	2019-04-23T21:25:39.632809682Z	87.9	1144.053	95.85	120348.614	97.69	30.47	kafka-001	30.47	238
100.89	2019-04-23T21:25:46.644813185Z	87.22	1461.956	96.4	117458.176	98.61	30.47	kafka-001	30.47	238
70.18	2019-04-23T21:25:53.651749285Z	87.54	1124.368	95.91	125570.016	100.89	30.47	kafka-001	30.47	239
108.01	2019-04-23T21:26:00.662485952Z	87.86	1511.85	93.6	126046.158	70.18	30.47	kafka-001	30.47	239
111.81	2019-04-23T21:26:07.673522548Z	87.15	1132.653	96.37	126014.756	108.01	30.47	kafka-001	30.47	240
102.89	2019-04-23T21:26:14.68838017Z	87.45	1129.166	97.87	124790.539	111.81	30.47	kafka-001	30.47	240
114.32	2019-04-23T21:26:21.701794952Z	87.78	1521.317	98.73	125432.834	102.89	30.47	kafka-001	30.47	241
113.64	2019-04-23T21:26:28.714077546Z	87.32	1151.194	101.35	131208.479	114.32	30.47	kafka-001	30.47	242
115.24	2019-04-23T21:26:35.727602962Z	87.69	1564.624	103.48	136660.507	113.64	30.47	kafka-001	30.47	242
111.46	2019-04-23T21:26:42.739476941Z	86.72	1166.492	110.99	136326.448	115.24	30.47	kafka-001	30.47	242
112.22	2019-04-23T21:26:49.753045547Z	86.81	1169.077	111.56	138718.603	111.46	30.47	kafka-001	30.47	242
70.43	2019-04-23T21:26:56.761158296Z	87.37	1568.461	111.63	137233.038	112.22	30.47	kafka-001	30.47	242
119.53	2019-04-23T21:27:03.769707277Z	87.1	1178.652	106.22	138427.026	70.43	30.47	kafka-001	30.47	242
120.46	2019-04-23T21:27:10.799053596Z	87.61	1551.796	107.09	133170.917	119.53	30.47	kafka-001	30.47	242
116.37	2019-04-23T21:27:17.810925947Z	87.58	1166.245	108.22	138097.689	120.46	30.47	kafka-001	30.47	242
113.0	2019-04-23T21:27:24.828931022Z	87.37	1162.682	108.41	135464.195	116.37	30.47	kafka-001	30.47	242
119.14	2019-04-23T21:27:31.84069587Z	87.08	1581.636	108.67	137852.794	113.0	30.47	kafka-001	30.47	242
117.8	2019-04-23T21:27:38.854075733Z	87.69	1164.816	109.82	137328.249	119.14	30.47	kafka-001	30.47	242
121.31	2019-04-23T21:27:45.86627089Z	87.13	1518.864	117.72	125899.278	117.8	30.47	kafka-001	30.47	242
112.34	2019-04-23T21:27:52.878081129Z	87.8	1170.905	118.01	139866.814	121.31	30.47	kafka-001	30.47	242
