memory_rss%	host_moving_avg_cpu	name	sensor_count	host_cpu	container_cpu%	net_receive	memory%	timestamp	net_send	memory_active_anon%
30.23	nan	kafka-001	2	0	3.35	84186637.633	88.22	2019-04-23T08:08:24.523687518Z	726802.587	30.23
30.23	nan	kafka-001	6	3.35	4.14	49.62	88.22	2019-04-23T08:08:31.534881132Z	57.364	30.23
30.23	nan	kafka-001	10	4.14	4.36	62.999	88.22	2019-04-23T08:08:38.544523461Z	59.123	30.23
30.23	nan	kafka-001	13	4.36	14.27	9460.724	87.55	2019-04-23T08:08:45.554846058Z	121.556	30.23
30.23	nan	kafka-001	17	14.27	12.39	12635.153	87.85	2019-04-23T08:08:52.56418858Z	117.399	30.23
30.23	6.42	kafka-001	20	12.39	11.2	12297.511	88.15	2019-04-23T08:08:59.574947546Z	127.061	30.23
30.23	8.29	kafka-001	23	11.2	17.34	15910.692	87.62	2019-04-23T08:09:06.584733418Z	189.039	30.23
30.23	10.62	kafka-001	25	17.34	20.34	25252.075	88.22	2019-04-23T08:09:13.594751308Z	182.904	30.23
30.23	13.32	kafka-001	28	20.34	21.42	23955.017	87.89	2019-04-23T08:09:20.606680899Z	235.502	30.23
30.23	16.16	kafka-001	31	21.42	20.27	24566.594	87.58	2019-04-23T08:09:27.61777681Z	193.762	30.23
30.23	17.16	kafka-001	33	20.27	23.96	26075.859	88.21	2019-04-23T08:09:34.629070637Z	214.598	30.23
30.23	19.09	kafka-001	36	23.96	24.63	35366.726	88.15	2019-04-23T08:09:41.641219433Z	302.982	30.23
30.23	21.33	kafka-001	38	24.63	27.62	34926.904	88.09	2019-04-23T08:09:48.652783549Z	245.576	30.23
30.23	23.04	kafka-001	40	27.62	33.58	36196.611	88.05	2019-04-23T08:09:55.675098734Z	326.358	30.23
30.23	25.25	kafka-001	42	33.58	26.25	35163.423	87.99	2019-04-23T08:10:02.684391928Z	267.936	30.23
30.23	26.05	kafka-001	45	26.25	41.69	39333.89	88.04	2019-04-23T08:10:09.694491403Z	279.934	30.23
30.23	29.62	kafka-001	47	41.69	33.17	45725.993	88.23	2019-04-23T08:10:16.705527083Z	385.9	30.23
30.23	31.16	kafka-001	49	33.17	32.11	44911.228	87.5	2019-04-23T08:10:23.717359663Z	306.652	30.23
30.23	32.4	kafka-001	50	32.11	36.48	45239.654	87.68	2019-04-23T08:10:30.72870694Z	405.628	30.23
30.23	33.88	kafka-001	52	36.48	42.82	45189.91	87.86	2019-04-23T08:10:37.739155091Z	326.101	30.23
30.23	35.42	kafka-001	54	42.82	35.0	44479.369	87.92	2019-04-23T08:10:44.750714643Z	327.279	30.23
30.23	36.88	kafka-001	56	35.0	38.23	52325.173	87.37	2019-04-23T08:10:51.763131136Z	457.624	30.23
30.23	36.3	kafka-001	58	38.23	39.34	54274.681	87.66	2019-04-23T08:10:58.776619771Z	364.744	30.23
30.23	37.33	kafka-001	59	39.34	43.37	55808.942	88.09	2019-04-23T08:11:05.786801423Z	475.747	30.23
30.23	39.21	kafka-001	61	43.37	34.3	53014.72	87.56	2019-04-23T08:11:12.797440743Z	380.24	30.23
30.23	38.84	kafka-001	63	34.3	40.76	54903.889	87.97	2019-04-23T08:11:19.81027229Z	394.412	30.23
30.23	38.5	kafka-001	65	40.76	39.66	54464.538	87.47	2019-04-23T08:11:26.820987788Z	501.188	30.23
30.23	39.28	kafka-001	66	39.66	44.49	56661.28	87.93	2019-04-23T08:11:33.832412514Z	403.603	30.23
30.23	40.32	kafka-001	68	44.49	32.53	59673.356	87.5	2019-04-23T08:11:40.842540591Z	533.992	30.23
30.23	39.18	kafka-001	69	32.53	44.17	60561.247	88.05	2019-04-23T08:11:47.855104574Z	423.053	30.23
30.23	39.32	kafka-001	71	44.17	46.2	66002.621	87.62	2019-04-23T08:11:54.867728936Z	438.982	30.23
30.23	41.3	kafka-001	73	46.2	57.54	69226.16	87.36	2019-04-23T08:12:01.87963698Z	578.81	30.23
30.23	44.1	kafka-001	74	57.54	44.02	74457.326	88.24	2019-04-23T08:12:08.891172742Z	486.773	30.23
30.23	44.82	kafka-001	76	44.02	56.21	74964.795	88.02	2019-04-23T08:12:15.903549211Z	618.439	30.23
30.23	46.78	kafka-001	77	56.21	61.15	73863.384	87.93	2019-04-23T08:12:22.912001585Z	485.742	30.23
30.23	51.55	kafka-001	79	61.15	56.23	77235.289	87.98	2019-04-23T08:12:29.92066104Z	497.183	30.23
30.23	53.56	kafka-001	80	56.23	57.59	75577.053	87.98	2019-04-23T08:12:36.936979932Z	629.414	30.23
30.23	55.46	kafka-001	82	57.59	53.7	76146.519	88.0	2019-04-23T08:12:43.95082945Z	501.734	30.23
30.23	54.82	kafka-001	83	53.7	52.01	76802.975	87.93	2019-04-23T08:12:50.961579946Z	645.923	30.23
30.23	56.15	kafka-001	84	52.01	57.48	76574.045	87.95	2019-04-23T08:12:57.973084341Z	513.081	30.23
30.23	56.36	kafka-001	86	57.48	54.34	77195.488	87.89	2019-04-23T08:13:04.9858439Z	517.831	30.23
30.23	55.22	kafka-001	87	54.34	58.43	75129.706	87.88	2019-04-23T08:13:11.997188584Z	665.383	30.23
30.23	55.59	kafka-001	89	58.43	49.69	76927.47	87.92	2019-04-23T08:13:19.00420657Z	526.741	30.23
30.23	54.27	kafka-001	90	49.69	58.33	78496.116	87.95	2019-04-23T08:13:26.016228946Z	682.457	30.23
30.23	55.05	kafka-001	91	58.33	49.59	76840.712	87.98	2019-04-23T08:13:33.025851228Z	531.452	30.23
30.23	54.64	kafka-001	93	49.59	57.81	78307.936	88.0	2019-04-23T08:13:40.037736168Z	555.753	30.23
30.23	54.7	kafka-001	94	57.81	56.63	77373.308	88.05	2019-04-23T08:13:47.04700621Z	691.948	30.23
30.23	55.08	kafka-001	95	56.63	53.59	77455.215	88.1	2019-04-23T08:13:54.059131065Z	549.245	30.23
30.24	54.27	kafka-001	96	53.59	60.92	78130.45	88.17	2019-04-23T08:14:01.072018819Z	716.745	30.24
30.24	56.14	kafka-001	98	60.92	59.6	75665.753	88.17	2019-04-23T08:14:08.083420709Z	559.247	30.24
30.24	56.36	kafka-001	99	59.6	51.55	76931.612	88.21	2019-04-23T08:14:15.094625964Z	724.322	30.24
30.24	56.68	kafka-001	100	51.55	61.94	78602.66	88.28	2019-04-23T08:14:22.107939896Z	561.416	30.24
30.24	57.37	kafka-001	102	61.94	59.96	79153.855	87.46	2019-04-23T08:14:29.119301228Z	576.77	30.24
30.24	57.93	kafka-001	103	59.96	59.23	78982.0	87.55	2019-04-23T08:14:36.129324078Z	745.28	30.24
30.24	58.87	kafka-001	104	59.23	54.57	78127.523	87.59	2019-04-23T08:14:43.136909361Z	574.369	30.24
30.24	57.81	kafka-001	105	54.57	63.95	76217.215	87.61	2019-04-23T08:14:50.148807733Z	757.237	30.24
30.24	58.53	kafka-001	107	63.95	58.84	78702.095	87.68	2019-04-23T08:14:57.159294648Z	590.017	30.24
30.24	59.75	kafka-001	108	58.84	59.65	78798.418	87.76	2019-04-23T08:15:04.168657715Z	602.174	30.24
30.24	59.37	kafka-001	109	59.65	72.89	77031.043	87.81	2019-04-23T08:15:11.178290723Z	774.487	30.24
30.25	61.52	kafka-001	110	72.89	51.04	75855.165	87.6	2019-04-23T08:15:18.191794369Z	586.723	30.25
30.25	60.16	kafka-001	111	51.04	59.09	78896.982	87.67	2019-04-23T08:15:25.205818261Z	777.013	30.25
30.25	60.91	kafka-001	112	59.09	72.26	79207.906	87.77	2019-04-23T08:15:32.216567486Z	608.115	30.25
30.25	62.29	kafka-001	114	72.26	59.66	79055.574	87.85	2019-04-23T08:15:39.227862604Z	607.449	30.25
30.25	62.43	kafka-001	115	59.66	57.9	78155.688	87.92	2019-04-23T08:15:46.240650917Z	810.658	30.25
30.25	62.14	kafka-001	116	57.9	59.42	79190.192	88.0	2019-04-23T08:15:53.248639995Z	619.64	30.25
30.25	59.89	kafka-001	117	59.42	53.75	76774.135	88.02	2019-04-23T08:16:00.258711554Z	817.868	30.25
30.25	60.35	kafka-001	118	53.75	59.7	78160.152	88.09	2019-04-23T08:16:07.267451631Z	624.19	30.25
30.25	60.45	kafka-001	119	59.7	60.64	78761.131	88.16	2019-04-23T08:16:14.277370054Z	626.227	30.25
30.25	58.51	kafka-001	120	60.64	58.15	77340.053	88.18	2019-04-23T08:16:21.288647941Z	821.848	30.25
30.25	58.26	kafka-001	121	58.15	61.5	79248.502	88.22	2019-04-23T08:16:28.298881377Z	637.683	30.25
30.25	58.86	kafka-001	122	61.5	64.16	79777.073	88.32	2019-04-23T08:16:35.30673438Z	840.585	30.25
30.25	59.65	kafka-001	124	64.16	52.08	79373.954	88.3	2019-04-23T08:16:42.318097454Z	641.393	30.25
30.25	59.37	kafka-001	125	52.08	64.98	79149.861	88.38	2019-04-23T08:16:49.34612848Z	643.846	30.25
30.25	60.25	kafka-001	126	64.98	60.77	79238.092	87.57	2019-04-23T08:16:56.357322594Z	853.089	30.25
30.25	60.27	kafka-001	127	60.77	64.54	78178.126	87.63	2019-04-23T08:17:03.365947705Z	649.968	30.25
30.25	61.34	kafka-001	128	64.54	62.93	79019.65	87.71	2019-04-23T08:17:10.376146118Z	863.276	30.25
30.25	61.58	kafka-001	129	62.93	61.26	78240.922	87.78	2019-04-23T08:17:17.386935212Z	655.848	30.25
30.25	61.09	kafka-001	130	61.26	61.74	78322.194	87.8	2019-04-23T08:17:24.397863612Z	664.025	30.25
30.25	62.7	kafka-001	131	61.74	63.28	79012.326	87.88	2019-04-23T08:17:31.407435676Z	886.592	30.25
30.25	62.42	kafka-001	132	63.28	58.66	77201.723	87.69	2019-04-23T08:17:38.418408388Z	655.173	30.25
30.25	62.07	kafka-001	133	58.66	65.56	78981.623	87.66	2019-04-23T08:17:45.428057306Z	886.327	30.25
30.25	62.24	kafka-001	134	65.56	58.45	78575.419	87.51	2019-04-23T08:17:52.43907678Z	671.464	30.25
30.25	61.49	kafka-001	135	58.45	64.76	79206.158	87.59	2019-04-23T08:17:59.45035522Z	669.479	30.25
30.25	62.07	kafka-001	136	64.76	67.87	79272.412	87.67	2019-04-23T08:18:06.464033125Z	905.111	30.25
30.25	63.1	kafka-001	137	67.87	65.95	78413.717	87.74	2019-04-23T08:18:13.47511978Z	681.673	30.25
30.25	63.54	kafka-001	138	65.95	68.6	78193.867	87.58	2019-04-23T08:18:20.485652793Z	906.721	30.25
30.25	65.2	kafka-001	139	68.6	65.16	78127.088	87.63	2019-04-23T08:18:27.495947995Z	682.255	30.25
30.25	65.13	kafka-001	140	65.16	57.89	78882.722	87.71	2019-04-23T08:18:34.50680518Z	692.499	30.25
30.25	65.04	kafka-001	141	57.89	66.3	78514.099	87.78	2019-04-23T08:18:41.518736884Z	917.871	30.25
30.25	65.29	kafka-001	142	66.3	59.45	77592.87	87.72	2019-04-23T08:18:48.532000527Z	693.321	30.25
30.25	63.89	kafka-001	143	59.45	63.95	77163.139	87.75	2019-04-23T08:18:55.546404903Z	933.375	30.25
30.25	63.56	kafka-001	144	63.95	55.68	78427.898	87.82	2019-04-23T08:19:02.555983716Z	715.012	30.25
30.25	61.4	kafka-001	145	55.68	69.58	78505.241	87.89	2019-04-23T08:19:09.566789806Z	700.158	30.25
30.25	62.14	kafka-001	146	69.58	58.84	78387.294	87.95	2019-04-23T08:19:16.57985247Z	953.456	30.25
30.25	62.3	kafka-001	147	58.84	64.74	77964.309	88.0	2019-04-23T08:19:23.592006133Z	729.614	30.25
30.25	62.04	kafka-001	148	64.74	64.12	79152.638	88.08	2019-04-23T08:19:30.603354376Z	959.601	30.25
30.25	62.82	kafka-001	149	64.12	60.98	77420.535	88.12	2019-04-23T08:19:37.614250218Z	706.919	30.25
30.25	62.32	kafka-001	150	60.98	60.75	77591.819	88.16	2019-04-23T08:19:44.624592011Z	712.179	30.25
30.25	63.17	kafka-001	151	60.75	66.5	78517.267	88.22	2019-04-23T08:19:51.634379862Z	966.826	30.25
30.25	62.66	kafka-001	152	66.5	64.78	78002.728	88.28	2019-04-23T08:19:58.671311232Z	715.618	30.25
30.25	63.64	kafka-001	152	64.78	69.61	78413.444	88.34	2019-04-23T08:20:05.68132868Z	972.977	30.25
30.25	64.46	kafka-001	153	69.61	67.29	76260.777	88.25	2019-04-23T08:20:12.692736831Z	724.146	30.25
30.25	64.98	kafka-001	154	67.29	69.72	78768.724	88.32	2019-04-23T08:20:19.701791296Z	728.928	30.25
30.25	66.44	kafka-001	155	69.72	68.66	77790.797	88.37	2019-04-23T08:20:26.712340296Z	979.878	30.25
30.25	67.76	kafka-001	156	68.66	66.09	78286.254	88.41	2019-04-23T08:20:33.722136101Z	731.506	30.25
30.25	67.69	kafka-001	157	66.09	78.45	78738.53	88.48	2019-04-23T08:20:40.732443883Z	999.425	30.25
30.25	69.97	kafka-001	158	78.45	73.71	79012.922	87.65	2019-04-23T08:20:47.743500327Z	761.04	30.25
30.25	70.65	kafka-001	159	73.71	50.73	78233.74	87.71	2019-04-23T08:20:54.75577926Z	763.155	30.25
30.25	67.89	kafka-001	160	50.73	67.1	78118.236	87.75	2019-04-23T08:21:01.76474138Z	1021.305	30.25
30.25	67.46	kafka-001	161	67.1	64.84	77661.917	87.79	2019-04-23T08:21:08.775538377Z	753.674	30.25
30.25	66.82	kafka-001	161	64.84	59.68	78351.18	87.85	2019-04-23T08:21:15.788211018Z	1015.552	30.25
30.25	65.75	kafka-001	162	59.68	65.38	78411.368	87.92	2019-04-23T08:21:22.801755997Z	761.833	30.25
30.25	63.57	kafka-001	163	65.38	64.54	78297.793	87.97	2019-04-23T08:21:29.812707493Z	759.291	30.25
30.25	62.05	kafka-001	164	64.54	64.23	79387.254	88.06	2019-04-23T08:21:36.823498009Z	1024.858	30.25
30.25	64.3	kafka-001	165	64.23	67.83	77157.437	88.09	2019-04-23T08:21:43.834743319Z	765.615	30.25
30.25	64.42	kafka-001	166	67.83	70.03	77742.48	88.09	2019-04-23T08:21:50.847607878Z	1039.729	30.25
30.25	65.28	kafka-001	167	70.03	69.88	78778.056	88.16	2019-04-23T08:21:57.867130401Z	763.736	30.25
30.25	66.98	kafka-001	167	69.88	66.68	78094.12	88.22	2019-04-23T08:22:04.87905826Z	762.621	30.25
30.25	67.2	kafka-001	168	66.68	72.33	79012.775	88.3	2019-04-23T08:22:11.889872411Z	1052.253	30.25
30.25	68.5	kafka-001	169	72.33	58.13	79902.286	88.4	2019-04-23T08:22:18.903351299Z	779.793	30.25
30.35	67.48	kafka-001	170	58.13	68.94	78503.081	87.67	2019-04-23T08:22:25.913660275Z	1061.97	30.35
30.36	67.66	kafka-001	171	68.94	68.38	78486.586	87.73	2019-04-23T08:22:32.924447872Z	784.795	30.36
30.36	67.39	kafka-001	172	68.38	73.21	78694.8	87.78	2019-04-23T08:22:39.933554796Z	785.804	30.36
30.36	67.94	kafka-001	172	73.21	72.18	79127.785	87.85	2019-04-23T08:22:46.942041743Z	1074.392	30.36
30.36	68.86	kafka-001	173	72.18	79.16	76288.67	87.85	2019-04-23T08:22:53.950451117Z	794.091	30.36
30.36	70.0	kafka-001	174	79.16	58.2	78180.367	87.9	2019-04-23T08:23:00.961288926Z	1077.399	30.36
30.36	70.01	kafka-001	175	58.2	75.34	79749.95	87.73	2019-04-23T08:23:07.972778261Z	796.835	30.36
30.36	71.08	kafka-001	176	75.34	61.7	78024.504	87.34	2019-04-23T08:23:14.982169367Z	796.526	30.36
30.36	69.96	kafka-001	177	61.7	68.24	76285.381	88.25	2019-04-23T08:23:21.996766503Z	1080.598	30.36
30.36	69.14	kafka-001	177	68.24	71.81	78729.071	88.31	2019-04-23T08:23:29.006419802Z	797.29	30.36
30.36	69.08	kafka-001	178	71.81	73.95	77446.41	88.35	2019-04-23T08:23:36.018054143Z	1089.345	30.36
30.36	68.21	kafka-001	179	73.95	62.72	79207.185	88.43	2019-04-23T08:23:43.028578942Z	818.466	30.36
30.36	68.96	kafka-001	180	62.72	72.59	79675.467	88.51	2019-04-23T08:23:50.040742262Z	817.969	30.36
30.36	68.5	kafka-001	181	72.59	74.32	78241.342	87.67	2019-04-23T08:23:57.05116249Z	1093.176	30.36
30.36	70.6	kafka-001	181	74.32	77.03	77679.219	87.71	2019-04-23T08:24:04.061268958Z	810.839	30.36
30.36	72.07	kafka-001	182	77.03	76.56	78048.782	87.77	2019-04-23T08:24:11.071711925Z	1111.695	30.36
30.36	72.86	kafka-001	183	76.56	73.25	79549.151	87.86	2019-04-23T08:24:18.081237372Z	814.829	30.36
30.36	72.74	kafka-001	184	73.25	72.61	79381.029	87.96	2019-04-23T08:24:25.090470162Z	1120.072	30.36
30.36	74.39	kafka-001	185	72.61	77.96	75904.325	87.67	2019-04-23T08:24:32.099566033Z	818.054	30.36
30.36	75.29	kafka-001	185	77.96	71.8	78785.855	87.64	2019-04-23T08:24:39.111024749Z	828.086	30.36
30.36	74.87	kafka-001	186	71.8	71.5	77678.824	87.68	2019-04-23T08:24:46.119085609Z	1130.167	30.36
30.36	73.95	kafka-001	187	71.5	65.59	78161.506	87.73	2019-04-23T08:24:53.131897803Z	829.582	30.36
30.36	72.12	kafka-001	188	65.59	66.41	78318.967	87.56	2019-04-23T08:25:00.144312254Z	1134.502	30.36
30.36	70.98	kafka-001	188	66.41	65.35	78194.988	88.53	2019-04-23T08:25:07.153867564Z	842.276	30.36
30.36	69.77	kafka-001	189	65.35	71.69	78293.162	87.68	2019-04-23T08:25:14.163013106Z	833.207	30.36
30.36	68.72	kafka-001	190	71.69	64.79	79416.081	87.76	2019-04-23T08:25:21.177352908Z	1147.461	30.36
30.36	67.56	kafka-001	191	64.79	58.06	78456.438	87.73	2019-04-23T08:25:28.187795272Z	843.126	30.36
30.36	65.32	kafka-001	191	58.06	71.42	78317.744	87.79	2019-04-23T08:25:35.198078741Z	1151.842	30.36
30.36	66.29	kafka-001	192	71.42	61.22	77944.615	87.84	2019-04-23T08:25:42.20860146Z	850.026	30.36
30.36	65.42	kafka-001	193	61.22	66.69	79662.577	87.93	2019-04-23T08:25:49.216808691Z	842.976	30.36
30.36	65.65	kafka-001	194	66.69	76.77	77677.96	87.98	2019-04-23T08:25:56.227681022Z	1165.136	30.36
30.36	66.49	kafka-001	194	76.77	61.83	78253.647	88.04	2019-04-23T08:26:03.238151512Z	854.704	30.36
30.36	66.0	kafka-001	195	61.83	79.03	78135.753	88.05	2019-04-23T08:26:10.249576486Z	1173.896	30.36
30.36	69.49	kafka-001	196	79.03	78.97	79654.381	88.14	2019-04-23T08:26:17.260745821Z	860.469	30.36
30.36	70.75	kafka-001	197	78.97	82.11	77835.865	88.19	2019-04-23T08:26:24.271726531Z	852.531	30.36
30.36	74.23	kafka-001	197	82.11	67.44	76948.728	88.19	2019-04-23T08:26:31.284345211Z	1181.112	30.36
30.36	74.36	kafka-001	198	67.44	80.03	77742.191	88.24	2019-04-23T08:26:38.295320267Z	870.622	30.36
30.36	74.9	kafka-001	199	80.03	75.11	79352.441	88.34	2019-04-23T08:26:45.303618734Z	1175.455	30.36
30.36	77.12	kafka-001	200	75.11	84.03	77923.636	88.39	2019-04-23T08:26:52.315805721Z	867.569	30.36
30.36	77.95	kafka-001	200	84.03	71.18	79390.896	88.37	2019-04-23T08:26:59.327953783Z	869.854	30.36
30.36	76.65	kafka-001	201	71.18	74.96	79297.378	88.46	2019-04-23T08:27:06.342653963Z	1195.52	30.36
30.36	75.46	kafka-001	202	74.96	82.9	79404.673	88.53	2019-04-23T08:27:13.356437708Z	873.204	30.36
30.36	78.04	kafka-001	202	82.9	85.53	80094.223	87.67	2019-04-23T08:27:20.368556681Z	1204.677	30.36
30.36	78.95	kafka-001	203	85.53	76.19	79085.657	87.54	2019-04-23T08:27:27.382697936Z	881.243	30.36
30.36	79.13	kafka-001	204	76.19	82.16	79433.818	88.53	2019-04-23T08:27:34.394097487Z	881.901	30.36
30.36	78.82	kafka-001	205	82.16	75.31	79098.21	87.7	2019-04-23T08:27:41.40632248Z	1218.743	30.36
30.36	79.51	kafka-001	206	75.31	81.54	78368.804	87.72	2019-04-23T08:27:48.428264315Z	885.001	30.36
30.36	80.61	kafka-001	206	81.54	77.15	79674.406	87.81	2019-04-23T08:27:55.439453935Z	1226.914	30.36
30.36	79.65	kafka-001	207	77.15	78.65	79085.627	87.89	2019-04-23T08:28:02.45048701Z	888.217	30.36
30.36	78.5	kafka-001	208	78.65	78.07	79391.406	87.98	2019-04-23T08:28:09.461343531Z	893.284	30.36
30.36	78.81	kafka-001	208	78.07	96.25	85501.684	88.19	2019-04-23T08:28:16.474251644Z	1255.108	30.36
30.36	81.16	kafka-001	209	96.25	87.29	96056.933	87.77	2019-04-23T08:28:23.487574152Z	950.147	30.36
30.36	83.16	kafka-001	210	87.29	101.52	96563.688	88.28	2019-04-23T08:28:30.499730385Z	1290.048	30.36
30.36	86.49	kafka-001	211	101.52	81.21	96987.591	87.88	2019-04-23T08:28:37.512523857Z	956.245	30.36
30.36	87.17	kafka-001	211	81.21	97.28	95055.678	88.35	2019-04-23T08:28:44.524858182Z	951.955	30.36
30.36	90.27	kafka-001	212	97.28	88.16	96284.724	87.93	2019-04-23T08:28:51.537586412Z	1300.124	30.36
30.36	91.95	kafka-001	213	88.16	102.64	97091.419	88.44	2019-04-23T08:28:58.54805921Z	965.516	30.36
30.36	93.02	kafka-001	214	102.64	90.02	97283.884	87.83	2019-04-23T08:29:05.566850176Z	1317.317	30.36
30.36	93.47	kafka-001	214	90.02	96.18	96342.207	88.33	2019-04-23T08:29:12.584068282Z	975.646	30.36
30.36	92.58	kafka-001	215	96.18	90.57	96524.676	87.92	2019-04-23T08:29:19.596131247Z	964.514	30.36
30.36	94.14	kafka-001	216	90.57	95.21	96996.915	88.21	2019-04-23T08:29:26.608549631Z	1324.566	30.36
30.36	93.8	kafka-001	217	95.21	81.57	96010.385	87.79	2019-04-23T08:29:33.621338901Z	969.192	30.36
30.36	92.7	kafka-001	217	81.57	95.21	97127.735	88.31	2019-04-23T08:29:40.631106711Z	1332.51	30.36
30.36	91.46	kafka-001	218	95.21	88.75	96862.299	87.91	2019-04-23T08:29:47.642889981Z	970.902	30.36
30.36	91.25	kafka-001	219	88.75	91.2	96495.805	88.41	2019-04-23T08:29:54.655402029Z	979.144	30.36
30.36	90.42	kafka-001	219	91.2	93.52	100129.762	88.09	2019-04-23T08:30:01.668640072Z	1354.233	30.36
30.36	90.91	kafka-001	220	93.52	93.7	112271.035	88.06	2019-04-23T08:30:08.679961212Z	1023.728	30.36
30.36	90.66	kafka-001	221	93.7	96.65	112871.947	88.51	2019-04-23T08:30:15.686845038Z	1391.336	30.36
30.36	93.17	kafka-001	222	96.65	98.83	112078.597	88.47	2019-04-23T08:30:22.697121012Z	1028.56	30.36
30.36	93.78	kafka-001	222	98.83	86.81	112307.111	88.44	2019-04-23T08:30:29.705312743Z	1035.795	30.36
30.36	93.45	kafka-001	223	86.81	95.57	113388.247	87.98	2019-04-23T08:30:36.714895845Z	1404.702	30.36
30.36	94.18	kafka-001	224	95.57	99.6	114051.272	87.99	2019-04-23T08:30:43.721827463Z	1044.81	30.36
30.36	95.19	kafka-001	224	99.6	97.71	112315.617	87.96	2019-04-23T08:30:50.756257144Z	1406.982	30.36
30.36	95.86	kafka-001	225	97.71	94.12	111739.229	87.92	2019-04-23T08:30:57.765408093Z	1035.206	30.36
30.36	95.44	kafka-001	226	94.12	104.01	113594.291	87.93	2019-04-23T08:31:04.776882917Z	1047.619	30.36
30.36	96.3	kafka-001	226	104.01	102.29	111010.944	87.88	2019-04-23T08:31:11.78315005Z	1413.133	30.36
30.36	98.88	kafka-001	227	102.29	95.37	113268.48	87.86	2019-04-23T08:31:18.791799171Z	1051.396	30.36
30.36	98.85	kafka-001	228	95.37	102.18	111524.28	87.82	2019-04-23T08:31:25.802458613Z	1419.719	30.36
30.36	99.28	kafka-001	228	102.18	95.73	112175.432	88.47	2019-04-23T08:31:32.814128641Z	1057.399	30.36
30.36	98.95	kafka-001	229	95.73	103.99	111046.49	88.42	2019-04-23T08:31:39.825872952Z	1053.883	30.36
30.36	100.6	kafka-001	230	103.99	104.53	112255.357	88.38	2019-04-23T08:31:46.837215266Z	1430.577	30.36
30.36	100.68	kafka-001	230	104.53	104.3	113829.169	88.39	2019-04-23T08:31:53.847604131Z	1069.019	30.36
30.36	101.02	kafka-001	231	104.3	98.23	125522.488	87.78	2019-04-23T08:32:00.856377089Z	1472.869	30.36
30.36	101.49	kafka-001	231	98.23	105.89	125587.413	88.07	2019-04-23T08:32:07.866717128Z	1094.082	30.36
30.36	102.11	kafka-001	231	105.89	109.59	124291.758	88.33	2019-04-23T08:32:14.880220501Z	1102.024	30.36
30.36	104.42	kafka-001	231	109.59	107.77	126077.183	87.51	2019-04-23T08:32:21.88975555Z	1484.228	30.36
30.36	105.05	kafka-001	231	107.77	107.26	126046.922	87.82	2019-04-23T08:32:28.901491051Z	1100.586	30.36
30.36	105.51	kafka-001	231	107.26	100.65	127419.335	87.93	2019-04-23T08:32:35.911065964Z	1473.511	30.36
30.36	104.9	kafka-001	231	100.65	110.64	126472.538	88.24	2019-04-23T08:32:42.923985228Z	1104.813	30.36
30.36	106.97	kafka-001	231	110.64	105.57	125941.534	87.63	2019-04-23T08:32:49.935030556Z	1097.311	30.36
30.36	106.91	kafka-001	231	105.57	102.75	126233.95	87.73	2019-04-23T08:32:56.951772942Z	1478.932	30.36
30.36	105.77	kafka-001	231	102.75	109.65	125309.618	88.01	2019-04-23T08:33:03.961536794Z	1100.759	30.36
30.36	106.09	kafka-001	231	109.65	103.64	126301.825	88.33	2019-04-23T08:33:10.970630177Z	1470.458	30.36
30.36	105.48	kafka-001	231	103.64	112.81	120130.281	88.49	2019-04-23T08:33:17.978749539Z	1085.99	30.36
