----------------------------------------------------------------
386.248	kafka-001	2017-07-29T16:22:34.354100961Z	584.246	7.42	0	1.81
20.728	kafka-001	2017-07-29T16:22:41.354348399Z	31.514	7.42	0	1.53
18.433	kafka-001	2017-07-29T16:22:48.354057644Z	28.292	7.42	0	4.37
21.128	kafka-001	2017-07-29T16:22:55.354021187Z	32.316	7.42	0	5.04
18.313	kafka-001	2017-07-29T16:23:02.354001129Z	28.444	7.42	0	1.93
18.775	kafka-001	2017-07-29T16:23:09.354233648Z	28.592	7.42	0	2.1
21.16	kafka-001	2017-07-29T16:23:16.354187504Z	31.706	7.53	0	1.46
19.087	kafka-001	2017-07-29T16:23:23.354256242Z	28.788	7.61	0	2.2
21.238	kafka-001	2017-07-29T16:23:30.354042699Z	31.858	7.61	0	3.48
19.231	kafka-001	2017-07-29T16:23:37.354220596Z	28.94	7.66	0	1.66
20.015	kafka-001	2017-07-29T16:23:44.354088442Z	29.788	7.66	0	3.39
21.79	kafka-001	2017-07-29T16:23:51.354125471Z	32.178	7.66	0	1.44
19.651	kafka-001	2017-07-29T16:23:58.354264609Z	29.112	7.66	0	2.21
22.09	kafka-001	2017-07-29T16:24:05.354298411Z	32.222	7.66	0	5.38
19.807	kafka-001	2017-07-29T16:24:12.354286775Z	29.218	7.66	0	4.04
20.071	kafka-001	2017-07-29T16:24:19.353990445Z	29.284	7.66	0	3.74
21.7	kafka-001	2017-07-29T16:24:26.35416673Z	33.334	7.66	0	2.56
18.345	kafka-001	2017-07-29T16:24:33.354319439Z	26.406	7.66	0	3.71
23.104	kafka-001	2017-07-29T16:24:40.354159026Z	35.248	7.66	0	3.15
18.447	kafka-001	2017-07-29T16:24:47.354218432Z	26.796	7.81	0	1.77
17.795	kafka-001	2017-07-29T16:24:54.354579096Z	25.198	7.81	0	1.91
18.906	kafka-001	2017-07-29T16:25:01.354378962Z	26.426	7.82	0	1.85
35.874	kafka-001	2017-07-29T16:25:08.354242785Z	41.117	7.82	3	5.3
66.336	kafka-001	2017-07-29T16:25:15.354110603Z	76.075	7.83	7	10.76
90.007	kafka-001	2017-07-29T16:25:22.354238109Z	80.525	7.86	10	8.44
113.249	kafka-001	2017-07-29T16:25:29.354070568Z	95.201	7.85	13	23.17
137.882	kafka-001	2017-07-29T16:25:36.354249847Z	159.608	7.85	16	9.36
161.573	kafka-001	2017-07-29T16:25:43.354418816Z	135.804	7.91	19	10.77
188.468	kafka-001	2017-07-29T16:25:50.354179409Z	214.004	7.91	22	13.42
206.481	kafka-001	2017-07-29T16:25:57.354040232Z	171.514	7.91	24	12.09
220.233	kafka-001	2017-07-29T16:26:04.354374308Z	180.228	7.91	27	10.74
245.197	kafka-001	2017-07-29T16:26:11.35405694Z	282.568	7.93	29	17.6
256.614	kafka-001	2017-07-29T16:26:18.353961975Z	209.109	7.96	31	54.76
280.824	kafka-001	2017-07-29T16:26:25.354135601Z	324.6	7.98	34	26.57
291.507	kafka-001	2017-07-29T16:26:32.354090057Z	240.099	7.97	36	10.61
312.373	kafka-001	2017-07-29T16:26:39.354270356Z	252.376	8.0	38	12.77
333.638	kafka-001	2017-07-29T16:26:46.354076358Z	381.266	8.21	40	13.73
341.109	kafka-001	2017-07-29T16:26:53.354121155Z	276.323	8.21	42	16.25
362.63	kafka-001	2017-07-29T16:27:00.354000866Z	421.24	8.21	44	14.75
375.597	kafka-001	2017-07-29T16:27:07.354252426Z	302.95	8.25	46	44.21
386.815	kafka-001	2017-07-29T16:27:14.354127111Z	312.326	8.29	48	16.52
409.738	kafka-001	2017-07-29T16:27:21.354212301Z	474.584	8.3	50	14.9
422.083	kafka-001	2017-07-29T16:27:28.35411676Z	337.569	8.3	52	24.07
439.04	kafka-001	2017-07-29T16:27:35.354427213Z	511.261	8.3	54	14.13
452.731	kafka-001	2017-07-29T16:27:42.35402143Z	364.358	8.43	56	22.19
471.809	kafka-001	2017-07-29T16:27:49.354081433Z	375.227	8.43	58	18.54
474.332	kafka-001	2017-07-29T16:27:56.354082106Z	559.109	8.43	60	19.26
501.731	kafka-001	2017-07-29T16:28:03.354053693Z	398.712	8.45	62	19.05
513.12	kafka-001	2017-07-29T16:28:10.354192546Z	594.861	8.58	64	28.68
522.495	kafka-001	2017-07-29T16:28:17.354491571Z	418.347	8.58	65	16.79
528.845	kafka-001	2017-07-29T16:28:24.354016632Z	423.602	8.59	66	19.86
551.268	kafka-001	2017-07-29T16:28:31.354005574Z	635.578	8.59	68	19.54
551.285	kafka-001	2017-07-29T16:28:38.354346406Z	438.792	8.64	69	22.33
575.972	kafka-001	2017-07-29T16:28:45.354167311Z	662.471	8.7	71	51.17
581.314	kafka-001	2017-07-29T16:28:52.353971117Z	460.71	8.7	72	20.25
588.156	kafka-001	2017-07-29T16:28:59.354031211Z	466.548	8.7	73	17.31
601.322	kafka-001	2017-07-29T16:29:06.353990801Z	692.446	8.73	74	32.98
603.175	kafka-001	2017-07-29T16:29:13.354321823Z	485.653	9.06	75	18.53
610.228	kafka-001	2017-07-29T16:29:20.354071134Z	699.394	9.41	75	19.68
601.959	kafka-001	2017-07-29T16:29:27.354177276Z	479.315	9.79	75	20.34
601.405	kafka-001	2017-07-29T16:29:34.354315873Z	478.613	10.17	75	20.06
610.892	kafka-001	2017-07-29T16:29:41.354190675Z	704.154	10.55	75	19.92
602.709	kafka-001	2017-07-29T16:29:48.354242888Z	481.846	10.91	75	20.12
610.512	kafka-001	2017-07-29T16:29:55.353985Z	703.131	11.29	75	22.04
606.786	kafka-001	2017-07-29T16:30:02.354204934Z	478.347	11.64	75	20.84
607.96	kafka-001	2017-07-29T16:30:09.353896617Z	485.057	12.03	75	28.22
602.372	kafka-001	2017-07-29T16:30:16.354168031Z	701.799	12.39	75	20.15
599.989	kafka-001	2017-07-29T16:30:23.353937783Z	471.62	12.77	75	19.04
606.93	kafka-001	2017-07-29T16:30:30.354380221Z	700.519	12.85	75	17.76
601.303	kafka-001	2017-07-29T16:30:37.35408104Z	476.778	12.85	75	20.11
609.091	kafka-001	2017-07-29T16:30:44.354045541Z	480.216	12.85	75	21.78
600.324	kafka-001	2017-07-29T16:30:51.353970822Z	700.328	12.86	75	17.3
601.683	kafka-001	2017-07-29T16:30:58.354150152Z	472.103	12.86	75	19.33
606.962	kafka-001	2017-07-29T16:31:05.354148937Z	699.59	12.87	75	23.01
604.865	kafka-001	2017-07-29T16:31:12.353920055Z	481.59	12.87	75	21.07
596.273	kafka-001	2017-07-29T16:31:19.35426127Z	471.35	12.87	75	21.23
604.65	kafka-001	2017-07-29T16:31:26.3541629Z	700.665	12.88	75	20.97
607.001	kafka-001	2017-07-29T16:31:33.35412676Z	481.067	12.88	75	18.57
606.062	kafka-001	2017-07-29T16:31:40.35404151Z	701.286	12.89	75	18.2
597.717	kafka-001	2017-07-29T16:31:47.354087784Z	480.979	12.89	75	18.81
606.933	kafka-001	2017-07-29T16:31:54.354352819Z	482.006	12.9	75	21.57
606.046	kafka-001	2017-07-29T16:32:01.354127456Z	701.72	12.9	75	20.74
598.583	kafka-001	2017-07-29T16:32:08.354250594Z	479.444	12.9	75	21.42
613.73	kafka-001	2017-07-29T16:32:15.35415384Z	707.904	12.91	76	24.47
615.411	kafka-001	2017-07-29T16:32:22.354108129Z	487.948	12.91	77	22.47
607.835	kafka-001	2017-07-29T16:32:29.354080602Z	481.088	12.91	78	20.13
638.008	kafka-001	2017-07-29T16:32:36.354320602Z	735.251	12.92	80	25.95
650.053	kafka-001	2017-07-29T16:32:43.354114557Z	509.4	12.95	81	22.67
658.028	kafka-001	2017-07-29T16:32:50.353999131Z	763.913	12.96	82	25.66
660.299	kafka-001	2017-07-29T16:32:57.354255609Z	523.054	12.96	83	23.53
671.525	kafka-001	2017-07-29T16:33:04.354325139Z	528.318	12.97	84	23.89
686.703	kafka-001	2017-07-29T16:33:11.354387327Z	792.878	12.97	85	23.27
689.6	kafka-001	2017-07-29T16:33:18.354126995Z	547.336	12.98	86	22.92
697.848	kafka-001	2017-07-29T16:33:25.354067162Z	804.911	12.98	87	23.64
705.912	kafka-001	2017-07-29T16:33:32.354158746Z	557.828	12.98	88	25.39
709.774	kafka-001	2017-07-29T16:33:39.354123562Z	559.788	12.99	89	25.48
721.39	kafka-001	2017-07-29T16:33:46.354061312Z	832.442	12.99	90	24.61
730.885	kafka-001	2017-07-29T16:33:53.353961878Z	574.212	13.0	91	24.66
733.394	kafka-001	2017-07-29T16:34:00.354374133Z	847.025	13.0	92	22.25
731.639	kafka-001	2017-07-29T16:34:07.354121433Z	584.472	13.01	93	22.93
746.533	kafka-001	2017-07-29T16:34:14.354210597Z	593.458	13.02	94	31.23
751.844	kafka-001	2017-07-29T16:34:21.354188132Z	864.674	13.02	95	25.22
758.413	kafka-001	2017-07-29T16:34:28.354019158Z	598.288	13.04	96	26.26
765.36	kafka-001	2017-07-29T16:34:35.354250751Z	882.225	13.05	97	26.86
781.234	kafka-001	2017-07-29T16:34:42.354057658Z	613.548	13.06	98	24.27
784.962	kafka-001	2017-07-29T16:34:49.354102545Z	618.831	13.06	99	24.65
790.91	kafka-001	2017-07-29T16:34:56.35400153Z	909.119	13.11	100	33.73
796.861	kafka-001	2017-07-29T16:35:03.354150151Z	625.136	13.39	101	29.14
802.884	kafka-001	2017-07-29T16:35:10.354086499Z	633.636	13.88	102	28.09
811.913	kafka-001	2017-07-29T16:35:17.354097946Z	933.79	14.39	103	26.31
825.761	kafka-001	2017-07-29T16:35:24.354191965Z	647.174	14.39	105	24.33
831.07	kafka-001	2017-07-29T16:35:31.35412814Z	954.854	14.4	106	24.26
827.149	kafka-001	2017-07-29T16:35:38.354176184Z	653.356	14.4	106	24.13
849.931	kafka-001	2017-07-29T16:35:45.354155074Z	976.756	14.41	107	37.01
851.656	kafka-001	2017-07-29T16:35:52.354048271Z	671.4	14.41	108	30.28
853.325	kafka-001	2017-07-29T16:35:59.354239884Z	675.52	14.42	109	24.71
858.21	kafka-001	2017-07-29T16:36:06.354216912Z	996.091	14.49	110	28.59
867.25	kafka-001	2017-07-29T16:36:13.354235132Z	682.058	14.52	111	30.51
880.795	kafka-001	2017-07-29T16:36:20.354240086Z	1008.234	14.53	112	28.62
875.887	kafka-001	2017-07-29T16:36:27.3541592Z	688.251	14.53	113	28.38
892.587	kafka-001	2017-07-29T16:36:34.354088908Z	696.08	14.54	114	26.59
894.018	kafka-001	2017-07-29T16:36:41.354093547Z	1025.942	14.54	115	24.79
903.361	kafka-001	2017-07-29T16:36:48.354328529Z	704.472	14.55	116	28.44
913.812	kafka-001	2017-07-29T16:36:55.354287358Z	1055.476	14.56	116	30.97
921.868	kafka-001	2017-07-29T16:37:02.354192752Z	716.875	14.56	117	28.14
922.088	kafka-001	2017-07-29T16:37:09.353991151Z	719.438	14.57	118	28.18
923.112	kafka-001	2017-07-29T16:37:16.353956965Z	1063.569	14.57	119	20.96
928.701	kafka-001	2017-07-29T16:37:23.354185983Z	725.937	14.58	120	35.08
915.268	kafka-001	2017-07-29T16:37:30.354040315Z	1054.696	14.58	120	29.99
861.839	kafka-001	2017-07-29T16:37:37.354119872Z	686.085	14.59	121	24.37
930.407	kafka-001	2017-07-29T16:37:44.354139969Z	709.677	14.62	122	27.2
960.508	kafka-001	2017-07-29T16:37:51.354047143Z	1096.448	14.63	123	29.77
934.745	kafka-001	2017-07-29T16:37:58.354134557Z	736.821	14.63	124	26.45
958.942	kafka-001	2017-07-29T16:38:05.354091281Z	1098.624	14.64	125	27.86
930.533	kafka-001	2017-07-29T16:38:12.35409124Z	724.843	14.74	125	24.8
939.403	kafka-001	2017-07-29T16:38:19.3540333Z	739.45	15.27	126	25.43
966.286	kafka-001	2017-07-29T16:38:26.354829612Z	1114.061	15.48	127	29.51
928.959	kafka-001	2017-07-29T16:38:33.353931577Z	720.292	15.49	128	26.06
961.156	kafka-001	2017-07-29T16:38:40.354271773Z	1117.521	15.49	129	33.2
939.017	kafka-001	2017-07-29T16:38:47.354268533Z	745.664	15.5	129	30.53
955.841	kafka-001	2017-07-29T16:38:54.354141835Z	741.87	15.51	130	32.04
943.556	kafka-001	2017-07-29T16:39:01.354106274Z	1093.221	15.51	131	29.59
943.407	kafka-001	2017-07-29T16:39:08.354244106Z	736.358	15.52	132	27.57
950.404	kafka-001	2017-07-29T16:39:15.354064531Z	1098.399	15.52	133	26.1
881.829	kafka-001	2017-07-29T16:39:22.354165233Z	692.049	15.53	133	28.79
897.922	kafka-001	2017-07-29T16:39:29.353913143Z	702.574	15.53	134	30.7
897.285	kafka-001	2017-07-29T16:39:36.354039078Z	1026.823	15.54	135	21.54
895.605	kafka-001	2017-07-29T16:39:43.354235144Z	701.095	15.54	136	24.16
923.032	kafka-001	2017-07-29T16:39:50.354245353Z	1062.305	15.55	136	30.86
941.851	kafka-001	2017-07-29T16:39:57.354187867Z	734.295	15.55	137	26.87
961.761	kafka-001	2017-07-29T16:40:04.354174721Z	754.781	15.56	138	29.65
948.946	kafka-001	2017-07-29T16:40:11.35425334Z	1090.337	15.57	139	25.74
948.619	kafka-001	2017-07-29T16:40:18.354125748Z	744.568	15.57	139	30.45
940.936	kafka-001	2017-07-29T16:40:25.354147777Z	1087.982	15.58	140	27.53
935.269	kafka-001	2017-07-29T16:40:32.354030982Z	735.296	15.58	141	29.5
963.813	kafka-001	2017-07-29T16:40:39.354093391Z	737.09	15.59	142	30.64
923.553	kafka-001	2017-07-29T16:40:46.354101427Z	1099.735	15.6	142	30.45
961.178	kafka-001	2017-07-29T16:40:53.353867698Z	746.482	15.6	143	29.94
945.385	kafka-001	2017-07-29T16:41:00.354492058Z	1079.173	15.61	144	32.28
1139.732	kafka-001	2017-07-29T16:41:07.354134724Z	902.093	15.62	145	34.86
1144.949	kafka-001	2017-07-29T16:41:14.354081014Z	903.75	15.62	145	36.73
1165.392	kafka-001	2017-07-29T16:41:21.354119997Z	1344.49	15.63	146	37.01
1156.033	kafka-001	2017-07-29T16:41:28.354230179Z	914.261	15.64	147	36.07
1153.33	kafka-001	2017-07-29T16:41:35.354152992Z	1354.179	15.65	148	37.24
1159.621	kafka-001	2017-07-29T16:41:42.354136635Z	921.855	15.65	148	39.58
1156.685	kafka-001	2017-07-29T16:41:49.354043403Z	922.991	15.66	149	35.78
1179.548	kafka-001	2017-07-29T16:41:56.354037798Z	1376.043	15.67	150	32.27
1168.211	kafka-001	2017-07-29T16:42:03.354194906Z	926.78	15.69	150	36.7
1180.622	kafka-001	2017-07-29T16:42:10.354175378Z	1384.34	15.7	150	38.32
1171.089	kafka-001	2017-07-29T16:42:17.35415669Z	929.536	15.72	150	36.55
1176.417	kafka-001	2017-07-29T16:42:24.353949578Z	934.177	15.72	150	28.38
1179.9	kafka-001	2017-07-29T16:42:31.3543842Z	1377.901	15.73	150	31.31
1176.195	kafka-001	2017-07-29T16:42:38.354041116Z	935.97	15.74	150	37.56
1181.014	kafka-001	2017-07-29T16:42:45.354200503Z	1375.466	15.75	150	39.1
1163.637	kafka-001	2017-07-29T16:42:52.354092775Z	929.846	15.76	150	38.61
1170.003	kafka-001	2017-07-29T16:42:59.354243433Z	937.55	15.76	150	34.98
1178.766	kafka-001	2017-07-29T16:43:06.35412877Z	1370.236	15.77	150	43.55
1170.695	kafka-001	2017-07-29T16:43:13.354224143Z	936.275	15.8	150	33.58
1170.114	kafka-001	2017-07-29T16:43:20.354388735Z	1376.688	15.8	150	38.8
1157.741	kafka-001	2017-07-29T16:43:27.353945528Z	924.114	15.81	150	33.86
1174.339	kafka-001	2017-07-29T16:43:34.35392957Z	927.642	15.82	150	37.16
1175.766	kafka-001	2017-07-29T16:43:41.354337058Z	1372.094	15.82	150	35.49
1178.795	kafka-001	2017-07-29T16:43:48.354076229Z	930.174	15.83	150	38.28
1177.204	kafka-001	2017-07-29T16:43:55.354066131Z	1371.033	15.84	150	41.09
1170.03	kafka-001	2017-07-29T16:44:02.35413945Z	932.943	15.85	150	38.82
1177.77	kafka-001	2017-07-29T16:44:09.354188202Z	933.048	15.86	150	34.57
1187.767	kafka-001	2017-07-29T16:44:16.354122218Z	1379.845	15.86	150	31.98
1163.434	kafka-001	2017-07-29T16:44:23.354069343Z	929.311	15.87	150	36.95
1186.468	kafka-001	2017-07-29T16:44:30.354095699Z	1375.69	15.88	150	38.17
1168.767	kafka-001	2017-07-29T16:44:37.35397683Z	934.57	15.89	150	37.47
1158.751	kafka-001	2017-07-29T16:44:44.35427928Z	930.063	15.89	150	35.2
1183.01	kafka-001	2017-07-29T16:44:51.354195159Z	1379.522	15.9	150	33.76
1171.835	kafka-001	2017-07-29T16:44:58.354260635Z	931.302	15.91	150	38.17
1184.162	kafka-001	2017-07-29T16:45:05.354223363Z	1388.125	15.92	151	43.79
1185.049	kafka-001	2017-07-29T16:45:12.35412268Z	944.537	15.93	152	40.24
1201.843	kafka-001	2017-07-29T16:45:19.354070248Z	954.268	15.93	153	30.56
1211.264	kafka-001	2017-07-29T16:45:26.353997399Z	1402.923	15.94	154	37.0
1210.521	kafka-001	2017-07-29T16:45:33.354325916Z	962.974	15.95	154	42.46
1199.162	kafka-001	2017-07-29T16:45:40.354380709Z	1422.985	15.96	155	43.14
1212.357	kafka-001	2017-07-29T16:45:47.353935531Z	969.85	15.96	156	37.91
1229.877	kafka-001	2017-07-29T16:45:54.35413874Z	966.644	15.97	157	39.7
1243.965	kafka-001	2017-07-29T16:46:01.353814509Z	1450.053	15.98	158	34.79
1233.078	kafka-001	2017-07-29T16:46:08.354090183Z	979.895	15.99	159	34.96
1255.944	kafka-001	2017-07-29T16:46:15.354078845Z	1456.583	16.0	159	34.03
1247.861	kafka-001	2017-07-29T16:46:22.354183668Z	990.28	16.01	160	40.23
1243.921	kafka-001	2017-07-29T16:46:29.354199668Z	998.544	16.02	161	34.59
1263.582	kafka-001	2017-07-29T16:46:36.354092745Z	1480.98	16.03	162	34.22
1280.921	kafka-001	2017-07-29T16:46:43.354152149Z	1008.705	16.03	163	38.82
1280.213	kafka-001	2017-07-29T16:46:50.354096322Z	1495.14	16.04	163	39.37
1272.067	kafka-001	2017-07-29T16:46:57.354057579Z	1017.426	16.05	164	40.71
1298.702	kafka-001	2017-07-29T16:47:04.354154661Z	1024.238	16.06	165	40.95
1300.892	kafka-001	2017-07-29T16:47:11.353879563Z	1515.618	16.06	166	32.68
1304.233	kafka-001	2017-07-29T16:47:18.354044667Z	1034.116	16.07	167	45.15
1312.548	kafka-001	2017-07-29T16:47:25.354219607Z	1529.976	16.08	167	38.4
1311.677	kafka-001	2017-07-29T16:47:32.3540325Z	1040.237	16.09	168	47.02
1318.601	kafka-001	2017-07-29T16:47:39.354171403Z	1042.082	16.1	169	36.56
1322.416	kafka-001	2017-07-29T16:47:46.354052812Z	1553.543	16.11	170	43.96
1336.577	kafka-001	2017-07-29T16:47:53.353910003Z	1059.887	16.11	171	42.56
1351.106	kafka-001	2017-07-29T16:48:00.354237224Z	1561.516	16.14	171	39.83
1350.097	kafka-001	2017-07-29T16:48:07.354201751Z	1068.202	16.15	172	47.72
1350.261	kafka-001	2017-07-29T16:48:14.354455558Z	1067.098	16.16	173	45.92
1368.384	kafka-001	2017-07-29T16:48:21.354171335Z	1586.634	16.17	174	45.32
1362.809	kafka-001	2017-07-29T16:48:28.354097527Z	1078.852	16.18	174	37.13
1376.208	kafka-001	2017-07-29T16:48:35.354385526Z	1603.52	16.19	175	44.93
1378.971	kafka-001	2017-07-29T16:48:42.354653926Z	1090.123	16.2	176	47.53
1379.74	kafka-001	2017-07-29T16:48:49.354095901Z	1091.27	16.21	177	44.48
1398.88	kafka-001	2017-07-29T16:48:56.35398026Z	1622.926	16.21	178	44.91
1395.254	kafka-001	2017-07-29T16:49:03.354102059Z	1100.768	16.22	178	44.25
1410.018	kafka-001	2017-07-29T16:49:10.354061446Z	1641.237	16.25	179	41.86
1401.005	kafka-001	2017-07-29T16:49:17.35409841Z	1109.248	16.26	180	43.75
1406.867	kafka-001	2017-07-29T16:49:24.354186687Z	1109.355	16.26	180	46.11
1390.974	kafka-001	2017-07-29T16:49:31.353950521Z	1652.755	16.34	181	51.31
1427.041	kafka-001	2017-07-29T16:49:38.354247488Z	1124.617	16.46	182	48.67
1434.98	kafka-001	2017-07-29T16:49:45.354131019Z	1664.418	16.47	183	39.83
1404.283	kafka-001	2017-07-29T16:49:52.353974076Z	1129.7	16.48	183	38.34
1437.641	kafka-001	2017-07-29T16:49:59.354207959Z	1134.331	16.49	184	52.57
1446.983	kafka-001	2017-07-29T16:50:06.354068945Z	1685.366	16.5	185	44.26
1425.922	kafka-001	2017-07-29T16:50:13.354232915Z	1145.503	16.54	186	49.53
1449.338	kafka-001	2017-07-29T16:50:20.354168603Z	1688.854	16.53	186	46.13
1463.188	kafka-001	2017-07-29T16:50:27.354090316Z	1161.357	16.54	187	45.84
1461.604	kafka-001	2017-07-29T16:50:34.354090165Z	1157.365	16.55	188	37.11
1468.472	kafka-001	2017-07-29T16:50:41.353866286Z	1717.931	16.56	188	35.25
1491.144	kafka-001	2017-07-29T16:50:48.354424369Z	1167.43	16.57	189	44.57
1472.805	kafka-001	2017-07-29T16:50:55.35409513Z	1730.07	16.58	190	45.25
1467.215	kafka-001	2017-07-29T16:51:02.354531979Z	1177.042	16.59	191	48.63
1478.613	kafka-001	2017-07-29T16:51:09.354153576Z	1173.56	16.6	191	48.69
1516.292	kafka-001	2017-07-29T16:51:16.354132331Z	1747.116	16.61	192	45.66
1498.357	kafka-001	2017-07-29T16:51:23.353912408Z	1183.163	16.62	193	41.63
1510.627	kafka-001	2017-07-29T16:51:30.354025954Z	1759.909	16.63	193	36.3
1516.154	kafka-001	2017-07-29T16:51:37.354211902Z	1200.014	16.66	194	39.85
1517.922	kafka-001	2017-07-29T16:51:44.35410989Z	1199.696	16.67	195	49.26
1520.369	kafka-001	2017-07-29T16:51:51.35379892Z	1777.87	16.68	195	51.07
1537.913	kafka-001	2017-07-29T16:51:58.354024416Z	1213.556	16.69	196	43.82
1543.206	kafka-001	2017-07-29T16:52:05.354116532Z	1788.575	16.7	196	42.8
1532.7	kafka-001	2017-07-29T16:52:12.354248013Z	1221.077	16.71	197	43.28
1538.914	kafka-001	2017-07-29T16:52:19.354109822Z	1216.508	16.72	198	51.88
1553.752	kafka-001	2017-07-29T16:52:26.354039248Z	1810.753	16.73	198	51.75
1551.92	kafka-001	2017-07-29T16:52:33.354196504Z	1221.934	16.74	199	47.29
1559.719	kafka-001	2017-07-29T16:52:40.354145699Z	1823.857	16.75	199	48.34
1569.481	kafka-001	2017-07-29T16:52:47.353961302Z	1231.087	16.76	200	38.33
1559.399	kafka-001	2017-07-29T16:52:54.354140618Z	1236.162	16.77	201	48.59
1575.836	kafka-001	2017-07-29T16:53:01.354351037Z	1832.732	16.78	201	50.35
1579.112	kafka-001	2017-07-29T16:53:08.354277955Z	1248.582	16.79	202	43.57
1575.737	kafka-001	2017-07-29T16:53:15.353889118Z	1837.001	16.8	202	50.97
1593.866	kafka-001	2017-07-29T16:53:22.353985784Z	1251.802	16.81	203	46.86
1594.41	kafka-001	2017-07-29T16:53:29.353993937Z	1254.785	16.82	204	51.19
1612.598	kafka-001	2017-07-29T16:53:36.354328275Z	1861.804	16.83	204	42.0
1599.201	kafka-001	2017-07-29T16:53:43.354207924Z	1258.686	16.84	205	57.85
1598.86	kafka-001	2017-07-29T16:53:50.354146126Z	1869.775	16.85	205	49.23
1611.079	kafka-001	2017-07-29T16:53:57.354286872Z	1273.619	16.87	206	39.32
1617.816	kafka-001	2017-07-29T16:54:04.354078554Z	1268.734	16.88	207	44.77
1628.024	kafka-001	2017-07-29T16:54:11.354249609Z	1885.816	16.89	207	53.84
1619.594	kafka-001	2017-07-29T16:54:18.354078577Z	1275.06	16.9	208	44.42
1637.98	kafka-001	2017-07-29T16:54:25.3540192Z	1896.456	16.91	208	53.6
1632.979	kafka-001	2017-07-29T16:54:32.354051652Z	1287.862	16.92	209	41.86
1636.519	kafka-001	2017-07-29T16:54:39.354229436Z	1288.493	16.93	209	54.33
1642.958	kafka-001	2017-07-29T16:54:46.353966727Z	1913.405	16.94	210	39.38
1654.295	kafka-001	2017-07-29T16:54:53.353887528Z	1295.172	16.95	211	58.17
1671.704	kafka-001	2017-07-29T16:55:00.354041323Z	1926.72	16.96	211	46.0
1646.191	kafka-001	2017-07-29T16:55:07.354136499Z	1301.238	16.97	212	53.46
1650.197	kafka-001	2017-07-29T16:55:14.354228514Z	1306.731	16.99	212	47.71
1665.21	kafka-001	2017-07-29T16:55:21.35421426Z	1934.578	16.99	213	58.51
1659.028	kafka-001	2017-07-29T16:55:28.35400668Z	1311.89	17.0	213	47.9
1679.784	kafka-001	2017-07-29T16:55:35.354153497Z	1948.126	17.02	214	51.96
1661.962	kafka-001	2017-07-29T16:55:42.354284009Z	1320.132	17.03	214	58.91
1676.861	kafka-001	2017-07-29T16:55:49.354090602Z	1322.394	17.04	215	48.94
1683.264	kafka-001	2017-07-29T16:55:56.354149382Z	1958.788	17.05	215	53.93
1671.181	kafka-001	2017-07-29T16:56:03.35427174Z	1324.537	17.06	216	50.96
1691.482	kafka-001	2017-07-29T16:56:10.354365574Z	1965.18	17.07	216	56.98
1692.459	kafka-001	2017-07-29T16:56:17.354041405Z	1340.559	17.08	217	54.5
1685.876	kafka-001	2017-07-29T16:56:24.354230125Z	1334.167	17.09	217	44.95
1717.111	kafka-001	2017-07-29T16:56:31.354104379Z	1983.768	17.1	218	55.48
1692.955	kafka-001	2017-07-29T16:56:38.354278707Z	1337.97	17.11	218	50.26
1708.274	kafka-001	2017-07-29T16:56:45.353917931Z	1990.465	17.13	219	48.68
1722.678	kafka-001	2017-07-29T16:56:52.353994255Z	1351.602	17.13	219	58.19
1700.734	kafka-001	2017-07-29T16:56:59.354075232Z	1343.946	17.14	220	56.85
1729.606	kafka-001	2017-07-29T16:57:06.35403244Z	2005.756	17.17	220	45.25
1721.869	kafka-001	2017-07-29T16:57:13.35426619Z	1356.971	17.18	221	59.21
1722.304	kafka-001	2017-07-29T16:57:20.354044673Z	2005.725	17.19	221	49.73
1725.673	kafka-001	2017-07-29T16:57:27.354011825Z	1365.958	17.2	222	49.06
1748.837	kafka-001	2017-07-29T16:57:34.354085676Z	1364.84	17.22	222	56.88
1741.152	kafka-001	2017-07-29T16:57:41.354255634Z	2026.051	17.23	223	45.71
1746.523	kafka-001	2017-07-29T16:57:48.354103372Z	1372.779	17.24	223	51.61
1765.577	kafka-001	2017-07-29T16:57:55.354475371Z	2038.045	17.25	224	54.9
1746.622	kafka-001	2017-07-29T16:58:02.354142043Z	1379.574	17.26	224	57.26
1744.275	kafka-001	2017-07-29T16:58:09.354096804Z	1377.31	17.27	225	57.39
1772.832	kafka-001	2017-07-29T16:58:16.35404231Z	2051.268	17.28	225	49.05
1740.111	kafka-001	2017-07-29T16:58:23.354236884Z	1375.814	17.29	225	54.68
1757.625	kafka-001	2017-07-29T16:58:30.354225581Z	2052.56	17.31	225	50.25
1756.724	kafka-001	2017-07-29T16:58:37.354356335Z	1378.851	17.32	225	44.45
1753.045	kafka-001	2017-07-29T16:58:44.354209699Z	1381.377	17.33	225	54.61
1768.284	kafka-001	2017-07-29T16:58:51.35420916Z	2046.492	17.34	225	54.13
1759.087	kafka-001	2017-07-29T16:58:58.354095346Z	1384.541	17.35	225	46.52
1766.421	kafka-001	2017-07-29T16:59:05.354249385Z	2044.853	17.36	225	51.84
1756.162	kafka-001	2017-07-29T16:59:12.354306972Z	1379.706	17.37	225	51.8
1745.975	kafka-001	2017-07-29T16:59:19.354335314Z	1380.863	17.38	225	50.14
1767.953	kafka-001	2017-07-29T16:59:26.354188537Z	2050.741	17.39	225	52.31
1757.175	kafka-001	2017-07-29T16:59:33.354331175Z	1385.004	17.41	225	52.78
1752.538	kafka-001	2017-07-29T16:59:40.354194711Z	2041.196	17.42	225	51.85
1755.264	kafka-001	2017-07-29T16:59:47.354147501Z	1383.346	17.51	225	61.42
1730.813	kafka-001	2017-07-29T16:59:54.354247385Z	1379.988	17.51	225	54.35
1761.738	kafka-001	2017-07-29T17:00:01.35411943Z	2050.118	17.52	225	57.57
1743.361	kafka-001	2017-07-29T17:00:08.354074297Z	1378.464	17.53	225	48.74
1750.917	kafka-001	2017-07-29T17:00:15.354243348Z	2050.504	17.54	225	55.56
1764.042	kafka-001	2017-07-29T17:00:22.354296812Z	1384.664	17.55	225	59.16
1753.035	kafka-001	2017-07-29T17:00:29.354169496Z	1383.876	17.57	225	58.91
1752.018	kafka-001	2017-07-29T17:00:36.354144119Z	2043.429	17.58	225	49.75
1752.817	kafka-001	2017-07-29T17:00:43.354131082Z	1389.633	17.59	225	57.92
1744.705	kafka-001	2017-07-29T17:00:50.354005458Z	2048.045	17.6	225	49.35
1745.806	kafka-001	2017-07-29T17:00:57.354024232Z	1373.201	17.61	225	55.6
1732.327	kafka-001	2017-07-29T17:01:04.354135161Z	1380.074	17.62	225	50.72
1759.321	kafka-001	2017-07-29T17:01:11.354408439Z	2045.498	17.63	225	54.96
1760.704	kafka-001	2017-07-29T17:01:18.354125802Z	1385.627	17.64	226	46.66
1755.791	kafka-001	2017-07-29T17:01:25.353976309Z	2074.032	17.65	226	55.24
1780.674	kafka-001	2017-07-29T17:01:32.354152219Z	1382.179	17.66	227	54.16
1781.553	kafka-001	2017-07-29T17:01:39.354120475Z	1399.526	17.68	228	47.49
1766.943	kafka-001	2017-07-29T17:01:46.35411164Z	2073.57	17.69	228	54.39
1789.618	kafka-001	2017-07-29T17:01:53.354127744Z	1405.042	17.7	229	61.19
1799.794	kafka-001	2017-07-29T17:02:00.354025349Z	2083.933	17.71	229	54.4
1792.155	kafka-001	2017-07-29T17:02:07.353936814Z	1407.77	17.72	230	52.43
1807.611	kafka-001	2017-07-29T17:02:14.354064291Z	1419.704	17.73	230	51.66
1804.174	kafka-001	2017-07-29T17:02:21.354270597Z	2101.005	17.75	231	59.51
1815.339	kafka-001	2017-07-29T17:02:28.354415689Z	1419.522	17.76	232	49.19
1815.931	kafka-001	2017-07-29T17:02:35.353964707Z	2107.694	17.78	232	60.39
1813.966	kafka-001	2017-07-29T17:02:42.354124322Z	1432.745	17.8	233	56.6
1818.849	kafka-001	2017-07-29T17:02:49.354402132Z	1432.168	17.81	233	57.83
1829.553	kafka-001	2017-07-29T17:02:56.354126895Z	2115.682	17.82	234	56.39
1820.67	kafka-001	2017-07-29T17:03:03.353962083Z	1438.236	17.83	234	58.88
1839.7	kafka-001	2017-07-29T17:03:10.35404444Z	2134.585	17.84	235	51.73
1833.929	kafka-001	2017-07-29T17:03:17.354174604Z	1449.11	17.85	235	64.38
1829.055	kafka-001	2017-07-29T17:03:24.354101518Z	1442.738	17.86	236	50.37
1845.388	kafka-001	2017-07-29T17:03:31.354224665Z	2149.664	17.87	237	62.84
1838.412	kafka-001	2017-07-29T17:03:38.354013246Z	1457.707	17.89	237	61.08
1850.673	kafka-001	2017-07-29T17:03:45.354060809Z	2153.128	17.9	238	62.48
1860.036	kafka-001	2017-07-29T17:03:52.354061803Z	1460.657	17.91	238	52.49
1855.527	kafka-001	2017-07-29T17:03:59.354126167Z	1467.636	17.92	239	57.52
1862.455	kafka-001	2017-07-29T17:04:06.353978745Z	2164.968	17.94	239	44.09
1883.215	kafka-001	2017-07-29T17:04:13.354452558Z	1476.386	17.95	240	62.27
1886.921	kafka-001	2017-07-29T17:04:20.354155799Z	2187.74	17.96	240	57.53
1876.196	kafka-001	2017-07-29T17:04:27.354052889Z	1474.696	17.97	241	63.54
1896.111	kafka-001	2017-07-29T17:04:34.354075588Z	1483.334	17.99	242	49.67
1902.458	kafka-001	2017-07-29T17:04:41.354138695Z	2198.668	18.0	242	52.91
1898.104	kafka-001	2017-07-29T17:04:48.354305689Z	1487.264	18.01	243	53.43
1919.739	kafka-001	2017-07-29T17:04:55.3542633Z	2203.419	18.02	243	58.88
1914.535	kafka-001	2017-07-29T17:05:02.354000846Z	1501.732	18.03	244	49.07
1911.145	kafka-001	2017-07-29T17:05:09.354172916Z	1497.26	18.05	244	62.19
1918.993	kafka-001	2017-07-29T17:05:16.354030522Z	2220.758	18.06	245	56.59
1916.682	kafka-001	2017-07-29T17:05:23.354291137Z	1506.548	18.07	245	61.23
1929.1	kafka-001	2017-07-29T17:05:30.354000285Z	2227.431	18.08	246	59.84
1893.647	kafka-001	2017-07-29T17:05:37.354082219Z	1502.16	18.09	246	62.92
1913.639	kafka-001	2017-07-29T17:05:44.354118258Z	1515.457	18.1	247	45.74
1911.754	kafka-001	2017-07-29T17:05:51.354040519Z	2229.179	18.12	247	56.09
1933.467	kafka-001	2017-07-29T17:05:58.354382742Z	1524.232	18.13	248	58.49
1938.864	kafka-001	2017-07-29T17:06:05.353960458Z	2244.655	18.14	248	49.32
1945.491	kafka-001	2017-07-29T17:06:12.354056576Z	1530.225	18.15	249	58.75
1933.273	kafka-001	2017-07-29T17:06:19.353978209Z	1527.018	18.17	249	51.69
1931.922	kafka-001	2017-07-29T17:06:26.35408838Z	2254.444	18.18	250	50.23
1950.293	kafka-001	2017-07-29T17:06:33.354079458Z	1539.613	18.19	250	57.08
1950.517	kafka-001	2017-07-29T17:06:40.354177963Z	2269.37	18.2	251	54.28
1951.998	kafka-001	2017-07-29T17:06:47.354140374Z	1544.8	18.22	251	58.04
1970.967	kafka-001	2017-07-29T17:06:54.354009639Z	1545.543	18.23	252	66.67
1975.969	kafka-001	2017-07-29T17:07:01.354111303Z	2286.829	18.24	252	61.78
1964.994	kafka-001	2017-07-29T17:07:08.354042308Z	1549.145	18.25	253	49.9
1968.489	kafka-001	2017-07-29T17:07:15.354090996Z	2300.586	18.26	253	67.35
1977.105	kafka-001	2017-07-29T17:07:22.354038676Z	1549.461	18.28	254	60.26
1975.223	kafka-001	2017-07-29T17:07:29.354531902Z	1562.738	18.29	255	61.36
2001.048	kafka-001	2017-07-29T17:07:36.354134598Z	2310.874	18.3	255	67.14
1979.901	kafka-001	2017-07-29T17:07:43.354000702Z	1560.974	18.32	256	66.0
2003.22	kafka-001	2017-07-29T17:07:50.353794388Z	2323.667	18.33	256	57.12
1995.607	kafka-001	2017-07-29T17:07:57.354067091Z	1562.062	18.34	257	51.2
2004.137	kafka-001	2017-07-29T17:08:04.354231447Z	1578.684	18.35	257	60.97
2015.328	kafka-001	2017-07-29T17:08:11.354314418Z	2333.219	18.37	258	54.76
2016.765	kafka-001	2017-07-29T17:08:18.353999498Z	1579.204	18.38	258	62.73
2024.648	kafka-001	2017-07-29T17:08:25.354187335Z	2348.281	18.39	259	66.83
2022.323	kafka-001	2017-07-29T17:08:32.353878434Z	1593.64	18.4	259	58.54
2023.887	kafka-001	2017-07-29T17:08:39.354172375Z	1585.97	18.42	260	51.98
2026.547	kafka-001	2017-07-29T17:08:46.35424791Z	2352.171	18.43	260	60.43
2022.994	kafka-001	2017-07-29T17:08:53.354078995Z	1600.227	18.44	261	63.74
2028.863	kafka-001	2017-07-29T17:09:00.354227672Z	2363.91	18.45	261	57.43
2021.972	kafka-001	2017-07-29T17:09:07.354159348Z	1599.198	18.47	262	68.12
2033.695	kafka-001	2017-07-29T17:09:14.354064611Z	1602.56	18.48	262	59.5
2029.953	kafka-001	2017-07-29T17:09:21.354194738Z	2373.331	18.49	263	69.22
2040.576	kafka-001	2017-07-29T17:09:28.354078584Z	1613.186	18.51	263	59.93
2047.814	kafka-001	2017-07-29T17:09:35.354106234Z	2384.577	18.52	264	57.47
2041.673	kafka-001	2017-07-29T17:09:42.354133924Z	1617.816	18.53	264	60.66
2045.327	kafka-001	2017-07-29T17:09:49.353993119Z	1614.54	18.55	264	54.64
2068.812	kafka-001	2017-07-29T17:09:56.354042438Z	2395.597	18.56	265	48.51
2067.651	kafka-001	2017-07-29T17:10:03.35394987Z	1628.435	18.57	265	69.5
2083.031	kafka-001	2017-07-29T17:10:10.354155994Z	2411.029	18.59	266	59.48
2069.102	kafka-001	2017-07-29T17:10:17.354105177Z	1636.037	18.6	266	65.34
2086.951	kafka-001	2017-07-29T17:10:24.354253376Z	1637.172	18.61	267	67.64
2077.926	kafka-001	2017-07-29T17:10:31.354025192Z	2439.189	18.63	267	57.59
2090.863	kafka-001	2017-07-29T17:10:38.354054579Z	1627.566	18.64	268	49.02
2096.469	kafka-001	2017-07-29T17:10:45.354225644Z	2427.499	18.65	268	52.79
2102.576	kafka-001	2017-07-29T17:10:52.354129877Z	1646.85	18.66	269	60.93
2098.088	kafka-001	2017-07-29T17:10:59.354281625Z	1650.343	18.68	269	71.06
2110.292	kafka-001	2017-07-29T17:11:06.35672507Z	2442.472	18.69	270	69.69
2090.222	kafka-001	2017-07-29T17:11:13.354140091Z	1651.52	18.7	270	71.49
2118.564	kafka-001	2017-07-29T17:11:20.354216589Z	2452.643	18.72	271	65.11
2105.525	kafka-001	2017-07-29T17:11:27.354216532Z	1657.688	18.73	271	69.07
2110.829	kafka-001	2017-07-29T17:11:34.354025185Z	1656.034	18.75	272	64.25
2053.768	kafka-001	2017-07-29T17:11:41.354516514Z	2410.406	18.76	272	61.48
2060.1	kafka-001	2017-07-29T17:11:48.354273387Z	1608.896	18.77	273	62.76
2071.171	kafka-001	2017-07-29T17:11:55.354000296Z	2404.111	18.79	273	65.24
2053.804	kafka-001	2017-07-29T17:12:02.354339273Z	1606.576	18.8	274	56.01
2048.548	kafka-001	2017-07-29T17:12:09.354057034Z	1607.285	18.81	274	60.38
2084.007	kafka-001	2017-07-29T17:12:16.354063946Z	2403.196	18.83	274	64.24
2067.867	kafka-001	2017-07-29T17:12:23.354287806Z	1627.498	18.84	275	53.58
2100.955	kafka-001	2017-07-29T17:12:30.354130634Z	2429.285	18.85	275	69.32
2106.326	kafka-001	2017-07-29T17:12:37.354105853Z	1651.34	18.87	276	68.28
2121.916	kafka-001	2017-07-29T17:12:44.354083089Z	1667.553	18.88	276	51.67
2130.964	kafka-001	2017-07-29T17:12:51.354144318Z	2465.686	18.89	277	62.03
2097.819	kafka-001	2017-07-29T17:12:58.354346078Z	1644.424	18.9	277	57.07
2123.872	kafka-001	2017-07-29T17:13:05.354193258Z	2478.149	18.92	278	63.82
2099.157	kafka-001	2017-07-29T17:13:12.354035909Z	1651.668	18.93	278	61.58
2115.965	kafka-001	2017-07-29T17:13:19.354165134Z	1662.683	18.95	278	63.73
2120.157	kafka-001	2017-07-29T17:13:26.354326586Z	2453.239	18.96	279	63.13
2155.842	kafka-001	2017-07-29T17:13:33.354309019Z	1693.909	18.97	279	67.16
2119.048	kafka-001	2017-07-29T17:13:40.354085988Z	2461.314	18.98	280	67.19
2029.8	kafka-001	2017-07-29T17:13:47.354046603Z	1596.366	19.0	280	60.31
2080.337	kafka-001	2017-07-29T17:13:54.354117395Z	1627.006	19.01	281	63.98
2079.456	kafka-001	2017-07-29T17:14:01.354308595Z	2417.995	19.03	281	55.08
2100.878	kafka-001	2017-07-29T17:14:08.354077679Z	1642.294	19.04	282	56.65
2126.686	kafka-001	2017-07-29T17:14:15.354270077Z	2449.579	19.05	282	72.12
2112.478	kafka-001	2017-07-29T17:14:22.354025825Z	1640.692	19.06	283	67.81
2088.566	kafka-001	2017-07-29T17:14:29.354059591Z	1667.008	19.08	283	47.07
2145.12	kafka-001	2017-07-29T17:14:36.353953175Z	2482.954	19.1	283	67.9
2157.252	kafka-001	2017-07-29T17:14:43.354071462Z	1678.358	19.12	284	70.29
2103.891	kafka-001	2017-07-29T17:14:50.354320501Z	2468.064	19.14	284	65.68
2134.959	kafka-001	2017-07-29T17:14:57.354423873Z	1668.928	19.15	285	66.17
2133.507	kafka-001	2017-07-29T17:15:04.354002293Z	1686.171	19.16	285	66.68
2122.976	kafka-001	2017-07-29T17:15:11.354542315Z	2465.119	19.18	286	60.48
2073.381	kafka-001	2017-07-29T17:15:18.354013288Z	1616.386	19.19	286	58.0
2138.295	kafka-001	2017-07-29T17:15:25.354126491Z	2480.026	19.2	287	77.02
2124.84	kafka-001	2017-07-29T17:15:32.354066269Z	1665.39	19.21	287	63.71
2100.455	kafka-001	2017-07-29T17:15:39.354037406Z	1657.946	19.23	287	46.2
2006.001	kafka-001	2017-07-29T17:15:46.354200299Z	2342.998	19.24	288	54.3
2065.615	kafka-001	2017-07-29T17:15:53.353917167Z	1591.356	19.25	288	66.14
2058.121	kafka-001	2017-07-29T17:16:00.354875532Z	2409.977	19.27	289	69.18
2065.075	kafka-001	2017-07-29T17:16:07.354118476Z	1614.845	19.28	289	70.63
2046.219	kafka-001	2017-07-29T17:16:14.354080441Z	1594.031	19.29	290	68.87
2073.734	kafka-001	2017-07-29T17:16:21.354145173Z	2398.731	19.3	290	62.76
2114.419	kafka-001	2017-07-29T17:16:28.354145661Z	1664.456	19.32	291	52.95
2101.529	kafka-001	2017-07-29T17:16:35.354148477Z	2444.219	19.33	291	74.52
2083.996	kafka-001	2017-07-29T17:16:42.3542352Z	1642.822	19.34	292	63.51
2067.317	kafka-001	2017-07-29T17:16:49.354183126Z	1625.554	19.36	292	55.91
2126.546	kafka-001	2017-07-29T17:16:56.353956178Z	2444.967	19.37	292	55.92
2128.526	kafka-001	2017-07-29T17:17:03.3541377Z	1672.108	19.39	293	63.84
2113.088	kafka-001	2017-07-29T17:17:10.354159116Z	2432.46	19.4	293	67.57
2090.07	kafka-001	2017-07-29T17:17:17.354007074Z	1646.956	19.41	294	65.38
2158.96	kafka-001	2017-07-29T17:17:24.353861107Z	1690.936	19.42	294	65.51
2146.19	kafka-001	2017-07-29T17:17:31.354229887Z	2485.469	19.44	295	64.54
2136.239	kafka-001	2017-07-29T17:17:38.353911227Z	1679.25	19.45	295	50.96
2019.626	kafka-001	2017-07-29T17:17:45.354076443Z	2353.623	19.46	296	66.57
2024.384	kafka-001	2017-07-29T17:17:52.353817324Z	1585.094	19.48	296	66.54
2073.384	kafka-001	2017-07-29T17:17:59.354161154Z	1638.032	19.49	297	67.17
2128.32	kafka-001	2017-07-29T17:18:06.354083283Z	2428.716	19.5	297	61.94
2050.891	kafka-001	2017-07-29T17:18:13.353811167Z	1614.368	19.52	297	75.45
2098.526	kafka-001	2017-07-29T17:18:20.35454414Z	2415.043	19.53	298	62.25
2152.996	kafka-001	2017-07-29T17:18:27.353989082Z	1727.03	19.54	298	54.15
2151.054	kafka-001	2017-07-29T17:18:34.354250984Z	1681.024	19.56	299	61.98
2158.294	kafka-001	2017-07-29T17:18:41.354127182Z	2490.554	19.57	299	61.36
2157.086	kafka-001	2017-07-29T17:18:48.35405946Z	1675.558	19.58	300	62.51
2155.001	kafka-001	2017-07-29T17:18:55.354066869Z	2465.787	19.59	300	47.32
2135.557	kafka-001	2017-07-29T17:19:02.353888696Z	1673.034	19.61	300	63.04
2125.326	kafka-001	2017-07-29T17:19:09.354285579Z	1662.567	19.62	300	65.86
2149.795	kafka-001	2017-07-29T17:19:16.353763102Z	2475.305	19.64	300	54.9
2172.177	kafka-001	2017-07-29T17:19:23.354140381Z	1691.974	19.65	300	58.88
2212.537	kafka-001	2017-07-29T17:19:30.353750767Z	2547.992	19.67	300	70.65
2167.576	kafka-001	2017-07-29T17:19:37.354190424Z	1723.626	19.68	300	58.86
2029.505	kafka-001	2017-07-29T17:19:44.353940643Z	1595.796	19.69	300	50.51
2087.362	kafka-001	2017-07-29T17:19:51.354164542Z	2374.072	19.73	300	70.7
2135.797	kafka-001	2017-07-29T17:19:58.354026187Z	1684.672	19.74	300	57.65
2079.466	kafka-001	2017-07-29T17:20:05.35398605Z	2404.702	19.76	300	73.96
2009.229	kafka-001	2017-07-29T17:20:12.35375228Z	1593.044	19.77	300	52.54
2035.866	kafka-001	2017-07-29T17:20:19.354261133Z	1590.654	19.78	300	57.57
2145.797	kafka-001	2017-07-29T17:20:26.354121162Z	2468.831	19.8	300	62.44
2155.461	kafka-001	2017-07-29T17:20:33.354165155Z	1664.076	19.81	300	61.5
2110.23	kafka-001	2017-07-29T17:20:40.353710757Z	2459.195	19.82	300	64.65
2132.403	kafka-001	2017-07-29T17:20:47.354160605Z	1677.629	19.84	300	56.21
2108.161	kafka-001	2017-07-29T17:20:54.353797816Z	1626.867	19.85	300	48.76
2127.382	kafka-001	2017-07-29T17:21:01.354021894Z	2450.995	19.86	300	59.06
2103.513	kafka-001	2017-07-29T17:21:08.354241076Z	1646.679	19.87	300	63.87
2081.61	kafka-001	2017-07-29T17:21:15.354065738Z	2433.42	19.89	300	56.49
2113.145	kafka-001	2017-07-29T17:21:22.354096773Z	1668.247	19.9	300	63.4
2146.69	kafka-001	2017-07-29T17:21:29.354013057Z	1667.077	19.91	300	73.59
2131.224	kafka-001	2017-07-29T17:21:36.354078566Z	2478.485	19.93	300	58.72
2008.492	kafka-001	2017-07-29T17:21:43.354040637Z	1579.316	19.94	300	47.08
2035.91	kafka-001	2017-07-29T17:21:50.354003452Z	2337.513	19.95	300	41.88
2107.401	kafka-001	2017-07-29T17:21:57.35409588Z	1658.047	19.96	300	63.39
2059.253	kafka-001	2017-07-29T17:22:04.354304354Z	1582.287	19.97	301	67.46
2007.207	kafka-001	2017-07-29T17:22:11.354526427Z	2384.827	19.99	301	51.88
2116.25	kafka-001	2017-07-29T17:22:18.354072729Z	1639.211	20.0	302	54.37
2152.242	kafka-001	2017-07-29T17:22:25.354092541Z	2464.12	20.02	302	70.88
2143.253	kafka-001	2017-07-29T17:22:32.354387138Z	1662.028	20.03	303	61.2
2119.037	kafka-001	2017-07-29T17:22:39.354203619Z	1668.446	20.04	303	56.06
2210.705	kafka-001	2017-07-29T17:22:46.354332273Z	2541.705	20.06	303	69.85
2121.364	kafka-001	2017-07-29T17:22:53.354267701Z	1638.262	20.07	304	77.15
2171.206	kafka-001	2017-07-29T17:23:00.354027286Z	2499.095	20.08	304	71.9
2122.405	kafka-001	2017-07-29T17:23:07.354166584Z	1670.568	20.09	305	61.99
2121.887	kafka-001	2017-07-29T17:23:14.354182078Z	1654.653	20.11	305	68.59
2134.907	kafka-001	2017-07-29T17:23:21.354344901Z	2488.659	20.12	306	58.09
2167.092	kafka-001	2017-07-29T17:23:28.354417281Z	1688.079	20.13	306	61.88
2228.379	kafka-001	2017-07-29T17:23:35.354043221Z	2567.46	20.15	307	64.18
2056.686	kafka-001	2017-07-29T17:23:42.354093726Z	1615.404	20.16	307	54.21
2069.755	kafka-001	2017-07-29T17:23:49.354189765Z	1585.344	20.17	307	55.47
2118.93	kafka-001	2017-07-29T17:23:56.354253689Z	2451.004	20.19	308	62.67
2048.59	kafka-001	2017-07-29T17:24:03.354323542Z	1597.879	20.2	308	66.76
2161.743	kafka-001	2017-07-29T17:24:10.354023894Z	2473.561	20.21	309	65.66
2120.111	kafka-001	2017-07-29T17:24:17.354214196Z	1658.317	20.23	309	69.92
2142.338	kafka-001	2017-07-29T17:24:24.3539164Z	1635.268	20.24	310	60.09
2138.951	kafka-001	2017-07-29T17:24:31.353985296Z	2511.189	20.25	310	50.53
2169.258	kafka-001	2017-07-29T17:24:38.354183408Z	1669.092	20.27	310	67.82
2200.466	kafka-001	2017-07-29T17:24:45.354026372Z	2568.658	20.28	311	68.89
2100.942	kafka-001	2017-07-29T17:24:52.354087848Z	1642.526	20.29	311	66.59
2150.605	kafka-001	2017-07-29T17:24:59.354042584Z	1704.659	20.31	312	50.47
2155.952	kafka-001	2017-07-29T17:25:06.354192235Z	2471.224	20.32	312	62.9
2093.117	kafka-001	2017-07-29T17:25:13.354263429Z	1614.855	20.33	313	77.12
2145.24	kafka-001	2017-07-29T17:25:20.354075186Z	2486.379	20.35	313	52.68
2111.18	kafka-001	2017-07-29T17:25:27.354109391Z	1636.576	20.36	313	57.94
2148.431	kafka-001	2017-07-29T17:25:34.354216639Z	1676.948	20.38	314	57.78
2109.2	kafka-001	2017-07-29T17:25:41.354201132Z	2435.755	20.39	314	65.35
1993.031	kafka-001	2017-07-29T17:25:48.354180608Z	1552.487	20.4	315	68.12
2090.643	kafka-001	2017-07-29T17:25:55.354189231Z	2386.814	20.41	315	60.33
2037.97	kafka-001	2017-07-29T17:26:02.353986558Z	1595.517	20.43	316	60.89
2060.099	kafka-001	2017-07-29T17:26:09.354075339Z	1622.154	20.44	316	53.82
2108.835	kafka-001	2017-07-29T17:26:16.354044495Z	2393.635	20.46	316	58.02
2160.847	kafka-001	2017-07-29T17:26:23.354064306Z	1635.149	20.47	317	72.36
2067.893	kafka-001	2017-07-29T17:26:30.353965428Z	2469.096	20.48	317	68.18
2144.527	kafka-001	2017-07-29T17:26:37.354317597Z	1645.554	20.49	318	76.26
2146.304	kafka-001	2017-07-29T17:26:44.35422925Z	1689.444	20.51	318	68.58
2085.71	kafka-001	2017-07-29T17:26:51.35408781Z	2445.141	20.52	318	45.96
2138.966	kafka-001	2017-07-29T17:26:58.354178029Z	1692.658	20.53	319	62.92
2128.275	kafka-001	2017-07-29T17:27:05.354332739Z	2422.568	20.55	319	55.97
2056.81	kafka-001	2017-07-29T17:27:12.354116974Z	1615.607	20.56	320	44.94
2136.797	kafka-001	2017-07-29T17:27:19.353977965Z	1679.904	20.57	320	72.86
2179.85	kafka-001	2017-07-29T17:27:26.354205281Z	2469.691	20.59	320	77.06
2146.319	kafka-001	2017-07-29T17:27:33.354201556Z	1701.164	20.6	321	57.58
2104.308	kafka-001	2017-07-29T17:27:40.354366967Z	2458.241	20.61	321	61.26
1987.309	kafka-001	2017-07-29T17:27:47.354154061Z	1539.513	20.62	322	60.65
2080.649	kafka-001	2017-07-29T17:27:54.35409599Z	1627.034	20.64	322	63.41
1984.822	kafka-001	2017-07-29T17:28:01.354209835Z	2337.575	20.65	322	50.67
2139.767	kafka-001	2017-07-29T17:28:08.354862794Z	1637.72	20.66	323	61.63
2061.578	kafka-001	2017-07-29T17:28:15.354492394Z	2409.194	20.68	323	71.21
2109.877	kafka-001	2017-07-29T17:28:22.354372637Z	1611.556	20.69	324	79.39
2148.234	kafka-001	2017-07-29T17:28:29.354223113Z	1714.379	20.7	324	70.2
2151.635	kafka-001	2017-07-29T17:28:36.353964496Z	2474.082	20.72	324	53.61
2238.773	kafka-001	2017-07-29T17:28:43.35402113Z	1752.739	20.73	325	69.19
2118.534	kafka-001	2017-07-29T17:28:50.354587056Z	2448.44	20.74	325	70.66
2126.272	kafka-001	2017-07-29T17:28:57.354071749Z	1691.968	20.76	326	57.23
2137.02	kafka-001	2017-07-29T17:29:04.354304586Z	1651.213	20.77	326	69.82
2089.779	kafka-001	2017-07-29T17:29:11.354158057Z	2437.608	20.79	326	65.46
2125.343	kafka-001	2017-07-29T17:29:18.353961296Z	1673.296	20.8	327	48.09
2206.671	kafka-001	2017-07-29T17:29:25.354222443Z	2501.578	20.81	327	61.71
2260.743	kafka-001	2017-07-29T17:29:32.354237711Z	1758.961	20.83	328	75.26
2136.536	kafka-001	2017-07-29T17:29:39.354098769Z	1693.18	20.84	328	53.1
2021.293	kafka-001	2017-07-29T17:29:46.354095157Z	2368.253	20.85	328	65.64
2090.815	kafka-001	2017-07-29T17:29:53.354302003Z	1627.075	20.86	329	60.66
2121.664	kafka-001	2017-07-29T17:30:00.354112442Z	2410.365	20.88	329	58.27
2106.706	kafka-001	2017-07-29T17:30:07.354062747Z	1630.811	20.89	329	57.35
2006.357	kafka-001	2017-07-29T17:30:14.354120479Z	1607.806	20.91	330	59.36
2131.193	kafka-001	2017-07-29T17:30:21.354075904Z	2384.949	20.92	330	64.42
2162.358	kafka-001	2017-07-29T17:30:28.354056153Z	1724.617	20.93	331	65.45
2108.923	kafka-001	2017-07-29T17:30:35.35420591Z	2441.676	20.94	331	58.01
2217.235	kafka-001	2017-07-29T17:30:42.353943992Z	1717.801	20.95	331	66.03
2074.025	kafka-001	2017-07-29T17:30:49.354225441Z	1638.636	20.97	332	65.47
2137.313	kafka-001	2017-07-29T17:30:56.354457215Z	2440.792	20.98	332	64.51
2081.184	kafka-001	2017-07-29T17:31:03.354380324Z	1612.55	20.99	333	54.8
2064.824	kafka-001	2017-07-29T17:31:10.354053699Z	2416.511	21.01	333	65.48
2104.661	kafka-001	2017-07-29T17:31:17.354244591Z	1644.856	21.02	333	53.37
2158.777	kafka-001	2017-07-29T17:31:24.354123304Z	1670.935	21.03	334	64.27
2214.76	kafka-001	2017-07-29T17:31:31.354037387Z	2540.582	21.05	334	61.89
2173.823	kafka-001	2017-07-29T17:31:38.354271196Z	1692.454	21.07	334	60.48
2013.342	kafka-001	2017-07-29T17:31:45.354223303Z	2359.041	21.08	335	60.5
2004.169	kafka-001	2017-07-29T17:31:52.353972374Z	1575.269	21.09	335	65.56
2122.485	kafka-001	2017-07-29T17:31:59.354007052Z	1638.552	21.1	336	64.73
2086.703	kafka-001	2017-07-29T17:32:06.354075766Z	2381.87	21.12	336	72.49
2025.41	kafka-001	2017-07-29T17:32:13.353990644Z	1607.347	21.13	336	71.19
2122.646	kafka-001	2017-07-29T17:32:20.354104409Z	2386.355	21.14	337	58.43
2226.672	kafka-001	2017-07-29T17:32:27.354235461Z	1758.942	21.15	337	68.78
2189.184	kafka-001	2017-07-29T17:32:34.354159865Z	1659.903	21.17	338	71.26
2158.766	kafka-001	2017-07-29T17:32:41.354059686Z	2519.411	21.18	338	63.89
2117.565	kafka-001	2017-07-29T17:32:48.354522917Z	1651.059	21.19	338	61.3
2172.049	kafka-001	2017-07-29T17:32:55.354042648Z	2460.962	21.21	339	73.48
2119.576	kafka-001	2017-07-29T17:33:02.354408244Z	1635.604	21.22	339	58.92
2065.198	kafka-001	2017-07-29T17:33:09.353964125Z	1644.29	21.23	339	57.78
2159.84	kafka-001	2017-07-29T17:33:16.354184466Z	2464.624	21.25	340	57.1
2131.738	kafka-001	2017-07-29T17:33:23.354059943Z	1658.306	21.26	340	79.19
2208.563	kafka-001	2017-07-29T17:33:30.354036956Z	2543.984	21.27	341	58.78
2196.089	kafka-001	2017-07-29T17:33:37.35408098Z	1699.832	21.29	341	74.26
1968.628	kafka-001	2017-07-29T17:33:44.354296771Z	1597.163	21.3	341	62.97
2022.562	kafka-001	2017-07-29T17:33:51.354287066Z	2329.471	21.31	342	54.69
2085.429	kafka-001	2017-07-29T17:33:58.353946388Z	1631.584	21.33	342	60.27
2106.804	kafka-001	2017-07-29T17:34:05.354306762Z	2380.071	21.34	343	56.66
2096.022	kafka-001	2017-07-29T17:34:12.354082393Z	1658.139	21.35	343	52.08
2069.39	kafka-001	2017-07-29T17:34:19.354173596Z	1578.77	21.37	343	50.34
2182.61	kafka-001	2017-07-29T17:34:26.354519276Z	2501.682	21.38	344	71.65
2141.065	kafka-001	2017-07-29T17:34:33.354297065Z	1642.435	21.39	344	78.03
2217.706	kafka-001	2017-07-29T17:34:40.354210072Z	2570.438	21.41	345	72.7
2143.189	kafka-001	2017-07-29T17:34:47.354036433Z	1661.011	21.42	345	56.74
2065.072	kafka-001	2017-07-29T17:34:54.35410162Z	1618.712	21.43	345	58.74
2191.089	kafka-001	2017-07-29T17:35:01.354105162Z	2492.897	21.44	346	51.3
2204.861	kafka-001	2017-07-29T17:35:08.354438914Z	1691.398	21.46	346	63.65
2142.96	kafka-001	2017-07-29T17:35:15.35434334Z	2470.45	21.47	347	65.7
2096.966	kafka-001	2017-07-29T17:35:22.354169479Z	1636.358	21.49	347	56.26
2242.616	kafka-001	2017-07-29T17:35:29.354114569Z	1740.417	21.51	347	63.84
2169.646	kafka-001	2017-07-29T17:35:36.354282746Z	2513.675	21.52	348	64.19
2066.661	kafka-001	2017-07-29T17:35:43.354216161Z	1622.802	21.53	348	44.6
2070.825	kafka-001	2017-07-29T17:35:50.354116955Z	2370.219	21.54	349	63.29
2062.678	kafka-001	2017-07-29T17:35:57.354131541Z	1622.01	21.56	349	53.45
2076.216	kafka-001	2017-07-29T17:36:04.354423684Z	1612.794	21.57	349	72.38
2167.936	kafka-001	2017-07-29T17:36:11.354371325Z	2462.368	21.58	350	58.98
2126.886	kafka-001	2017-07-29T17:36:18.354160939Z	1589.869	21.6	350	64.83
2150.635	kafka-001	2017-07-29T17:36:25.354001685Z	2506.655	21.61	350	60.59
2094.925	kafka-001	2017-07-29T17:36:32.354135801Z	1620.571	21.62	351	59.77
2217.372	kafka-001	2017-07-29T17:36:39.35401322Z	1728.104	21.64	351	62.95
2148.846	kafka-001	2017-07-29T17:36:46.354048962Z	2477.818	21.65	352	55.64
2035.286	kafka-001	2017-07-29T17:36:53.354017526Z	1585.696	21.66	352	52.65
2217.465	kafka-001	2017-07-29T17:37:00.353956544Z	2515.163	21.68	352	64.09
2159.591	kafka-001	2017-07-29T17:37:07.354032597Z	1667.323	21.69	353	66.37
2154.255	kafka-001	2017-07-29T17:37:14.354467496Z	1664.656	21.71	353	73.33
2175.024	kafka-001	2017-07-29T17:37:21.354086057Z	2486.855	21.72	353	64.17
2146.313	kafka-001	2017-07-29T17:37:28.35409634Z	1659.64	21.73	354	67.51
2183.278	kafka-001	2017-07-29T17:37:35.354068117Z	2515.498	21.75	354	56.33
2106.531	kafka-001	2017-07-29T17:37:42.354162114Z	1629.432	21.76	355	61.9
2012.785	kafka-001	2017-07-29T17:37:49.354127603Z	1560.607	21.77	355	57.84
2159.444	kafka-001	2017-07-29T17:37:56.354187327Z	2420.115	21.78	355	72.77
2041.795	kafka-001	2017-07-29T17:38:03.354129793Z	1602.716	21.8	356	75.74
2142.343	kafka-001	2017-07-29T17:38:10.354759495Z	2448.358	21.81	356	59.43
2123.472	kafka-001	2017-07-29T17:38:17.354104229Z	1583.887	21.82	356	59.48
2125.999	kafka-001	2017-07-29T17:38:24.353954384Z	1664.266	21.84	357	70.04
2113.074	kafka-001	2017-07-29T17:38:31.354002684Z	2457.67	21.85	357	55.45
2188.25	kafka-001	2017-07-29T17:38:38.3542045Z	1721.746	21.86	358	53.37
2208.268	kafka-001	2017-07-29T17:38:45.354167167Z	2503.514	21.87	358	62.68
2067.466	kafka-001	2017-07-29T17:38:52.354018267Z	1607.152	21.89	358	39.32
2191.003	kafka-001	2017-07-29T17:38:59.354154647Z	1676.924	21.9	359	64.85
2129.368	kafka-001	2017-07-29T17:39:06.35428618Z	2462.769	21.91	359	66.88
2108.179	kafka-001	2017-07-29T17:39:13.354177352Z	1653.123	21.93	359	60.08
2173.729	kafka-001	2017-07-29T17:39:20.354130976Z	2486.009	21.94	360	71.2
2216.676	kafka-001	2017-07-29T17:39:27.354569348Z	1726.165	21.95	360	62.15
2292.449	kafka-001	2017-07-29T17:39:34.354130477Z	1763.739	21.97	361	61.53
2164.883	kafka-001	2017-07-29T17:39:41.354096081Z	2514.539	21.98	361	68.63
2037.954	kafka-001	2017-07-29T17:39:48.354233289Z	1575.836	21.99	361	71.87
2143.352	kafka-001	2017-07-29T17:39:55.354104058Z	2444.331	22.01	362	82.3
2111.619	kafka-001	2017-07-29T17:40:02.354045485Z	1658.74	22.02	362	69.18
2180.423	kafka-001	2017-07-29T17:40:09.354046117Z	1660.981	22.04	362	59.76
2119.346	kafka-001	2017-07-29T17:40:16.354050058Z	2408.887	22.05	363	75.8
2182.198	kafka-001	2017-07-29T17:40:23.354436717Z	1750.948	22.06	363	68.89
2173.623	kafka-001	2017-07-29T17:40:30.354150673Z	2517.38	22.08	364	54.2
2172.878	kafka-001	2017-07-29T17:40:37.354031268Z	1718.145	22.09	364	62.27
2268.79	kafka-001	2017-07-29T17:40:44.354132096Z	1731.394	22.11	364	65.49
2122.068	kafka-001	2017-07-29T17:40:51.354081545Z	2438.769	22.12	365	64.37
2182.377	kafka-001	2017-07-29T17:40:58.354117968Z	1669.385	22.13	365	61.95
2148.242	kafka-001	2017-07-29T17:41:05.354240824Z	2492.254	22.15	365	53.66
2144.067	kafka-001	2017-07-29T17:41:12.35416718Z	1674.716	22.16	366	48.23
2152.861	kafka-001	2017-07-29T17:41:19.354275497Z	1670.629	22.17	366	62.7
2210.064	kafka-001	2017-07-29T17:41:26.354005776Z	2550.03	22.19	366	61.51
2241.803	kafka-001	2017-07-29T17:41:33.354175793Z	1730.617	22.2	367	73.26
2151.99	kafka-001	2017-07-29T17:41:40.354194774Z	2482.314	22.21	367	53.48
2011.399	kafka-001	2017-07-29T17:41:47.354392413Z	1556.038	22.22	368	57.88
2082.745	kafka-001	2017-07-29T17:41:54.354165603Z	1617.339	22.24	368	68.16
2111.446	kafka-001	2017-07-29T17:42:01.354049031Z	2391.44	22.25	368	51.17
2162.725	kafka-001	2017-07-29T17:42:08.354207751Z	1663.86	22.26	369	65.21
1978.807	kafka-001	2017-07-29T17:42:15.354208228Z	2317.441	22.27	369	65.09
2083.161	kafka-001	2017-07-29T17:42:22.354014717Z	1624.935	22.29	369	76.12
2200.773	kafka-001	2017-07-29T17:42:29.354111939Z	1721.388	22.3	370	52.52
2147.678	kafka-001	2017-07-29T17:42:36.353935882Z	2472.6	22.32	370	54.26
2242.774	kafka-001	2017-07-29T17:42:43.354585836Z	1710.84	22.33	370	59.01
2069.473	kafka-001	2017-07-29T17:42:50.354176103Z	2387.154	22.34	371	63.23
2225.683	kafka-001	2017-07-29T17:42:57.35429887Z	1685.638	22.36	371	61.03
2100.885	kafka-001	2017-07-29T17:43:04.354185511Z	1680.308	22.37	371	56.3
2112.89	kafka-001	2017-07-29T17:43:11.353925018Z	2433.78	22.38	372	60.81
2121.623	kafka-001	2017-07-29T17:43:18.354174477Z	1641.491	22.4	372	51.21
2212.767	kafka-001	2017-07-29T17:43:25.354335159Z	2504.582	22.41	372	74.15
2231.494	kafka-001	2017-07-29T17:43:32.35427855Z	1715.572	22.43	373	74.3
2127.874	kafka-001	2017-07-29T17:43:39.353966288Z	1715.675	22.44	373	52.61
1988.663	kafka-001	2017-07-29T17:43:46.354170257Z	2307.832	22.45	373	60.21
2030.329	kafka-001	2017-07-29T17:43:53.354034421Z	1604.971	22.46	374	71.49
2201.506	kafka-001	2017-07-29T17:44:00.354018628Z	2442.535	22.48	374	80.33
2105.709	kafka-001	2017-07-29T17:44:07.354317314Z	1636.612	22.49	374	78.85
2017.851	kafka-001	2017-07-29T17:44:14.354037146Z	1620.55	22.5	375	58.03
2149.976	kafka-001	2017-07-29T17:44:21.35408725Z	2411.826	22.51	375	63.52
2240.683	kafka-001	2017-07-29T17:44:28.354096389Z	1765.038	22.53	375	54.98
2162.09	kafka-001	2017-07-29T17:44:35.35455099Z	2450.475	22.54	375	80.25
2107.811	kafka-001	2017-07-29T17:44:42.354166195Z	1667.044	22.56	375	55.63
2107.508	kafka-001	2017-07-29T17:44:49.354059157Z	1634.864	22.57	375	53.2
2191.563	kafka-001	2017-07-29T17:44:56.354344048Z	2386.345	22.58	375	65.62
2135.802	kafka-001	2017-07-29T17:45:03.35406567Z	1734.375	22.6	375	63.42
2106.477	kafka-001	2017-07-29T17:45:10.354375213Z	2444.764	22.61	375	62.94
2109.119	kafka-001	2017-07-29T17:45:17.354065587Z	1638.804	22.62	375	70.93
2087.213	kafka-001	2017-07-29T17:45:24.353993071Z	1602.351	22.63	375	76.06
2327.518	kafka-001	2017-07-29T17:45:31.354111992Z	2595.218	22.65	375	67.47
2241.182	kafka-001	2017-07-29T17:45:38.354117312Z	1798.006	22.66	375	76.2
2023.987	kafka-001	2017-07-29T17:45:45.353941413Z	2361.595	22.68	375	61.3
1994.689	kafka-001	2017-07-29T17:45:52.354103675Z	1561.566	22.69	375	52.16
2105.601	kafka-001	2017-07-29T17:45:59.354182277Z	1622.544	22.7	375	50.02
2074.23	kafka-001	2017-07-29T17:46:06.35398488Z	2396.355	22.71	375	52.98
2144.773	kafka-001	2017-07-29T17:46:13.354255566Z	1669.723	22.73	375	55.55
2125.854	kafka-001	2017-07-29T17:46:20.35413489Z	2406.432	22.74	375	47.11
2240.251	kafka-001	2017-07-29T17:46:27.354143826Z	1716.469	22.76	375	77.97
2071.115	kafka-001	2017-07-29T17:46:34.354070948Z	1612.16	22.79	375	75.6
2240.944	kafka-001	2017-07-29T17:46:41.353938668Z	2560.159	22.81	375	52.78
2155.281	kafka-001	2017-07-29T17:46:48.354000165Z	1665.594	22.82	375	62.45
2011.976	kafka-001	2017-07-29T17:46:55.35420073Z	2312.762	22.83	375	70.16
2255.19	kafka-001	2017-07-29T17:47:02.354015624Z	1806.333	22.85	375	65.07
2140.971	kafka-001	2017-07-29T17:47:09.354056818Z	1660.154	22.86	375	70.19
2070.668	kafka-001	2017-07-29T17:47:16.354122696Z	2399.162	22.87	375	54.98
2078.894	kafka-001	2017-07-29T17:47:23.354067058Z	1609.122	22.88	375	43.99
2296.94	kafka-001	2017-07-29T17:47:30.354008783Z	2575.675	22.9	375	57.75
2236.804	kafka-001	2017-07-29T17:47:37.35419008Z	1786.548	22.91	376	52.36
2054.996	kafka-001	2017-07-29T17:47:44.354106075Z	1622.763	22.93	376	47.76
2098.393	kafka-001	2017-07-29T17:47:51.353913909Z	2334.717	22.94	376	59.09
2105.882	kafka-001	2017-07-29T17:47:58.354241539Z	1624.245	22.95	377	48.3
2033.876	kafka-001	2017-07-29T17:48:05.354109741Z	2373.135	22.97	377	54.61
2195.932	kafka-001	2017-07-29T17:48:12.35408474Z	1719.254	22.98	378	62.88
2117.546	kafka-001	2017-07-29T17:48:19.354161168Z	1576.37	22.99	378	68.92
2112.297	kafka-001	2017-07-29T17:48:26.354402893Z	2491.985	23.01	378	46.36
2127.481	kafka-001	2017-07-29T17:48:33.353967514Z	1645.975	23.02	379	60.67
2313.636	kafka-001	2017-07-29T17:48:40.353979719Z	2583.922	23.04	379	66.36
2173.483	kafka-001	2017-07-29T17:48:47.354053784Z	1698.341	23.05	379	65.42
1974.619	kafka-001	2017-07-29T17:48:54.354001939Z	1560.256	23.06	379	48.21
2303.07	kafka-001	2017-07-29T17:49:01.354053307Z	2541.068	23.07	380	61.0
2148.262	kafka-001	2017-07-29T17:49:08.354162146Z	1675.12	23.09	380	57.63
2148.221	kafka-001	2017-07-29T17:49:15.353918126Z	2443.123	23.1	381	53.49
2134.003	kafka-001	2017-07-29T17:49:22.354205112Z	1654.104	23.11	381	75.57
2212.705	kafka-001	2017-07-29T17:49:29.353771679Z	1714.25	23.13	381	64.19
2298.852	kafka-001	2017-07-29T17:49:36.354099448Z	2637.46	23.14	382	65.59
2121.735	kafka-001	2017-07-29T17:49:43.353955039Z	1650.712	23.15	382	54.12
1994.684	kafka-001	2017-07-29T17:49:50.354019451Z	2294.263	23.16	382	65.14
2197.765	kafka-001	2017-07-29T17:49:57.354183357Z	1659.129	23.18	383	68.1
2023.347	kafka-001	2017-07-29T17:50:04.354313981Z	1587.363	23.19	383	68.59
2154.572	kafka-001	2017-07-29T17:50:11.354174682Z	2501.328	23.21	383	62.0
2027.292	kafka-001	2017-07-29T17:50:18.3541451Z	1539.158	23.22	384	51.05
2277.101	kafka-001	2017-07-29T17:50:25.354200527Z	2582.798	23.23	384	79.67
2117.098	kafka-001	2017-07-29T17:50:32.354005756Z	1637.338	23.24	384	56.1
2205.388	kafka-001	2017-07-29T17:50:39.354082651Z	1696.67	23.26	385	70.05
2212.556	kafka-001	2017-07-29T17:50:46.354228205Z	2571.591	23.27	385	60.46
2062.923	kafka-001	2017-07-29T17:50:53.354097109Z	1596.892	23.28	385	51.99
2230.6	kafka-001	2017-07-29T17:51:00.353936806Z	2525.049	23.3	386	43.0
2149.33	kafka-001	2017-07-29T17:51:07.353869513Z	1680.12	23.31	386	66.44
2124.147	kafka-001	2017-07-29T17:51:14.35414914Z	1653.821	23.33	386	48.17
2078.827	kafka-001	2017-07-29T17:51:21.353989358Z	2389.694	23.34	387	59.56
2266.229	kafka-001	2017-07-29T17:51:28.354194715Z	1710.209	23.35	387	62.87
2321.037	kafka-001	2017-07-29T17:51:35.354335839Z	2688.723	23.37	388	75.49
2108.272	kafka-001	2017-07-29T17:51:42.354169684Z	1612.401	23.38	388	67.14
1959.124	kafka-001	2017-07-29T17:51:49.354124372Z	1550.068	23.39	388	64.32
2189.075	kafka-001	2017-07-29T17:51:56.354149115Z	2405.339	23.41	389	71.06
2067.286	kafka-001	2017-07-29T17:52:03.35397324Z	1631.7	23.42	389	73.85
2203.531	kafka-001	2017-07-29T17:52:10.354216976Z	2506.838	23.43	389	59.86
1970.169	kafka-001	2017-07-29T17:52:17.35410646Z	1513.451	23.44	390	59.64
2180.921	kafka-001	2017-07-29T17:52:24.353982756Z	1721.884	23.46	390	61.12
2199.634	kafka-001	2017-07-29T17:52:31.354103059Z	2466.756	23.47	390	68.03
2116.813	kafka-001	2017-07-29T17:52:38.354079384Z	1655.787	23.48	391	57.39
2280.0	kafka-001	2017-07-29T17:52:45.354159011Z	2576.53	23.5	391	79.0
2037.218	kafka-001	2017-07-29T17:52:52.354020925Z	1582.688	23.51	391	58.21
2215.322	kafka-001	2017-07-29T17:52:59.35391394Z	1608.498	23.52	392	45.43
2126.635	kafka-001	2017-07-29T17:53:06.354245363Z	2550.611	23.54	392	57.35
2164.944	kafka-001	2017-07-29T17:53:13.354330162Z	1676.22	23.55	392	66.82
2078.786	kafka-001	2017-07-29T17:53:20.354046539Z	2389.639	23.56	393	55.26
2239.073	kafka-001	2017-07-29T17:53:27.354179003Z	1689.75	23.58	393	55.67
2311.297	kafka-001	2017-07-29T17:53:34.35395423Z	1757.976	23.59	393	64.56
2128.524	kafka-001	2017-07-29T17:53:41.35404344Z	2535.14	23.6	394	67.67
1977.727	kafka-001	2017-07-29T17:53:48.354089906Z	1537.591	23.62	394	47.02
2055.756	kafka-001	2017-07-29T17:53:55.354059405Z	2348.789	23.63	394	71.94
2088.372	kafka-001	2017-07-29T17:54:02.35420562Z	1622.011	23.64	395	40.37
2253.25	kafka-001	2017-07-29T17:54:09.354085639Z	1721.497	23.66	395	74.66
1977.448	kafka-001	2017-07-29T17:54:16.354119446Z	2351.821	23.67	395	61.18
2151.734	kafka-001	2017-07-29T17:54:23.354187134Z	1695.566	23.68	396	64.94
2223.644	kafka-001	2017-07-29T17:54:30.354110124Z	2478.275	23.7	396	63.5
2149.122	kafka-001	2017-07-29T17:54:37.354034072Z	1675.401	23.71	396	56.78
2251.587	kafka-001	2017-07-29T17:54:44.35450763Z	1735.255	23.72	397	73.42
2055.418	kafka-001	2017-07-29T17:54:51.354479114Z	2419.838	23.74	397	57.05
2281.087	kafka-001	2017-07-29T17:54:58.354184532Z	1648.786	23.75	398	77.0
2134.212	kafka-001	2017-07-29T17:55:05.354065547Z	2572.986	23.77	398	67.82
2134.864	kafka-001	2017-07-29T17:55:12.354140807Z	1641.132	23.78	398	55.47
2179.718	kafka-001	2017-07-29T17:55:19.353969177Z	1638.489	23.79	399	58.96
2177.365	kafka-001	2017-07-29T17:55:26.354083762Z	2485.319	23.81	399	75.48
2249.529	kafka-001	2017-07-29T17:55:33.354253404Z	1728.623	23.82	399	90.88
2190.067	kafka-001	2017-07-29T17:55:40.354082132Z	2556.396	23.83	400	52.51
2024.557	kafka-001	2017-07-29T17:55:47.354011487Z	1543.286	23.85	400	72.74
2028.572	kafka-001	2017-07-29T17:55:54.353933374Z	1601.422	23.86	400	57.35
2206.32	kafka-001	2017-07-29T17:56:01.354245992Z	2442.512	23.87	401	63.49
2095.231	kafka-001	2017-07-29T17:56:08.354089124Z	1630.691	23.88	401	64.84
2074.635	kafka-001	2017-07-29T17:56:15.354165768Z	2394.137	23.9	401	63.31
2121.079	kafka-001	2017-07-29T17:56:22.354138468Z	1655.8	23.91	402	62.5
2291.442	kafka-001	2017-07-29T17:56:29.354118961Z	1718.69	23.92	402	52.63
2193.661	kafka-001	2017-07-29T17:56:36.354183182Z	2490.549	23.94	402	77.2
2151.425	kafka-001	2017-07-29T17:56:43.354218548Z	1716.852	23.95	403	64.67
2172.814	kafka-001	2017-07-29T17:56:50.354263324Z	2466.021	23.96	403	55.54
2080.776	kafka-001	2017-07-29T17:56:57.354060169Z	1550.268	23.98	403	87.28
2218.198	kafka-001	2017-07-29T17:57:04.35403913Z	1783.682	23.99	404	61.54
2144.418	kafka-001	2017-07-29T17:57:11.353971285Z	2463.406	24.01	404	57.27
2155.171	kafka-001	2017-07-29T17:57:18.354367466Z	1627.089	24.02	404	70.62
2079.453	kafka-001	2017-07-29T17:57:25.354101973Z	2390.69	24.03	405	71.87
2225.397	kafka-001	2017-07-29T17:57:32.354092306Z	1777.218	24.04	405	75.85
2340.878	kafka-001	2017-07-29T17:57:39.354280657Z	1835.137	24.06	405	79.64
2008.612	kafka-001	2017-07-29T17:57:46.354304341Z	2282.22	24.07	406	75.97
2030.563	kafka-001	2017-07-29T17:57:53.354347941Z	1592.231	24.08	406	53.06
2143.88	kafka-001	2017-07-29T17:58:00.354028241Z	2421.697	24.1	406	57.62
2133.262	kafka-001	2017-07-29T17:58:07.354186417Z	1650.498	24.11	407	63.0
2141.528	kafka-001	2017-07-29T17:58:14.354329473Z	1690.654	24.12	407	56.9
2023.079	kafka-001	2017-07-29T17:58:21.354356639Z	2315.569	24.14	407	39.01
2308.924	kafka-001	2017-07-29T17:58:28.354063519Z	1740.426	24.15	408	65.58
2075.419	kafka-001	2017-07-29T17:58:35.354109267Z	2421.666	24.16	408	73.53
2253.067	kafka-001	2017-07-29T17:58:42.354193638Z	1751.426	24.18	408	59.05
2175.876	kafka-001	2017-07-29T17:58:49.354162565Z	1685.867	24.19	409	62.28
1928.289	kafka-001	2017-07-29T17:58:56.354276874Z	2262.952	24.2	409	60.23
2329.834	kafka-001	2017-07-29T17:59:03.354645965Z	1810.049	24.22	409	52.13
2178.149	kafka-001	2017-07-29T17:59:10.354136863Z	2479.787	24.23	410	65.89
2025.576	kafka-001	2017-07-29T17:59:17.354005258Z	1576.222	24.24	410	53.08
2116.609	kafka-001	2017-07-29T17:59:24.354334497Z	1631.05	24.26	410	53.45
2246.634	kafka-001	2017-07-29T17:59:31.354011505Z	2551.73	24.27	411	46.04
2350.334	kafka-001	2017-07-29T17:59:38.354245218Z	1829.316	24.28	411	59.21
2018.069	kafka-001	2017-07-29T17:59:45.354304544Z	2323.336	24.3	411	44.7
2145.583	kafka-001	2017-07-29T17:59:52.354138939Z	1639.38	24.31	412	57.13
2112.238	kafka-001	2017-07-29T17:59:59.354011289Z	1596.622	24.32	412	48.14
2037.667	kafka-001	2017-07-29T18:00:06.354115065Z	2385.042	24.33	412	49.6
2231.621	kafka-001	2017-07-29T18:00:13.354305142Z	1741.133	24.35	413	65.96
2052.249	kafka-001	2017-07-29T18:00:20.354032697Z	2319.415	24.36	413	68.95
2205.88	kafka-001	2017-07-29T18:00:27.354476095Z	1676.252	24.37	413	61.71
2041.499	kafka-001	2017-07-29T18:00:34.354122042Z	1660.874	24.39	414	48.51
2313.773	kafka-001	2017-07-29T18:00:41.354047898Z	2532.252	24.4	414	58.66
2135.868	kafka-001	2017-07-29T18:00:48.354145287Z	1665.399	24.41	414	64.31
1981.224	kafka-001	2017-07-29T18:00:55.353976579Z	2284.462	24.43	414	54.53
2331.908	kafka-001	2017-07-29T18:01:02.354031197Z	1840.624	24.44	415	75.27
2163.4	kafka-001	2017-07-29T18:01:09.354061576Z	1667.56	24.45	415	68.72
2067.847	kafka-001	2017-07-29T18:01:16.354090395Z	2405.389	24.47	415	55.42
2096.147	kafka-001	2017-07-29T18:01:23.354139957Z	1608.572	24.48	416	63.59
2259.088	kafka-001	2017-07-29T18:01:30.35401658Z	2557.936	24.5	416	57.1
2301.349	kafka-001	2017-07-29T18:01:37.354010443Z	1804.191	24.51	416	59.54
2078.227	kafka-001	2017-07-29T18:01:44.354195284Z	1641.557	24.52	417	46.71
2078.59	kafka-001	2017-07-29T18:01:51.354182401Z	2326.01	24.53	417	55.94
2185.18	kafka-001	2017-07-29T18:01:58.354129994Z	1625.82	24.55	417	60.09
2044.345	kafka-001	2017-07-29T18:02:05.354078086Z	2395.537	24.56	418	70.57
2185.584	kafka-001	2017-07-29T18:02:12.354150226Z	1730.712	24.58	418	52.7
1990.42	kafka-001	2017-07-29T18:02:19.354184011Z	1534.478	24.59	418	70.5
2314.848	kafka-001	2017-07-29T18:02:26.353813466Z	2517.319	24.6	418	81.07
2105.915	kafka-001	2017-07-29T18:02:33.354157527Z	1688.154	24.61	419	63.22
2251.745	kafka-001	2017-07-29T18:02:40.354097352Z	2522.243	24.63	419	69.82
2194.011	kafka-001	2017-07-29T18:02:47.354013625Z	1689.281	24.64	419	47.34
1973.361	kafka-001	2017-07-29T18:02:54.35400015Z	1589.636	24.65	420	42.55
2309.354	kafka-001	2017-07-29T18:03:01.354065675Z	2536.183	24.67	420	62.05
2152.47	kafka-001	2017-07-29T18:03:08.353791929Z	1655.737	24.68	420	64.72
2172.335	kafka-001	2017-07-29T18:03:15.354061457Z	2462.012	24.69	420	68.93
2107.941	kafka-001	2017-07-29T18:03:22.35417811Z	1609.735	24.71	421	61.98
2320.641	kafka-001	2017-07-29T18:03:29.354012456Z	1704.264	24.72	421	64.53
2340.209	kafka-001	2017-07-29T18:03:36.354143937Z	2714.576	24.74	421	49.55
2116.182	kafka-001	2017-07-29T18:03:43.354235848Z	1670.796	24.75	422	53.46
2008.692	kafka-001	2017-07-29T18:03:50.35434743Z	2290.012	24.77	422	71.07
2142.019	kafka-001	2017-07-29T18:03:57.35397277Z	1588.224	24.78	422	76.73
2060.69	kafka-001	2017-07-29T18:04:04.354196901Z	1633.846	24.79	423	69.72
2237.915	kafka-001	2017-07-29T18:04:11.353978183Z	2517.757	24.8	423	69.71
1981.297	kafka-001	2017-07-29T18:04:18.354277211Z	1543.168	24.82	423	50.12
2236.934	kafka-001	2017-07-29T18:04:25.353932308Z	2477.804	24.83	424	67.57
2227.077	kafka-001	2017-07-29T18:04:32.354006802Z	1736.474	24.84	424	57.6
2193.726	kafka-001	2017-07-29T18:04:39.354105158Z	1651.801	24.86	424	78.53
2220.863	kafka-001	2017-07-29T18:04:46.354856622Z	2540.214	24.87	424	74.58
1996.915	kafka-001	2017-07-29T18:04:53.353968692Z	1623.7	24.88	425	59.09
2282.274	kafka-001	2017-07-29T18:05:00.354058118Z	2538.217	24.9	425	69.52
2111.131	kafka-001	2017-07-29T18:05:07.35411803Z	1612.281	24.91	425	63.44
2134.76	kafka-001	2017-07-29T18:05:14.354125568Z	1674.862	24.92	426	70.75
2084.822	kafka-001	2017-07-29T18:05:21.354210484Z	2389.784	24.94	426	63.46
2196.992	kafka-001	2017-07-29T18:05:28.354101029Z	1619.804	24.95	426	61.69
2395.52	kafka-001	2017-07-29T18:05:35.353928346Z	2755.109	24.96	427	70.89
2138.932	kafka-001	2017-07-29T18:05:42.354434098Z	1683.086	24.98	427	56.1
1967.648	kafka-001	2017-07-29T18:05:49.354021971Z	1509.282	24.99	427	60.1
2148.335	kafka-001	2017-07-29T18:05:56.354169488Z	2370.174	25.0	427	65.37
2078.052	kafka-001	2017-07-29T18:06:03.354193817Z	1641.991	25.02	428	52.13
2208.744	kafka-001	2017-07-29T18:06:10.354034203Z	2482.223	25.03	428	72.07
2013.504	kafka-001	2017-07-29T18:06:17.354034176Z	1565.529	25.04	428	49.76
2125.985	kafka-001	2017-07-29T18:06:24.354313847Z	1597.741	25.06	429	70.12
2248.761	kafka-001	2017-07-29T18:06:31.353960776Z	2551.335	25.07	429	67.94
2118.785	kafka-001	2017-07-29T18:06:38.354403428Z	1615.829	25.08	429	57.89
2248.252	kafka-001	2017-07-29T18:06:45.354148662Z	2568.111	25.1	430	72.52
2068.799	kafka-001	2017-07-29T18:06:52.353969531Z	1643.119	25.11	430	50.94
2222.713	kafka-001	2017-07-29T18:06:59.354071474Z	1570.826	25.12	430	74.64
2224.989	kafka-001	2017-07-29T18:07:06.354036261Z	2616.711	25.14	431	63.06
2155.906	kafka-001	2017-07-29T18:07:13.354019661Z	1665.839	25.15	431	60.16
2107.884	kafka-001	2017-07-29T18:07:20.354014128Z	2417.242	25.16	431	59.55
2214.942	kafka-001	2017-07-29T18:07:27.354128321Z	1618.567	25.18	432	82.37
2288.774	kafka-001	2017-07-29T18:07:34.354318344Z	1847.238	25.19	432	77.5
2252.423	kafka-001	2017-07-29T18:07:41.35404378Z	2602.594	25.21	432	62.42
1988.857	kafka-001	2017-07-29T18:07:48.354136691Z	1523.566	25.22	433	57.75
2057.407	kafka-001	2017-07-29T18:07:55.354201552Z	2322.076	25.23	433	63.08
2189.743	kafka-001	2017-07-29T18:08:02.354095337Z	1707.247	25.24	433	66.49
2111.306	kafka-001	2017-07-29T18:08:09.35406073Z	1621.16	25.26	434	62.13
2176.172	kafka-001	2017-07-29T18:08:16.354083642Z	2468.139	25.27	434	57.6
2026.908	kafka-001	2017-07-29T18:08:23.354127842Z	1553.568	25.28	434	59.15
2312.044	kafka-001	2017-07-29T18:08:30.354284214Z	2580.3	25.3	435	49.78
2184.479	kafka-001	2017-07-29T18:08:37.354182216Z	1645.4	25.31	435	69.32
2170.009	kafka-001	2017-07-29T18:08:44.354074731Z	1740.667	25.32	435	59.51
2112.633	kafka-001	2017-07-29T18:08:51.354060613Z	2434.644	25.33	436	55.33
2102.659	kafka-001	2017-07-29T18:08:58.354192853Z	1535.118	25.35	436	68.31
2325.148	kafka-001	2017-07-29T18:09:05.354297529Z	2657.027	25.36	436	54.81
2156.539	kafka-001	2017-07-29T18:09:12.354507548Z	1640.304	25.38	437	56.96
2111.912	kafka-001	2017-07-29T18:09:19.354038402Z	1629.873	25.39	437	67.07
2037.835	kafka-001	2017-07-29T18:09:26.354245382Z	2318.988	25.4	437	68.32
2352.006	kafka-001	2017-07-29T18:09:33.354134425Z	1850.065	25.42	437	85.81
2358.386	kafka-001	2017-07-29T18:09:40.354199722Z	2676.142	25.43	438	69.6
2052.396	kafka-001	2017-07-29T18:09:47.354215554Z	1560.435	25.44	438	80.82
2070.076	kafka-001	2017-07-29T18:09:54.354118745Z	1582.62	25.46	438	56.0
2135.925	kafka-001	2017-07-29T18:10:01.354017073Z	2422.664	25.47	439	59.52
2123.618	kafka-001	2017-07-29T18:10:08.354201906Z	1608.27	25.48	439	60.6
2188.305	kafka-001	2017-07-29T18:10:15.354133195Z	2476.061	25.5	439	54.03
2050.639	kafka-001	2017-07-29T18:10:22.354401205Z	1565.52	25.51	440	43.85
2314.118	kafka-001	2017-07-29T18:10:29.354248056Z	1747.787	25.52	440	67.43
2132.444	kafka-001	2017-07-29T18:10:36.354184246Z	2445.168	25.54	440	64.35
2180.813	kafka-001	2017-07-29T18:10:43.354149336Z	1735.925	25.55	441	54.52
2197.69	kafka-001	2017-07-29T18:10:50.354084892Z	2482.36	25.56	441	55.65
2002.971	kafka-001	2017-07-29T18:10:57.35420118Z	1479.651	25.58	441	73.29
2332.133	kafka-001	2017-07-29T18:11:04.354283841Z	1855.718	25.59	442	73.25
2179.142	kafka-001	2017-07-29T18:11:11.3539283Z	2443.786	25.61	442	65.3
2047.779	kafka-001	2017-07-29T18:11:18.354151049Z	1601.841	25.62	442	53.65
2014.282	kafka-001	2017-07-29T18:11:25.354111047Z	2302.892	25.63	443	55.9
2332.065	kafka-001	2017-07-29T18:11:32.353999771Z	1842.81	25.64	443	68.99
2398.361	kafka-001	2017-07-29T18:11:39.354012083Z	1849.454	25.66	443	72.88
2000.55	kafka-001	2017-07-29T18:11:46.354005542Z	2391.602	25.67	444	45.28
2135.728	kafka-001	2017-07-29T18:11:53.354180829Z	1576.421	25.68	444	60.28
2128.803	kafka-001	2017-07-29T18:12:00.354110405Z	2432.378	25.7	444	41.68
2056.024	kafka-001	2017-07-29T18:12:07.354032419Z	1580.092	25.71	445	48.88
2251.856	kafka-001	2017-07-29T18:12:14.354301921Z	1693.807	25.72	445	50.85
2123.366	kafka-001	2017-07-29T18:12:21.354503458Z	2398.127	25.73	445	60.41
2151.724	kafka-001	2017-07-29T18:12:28.354071435Z	1671.729	25.75	446	50.39
2149.659	kafka-001	2017-07-29T18:12:35.354148536Z	2450.252	25.76	446	53.59
2260.133	kafka-001	2017-07-29T18:12:42.354328458Z	1734.756	25.78	446	57.26
2140.401	kafka-001	2017-07-29T18:12:49.354002288Z	1653.834	25.79	447	50.37
1949.802	kafka-001	2017-07-29T18:12:56.354264527Z	2278.376	25.8	447	48.73
2310.137	kafka-001	2017-07-29T18:13:03.354029687Z	1859.794	25.82	447	74.68
2180.223	kafka-001	2017-07-29T18:13:10.354228499Z	2414.848	25.83	447	69.57
2140.331	kafka-001	2017-07-29T18:13:17.354118111Z	1684.952	25.84	448	56.86
2028.388	kafka-001	2017-07-29T18:13:24.353964931Z	1591.392	25.86	448	47.18
2332.306	kafka-001	2017-07-29T18:13:31.354119426Z	2586.189	25.87	448	59.88
2383.802	kafka-001	2017-07-29T18:13:38.354128251Z	1831.367	25.88	449	69.17
2085.527	kafka-001	2017-07-29T18:13:45.354037012Z	2420.298	25.9	449	45.26
2114.822	kafka-001	2017-07-29T18:13:52.35376173Z	1548.942	25.91	449	63.48
2140.176	kafka-001	2017-07-29T18:13:59.354138209Z	1635.694	25.92	450	73.4
2071.469	kafka-001	2017-07-29T18:14:06.354327481Z	2429.42	25.94	450	69.46
2200.553	kafka-001	2017-07-29T18:14:13.354058836Z	1662.711	25.95	450	64.57
2082.409	kafka-001	2017-07-29T18:14:20.354163822Z	2408.518	25.96	450	73.46
2208.329	kafka-001	2017-07-29T18:14:27.354696908Z	1668.772	25.97	450	76.14
2148.521	kafka-001	2017-07-29T18:14:34.354034775Z	1680.125	25.99	450	60.13
2273.505	kafka-001	2017-07-29T18:14:41.353993418Z	2525.582	26.0	450	82.36
2169.276	kafka-001	2017-07-29T18:14:48.353717306Z	1664.756	26.02	450	58.22
1914.327	kafka-001	2017-07-29T18:14:55.354174708Z	2282.352	26.03	450	48.04
2256.048	kafka-001	2017-07-29T18:15:02.354086163Z	1796.95	26.04	450	43.46
2158.699	kafka-001	2017-07-29T18:15:09.354181233Z	1679.864	26.06	450	57.03
2220.092	kafka-001	2017-07-29T18:15:16.353972016Z	2489.584	26.07	450	53.65
2099.844	kafka-001	2017-07-29T18:15:23.354311126Z	1629.377	26.08	450	67.44
2296.473	kafka-001	2017-07-29T18:15:30.3541536Z	2555.674	26.1	450	88.35
2311.589	kafka-001	2017-07-29T18:15:37.354197149Z	1809.723	26.11	450	49.79
2147.417	kafka-001	2017-07-29T18:15:44.35382386Z	1710.181	26.12	450	54.4
2093.726	kafka-001	2017-07-29T18:15:51.354866932Z	2293.896	26.14	450	82.37
2143.058	kafka-001	2017-07-29T18:15:58.354254246Z	1651.622	26.15	450	77.44
2056.3	kafka-001	2017-07-29T18:16:05.35428182Z	2408.507	26.16	450	62.38
2260.372	kafka-001	2017-07-29T18:16:12.354055668Z	1683.591	26.18	450	67.91
2007.425	kafka-001	2017-07-29T18:16:19.354190387Z	1619.558	26.19	450	58.5
2213.29	kafka-001	2017-07-29T18:16:26.353958943Z	2429.481	26.2	450	61.72
2200.593	kafka-001	2017-07-29T18:16:33.354178339Z	1719.26	26.22	450	62.34
2154.28	kafka-001	2017-07-29T18:16:40.354019871Z	2439.023	26.23	450	69.65
2285.191	kafka-001	2017-07-29T18:16:47.35415029Z	1739.012	26.24	450	74.58
1956.575	kafka-001	2017-07-29T18:16:54.354048345Z	1583.638	26.26	450	66.31
2311.912	kafka-001	2017-07-29T18:17:01.354479473Z	2506.852	26.27	450	75.23
2109.893	kafka-001	2017-07-29T18:17:08.354467781Z	1682.305	26.28	450	42.76
2233.574	kafka-001	2017-07-29T18:17:15.35425092Z	2490.524	26.3	450	65.14
2056.819	kafka-001	2017-07-29T18:17:22.353986452Z	1601.234	26.31	444	61.99
2191.861	kafka-001	2017-07-29T18:17:29.354110053Z	1589.198	26.32	440	49.85
2496.832	kafka-001	2017-07-29T18:17:36.353966909Z	2802.988	26.34	435	79.4
2127.444	kafka-001	2017-07-29T18:17:43.35405294Z	1697.539	26.35	430	61.02
1969.013	kafka-001	2017-07-29T18:17:50.354055327Z	2243.436	26.36	426	49.18
2119.757	kafka-001	2017-07-29T18:17:57.354196913Z	1620.137	26.37	421	80.37
2123.962	kafka-001	2017-07-29T18:18:04.35433384Z	1679.076	26.39	416	71.26
2229.203	kafka-001	2017-07-29T18:18:11.353947218Z	2414.896	26.4	410	78.88
2065.041	kafka-001	2017-07-29T18:18:18.354059569Z	1663.758	26.41	404	65.63
2021.626	kafka-001	2017-07-29T18:18:25.35434116Z	2293.265	26.43	400	80.26
2319.203	kafka-001	2017-07-29T18:18:32.354357691Z	1818.775	26.44	395	61.58
2065.364	kafka-001	2017-07-29T18:18:39.354236349Z	1595.672	26.45	390	71.3
2276.195	kafka-001	2017-07-29T18:18:46.354114279Z	2546.536	26.47	383	55.25
2028.159	kafka-001	2017-07-29T18:18:53.354165441Z	1638.402	26.48	377	63.57
2218.979	kafka-001	2017-07-29T18:19:00.354149Z	2440.605	26.5	375	82.19
2176.738	kafka-001	2017-07-29T18:19:07.354089603Z	1714.755	26.51	375	53.13
2153.366	kafka-001	2017-07-29T18:19:14.353939604Z	1636.557	26.52	375	68.68
2036.629	kafka-001	2017-07-29T18:19:21.353977033Z	2423.406	26.53	375	49.46
2136.687	kafka-001	2017-07-29T18:19:28.354230714Z	1529.306	26.55	375	83.3
2382.978	kafka-001	2017-07-29T18:19:35.354037698Z	2773.413	26.56	375	78.74
2172.347	kafka-001	2017-07-29T18:19:42.354159074Z	1718.933	26.57	375	63.02
1925.751	kafka-001	2017-07-29T18:19:49.35395234Z	1497.23	26.59	375	48.16
2074.904	kafka-001	2017-07-29T18:19:56.353714398Z	2329.956	26.6	375	47.73
2098.235	kafka-001	2017-07-29T18:20:03.353935446Z	1679.87	26.64	375	78.53
2101.726	kafka-001	2017-07-29T18:20:10.354083032Z	2348.572	26.65	375	74.24
2106.162	kafka-001	2017-07-29T18:20:17.354196741Z	1673.735	26.67	375	49.8
1950.74	kafka-001	2017-07-29T18:20:24.353801442Z	1511.396	26.68	375	63.3
2302.255	kafka-001	2017-07-29T18:20:31.353985025Z	2565.173	26.69	375	57.69
2114.161	kafka-001	2017-07-29T18:20:38.35410252Z	1640.188	26.71	375	54.92
2200.771	kafka-001	2017-07-29T18:20:45.353945926Z	2490.7	26.72	375	56.2
2050.217	kafka-001	2017-07-29T18:20:52.353964676Z	1661.635	26.73	375	49.37
2084.631	kafka-001	2017-07-29T18:20:59.35398482Z	1541.016	26.75	375	73.03
2298.44	kafka-001	2017-07-29T18:21:06.353961759Z	2552.92	26.76	375	73.6
2148.262	kafka-001	2017-07-29T18:21:13.354347992Z	1674.635	26.77	375	54.87
2097.453	kafka-001	2017-07-29T18:21:20.353809529Z	2441.322	26.79	375	76.29
2069.735	kafka-001	2017-07-29T18:21:27.354479782Z	1557.452	26.8	375	80.68
2366.677	kafka-001	2017-07-29T18:21:34.354510281Z	1835.968	26.81	375	83.31
2265.002	kafka-001	2017-07-29T18:21:41.354134174Z	2687.585	26.83	375	51.7
1993.72	kafka-001	2017-07-29T18:21:48.35398797Z	1529.393	26.84	375	61.11
1977.101	kafka-001	2017-07-29T18:21:55.354262795Z	2280.19	26.86	375	62.4
2036.196	kafka-001	2017-07-29T18:22:02.353866241Z	1650.847	26.87	375	55.07
2103.14	kafka-001	2017-07-29T18:22:09.353948373Z	1553.816	26.88	370	61.15
2174.767	kafka-001	2017-07-29T18:22:16.354566267Z	2515.071	26.89	365	51.0
1985.637	kafka-001	2017-07-29T18:22:23.354061904Z	1484.623	26.9	359	54.84
2210.485	kafka-001	2017-07-29T18:22:30.354214759Z	2499.998	26.92	353	75.63
2173.31	kafka-001	2017-07-29T18:22:37.354071723Z	1716.216	26.93	347	67.78
2127.485	kafka-001	2017-07-29T18:22:44.35395239Z	1648.238	26.95	342	43.43
2175.157	kafka-001	2017-07-29T18:22:51.354037228Z	2515.042	26.96	338	57.59
1940.457	kafka-001	2017-07-29T18:22:58.354036079Z	1476.994	26.97	333	65.06
2173.814	kafka-001	2017-07-29T18:23:05.354047968Z	2469.627	26.98	329	72.18
2215.959	kafka-001	2017-07-29T18:23:12.354347299Z	1735.598	27.0	326	71.68
2116.878	kafka-001	2017-07-29T18:23:19.35410043Z	1716.608	27.01	326	61.73
1886.419	kafka-001	2017-07-29T18:23:26.354496808Z	2196.083	27.02	326	68.76
2316.731	kafka-001	2017-07-29T18:23:33.354079343Z	1791.103	27.04	326	67.72
2349.077	kafka-001	2017-07-29T18:23:40.353961232Z	2720.24	27.05	326	64.8
1878.023	kafka-001	2017-07-29T18:23:47.354026183Z	1500.826	27.07	326	50.98
2021.066	kafka-001	2017-07-29T18:23:54.354056875Z	1551.791	27.08	326	41.14
2067.36	kafka-001	2017-07-29T18:24:01.353991391Z	2422.109	27.09	326	37.88
2050.547	kafka-001	2017-07-29T18:24:08.354106976Z	1501.272	27.1	326	58.93
2214.397	kafka-001	2017-07-29T18:24:15.354053302Z	2552.72	27.12	326	65.3
1978.676	kafka-001	2017-07-29T18:24:22.354058089Z	1504.0	27.13	326	66.75
2145.022	kafka-001	2017-07-29T18:24:29.354175924Z	1644.644	27.14	326	62.35
2183.537	kafka-001	2017-07-29T18:24:36.354097047Z	2569.958	27.16	326	71.17
2215.007	kafka-001	2017-07-29T18:24:43.354048275Z	1656.402	27.17	326	63.69
2149.766	kafka-001	2017-07-29T18:24:50.35394722Z	2562.995	27.19	326	61.94
1935.893	kafka-001	2017-07-29T18:24:57.35419422Z	1493.645	27.2	326	56.13
2209.111	kafka-001	2017-07-29T18:25:04.354676158Z	1697.832	27.21	326	60.61
2183.282	kafka-001	2017-07-29T18:25:11.353960775Z	2540.394	27.22	326	45.38
2255.39	kafka-001	2017-07-29T18:25:18.353862833Z	1772.449	27.24	326	59.11
1992.633	kafka-001	2017-07-29T18:25:25.354039284Z	2334.128	27.25	326	44.92
2348.345	kafka-001	2017-07-29T18:25:32.35413321Z	1800.906	27.26	326	57.14
2382.842	kafka-001	2017-07-29T18:25:39.35402171Z	1886.057	27.28	326	61.55
1991.206	kafka-001	2017-07-29T18:25:46.353994744Z	2441.322	27.29	326	51.48
2131.537	kafka-001	2017-07-29T18:25:53.354208678Z	1560.366	27.31	326	69.85
2112.566	kafka-001	2017-07-29T18:26:00.354160979Z	2510.95	27.32	326	73.85
1998.356	kafka-001	2017-07-29T18:26:07.354221252Z	1490.38	27.33	326	65.72
2242.496	kafka-001	2017-07-29T18:26:14.354058185Z	1713.191	27.34	326	65.0
1986.25	kafka-001	2017-07-29T18:26:21.354216297Z	2405.598	27.36	326	58.05
2040.365	kafka-001	2017-07-29T18:26:28.353999536Z	1551.468	27.37	326	76.81
2311.493	kafka-001	2017-07-29T18:26:35.354395311Z	2644.385	27.39	326	55.83
2174.663	kafka-001	2017-07-29T18:26:42.354245549Z	1622.338	27.4	326	81.27
2148.366	kafka-001	2017-07-29T18:26:49.354171807Z	1712.722	27.41	326	56.33
1897.405	kafka-001	2017-07-29T18:26:56.354297796Z	2327.665	27.42	326	42.83
2191.443	kafka-001	2017-07-29T18:27:03.354252461Z	1677.056	27.44	326	44.64
2169.596	kafka-001	2017-07-29T18:27:10.354030053Z	2504.494	27.45	326	69.66
2189.784	kafka-001	2017-07-29T18:27:17.353991757Z	1724.694	27.46	326	53.83
1956.787	kafka-001	2017-07-29T18:27:24.354135323Z	1583.148	27.48	326	47.28
2196.369	kafka-001	2017-07-29T18:27:31.354161913Z	2399.72	27.49	326	77.09
2424.977	kafka-001	2017-07-29T18:27:38.353986Z	1890.979	27.51	326	72.13
2021.345	kafka-001	2017-07-29T18:27:45.354346516Z	2456.025	27.52	326	65.92
2000.258	kafka-001	2017-07-29T18:27:52.354230914Z	1501.608	27.53	326	70.02
2148.484	kafka-001	2017-07-29T18:27:59.354163404Z	1656.427	27.54	326	68.73
1908.402	kafka-001	2017-07-29T18:28:06.353914128Z	2300.144	27.55	326	42.07
2273.222	kafka-001	2017-07-29T18:28:13.354173231Z	1710.194	27.57	326	74.94
1970.55	kafka-001	2017-07-29T18:28:20.354136546Z	2364.869	27.58	326	44.74
1893.76	kafka-001	2017-07-29T18:28:27.354228647Z	1461.712	27.59	326	57.0
2388.051	kafka-001	2017-07-29T18:28:34.354221516Z	1791.679	27.61	326	74.12
2039.601	kafka-001	2017-07-29T18:28:41.354219789Z	2433.043	27.62	326	71.47
2197.021	kafka-001	2017-07-29T18:28:48.354285114Z	1718.852	27.64	326	68.25
1944.208	kafka-001	2017-07-29T18:28:55.354110266Z	2338.692	27.65	326	56.44
2221.505	kafka-001	2017-07-29T18:29:02.354088399Z	1660.233	27.66	326	62.45
2106.782	kafka-001	2017-07-29T18:29:09.354138687Z	1659.628	27.67	326	53.42
2197.013	kafka-001	2017-07-29T18:29:16.354493143Z	2553.911	27.69	326	62.56
1986.997	kafka-001	2017-07-29T18:29:23.354098572Z	1582.104	27.7	326	43.58
2109.535	kafka-001	2017-07-29T18:29:30.354064351Z	2356.921	27.71	326	65.5
2413.871	kafka-001	2017-07-29T18:29:37.3543657Z	1888.13	27.73	326	58.74
2123.975	kafka-001	2017-07-29T18:29:44.354085373Z	1729.849	27.74	326	62.42
1909.013	kafka-001	2017-07-29T18:29:51.353992537Z	2224.686	27.75	326	67.81
2111.567	kafka-001	2017-07-29T18:29:58.354181612Z	1628.7	27.77	326	71.95
1950.404	kafka-001	2017-07-29T18:30:05.354068099Z	2310.923	27.78	326	58.91
2175.095	kafka-001	2017-07-29T18:30:12.354010099Z	1666.2	27.79	326	65.82
2125.603	kafka-001	2017-07-29T18:30:19.354154391Z	1701.115	27.8	326	72.59
1810.144	kafka-001	2017-07-29T18:30:26.35420004Z	2184.41	27.81	326	43.62
2406.405	kafka-001	2017-07-29T18:30:33.35403773Z	1780.461	27.83	326	66.61
1996.065	kafka-001	2017-07-29T18:30:40.354356386Z	2395.057	27.84	326	70.91
2178.385	kafka-001	2017-07-29T18:30:47.354070715Z	1722.355	27.86	326	63.44
2035.936	kafka-001	2017-07-29T18:30:54.354488851Z	1670.413	27.87	326	68.17
2104.872	kafka-001	2017-07-29T18:31:01.35403685Z	2319.148	27.88	326	70.55
2218.933	kafka-001	2017-07-29T18:31:08.354184661Z	1732.016	27.9	326	63.25
2167.93	kafka-001	2017-07-29T18:31:15.354184144Z	2522.415	27.91	326	61.42
2072.859	kafka-001	2017-07-29T18:31:22.354113763Z	1637.363	27.92	326	61.27
2012.964	kafka-001	2017-07-29T18:31:29.354103528Z	1519.906	27.94	326	78.61
2416.512	kafka-001	2017-07-29T18:31:36.354275626Z	2692.328	27.95	326	82.06
2205.099	kafka-001	2017-07-29T18:31:43.354153491Z	1800.137	27.97	326	62.28
1884.011	kafka-001	2017-07-29T18:31:50.354188153Z	2222.997	27.98	326	52.79
2104.243	kafka-001	2017-07-29T18:31:57.354199369Z	1613.911	27.99	326	74.4
2016.37	kafka-001	2017-07-29T18:32:04.354330602Z	1689.79	28.0	326	62.12
2174.673	kafka-001	2017-07-29T18:32:11.354187626Z	2330.375	28.02	326	68.14
2134.253	kafka-001	2017-07-29T18:32:18.35393155Z	1757.813	28.03	326	62.32
1895.864	kafka-001	2017-07-29T18:32:25.354169263Z	2167.697	28.04	326	53.05
2302.575	kafka-001	2017-07-29T18:32:32.354063928Z	1764.702	28.06	326	82.26
2082.122	kafka-001	2017-07-29T18:32:39.354024946Z	1734.988	28.07	326	46.63
2134.51	kafka-001	2017-07-29T18:32:46.354206057Z	2406.252	28.08	326	68.44
2101.37	kafka-001	2017-07-29T18:32:53.35435285Z	1714.735	28.1	326	57.76
2046.896	kafka-001	2017-07-29T18:33:00.354193434Z	2298.816	28.11	326	60.48
2201.747	kafka-001	2017-07-29T18:33:07.354157015Z	1713.811	28.12	326	73.2
2206.101	kafka-001	2017-07-29T18:33:14.354083503Z	1701.425	28.14	326	71.72
2117.345	kafka-001	2017-07-29T18:33:21.354174629Z	2494.825	28.15	326	56.38
1876.874	kafka-001	2017-07-29T18:33:28.354087341Z	1452.72	28.16	326	65.21
2377.538	kafka-001	2017-07-29T18:33:35.354015662Z	2662.961	28.18	326	70.06
2275.979	kafka-001	2017-07-29T18:33:42.35398908Z	1826.263	28.19	326	46.21
1936.24	kafka-001	2017-07-29T18:33:49.354171589Z	1548.366	28.2	326	65.41
1992.511	kafka-001	2017-07-29T18:33:56.354116972Z	2261.172	28.22	326	65.87
1999.31	kafka-001	2017-07-29T18:34:03.353991437Z	1655.32	28.23	326	53.39
2140.763	kafka-001	2017-07-29T18:34:10.354192255Z	2328.434	28.24	326	73.47
2184.759	kafka-001	2017-07-29T18:34:17.354631564Z	1780.677	28.25	326	48.83
1969.235	kafka-001	2017-07-29T18:34:24.354317972Z	1536.112	28.27	326	59.76
2183.534	kafka-001	2017-07-29T18:34:31.353963407Z	2379.201	28.28	326	64.25
2189.421	kafka-001	2017-07-29T18:34:38.354010395Z	1778.884	28.29	326	46.31
2105.431	kafka-001	2017-07-29T18:34:45.354653671Z	2410.849	28.31	326	38.41
2165.962	kafka-001	2017-07-29T18:34:52.354217879Z	1732.396	28.32	326	55.77
1948.517	kafka-001	2017-07-29T18:34:59.353942384Z	1465.252	28.33	326	58.54
2144.515	kafka-001	2017-07-29T18:35:06.354117023Z	2440.24	28.34	326	62.13
2158.17	kafka-001	2017-07-29T18:35:13.354081477Z	1691.79	28.36	326	69.47
2197.696	kafka-001	2017-07-29T18:35:20.354203468Z	2536.593	28.37	326	65.61
1838.733	kafka-001	2017-07-29T18:35:27.354140025Z	1438.202	28.38	326	63.51
2345.995	kafka-001	2017-07-29T18:35:34.354208666Z	1718.514	28.4	326	72.18
2385.276	kafka-001	2017-07-29T18:35:41.354034173Z	2789.768	28.41	326	73.66
1831.544	kafka-001	2017-07-29T18:35:48.354050449Z	1501.95	28.42	326	57.42
2077.364	kafka-001	2017-07-29T18:35:55.354202077Z	2306.992	28.44	326	38.2
2051.01	kafka-001	2017-07-29T18:36:02.354017752Z	1663.553	28.45	326	34.79
2029.598	kafka-001	2017-07-29T18:36:09.353896377Z	1492.554	28.46	326	47.33
2309.44	kafka-001	2017-07-29T18:36:16.3541595Z	2617.639	28.48	326	51.34
1891.923	kafka-001	2017-07-29T18:36:23.354267764Z	1497.525	28.49	326	48.4
2047.797	kafka-001	2017-07-29T18:36:30.354184933Z	2305.375	28.51	326	61.47
2294.348	kafka-001	2017-07-29T18:36:37.354335151Z	1854.298	28.52	326	54.32
