----------------------------------------------------------------
554480.207	kafka-001	2017-07-28T00:55:34.87302788Z	566250.072	18.8	0	1.35
16.836	kafka-001	2017-07-28T00:55:41.87247566Z	25.774	18.8	0	1.23
15.269	kafka-001	2017-07-28T00:55:48.87266673Z	23.732	18.8	0	1.36
16.99	kafka-001	2017-07-28T00:55:55.872511374Z	25.766	18.8	0	1.47
18.367	kafka-001	2017-07-28T00:56:02.872609346Z	29.15	18.8	0	1.47
37.343	kafka-001	2017-07-28T00:56:09.87248109Z	35.206	18.8	6	3.29
86.437	kafka-001	2017-07-28T00:56:16.87269283Z	89.212	18.8	11	3.87
116.343	kafka-001	2017-07-28T00:56:23.872619626Z	96.876	18.8	15	4.95
131.382	kafka-001	2017-07-28T00:56:30.872817489Z	156.286	18.8	15	5.17
125.577	kafka-001	2017-07-28T00:56:37.87290349Z	111.603	18.8	15	4.47
129.195	kafka-001	2017-07-28T00:56:44.872612821Z	114.685	18.8	15	4.74
123.352	kafka-001	2017-07-28T00:56:51.872457269Z	153.761	18.8	15	4.53
128.115	kafka-001	2017-07-28T00:56:58.87261676Z	115.683	18.8	15	5.2
123.376	kafka-001	2017-07-28T00:57:05.872675468Z	155.509	18.8	15	4.54
127.939	kafka-001	2017-07-28T00:57:12.872617904Z	114.094	18.8	15	4.55
130.827	kafka-001	2017-07-28T00:57:19.872607641Z	118.118	18.8	15	4.7
126.636	kafka-001	2017-07-28T00:57:26.872810979Z	162.276	18.8	15	3.71
129.331	kafka-001	2017-07-28T00:57:33.872334205Z	114.58	18.81	15	4.47
127.244	kafka-001	2017-07-28T00:57:40.872549244Z	161.926	18.81	15	5.35
121.811	kafka-001	2017-07-28T00:57:47.872473596Z	117.354	18.81	15	4.62
120.571	kafka-001	2017-07-28T00:57:54.872925117Z	109.135	18.81	15	5.78
130.86	kafka-001	2017-07-28T00:58:01.872547974Z	163.074	18.81	15	4.31
126.057	kafka-001	2017-07-28T00:58:08.872728046Z	116.68	18.81	15	5.19
133.792	kafka-001	2017-07-28T00:58:15.872500648Z	163.753	18.81	15	6.34
126.773	kafka-001	2017-07-28T00:58:22.87294583Z	117.798	18.81	15	5.3
124.559	kafka-001	2017-07-28T00:58:29.872619579Z	109.856	18.81	15	5.13
129.71	kafka-001	2017-07-28T00:58:36.872728513Z	156.243	18.81	15	6.04
128.619	kafka-001	2017-07-28T00:58:43.872829262Z	113.986	18.81	15	4.37
128.48	kafka-001	2017-07-28T00:58:50.872560214Z	158.127	18.81	15	5.02
124.195	kafka-001	2017-07-28T00:58:57.87243664Z	111.611	18.81	15	5.3
127.451	kafka-001	2017-07-28T00:59:04.872681145Z	117.86	18.81	15	4.68
132.976	kafka-001	2017-07-28T00:59:11.872672723Z	164.804	18.81	15	4.86
126.035	kafka-001	2017-07-28T00:59:18.872435436Z	112.812	18.81	15	3.41
130.404	kafka-001	2017-07-28T00:59:25.872472164Z	157.818	18.82	16	6.2
156.055	kafka-001	2017-07-28T00:59:32.872584039Z	133.525	18.82	20	6.49
192.677	kafka-001	2017-07-28T00:59:39.872382197Z	153.505	18.82	24	9.17
213.942	kafka-001	2017-07-28T00:59:46.872576074Z	243.941	18.82	27	7.48
238.357	kafka-001	2017-07-28T00:59:53.872444558Z	195.495	18.82	30	9.29
244.236	kafka-001	2017-07-28T01:00:00.87254398Z	293.02	18.82	30	9.66
243.243	kafka-001	2017-07-28T01:00:07.87254572Z	206.04	18.83	30	10.1
234.266	kafka-001	2017-07-28T01:00:14.872533541Z	199.547	18.83	30	8.27
244.083	kafka-001	2017-07-28T01:00:21.872708006Z	298.223	18.83	30	9.26
234.063	kafka-001	2017-07-28T01:00:28.872602889Z	202.874	18.83	30	7.6
242.544	kafka-001	2017-07-28T01:00:35.872412661Z	292.565	18.83	30	9.07
243.169	kafka-001	2017-07-28T01:00:42.872836306Z	208.975	18.83	30	10.16
235.031	kafka-001	2017-07-28T01:00:49.872493198Z	202.172	18.83	30	8.06
249.282	kafka-001	2017-07-28T01:00:56.872624476Z	295.754	18.83	30	7.83
236.349	kafka-001	2017-07-28T01:01:03.872397568Z	203.865	18.83	30	7.81
243.84	kafka-001	2017-07-28T01:01:10.872531768Z	293.906	18.84	30	8.81
242.347	kafka-001	2017-07-28T01:01:17.872552208Z	205.617	18.84	30	9.46
240.163	kafka-001	2017-07-28T01:01:24.872602036Z	205.386	18.84	30	9.26
245.14	kafka-001	2017-07-28T01:01:31.872601002Z	292.521	18.84	30	8.71
235.269	kafka-001	2017-07-28T01:01:38.872628759Z	206.218	18.84	30	8.91
237.264	kafka-001	2017-07-28T01:01:45.872458873Z	288.702	18.84	30	9.05
234.491	kafka-001	2017-07-28T01:01:52.872657586Z	199.795	18.84	30	8.52
236.961	kafka-001	2017-07-28T01:01:59.87238545Z	200.602	18.85	30	8.24
232.72	kafka-001	2017-07-28T01:02:06.872627939Z	283.367	18.85	30	7.96
231.781	kafka-001	2017-07-28T01:02:13.87262231Z	200.154	18.85	30	9.17
232.97	kafka-001	2017-07-28T01:02:20.872582783Z	286.109	18.85	30	9.87
235.517	kafka-001	2017-07-28T01:02:27.873025025Z	202.769	18.85	30	9.11
229.829	kafka-001	2017-07-28T01:02:34.872670321Z	198.02	18.85	30	8.65
234.15	kafka-001	2017-07-28T01:02:41.873084786Z	286.579	18.86	30	6.98
235.413	kafka-001	2017-07-28T01:02:48.872548569Z	198.482	18.86	30	7.8
245.872	kafka-001	2017-07-28T01:02:55.872602119Z	292.834	18.86	31	9.72
258.317	kafka-001	2017-07-28T01:03:02.872440033Z	217.876	18.86	34	10.29
277.085	kafka-001	2017-07-28T01:03:09.872407919Z	225.099	18.86	36	8.86
301.81	kafka-001	2017-07-28T01:03:16.872760536Z	360.083	18.86	39	9.61
320.405	kafka-001	2017-07-28T01:03:23.872584677Z	262.96	18.86	41	11.6
344.344	kafka-001	2017-07-28T01:03:30.872595999Z	401.529	18.87	43	12.48
353.491	kafka-001	2017-07-28T01:03:37.872355559Z	291.129	18.87	45	11.93
356.039	kafka-001	2017-07-28T01:03:44.872809147Z	294.891	18.87	45	12.48
347.45	kafka-001	2017-07-28T01:03:51.872959802Z	419.698	18.87	45	10.72
346.953	kafka-001	2017-07-28T01:03:58.872681491Z	287.331	18.88	45	11.04
354.396	kafka-001	2017-07-28T01:04:05.872466777Z	422.955	18.88	45	13.04
353.495	kafka-001	2017-07-28T01:04:12.872650585Z	294.01	18.88	45	12.55
353.925	kafka-001	2017-07-28T01:04:19.87265256Z	291.909	18.88	45	14.49
358.084	kafka-001	2017-07-28T01:04:26.872798131Z	421.288	18.88	45	12.74
361.151	kafka-001	2017-07-28T01:04:33.872446119Z	290.936	18.89	45	13.84
355.612	kafka-001	2017-07-28T01:04:40.872417284Z	419.898	18.89	45	12.64
353.279	kafka-001	2017-07-28T01:04:47.872471117Z	290.971	18.89	45	14.36
359.649	kafka-001	2017-07-28T01:04:54.87223579Z	289.591	18.89	45	12.4
352.168	kafka-001	2017-07-28T01:05:01.872682346Z	422.078	18.89	45	13.13
345.965	kafka-001	2017-07-28T01:05:08.872747051Z	291.509	18.9	45	10.45
350.752	kafka-001	2017-07-28T01:05:15.872385326Z	417.006	18.9	45	13.52
358.345	kafka-001	2017-07-28T01:05:22.872776748Z	292.644	18.9	45	11.15
360.467	kafka-001	2017-07-28T01:05:29.872477583Z	295.25	18.9	45	13.78
358.698	kafka-001	2017-07-28T01:05:36.872567005Z	428.935	18.91	45	11.44
351.975	kafka-001	2017-07-28T01:05:43.872562663Z	288.238	18.91	45	11.09
350.856	kafka-001	2017-07-28T01:05:50.872615145Z	421.489	18.91	45	14.11
347.511	kafka-001	2017-07-28T01:05:57.872512679Z	295.384	18.91	45	12.76
353.887	kafka-001	2017-07-28T01:06:04.872800818Z	291.484	18.91	45	11.62
354.206	kafka-001	2017-07-28T01:06:11.872655344Z	423.088	18.91	45	12.28
354.499	kafka-001	2017-07-28T01:06:18.872417691Z	291.965	18.92	45	12.23
349.404	kafka-001	2017-07-28T01:06:25.872549133Z	426.217	18.92	45	14.49
343.693	kafka-001	2017-07-28T01:06:32.872524753Z	289.73	18.92	45	11.78
345.515	kafka-001	2017-07-28T01:06:39.872490189Z	289.722	18.92	46	14.33
369.864	kafka-001	2017-07-28T01:06:46.872903414Z	439.569	18.93	48	11.41
384.647	kafka-001	2017-07-28T01:06:53.872638595Z	316.652	18.93	50	13.22
403.556	kafka-001	2017-07-28T01:07:00.872714795Z	476.414	18.93	52	12.21
411.823	kafka-001	2017-07-28T01:07:07.872478002Z	338.894	18.94	53	14.52
424.775	kafka-001	2017-07-28T01:07:14.872263704Z	346.27	18.94	55	14.3
447.578	kafka-001	2017-07-28T01:07:21.872852258Z	518.486	18.94	57	13.28
449.469	kafka-001	2017-07-28T01:07:28.872380003Z	366.422	18.94	58	15.02
465.108	kafka-001	2017-07-28T01:07:35.872389219Z	543.898	18.94	60	13.12
474.349	kafka-001	2017-07-28T01:07:42.872312341Z	384.437	18.95	60	15.59
466.197	kafka-001	2017-07-28T01:07:49.872404382Z	379.78	18.95	60	16.13
477.006	kafka-001	2017-07-28T01:07:56.872732065Z	555.911	18.95	60	13.26
460.772	kafka-001	2017-07-28T01:08:03.872351206Z	379.653	18.96	60	13.38
465.252	kafka-001	2017-07-28T01:08:10.872445631Z	549.906	18.96	60	14.53
470.741	kafka-001	2017-07-28T01:08:17.872417766Z	381.208	18.96	60	16.39
449.284	kafka-001	2017-07-28T01:08:24.872426095Z	370.151	18.97	60	14.89
472.758	kafka-001	2017-07-28T01:08:31.872666517Z	550.11	18.97	60	13.73
464.977	kafka-001	2017-07-28T01:08:38.872399957Z	377.715	18.97	60	16.44
468.306	kafka-001	2017-07-28T01:08:45.872518055Z	551.883	18.97	60	14.97
470.825	kafka-001	2017-07-28T01:08:52.872730894Z	376.328	18.98	60	16.65
460.695	kafka-001	2017-07-28T01:08:59.872809275Z	374.073	18.98	60	14.19
466.954	kafka-001	2017-07-28T01:09:06.872289106Z	554.372	18.98	60	14.67
466.079	kafka-001	2017-07-28T01:09:13.872564085Z	380.332	18.99	60	17.18
471.146	kafka-001	2017-07-28T01:09:20.872748163Z	555.298	18.99	60	18.28
470.667	kafka-001	2017-07-28T01:09:27.87229523Z	380.678	18.99	60	15.08
460.257	kafka-001	2017-07-28T01:09:34.872690661Z	378.146	18.99	60	17.9
471.242	kafka-001	2017-07-28T01:09:41.872464749Z	558.075	19.0	60	14.84
468.103	kafka-001	2017-07-28T01:09:48.87239069Z	383.202	19.0	60	16.31
461.634	kafka-001	2017-07-28T01:09:55.872385445Z	549.056	19.0	60	13.42
467.447	kafka-001	2017-07-28T01:10:02.872340016Z	377.998	19.01	60	14.89
469.647	kafka-001	2017-07-28T01:10:09.872350687Z	383.582	19.01	60	15.54
463.118	kafka-001	2017-07-28T01:10:16.872372559Z	556.889	19.01	60	14.21
457.703	kafka-001	2017-07-28T01:10:23.872280187Z	377.852	19.01	60	14.78
468.053	kafka-001	2017-07-28T01:10:30.872619848Z	545.623	19.02	60	14.26
467.686	kafka-001	2017-07-28T01:10:37.872508096Z	384.502	19.02	61	17.2
484.939	kafka-001	2017-07-28T01:10:44.872756499Z	386.928	19.02	62	18.01
498.526	kafka-001	2017-07-28T01:10:51.872523316Z	584.615	19.03	64	18.19
506.475	kafka-001	2017-07-28T01:10:58.872846533Z	406.398	19.03	66	18.55
515.63	kafka-001	2017-07-28T01:11:05.87266264Z	606.917	19.03	68	16.92
527.987	kafka-001	2017-07-28T01:11:12.872657644Z	429.372	19.04	69	15.59
541.447	kafka-001	2017-07-28T01:11:19.872597123Z	440.566	19.04	71	16.77
550.434	kafka-001	2017-07-28T01:11:26.872674909Z	652.28	19.04	72	19.47
552.807	kafka-001	2017-07-28T01:11:33.872539715Z	446.384	19.05	74	20.32
579.692	kafka-001	2017-07-28T01:11:40.872749595Z	680.102	19.05	75	16.52
562.177	kafka-001	2017-07-28T01:11:47.872374755Z	460.37	19.05	75	15.52
576.059	kafka-001	2017-07-28T01:11:54.872443024Z	464.681	19.06	75	18.34
577.138	kafka-001	2017-07-28T01:12:01.873609713Z	684.114	19.06	75	20.03
582.069	kafka-001	2017-07-28T01:12:08.872321132Z	464.942	19.06	75	15.53
583.042	kafka-001	2017-07-28T01:12:15.872519171Z	689.626	19.07	75	19.06
582.149	kafka-001	2017-07-28T01:12:22.872418335Z	467.03	19.07	75	22.12
567.977	kafka-001	2017-07-28T01:12:29.872794231Z	462.417	19.07	75	16.25
578.158	kafka-001	2017-07-28T01:12:36.87227448Z	680.196	19.08	75	17.0
572.244	kafka-001	2017-07-28T01:12:43.872522577Z	467.07	19.08	75	20.28
587.015	kafka-001	2017-07-28T01:12:50.87253223Z	737.434	19.08	75	21.06
572.743	kafka-001	2017-07-28T01:12:57.872490366Z	461.178	19.09	75	19.88
581.607	kafka-001	2017-07-28T01:13:04.872333374Z	467.444	19.09	75	20.91
578.374	kafka-001	2017-07-28T01:13:11.872459046Z	680.378	19.1	75	14.68
564.243	kafka-001	2017-07-28T01:13:18.872552479Z	461.436	19.1	75	21.45
576.146	kafka-001	2017-07-28T01:13:25.872536147Z	679.111	19.1	75	20.72
582.959	kafka-001	2017-07-28T01:13:32.872318843Z	468.024	19.11	75	18.56
571.763	kafka-001	2017-07-28T01:13:39.872492785Z	465.66	19.11	75	19.36
577.254	kafka-001	2017-07-28T01:13:46.872485885Z	682.187	19.11	75	20.86
569.062	kafka-001	2017-07-28T01:13:53.87264851Z	460.839	19.12	75	21.15
571.893	kafka-001	2017-07-28T01:14:00.872319797Z	679.094	19.12	75	21.36
567.283	kafka-001	2017-07-28T01:14:07.872460072Z	457.364	19.12	75	19.94
575.421	kafka-001	2017-07-28T01:14:14.872702152Z	461.271	19.13	75	19.68
577.655	kafka-001	2017-07-28T01:14:21.872835022Z	686.476	19.13	75	15.97
567.359	kafka-001	2017-07-28T01:14:28.872244886Z	456.851	19.14	75	19.89
580.337	kafka-001	2017-07-28T01:14:35.872313943Z	675.466	19.14	75	18.63
584.541	kafka-001	2017-07-28T01:14:42.872636513Z	466.476	19.14	76	21.68
588.906	kafka-001	2017-07-28T01:14:49.872486312Z	473.531	19.14	77	19.33
599.963	kafka-001	2017-07-28T01:14:56.872646617Z	701.098	19.15	79	18.74
615.413	kafka-001	2017-07-28T01:15:03.872385542Z	490.124	19.15	80	18.97
624.396	kafka-001	2017-07-28T01:15:10.872343442Z	729.182	19.16	82	24.66
625.942	kafka-001	2017-07-28T01:15:17.872636301Z	508.716	19.16	83	19.89
629.822	kafka-001	2017-07-28T01:15:24.872222142Z	508.05	19.17	84	23.76
662.139	kafka-001	2017-07-28T01:15:31.872636871Z	759.572	19.17	85	18.73
663.474	kafka-001	2017-07-28T01:15:38.872172764Z	529.924	19.17	87	24.52
673.44	kafka-001	2017-07-28T01:15:45.872529018Z	794.497	19.18	88	22.81
681.367	kafka-001	2017-07-28T01:15:52.872756146Z	545.567	19.18	89	24.37
685.147	kafka-001	2017-07-28T01:15:59.872655303Z	549.264	19.19	90	22.51
685.715	kafka-001	2017-07-28T01:16:06.872612771Z	808.481	19.19	90	21.95
673.698	kafka-001	2017-07-28T01:16:13.872552191Z	542.577	19.2	90	21.93
680.64	kafka-001	2017-07-28T01:16:20.872627269Z	802.425	19.2	90	23.45
682.995	kafka-001	2017-07-28T01:16:27.872523147Z	547.994	19.2	90	21.44
685.129	kafka-001	2017-07-28T01:16:34.872414262Z	550.328	19.21	90	20.16
686.094	kafka-001	2017-07-28T01:16:41.872550466Z	809.547	19.21	90	21.92
681.217	kafka-001	2017-07-28T01:16:48.872560657Z	548.401	19.22	90	24.34
684.012	kafka-001	2017-07-28T01:16:55.872388426Z	817.393	19.22	90	25.27
687.439	kafka-001	2017-07-28T01:17:02.872486187Z	554.208	19.23	90	30.19
689.007	kafka-001	2017-07-28T01:17:09.872525169Z	552.739	19.23	90	22.87
680.528	kafka-001	2017-07-28T01:17:16.872597335Z	804.028	19.24	90	26.51
674.489	kafka-001	2017-07-28T01:17:23.872513747Z	541.54	19.24	90	20.02
681.722	kafka-001	2017-07-28T01:17:30.872372698Z	805.866	19.24	90	25.64
684.037	kafka-001	2017-07-28T01:17:37.872578185Z	551.412	19.25	90	20.78
675.429	kafka-001	2017-07-28T01:17:44.872543397Z	545.896	19.25	90	20.94
688.907	kafka-001	2017-07-28T01:17:51.872628686Z	808.752	19.25	90	20.88
689.49	kafka-001	2017-07-28T01:17:58.872596727Z	554.206	19.26	90	21.07
698.504	kafka-001	2017-07-28T01:18:05.87230574Z	815.359	19.26	90	20.35
696.589	kafka-001	2017-07-28T01:18:12.872637497Z	560.3	19.27	90	22.15
676.013	kafka-001	2017-07-28T01:18:19.872299149Z	548.946	19.27	90	22.67
681.43	kafka-001	2017-07-28T01:18:26.872462988Z	800.532	19.28	90	24.23
693.631	kafka-001	2017-07-28T01:18:33.872436756Z	553.347	19.28	90	18.17
693.019	kafka-001	2017-07-28T01:18:40.872705365Z	811.597	19.28	90	24.02
684.723	kafka-001	2017-07-28T01:18:47.87238933Z	552.891	19.29	90	23.77
682.492	kafka-001	2017-07-28T01:18:54.872534381Z	551.11	19.29	90	25.81
680.463	kafka-001	2017-07-28T01:19:01.872585087Z	804.914	19.3	87	22.7
610.076	kafka-001	2017-07-28T01:19:08.872586932Z	503.175	19.3	75	14.03
579.77	kafka-001	2017-07-28T01:19:15.872447232Z	683.826	19.3	75	19.43
573.607	kafka-001	2017-07-28T01:19:22.872470304Z	462.28	19.31	75	15.76
568.196	kafka-001	2017-07-28T01:19:29.872309203Z	460.789	19.31	75	17.41
577.957	kafka-001	2017-07-28T01:19:36.872393829Z	682.335	19.32	75	19.01
576.457	kafka-001	2017-07-28T01:19:43.872844594Z	469.19	19.32	75	18.56
573.651	kafka-001	2017-07-28T01:19:50.872545652Z	681.137	19.32	75	21.4
578.824	kafka-001	2017-07-28T01:19:57.872475987Z	463.266	19.33	75	19.84
571.691	kafka-001	2017-07-28T01:20:04.872392386Z	463.309	19.33	75	17.28
571.94	kafka-001	2017-07-28T01:20:11.872445018Z	676.832	19.33	75	18.17
579.955	kafka-001	2017-07-28T01:20:18.872766481Z	466.078	19.34	75	18.21
578.304	kafka-001	2017-07-28T01:20:25.872440299Z	680.907	19.34	75	21.11
572.859	kafka-001	2017-07-28T01:20:32.872814734Z	461.544	19.34	75	15.73
568.451	kafka-001	2017-07-28T01:20:39.872506872Z	464.079	19.35	75	18.96
579.368	kafka-001	2017-07-28T01:20:46.872543766Z	676.799	19.35	75	19.72
580.149	kafka-001	2017-07-28T01:20:53.872598639Z	466.918	19.35	75	19.69
580.22	kafka-001	2017-07-28T01:21:00.872518913Z	681.647	19.36	75	22.36
577.708	kafka-001	2017-07-28T01:21:07.872520623Z	469.102	19.36	75	19.62
574.632	kafka-001	2017-07-28T01:21:14.872442243Z	469.938	19.37	75	19.18
581.475	kafka-001	2017-07-28T01:21:21.872576587Z	680.108	19.37	75	16.99
572.694	kafka-001	2017-07-28T01:21:28.872406387Z	465.013	19.37	75	18.17
563.654	kafka-001	2017-07-28T01:21:35.872289447Z	674.357	19.38	75	21.02
574.705	kafka-001	2017-07-28T01:21:42.872607923Z	465.97	19.38	75	19.14
581.271	kafka-001	2017-07-28T01:21:49.872415045Z	464.518	19.38	75	20.5
582.562	kafka-001	2017-07-28T01:21:56.872441502Z	686.507	19.39	75	18.04
581.097	kafka-001	2017-07-28T01:22:03.872541011Z	463.892	19.39	75	18.46
576.82	kafka-001	2017-07-28T01:22:10.872608967Z	676.097	19.39	74	18.12
524.593	kafka-001	2017-07-28T01:22:17.872652893Z	431.312	19.4	67	18.45
483.869	kafka-001	2017-07-28T01:22:24.872561945Z	402.283	19.4	60	18.82
471.752	kafka-001	2017-07-28T01:22:31.873242097Z	562.96	19.4	60	16.0
463.813	kafka-001	2017-07-28T01:22:38.872752987Z	378.389	19.4	60	19.67
473.675	kafka-001	2017-07-28T01:22:45.872626799Z	556.456	19.41	60	19.57
444.522	kafka-001	2017-07-28T01:22:52.87267511Z	369.769	19.41	60	14.04
465.109	kafka-001	2017-07-28T01:22:59.872477002Z	379.213	19.41	60	14.81
463.92	kafka-001	2017-07-28T01:23:06.872783107Z	555.113	19.42	60	13.27
461.378	kafka-001	2017-07-28T01:23:13.872560471Z	381.146	19.42	60	15.57
446.004	kafka-001	2017-07-28T01:23:20.872891803Z	560.498	19.42	60	14.6
466.131	kafka-001	2017-07-28T01:23:27.872845027Z	372.508	19.42	60	13.88
466.217	kafka-001	2017-07-28T01:23:34.873284727Z	379.014	19.45	60	13.94
468.818	kafka-001	2017-07-28T01:23:41.872678646Z	555.165	19.45	60	15.0
466.101	kafka-001	2017-07-28T01:23:48.872361172Z	382.052	19.45	60	16.41
466.164	kafka-001	2017-07-28T01:23:55.872531503Z	553.94	19.46	60	17.93
463.195	kafka-001	2017-07-28T01:24:02.872573331Z	376.9	19.46	60	15.28
467.444	kafka-001	2017-07-28T01:24:09.872479054Z	384.726	19.46	60	13.55
476.799	kafka-001	2017-07-28T01:24:16.872422171Z	555.603	19.46	60	14.87
466.846	kafka-001	2017-07-28T01:24:23.872303064Z	382.521	19.47	60	17.46
478.999	kafka-001	2017-07-28T01:24:30.873022976Z	555.816	19.47	60	15.79
465.235	kafka-001	2017-07-28T01:24:37.872398035Z	379.726	19.47	60	14.17
470.722	kafka-001	2017-07-28T01:24:44.872760552Z	382.69	19.47	60	15.06
465.361	kafka-001	2017-07-28T01:24:51.872941149Z	550.603	19.48	60	14.04
461.433	kafka-001	2017-07-28T01:24:58.872323947Z	374.957	19.48	60	19.17
470.6	kafka-001	2017-07-28T01:25:05.872785979Z	550.771	19.48	60	16.69
465.149	kafka-001	2017-07-28T01:25:12.872772321Z	375.596	19.49	60	16.3
472.575	kafka-001	2017-07-28T01:25:19.872832994Z	377.712	19.49	60	17.0
470.57	kafka-001	2017-07-28T01:25:26.872626696Z	553.747	19.49	60	14.59
432.437	kafka-001	2017-07-28T01:25:33.87246963Z	354.552	19.5	55	11.99
396.58	kafka-001	2017-07-28T01:25:40.872875779Z	482.17	19.5	49	15.34
352.047	kafka-001	2017-07-28T01:25:47.872656588Z	293.713	19.5	45	10.44
362.134	kafka-001	2017-07-28T01:25:54.872877142Z	300.367	19.5	45	11.1
364.739	kafka-001	2017-07-28T01:26:01.873030285Z	425.401	19.5	45	12.03
352.278	kafka-001	2017-07-28T01:26:08.872567231Z	290.354	19.51	45	13.03
355.181	kafka-001	2017-07-28T01:26:15.873475894Z	425.1	19.51	45	14.09
346.489	kafka-001	2017-07-28T01:26:22.872414676Z	291.843	19.51	45	12.14
358.605	kafka-001	2017-07-28T01:26:29.872350883Z	292.78	19.51	45	12.23
361.434	kafka-001	2017-07-28T01:26:36.872433308Z	429.451	19.52	45	13.5
351.176	kafka-001	2017-07-28T01:26:43.872571917Z	287.299	19.52	45	12.19
346.823	kafka-001	2017-07-28T01:26:50.872660743Z	417.694	19.52	45	12.9
343.493	kafka-001	2017-07-28T01:26:57.872562545Z	289.904	19.52	45	10.06
345.091	kafka-001	2017-07-28T01:27:04.872460878Z	287.885	19.52	45	12.33
356.748	kafka-001	2017-07-28T01:27:11.872860464Z	417.312	19.52	45	10.33
356.165	kafka-001	2017-07-28T01:27:18.872564479Z	291.129	19.53	45	11.8
351.11	kafka-001	2017-07-28T01:27:25.872428167Z	419.865	19.53	45	12.16
341.677	kafka-001	2017-07-28T01:27:32.872877734Z	288.67	19.53	45	13.65
345.271	kafka-001	2017-07-28T01:27:39.872622225Z	287.11	19.53	45	11.71
357.156	kafka-001	2017-07-28T01:27:46.872420541Z	420.208	19.53	45	12.74
340.477	kafka-001	2017-07-28T01:27:53.872444326Z	287.597	19.54	45	9.87
345.958	kafka-001	2017-07-28T01:28:00.873063235Z	419.878	19.54	45	10.52
354.429	kafka-001	2017-07-28T01:28:07.872782487Z	288.941	19.54	45	12.41
349.543	kafka-001	2017-07-28T01:28:14.872785136Z	288.474	19.54	45	12.82
340.564	kafka-001	2017-07-28T01:28:21.872437859Z	411.617	19.55	45	11.18
348.051	kafka-001	2017-07-28T01:28:28.87244265Z	294.696	19.55	45	9.99
354.479	kafka-001	2017-07-28T01:28:35.872744121Z	419.633	19.55	45	10.59
347.516	kafka-001	2017-07-28T01:28:42.872753391Z	292.23	19.55	45	12.98
324.591	kafka-001	2017-07-28T01:28:49.872854876Z	282.303	19.55	38	10.05
258.928	kafka-001	2017-07-28T01:28:56.872432932Z	336.371	19.56	30	7.92
240.697	kafka-001	2017-07-28T01:29:03.872321878Z	202.377	19.56	30	7.32
241.436	kafka-001	2017-07-28T01:29:10.87269829Z	290.799	19.56	30	10.51
234.239	kafka-001	2017-07-28T01:29:17.872613405Z	203.974	19.56	30	16.95
239.859	kafka-001	2017-07-28T01:29:24.872764Z	201.295	19.56	30	6.74
251.948	kafka-001	2017-07-28T01:29:31.873087151Z	297.699	19.56	30	8.53
237.129	kafka-001	2017-07-28T01:29:38.872476544Z	207.053	19.56	30	7.9
245.63	kafka-001	2017-07-28T01:29:45.872515721Z	294.847	19.57	30	9.66
235.725	kafka-001	2017-07-28T01:29:52.872493444Z	205.665	19.57	30	6.15
238.077	kafka-001	2017-07-28T01:29:59.872567584Z	199.469	19.57	30	7.36
244.394	kafka-001	2017-07-28T01:30:06.872544702Z	297.645	19.57	30	8.48
241.583	kafka-001	2017-07-28T01:30:13.872756384Z	206.714	19.57	30	6.98
247.298	kafka-001	2017-07-28T01:30:20.872347255Z	295.753	19.57	30	9.57
230.383	kafka-001	2017-07-28T01:30:27.872349401Z	202.687	19.58	30	7.62
230.171	kafka-001	2017-07-28T01:30:34.872568203Z	196.192	19.58	30	8.95
240.196	kafka-001	2017-07-28T01:30:41.872809341Z	292.89	19.58	30	8.92
237.359	kafka-001	2017-07-28T01:30:48.872681235Z	201.065	19.58	30	9.31
239.922	kafka-001	2017-07-28T01:30:55.87254328Z	300.167	19.58	30	9.0
240.111	kafka-001	2017-07-28T01:31:02.87254884Z	203.054	19.58	30	8.49
233.079	kafka-001	2017-07-28T01:31:09.872625263Z	203.258	19.58	30	7.57
239.924	kafka-001	2017-07-28T01:31:16.872406653Z	292.942	19.59	30	8.99
240.715	kafka-001	2017-07-28T01:31:23.872931699Z	201.691	19.59	30	7.26
238.906	kafka-001	2017-07-28T01:31:30.872385749Z	288.961	19.59	30	10.16
245.621	kafka-001	2017-07-28T01:31:37.872763813Z	206.324	19.59	30	7.71
243.861	kafka-001	2017-07-28T01:31:44.872924596Z	207.258	19.59	30	10.28
241.188	kafka-001	2017-07-28T01:31:51.872298028Z	296.602	19.59	30	8.64
226.571	kafka-001	2017-07-28T01:31:58.872457495Z	196.354	19.59	26	7.26
166.47	kafka-001	2017-07-28T01:32:05.872652146Z	216.983	19.6	15	6.32
125.957	kafka-001	2017-07-28T01:32:12.872552222Z	114.485	19.59	15	4.74
129.065	kafka-001	2017-07-28T01:32:19.872445326Z	115.289	19.6	15	4.37
134.734	kafka-001	2017-07-28T01:32:26.872557231Z	168.805	19.6	15	5.68
125.541	kafka-001	2017-07-28T01:32:33.872673803Z	114.082	19.6	15	4.49
133.494	kafka-001	2017-07-28T01:32:40.872792309Z	161.312	19.6	15	5.19
126.939	kafka-001	2017-07-28T01:32:47.872694901Z	118.505	19.6	15	5.13
126.779	kafka-001	2017-07-28T01:32:54.872728928Z	114.926	19.6	15	4.37
124.084	kafka-001	2017-07-28T01:33:01.872361577Z	157.616	19.6	15	4.16
130.025	kafka-001	2017-07-28T01:33:08.872349685Z	116.193	19.6	15	5.7
125.226	kafka-001	2017-07-28T01:33:15.872372237Z	160.802	19.6	15	4.8
128.873	kafka-001	2017-07-28T01:33:22.872756805Z	115.334	19.6	15	4.21
128.519	kafka-001	2017-07-28T01:33:29.872383546Z	116.295	19.6	15	4.89
127.99	kafka-001	2017-07-28T01:33:36.872474393Z	159.764	19.6	15	4.88
122.471	kafka-001	2017-07-28T01:33:43.872547923Z	118.542	19.6	15	4.82
126.0	kafka-001	2017-07-28T01:33:50.87245698Z	158.79	19.6	15	4.89
132.003	kafka-001	2017-07-28T01:33:57.872392453Z	115.714	19.61	15	4.98
118.713	kafka-001	2017-07-28T01:34:04.873229254Z	111.254	19.61	15	4.41
128.022	kafka-001	2017-07-28T01:34:11.872526713Z	160.629	19.61	15	4.54
122.203	kafka-001	2017-07-28T01:34:18.872713476Z	111.961	19.61	15	4.79
126.472	kafka-001	2017-07-28T01:34:25.87289993Z	155.346	19.61	15	5.09
125.365	kafka-001	2017-07-28T01:34:32.872817254Z	112.802	19.61	15	4.73
129.717	kafka-001	2017-07-28T01:34:39.872733992Z	114.423	19.61	15	5.08
129.93	kafka-001	2017-07-28T01:34:46.872386923Z	160.888	19.61	15	4.87
131.471	kafka-001	2017-07-28T01:34:53.872379081Z	119.182	19.61	15	10.97
133.678	kafka-001	2017-07-28T01:35:00.872764791Z	164.731	19.61	15	6.17
116.759	kafka-001	2017-07-28T01:35:07.872669758Z	113.474	19.61	11	3.68
48.693	kafka-001	2017-07-28T01:35:14.87274305Z	69.606	19.61	1	1.37
16.124	kafka-001	2017-07-28T01:35:21.872543222Z	30.045	19.61	0	1.34
15.791	kafka-001	2017-07-28T01:35:28.872867287Z	24.698	19.61	0	1.36
15.494	kafka-001	2017-07-28T01:35:35.872573408Z	23.61	19.61	0	1.52
16.399	kafka-001	2017-07-28T01:35:42.872892879Z	25.03	19.61	0	1.68
15.191	kafka-001	2017-07-28T01:35:49.87271606Z	22.966	19.61	0	1.5
16.536	kafka-001	2017-07-28T01:35:56.872624176Z	25.198	19.61	0	1.2
15.127	kafka-001	2017-07-28T01:36:03.872426578Z	23.146	19.61	0	1.52
16.548	kafka-001	2017-07-28T01:36:10.872580992Z	25.136	19.61	0	1.62
14.873	kafka-001	2017-07-28T01:36:17.872440432Z	23.118	19.61	0	1.43
16.069	kafka-001	2017-07-28T01:36:24.8726518Z	24.964	19.61	0	1.89
15.09	kafka-001	2017-07-28T01:36:31.872270278Z	23.338	19.61	0	1.3
16.043	kafka-001	2017-07-28T01:36:38.872553393Z	24.892	19.61	0	1.33
15.752	kafka-001	2017-07-28T01:36:45.872334913Z	23.518	19.61	0	1.71
16.067	kafka-001	2017-07-28T01:36:52.872492095Z	24.85	19.61	0	1.51
15.127	kafka-001	2017-07-28T01:36:59.872634987Z	23.146	19.61	0	1.44
16.802	kafka-001	2017-07-28T01:37:06.872710014Z	25.318	19.61	0	1.53
17.859	kafka-001	2017-07-28T01:37:13.872565475Z	29.114	19.61	0	1.27
19.866	kafka-001	2017-07-28T01:37:20.872720329Z	30.86	19.61	0	1.98
17.871	kafka-001	2017-07-28T01:37:27.872388444Z	27.814	19.61	0	1.57
17.925	kafka-001	2017-07-28T01:37:34.87251157Z	27.728	19.61	0	1.62
15.564	kafka-001	2017-07-28T01:37:41.87250553Z	23.424	19.61	0	1.29
15.989	kafka-001	2017-07-28T01:37:48.872616598Z	24.764	19.61	0	1.41
15.366	kafka-001	2017-07-28T01:37:55.872471098Z	23.424	19.61	0	1.55
15.871	kafka-001	2017-07-28T01:38:02.872451839Z	24.964	19.61	0	1.44
14.837	kafka-001	2017-07-28T01:38:09.872505006Z	23.074	19.61	0	1.64
21.836	kafka-001	2017-07-28T01:38:16.872638929Z	34.266	19.61	0	1.32
39.481	kafka-001	2017-07-28T01:38:23.87285859Z	39.425	19.61	4	2.55
70.07	kafka-001	2017-07-28T01:38:30.872578547Z	79.733	19.61	8	4.43
95.603	kafka-001	2017-07-28T01:38:37.872382151Z	85.363	19.61	11	3.73
119.197	kafka-001	2017-07-28T01:38:44.872505188Z	102.027	19.62	14	5.41
143.526	kafka-001	2017-07-28T01:38:51.872388128Z	167.412	19.61	17	4.87
164.275	kafka-001	2017-07-28T01:38:58.872545358Z	138.672	19.62	20	5.93
186.664	kafka-001	2017-07-28T01:39:05.872865349Z	218.586	19.62	23	7.03
213.417	kafka-001	2017-07-28T01:39:12.872354323Z	178.192	19.62	26	7.97
227.217	kafka-001	2017-07-28T01:39:19.872367516Z	187.408	19.62	29	8.06
248.55	kafka-001	2017-07-28T01:39:26.872606907Z	288.182	19.62	31	9.52
266.581	kafka-001	2017-07-28T01:39:33.872486051Z	218.938	19.62	33	9.4
278.452	kafka-001	2017-07-28T01:39:40.872403812Z	330.897	19.63	36	9.89
297.183	kafka-001	2017-07-28T01:39:47.872389293Z	250.49	19.63	38	9.69
320.73	kafka-001	2017-07-28T01:39:54.872229236Z	258.247	19.63	40	13.46
334.615	kafka-001	2017-07-28T01:40:01.872462594Z	390.191	19.63	42	11.44
346.571	kafka-001	2017-07-28T01:40:08.872727732Z	285.079	19.63	44	13.29
364.162	kafka-001	2017-07-28T01:40:15.872440573Z	427.638	19.64	46	14.02
367.189	kafka-001	2017-07-28T01:40:22.872422877Z	301.924	19.64	47	13.2
380.178	kafka-001	2017-07-28T01:40:29.872358645Z	309.086	19.64	49	10.57
395.847	kafka-001	2017-07-28T01:40:36.872752625Z	462.571	19.64	50	13.53
400.843	kafka-001	2017-07-28T01:40:43.872794547Z	328.499	19.64	52	15.42
406.084	kafka-001	2017-07-28T01:40:50.872676844Z	485.826	19.65	54	16.23
421.479	kafka-001	2017-07-28T01:40:57.872760549Z	347.383	19.65	56	12.75
430.473	kafka-001	2017-07-28T01:41:04.872462Z	349.949	19.65	57	20.2
463.46	kafka-001	2017-07-28T01:41:11.872472418Z	529.37	19.65	59	17.11
470.237	kafka-001	2017-07-28T01:41:18.872358963Z	375.145	19.66	61	16.65
473.98	kafka-001	2017-07-28T01:41:25.87255698Z	559.668	19.66	62	14.27
489.687	kafka-001	2017-07-28T01:41:32.872497096Z	397.11	19.66	63	18.75
498.245	kafka-001	2017-07-28T01:41:39.872378394Z	396.978	19.67	65	15.95
522.068	kafka-001	2017-07-28T01:41:46.872650417Z	601.739	19.67	66	18.45
530.086	kafka-001	2017-07-28T01:41:53.872385164Z	419.3	19.67	68	16.96
539.521	kafka-001	2017-07-28T01:42:00.872414512Z	626.122	19.68	69	14.38
536.759	kafka-001	2017-07-28T01:42:07.8722852Z	431.986	19.68	70	18.11
533.175	kafka-001	2017-07-28T01:42:14.872457759Z	433.077	19.68	72	18.44
555.224	kafka-001	2017-07-28T01:42:21.872235285Z	650.13	19.69	73	14.91
573.765	kafka-001	2017-07-28T01:42:28.872648337Z	463.548	19.69	74	18.93
592.72	kafka-001	2017-07-28T01:42:35.872496693Z	688.398	19.69	76	20.73
595.589	kafka-001	2017-07-28T01:42:42.872421681Z	476.883	19.7	77	19.8
605.317	kafka-001	2017-07-28T01:42:49.872606807Z	480.022	19.7	78	17.8
620.071	kafka-001	2017-07-28T01:42:56.872561016Z	716.206	19.7	80	22.73
625.262	kafka-001	2017-07-28T01:43:03.872397957Z	495.084	19.71	81	20.88
641.278	kafka-001	2017-07-28T01:43:10.872626287Z	742.203	19.71	82	18.78
644.985	kafka-001	2017-07-28T01:43:17.872351073Z	511.635	19.72	83	19.93
648.363	kafka-001	2017-07-28T01:43:24.872534116Z	515.492	19.72	85	21.47
672.676	kafka-001	2017-07-28T01:43:31.872185006Z	774.172	19.72	86	21.13
655.569	kafka-001	2017-07-28T01:43:38.87268432Z	526.981	19.73	87	17.01
671.635	kafka-001	2017-07-28T01:43:45.872440253Z	785.062	19.73	89	18.36
674.928	kafka-001	2017-07-28T01:43:52.872767726Z	544.713	19.74	90	22.39
678.781	kafka-001	2017-07-28T01:43:59.872313217Z	546.166	19.74	90	20.57
683.674	kafka-001	2017-07-28T01:44:06.872395553Z	802.39	19.74	90	23.03
681.963	kafka-001	2017-07-28T01:44:13.872397712Z	546.247	19.75	90	17.38
685.696	kafka-001	2017-07-28T01:44:20.872678526Z	805.417	19.75	90	23.52
669.805	kafka-001	2017-07-28T01:44:27.872878642Z	544.219	19.76	90	20.39
678.789	kafka-001	2017-07-28T01:44:34.872461622Z	545.388	19.76	90	25.2
681.192	kafka-001	2017-07-28T01:44:41.872543962Z	804.441	19.77	90	19.67
679.351	kafka-001	2017-07-28T01:44:48.872572781Z	541.858	19.77	90	23.16
673.322	kafka-001	2017-07-28T01:44:55.872788912Z	800.01	19.78	90	21.76
687.911	kafka-001	2017-07-28T01:45:02.872578428Z	549.903	19.78	90	23.73
680.857	kafka-001	2017-07-28T01:45:09.872429472Z	545.834	19.79	90	19.99
680.012	kafka-001	2017-07-28T01:45:16.872605934Z	800.275	19.79	90	22.27
682.121	kafka-001	2017-07-28T01:45:23.872463103Z	551.014	19.79	90	23.76
685.522	kafka-001	2017-07-28T01:45:30.872416076Z	800.02	19.8	90	23.62
671.225	kafka-001	2017-07-28T01:45:37.872606226Z	543.782	19.8	90	20.61
684.787	kafka-001	2017-07-28T01:45:44.872963077Z	549.293	19.81	90	20.96
685.084	kafka-001	2017-07-28T01:45:51.87248226Z	802.086	19.81	90	22.88
680.214	kafka-001	2017-07-28T01:45:58.87284623Z	544.11	19.81	90	23.88
682.781	kafka-001	2017-07-28T01:46:05.872359649Z	810.453	19.82	90	20.47
687.409	kafka-001	2017-07-28T01:46:12.872363781Z	551.256	19.82	90	20.05
690.627	kafka-001	2017-07-28T01:46:19.872301774Z	554.098	19.83	90	19.56
696.332	kafka-001	2017-07-28T01:46:26.872767369Z	813.12	19.83	90	25.0
680.425	kafka-001	2017-07-28T01:46:33.872671223Z	549.274	19.83	90	19.7
695.391	kafka-001	2017-07-28T01:46:40.872330969Z	806.965	19.84	90	20.13
689.908	kafka-001	2017-07-28T01:46:47.872441783Z	554.484	19.84	90	24.7
687.531	kafka-001	2017-07-28T01:46:54.872754235Z	550.888	19.85	90	24.73
683.101	kafka-001	2017-07-28T01:47:01.872648465Z	806.669	19.85	90	19.62
682.474	kafka-001	2017-07-28T01:47:08.872595706Z	550.993	19.86	90	22.56
694.398	kafka-001	2017-07-28T01:47:15.872900857Z	803.489	19.86	90	19.14
679.721	kafka-001	2017-07-28T01:47:22.872815294Z	549.404	19.87	90	20.71
684.291	kafka-001	2017-07-28T01:47:29.872368286Z	547.846	19.87	90	25.31
688.342	kafka-001	2017-07-28T01:47:36.87261886Z	808.177	19.87	90	21.97
674.789	kafka-001	2017-07-28T01:47:43.872725743Z	542.61	19.88	90	20.74
677.412	kafka-001	2017-07-28T01:47:50.872453756Z	792.508	19.88	90	19.77
696.053	kafka-001	2017-07-28T01:47:57.872502435Z	556.138	19.89	90	21.55
691.243	kafka-001	2017-07-28T01:48:04.87268817Z	555.444	19.89	90	20.66
681.086	kafka-001	2017-07-28T01:48:11.872476119Z	808.65	19.9	90	21.16
675.473	kafka-001	2017-07-28T01:48:18.872668501Z	544.768	19.9	90	24.38
696.25	kafka-001	2017-07-28T01:48:25.872396604Z	812.824	19.91	90	25.24
696.017	kafka-001	2017-07-28T01:48:32.872359914Z	558.918	19.91	90	26.49
682.127	kafka-001	2017-07-28T01:48:39.87243458Z	553.243	19.91	90	25.29
688.088	kafka-001	2017-07-28T01:48:46.872514177Z	806.861	19.92	90	21.23
682.283	kafka-001	2017-07-28T01:48:53.87268597Z	548.352	19.92	90	25.38
677.333	kafka-001	2017-07-28T01:49:00.87241271Z	804.878	19.93	90	22.8
671.008	kafka-001	2017-07-28T01:49:07.872374271Z	544.796	19.93	90	25.09
691.053	kafka-001	2017-07-28T01:49:14.872785525Z	557.325	19.94	90	19.49
690.355	kafka-001	2017-07-28T01:49:21.872358247Z	806.155	19.94	90	24.0
693.496	kafka-001	2017-07-28T01:49:28.872682398Z	554.474	19.94	90	24.27
690.961	kafka-001	2017-07-28T01:49:35.872480038Z	811.359	19.95	90	22.98
689.192	kafka-001	2017-07-28T01:49:42.872571345Z	552.104	19.95	90	25.08
683.713	kafka-001	2017-07-28T01:49:49.87245385Z	552.563	19.96	90	26.88
692.836	kafka-001	2017-07-28T01:49:56.87246214Z	811.046	19.96	90	23.01
670.849	kafka-001	2017-07-28T01:50:03.872341857Z	546.908	19.97	90	21.24
674.31	kafka-001	2017-07-28T01:50:10.872442859Z	799.317	19.97	90	26.34
681.943	kafka-001	2017-07-28T01:50:17.872418769Z	551.01	19.97	90	21.68
684.711	kafka-001	2017-07-28T01:50:24.872360647Z	545.057	19.98	90	22.0
695.69	kafka-001	2017-07-28T01:50:31.872679171Z	808.666	19.98	90	26.28
679.503	kafka-001	2017-07-28T01:50:38.872739892Z	552.104	19.99	90	18.24
681.468	kafka-001	2017-07-28T01:50:45.872630774Z	792.47	19.99	90	25.22
679.506	kafka-001	2017-07-28T01:50:52.872574423Z	550.54	19.99	90	22.96
680.418	kafka-001	2017-07-28T01:50:59.872690736Z	544.052	20.0	90	25.49
679.821	kafka-001	2017-07-28T01:51:06.872704942Z	796.792	20.0	90	22.2
674.912	kafka-001	2017-07-28T01:51:13.872499488Z	546.696	20.01	90	23.42
687.802	kafka-001	2017-07-28T01:51:20.872884839Z	810.435	20.01	90	23.06
677.051	kafka-001	2017-07-28T01:51:27.87255086Z	542.332	20.02	90	22.8
692.744	kafka-001	2017-07-28T01:51:34.872507631Z	553.719	20.02	90	25.29
680.205	kafka-001	2017-07-28T01:51:41.872659467Z	805.195	20.02	90	24.6
668.166	kafka-001	2017-07-28T01:51:48.872341243Z	548.578	20.03	90	21.91
687.087	kafka-001	2017-07-28T01:51:55.872406883Z	802.991	20.03	90	33.42
683.461	kafka-001	2017-07-28T01:52:02.872467998Z	548.7	20.04	90	22.68
688.151	kafka-001	2017-07-28T01:52:09.872465092Z	550.683	20.04	90	26.16
687.136	kafka-001	2017-07-28T01:52:16.872683264Z	803.931	20.05	90	21.37
684.264	kafka-001	2017-07-28T01:52:23.872447218Z	548.586	20.05	90	22.14
693.796	kafka-001	2017-07-28T01:52:30.872418836Z	806.905	20.05	90	17.82
687.94	kafka-001	2017-07-28T01:52:37.872424061Z	544.461	20.06	90	21.73
679.47	kafka-001	2017-07-28T01:52:44.87250449Z	549.006	20.06	90	25.03
675.164	kafka-001	2017-07-28T01:52:51.872589248Z	793.126	20.07	90	24.3
679.234	kafka-001	2017-07-28T01:52:58.872305256Z	546.335	20.07	86	22.8
616.956	kafka-001	2017-07-28T01:53:05.872492435Z	748.445	20.07	74	22.62
525.815	kafka-001	2017-07-28T01:53:12.872632377Z	426.438	20.08	61	16.29
472.433	kafka-001	2017-07-28T01:53:19.872335133Z	383.191	20.08	60	16.16
480.934	kafka-001	2017-07-28T01:53:26.87247909Z	553.801	20.08	60	16.31
471.641	kafka-001	2017-07-28T01:53:33.87255416Z	380.178	20.08	60	13.75
483.676	kafka-001	2017-07-28T01:53:40.872483302Z	563.711	20.08	60	14.97
470.483	kafka-001	2017-07-28T01:53:47.872383555Z	379.178	20.08	60	13.4
467.329	kafka-001	2017-07-28T01:53:54.872407496Z	375.387	20.08	60	13.39
473.32	kafka-001	2017-07-28T01:54:01.872502706Z	556.186	20.09	60	18.08
469.417	kafka-001	2017-07-28T01:54:08.872481196Z	379.19	20.09	60	15.61
479.442	kafka-001	2017-07-28T01:54:15.872363771Z	554.449	20.09	60	18.02
472.377	kafka-001	2017-07-28T01:54:22.872429995Z	384.77	20.1	60	15.75
480.751	kafka-001	2017-07-28T01:54:29.872613675Z	387.923	20.1	60	19.42
477.77	kafka-001	2017-07-28T01:54:36.872374827Z	560.105	20.1	60	17.32
477.307	kafka-001	2017-07-28T01:54:43.872599642Z	383.511	20.1	60	16.66
467.508	kafka-001	2017-07-28T01:54:50.872617745Z	552.103	20.11	60	14.98
462.561	kafka-001	2017-07-28T01:54:57.872415567Z	374.748	20.11	60	15.05
469.558	kafka-001	2017-07-28T01:55:04.872675049Z	382.042	20.11	60	13.86
477.755	kafka-001	2017-07-28T01:55:11.872610154Z	560.633	20.12	60	18.32
468.163	kafka-001	2017-07-28T01:55:18.872318397Z	376.688	20.12	60	13.98
475.896	kafka-001	2017-07-28T01:55:25.872567605Z	560.944	20.12	60	17.83
476.175	kafka-001	2017-07-28T01:55:32.872533961Z	383.126	20.13	60	17.84
462.605	kafka-001	2017-07-28T01:55:39.872255596Z	376.479	20.13	60	13.91
473.016	kafka-001	2017-07-28T01:55:46.872532461Z	558.535	20.13	60	15.01
460.005	kafka-001	2017-07-28T01:55:53.87237875Z	380.391	20.13	60	15.88
458.644	kafka-001	2017-07-28T01:56:00.872384136Z	541.97	20.14	60	15.79
464.741	kafka-001	2017-07-28T01:56:07.87243439Z	382.118	20.14	60	16.24
462.769	kafka-001	2017-07-28T01:56:14.87244191Z	377.2	20.14	60	16.56
473.672	kafka-001	2017-07-28T01:56:21.872496488Z	557.753	20.15	60	14.6
463.923	kafka-001	2017-07-28T01:56:28.872346542Z	378.287	20.15	60	15.67
461.838	kafka-001	2017-07-28T01:56:35.872727865Z	543.346	20.15	60	19.78
468.353	kafka-001	2017-07-28T01:56:42.872533641Z	387.321	20.15	60	16.18
478.463	kafka-001	2017-07-28T01:56:49.872413041Z	382.367	20.16	60	17.97
470.136	kafka-001	2017-07-28T01:56:56.87267275Z	562.142	20.16	60	13.91
472.849	kafka-001	2017-07-28T01:57:03.872564098Z	382.968	20.16	60	15.03
470.486	kafka-001	2017-07-28T01:57:10.872474082Z	554.945	20.16	60	15.51
465.375	kafka-001	2017-07-28T01:57:17.872393257Z	376.172	20.17	60	16.3
470.527	kafka-001	2017-07-28T01:57:24.872668032Z	379.731	20.17	60	15.99
466.088	kafka-001	2017-07-28T01:57:31.872501565Z	547.372	20.17	60	16.98
467.036	kafka-001	2017-07-28T01:57:38.872642428Z	376.554	20.18	60	15.48
467.444	kafka-001	2017-07-28T01:57:45.872473361Z	551.057	20.18	60	13.92
468.0	kafka-001	2017-07-28T01:57:52.872789888Z	375.992	20.18	60	15.83
472.562	kafka-001	2017-07-28T01:57:59.872295717Z	379.074	20.18	60	17.23
476.843	kafka-001	2017-07-28T01:58:06.87263922Z	555.321	20.19	60	15.64
469.52	kafka-001	2017-07-28T01:58:13.872617335Z	381.292	20.19	60	17.11
436.709	kafka-001	2017-07-28T01:58:20.872548653Z	523.634	20.19	54	13.62
383.406	kafka-001	2017-07-28T01:58:27.872499409Z	320.341	20.2	47	12.53
340.19	kafka-001	2017-07-28T01:58:34.872378564Z	286.491	20.2	41	7.77
288.059	kafka-001	2017-07-28T01:58:41.872402563Z	360.409	20.2	33	8.81
248.618	kafka-001	2017-07-28T01:58:48.872650552Z	209.193	20.2	30	9.2
245.088	kafka-001	2017-07-28T01:58:55.872618161Z	288.62	20.2	30	8.5
243.491	kafka-001	2017-07-28T01:59:02.872433324Z	206.477	20.2	30	8.5
243.145	kafka-001	2017-07-28T01:59:09.872424124Z	205.219	20.21	30	9.85
248.962	kafka-001	2017-07-28T01:59:16.872496523Z	296.577	20.21	30	8.02
246.959	kafka-001	2017-07-28T01:59:23.872694468Z	207.848	20.21	30	6.94
241.41	kafka-001	2017-07-28T01:59:30.872642885Z	291.838	20.21	30	10.11
233.687	kafka-001	2017-07-28T01:59:37.872430244Z	203.645	20.21	30	9.05
234.551	kafka-001	2017-07-28T01:59:44.87267606Z	205.698	20.21	30	6.27
246.436	kafka-001	2017-07-28T01:59:51.872766074Z	292.371	20.21	30	9.13
243.713	kafka-001	2017-07-28T01:59:58.872501088Z	209.764	20.22	30	9.13
243.926	kafka-001	2017-07-28T02:00:05.872581676Z	287.856	20.22	30	7.85
252.613	kafka-001	2017-07-28T02:00:12.872288169Z	210.054	20.22	30	8.21
241.719	kafka-001	2017-07-28T02:00:19.872731505Z	206.615	20.22	30	8.27
249.12	kafka-001	2017-07-28T02:00:26.872217343Z	296.749	20.22	30	8.18
249.377	kafka-001	2017-07-28T02:00:33.872500485Z	205.783	20.22	30	8.33
246.464	kafka-001	2017-07-28T02:00:40.872725959Z	296.601	20.22	30	9.44
240.267	kafka-001	2017-07-28T02:00:47.87239009Z	199.966	20.22	30	9.46
231.981	kafka-001	2017-07-28T02:00:54.872444227Z	200.966	20.23	30	8.99
239.197	kafka-001	2017-07-28T02:01:01.872614458Z	288.259	20.23	30	6.69
238.928	kafka-001	2017-07-28T02:01:08.872446661Z	202.745	20.23	30	5.99
246.26	kafka-001	2017-07-28T02:01:15.87273794Z	290.091	20.23	30	8.17
242.651	kafka-001	2017-07-28T02:01:22.872761217Z	200.641	20.23	30	7.72
243.223	kafka-001	2017-07-28T02:01:29.872303122Z	201.763	20.23	30	8.74
247.032	kafka-001	2017-07-28T02:01:36.872841556Z	295.397	20.23	30	8.29
235.733	kafka-001	2017-07-28T02:01:43.872456205Z	203.993	20.24	30	7.92
239.482	kafka-001	2017-07-28T02:01:50.872516893Z	293.809	20.24	30	10.72
234.517	kafka-001	2017-07-28T02:01:57.872656071Z	200.391	20.24	30	8.08
236.069	kafka-001	2017-07-28T02:02:04.872777644Z	198.749	20.24	30	8.34
233.734	kafka-001	2017-07-28T02:02:11.872626444Z	285.883	20.24	30	7.64
237.851	kafka-001	2017-07-28T02:02:18.8723796Z	201.545	20.24	30	7.73
245.292	kafka-001	2017-07-28T02:02:25.872433811Z	289.035	20.25	30	9.87
234.755	kafka-001	2017-07-28T02:02:32.872856256Z	203.698	20.25	30	8.64
245.195	kafka-001	2017-07-28T02:02:39.872354714Z	200.918	20.25	30	8.05
240.376	kafka-001	2017-07-28T02:02:46.872396783Z	291.255	20.25	30	8.54
240.855	kafka-001	2017-07-28T02:02:53.872346936Z	199.48	20.25	30	27.42
240.55	kafka-001	2017-07-28T02:03:00.872336618Z	290.36	20.25	30	10.14
235.547	kafka-001	2017-07-28T02:03:07.872440758Z	201.001	20.26	30	7.72
237.885	kafka-001	2017-07-28T02:03:14.872379454Z	202.774	20.26	30	6.82
230.562	kafka-001	2017-07-28T02:03:21.872336561Z	283.403	20.26	30	7.48
236.487	kafka-001	2017-07-28T02:03:28.872741698Z	200.436	20.26	30	9.02
250.477	kafka-001	2017-07-28T02:03:35.872868246Z	293.78	20.26	30	8.79
242.104	kafka-001	2017-07-28T02:03:42.872420916Z	203.045	20.26	30	8.25
216.867	kafka-001	2017-07-28T02:03:49.872413209Z	193.498	20.26	21	6.05
128.422	kafka-001	2017-07-28T02:03:56.872862655Z	190.142	20.26	8	3.21
31.887	kafka-001	2017-07-28T02:04:03.872597931Z	46.987	20.26	0	1.36
15.618	kafka-001	2017-07-28T02:04:10.872607197Z	25.07	20.26	0	1.47
17.607	kafka-001	2017-07-28T02:04:17.872637158Z	26.082	20.26	0	1.47
17.727	kafka-001	2017-07-28T02:04:24.872847043Z	27.728	20.26	0	1.51
20.592	kafka-001	2017-07-28T02:04:31.872313282Z	30.926	20.26	0	1.21
15.803	kafka-001	2017-07-28T02:04:38.872808308Z	24.85	20.26	0	1.15
15.222	kafka-001	2017-07-28T02:04:45.872834671Z	23.338	20.26	0	1.86
15.061	kafka-001	2017-07-28T02:04:52.872889247Z	23.212	20.26	0	1.31
15.869	kafka-001	2017-07-28T02:04:59.872557583Z	24.85	20.26	0	1.69
15.606	kafka-001	2017-07-28T02:05:06.872629231Z	23.466	20.26	0	1.12
16.267	kafka-001	2017-07-28T02:05:13.87241423Z	24.964	20.26	0	1.45
15.354	kafka-001	2017-07-28T02:05:20.872843035Z	23.272	20.26	0	1.4
16.133	kafka-001	2017-07-28T02:05:27.872421414Z	24.85	20.26	0	1.51
14.971	kafka-001	2017-07-28T02:05:34.872526284Z	23.254	20.26	0	1.56
15.75	kafka-001	2017-07-28T02:05:41.872694896Z	23.338	20.26	0	1.07
16.067	kafka-001	2017-07-28T02:05:48.872633638Z	24.784	20.26	0	1.22
