----------------------------------------------------------------
6.107	simsensor_2000_4	2017-07-27T16:57:12.914145448Z	2.775	0.0	8	0.04
3.799	simsensor_2000_3	2017-07-27T16:57:14.914189285Z	1.447	0.0	9	0.05
2.876	simsensor_2000_2	2017-07-27T16:57:16.914328248Z	0.96	0.0	11	0.04
3.069	simsensor_2000_1	2017-07-27T16:57:18.914237363Z	1.335	0.0	12	0.05
0.0	simsensor_2000_15	2017-07-27T16:57:25.914069099Z	0.0	0.0	15	0.03
3.004	simsensor_2000_14	2017-07-27T16:57:27.914140992Z	1.764	0.0	15	0.02
3.646	simsensor_2000_13	2017-07-27T16:57:29.914216536Z	1.54	0.0	15	0.05
2.752	simsensor_2000_12	2017-07-27T16:57:31.914790342Z	1.338	0.0	15	0.03
3.416	simsensor_2000_11	2017-07-27T16:57:33.914354074Z	1.784	0.0	15	0.05
2.822	simsensor_2000_10	2017-07-27T16:57:35.914304715Z	1.338	0.0	15	0.04
2.678	simsensor_2000_9	2017-07-27T16:57:37.91435723Z	1.314	0.0	15	0.03
2.585	simsensor_2000_8	2017-07-27T16:57:39.91439446Z	1.335	0.0	15	0.04
2.703	simsensor_2000_7	2017-07-27T16:57:41.914380814Z	1.335	0.0	15	0.06
2.539	simsensor_2000_6	2017-07-27T16:57:43.914581458Z	1.335	0.0	15	0.05
2.449	simsensor_2000_5	2017-07-27T16:57:45.914374666Z	1.335	0.0	15	0.03
2.671	simsensor_2000_4	2017-07-27T16:57:47.914486Z	1.377	0.0	15	0.03
2.789	simsensor_2000_3	2017-07-27T16:57:49.914351033Z	1.335	0.0	15	0.03
2.367	simsensor_2000_2	2017-07-27T16:57:51.914839465Z	1.335	0.0	15	0.05
1.458	simsensor_2000_1	2017-07-27T16:57:53.914237341Z	0.89	0.0	15	0.04
0.0	simsensor_2000_15	2017-07-27T16:58:00.914392139Z	0.0	0.0	15	0.05
3.318	simsensor_2000_14	2017-07-27T16:58:02.914116438Z	1.826	0.0	15	0.05
2.982	simsensor_2000_13	2017-07-27T16:58:04.914464348Z	1.338	0.0	15	0.06
3.346	simsensor_2000_12	2017-07-27T16:58:06.914598109Z	1.784	0.0	15	0.05
2.814	simsensor_2000_11	2017-07-27T16:58:08.914467693Z	1.338	0.0	15	0.07
2.69	simsensor_2000_10	2017-07-27T16:58:10.915155273Z	1.338	0.0	15	0.03
2.644	simsensor_2000_9	2017-07-27T16:58:12.914385564Z	1.28	0.0	15	0.04
2.585	simsensor_2000_8	2017-07-27T16:58:14.914419142Z	1.335	0.0	15	0.03
3.366	simsensor_2000_7	2017-07-27T16:58:16.914809426Z	1.78	0.0	15	0.05
1.876	simsensor_2000_6	2017-07-27T16:58:18.914418901Z	0.89	0.0	15	0.01
2.449	simsensor_2000_5	2017-07-27T16:58:20.914383557Z	1.335	0.0	15	0.03
2.629	simsensor_2000_4	2017-07-27T16:58:22.918764Z	1.335	0.0	15	0.02
3.452	simsensor_2000_3	2017-07-27T16:58:25.914186837Z	1.78	0.0	15	0.05
1.77	simsensor_2000_2	2017-07-27T16:58:27.914428425Z	0.89	0.0	15	0.03
2.055	simsensor_2000_1	2017-07-27T16:58:29.914816806Z	1.335	0.0	15	0.06
0.0	simsensor_2000_15	2017-07-27T16:58:36.914353058Z	0.0	0.0	15	0.03
3.21	simsensor_2000_14	2017-07-27T16:58:38.914381796Z	1.784	0.0	15	0.03
3.048	simsensor_2000_13	2017-07-27T16:58:40.91458239Z	1.338	0.0	15	0.06
3.28	simsensor_2000_12	2017-07-27T16:58:42.914160899Z	1.784	0.0	15	0.06
2.88	simsensor_2000_11	2017-07-27T16:58:44.914694179Z	1.338	0.0	15	0.05
2.732	simsensor_2000_10	2017-07-27T16:58:46.914438388Z	1.38	0.0	15	0.06
2.609	simsensor_2000_9	2017-07-27T16:58:48.914320174Z	1.245	0.0	15	0.06
3.182	simsensor_2000_8	2017-07-27T16:58:50.91426776Z	1.78	0.0	15	0.05
2.246	simsensor_2000_7	2017-07-27T16:58:52.914349626Z	1.203	0.0	15	0.05
2.465	simsensor_2000_6	2017-07-27T16:58:54.914389079Z	1.022	0.0	15	0.03
2.317	simsensor_2000_5	2017-07-27T16:58:56.914434476Z	1.335	0.0	15	0.03
2.629	simsensor_2000_4	2017-07-27T16:58:58.914385675Z	1.335	0.0	15	0.04
2.789	simsensor_2000_3	2017-07-27T16:59:00.914430204Z	1.335	0.0	15	0.04
1.836	simsensor_2000_2	2017-07-27T16:59:02.914211109Z	0.89	0.0	15	0.04
2.121	simsensor_2000_1	2017-07-27T16:59:04.914481389Z	1.335	0.0	15	0.06
0.0	simsensor_2000_15	2017-07-27T16:59:11.914348761Z	0.0	0.0	15	0.05
2.946	simsensor_2000_14	2017-07-27T16:59:13.91437095Z	1.784	0.0	15	0.03
3.114	simsensor_2000_13	2017-07-27T16:59:15.914296343Z	1.338	0.0	15	0.03
3.346	simsensor_2000_12	2017-07-27T16:59:17.914338783Z	1.784	0.0	15	0.03
2.748	simsensor_2000_11	2017-07-27T16:59:19.914442665Z	1.338	0.0	15	0.04
2.756	simsensor_2000_10	2017-07-27T16:59:21.914719636Z	1.338	0.0	15	0.07
2.443	simsensor_2000_9	2017-07-27T16:59:23.91425133Z	1.211	0.0	15	0.04
2.519	simsensor_2000_8	2017-07-27T16:59:25.914599091Z	1.335	0.0	15	0.05
2.769	simsensor_2000_7	2017-07-27T16:59:27.914740188Z	1.335	0.0	15	0.07
2.845	simsensor_2000_6	2017-07-27T16:59:29.914345537Z	1.377	0.0	15	0.07
2.119	simsensor_2000_5	2017-07-27T16:59:31.914794034Z	1.335	0.0	15	0.05
2.629	simsensor_2000_4	2017-07-27T16:59:33.914569705Z	1.335	0.0	15	0.04
2.855	simsensor_2000_3	2017-07-27T16:59:35.914341113Z	1.335	0.0	15	0.06
2.1	simsensor_2000_2	2017-07-27T16:59:37.914619866Z	0.89	0.0	15	0.05
1.791	simsensor_2000_1	2017-07-27T16:59:39.914638483Z	1.335	0.0	15	0.06
0.0	simsensor_2000_15	2017-07-27T16:59:46.914620497Z	0.0	0.0	15	0.03
3.012	simsensor_2000_14	2017-07-27T16:59:48.914308569Z	1.784	0.0	15	0.03
3.312	simsensor_2000_13	2017-07-27T16:59:50.914346412Z	1.338	0.0	15	0.05
3.082	simsensor_2000_12	2017-07-27T16:59:52.914720037Z	1.784	0.0	15	0.05
2.748	simsensor_2000_11	2017-07-27T16:59:54.914375255Z	1.338	0.0	15	0.04
2.822	simsensor_2000_10	2017-07-27T16:59:56.914472764Z	1.338	0.0	15	0.06
2.343	simsensor_2000_9	2017-07-27T16:59:58.914719478Z	1.177	0.0	15	0.05
2.453	simsensor_2000_8	2017-07-27T17:00:00.91483292Z	1.335	0.0	15	0.05
2.901	simsensor_2000_7	2017-07-27T17:00:02.914291058Z	1.335	0.0	15	0.02
2.803	simsensor_2000_6	2017-07-27T17:00:04.914747087Z	1.335	0.0	15	0.05
2.119	simsensor_2000_5	2017-07-27T17:00:06.91425023Z	1.335	0.0	15	0.03
2.497	simsensor_2000_4	2017-07-27T17:00:08.914357061Z	1.335	0.0	15	0.05
2.921	simsensor_2000_3	2017-07-27T17:00:10.914310753Z	1.335	0.0	15	0.03
2.298	simsensor_2000_2	2017-07-27T17:00:12.91426598Z	0.89	0.0	15	0.02
1.635	simsensor_2000_1	2017-07-27T17:00:14.918351227Z	1.377	0.0	15	0.04
0.0	simsensor_2000_15	2017-07-27T17:00:21.914247663Z	0.0	0.0	15	0.04
3.246	simsensor_2000_14	2017-07-27T17:00:23.914195042Z	1.784	0.0	15	0.03
3.784	simsensor_2000_13	2017-07-27T17:00:25.914549237Z	1.338	0.0	17	0.04
3.154	simsensor_2000_12	2017-07-27T17:00:27.914109724Z	1.38	0.0	18	0.03
3.442	simsensor_2000_11	2017-07-27T17:00:29.914232718Z	1.652	0.0	19	0.01
4.216	simsensor_2000_10	2017-07-27T17:00:31.914584312Z	1.47	0.0	20	0.04
3.155	simsensor_2000_9	2017-07-27T17:00:33.914193126Z	1.143	0.0	21	0.03
3.189	simsensor_2000_8	2017-07-27T17:00:35.914390195Z	1.335	0.0	22	0.03
3.501	simsensor_2000_7	2017-07-27T17:00:37.914230217Z	1.335	0.0	23	0.03
3.653	simsensor_2000_6	2017-07-27T17:00:39.914673759Z	1.335	0.0	24	0.05
2.875	simsensor_2000_5	2017-07-27T17:00:41.914290265Z	1.335	0.0	25	0.07
2.989	simsensor_2000_4	2017-07-27T17:00:43.914217884Z	1.335	0.0	26	0.03
3.587	simsensor_2000_3	2017-07-27T17:00:45.914246424Z	1.335	0.0	27	0.03
2.988	simsensor_2000_2	2017-07-27T17:00:47.914168926Z	0.89	0.0	28	0.03
2.283	simsensor_2000_1	2017-07-27T17:00:49.914444452Z	1.335	0.0	29	0.03
0.0	simsensor_2001_12	2017-07-27T17:00:56.914449968Z	0.0	0.0	30	0.03
3.506	simsensor_2001_11	2017-07-27T17:00:58.914302232Z	1.854	0.0	30	0.04
3.326	simsensor_2001_10	2017-07-27T17:01:00.914853249Z	1.784	0.0	30	0.07
3.327	simsensor_2001_9	2017-07-27T17:01:02.914264898Z	1.765	0.0	30	0.03
3.502	simsensor_2001_8	2017-07-27T17:01:04.914183333Z	1.78	0.0	30	0.05
3.412	simsensor_2001_7	2017-07-27T17:01:06.914389559Z	1.78	0.0	30	0.03
3.272	simsensor_2001_6	2017-07-27T17:01:08.914229445Z	1.78	0.0	30	0.04
3.502	simsensor_2001_5	2017-07-27T17:01:10.914141573Z	1.78	0.0	30	0.04
3.252	simsensor_2001_4	2017-07-27T17:01:12.91421305Z	1.78	0.0	30	0.04
3.182	simsensor_2001_3	2017-07-27T17:01:14.914057798Z	1.78	0.0	30	0.04
2.929	simsensor_2001_2	2017-07-27T17:01:16.914838981Z	1.335	0.0	30	0.05
3.022	simsensor_2001_1	2017-07-27T17:01:18.914437665Z	1.78	0.0	30	0.04
2.178	simsensor_2000_18	2017-07-27T17:01:20.914173496Z	0.942	0.0	30	0.03
3.088	simsensor_2000_17	2017-07-27T17:01:22.91415172Z	1.826	0.0	30	0.03
2.584	simsensor_2000_16	2017-07-27T17:01:24.914219613Z	1.338	0.0	30	0.03
121.036	simsensor_2000_15	2017-07-27T17:01:26.91433653Z	80.002	0.0	30	0.03
2.414	simsensor_2000_14	2017-07-27T17:01:28.914419616Z	1.338	0.0	30	0.04
3.778	simsensor_2000_13	2017-07-27T17:01:30.914278966Z	1.784	0.0	30	0.02
3.148	simsensor_2000_12	2017-07-27T17:01:32.914219726Z	1.784	0.0	30	0.03
2.748	simsensor_2000_11	2017-07-27T17:01:34.914192968Z	1.338	0.0	30	0.04
2.756	simsensor_2000_10	2017-07-27T17:01:36.91424332Z	1.338	0.0	30	0.04
3.041	simsensor_2000_9	2017-07-27T17:01:38.914279604Z	1.525	0.0	30	0.03
1.922	simsensor_2000_8	2017-07-27T17:01:40.914417402Z	0.89	0.0	30	0.05
3.432	simsensor_2000_7	2017-07-27T17:01:42.914143093Z	1.78	0.0	30	0.04
2.671	simsensor_2000_6	2017-07-27T17:01:44.914229308Z	1.335	0.0	30	0.03
1.72	simsensor_2000_5	2017-07-27T17:01:46.914178452Z	0.89	0.0	30	0.01
2.431	simsensor_2000_4	2017-07-27T17:01:48.914296247Z	1.335	0.0	30	0.02
2.789	simsensor_2000_3	2017-07-27T17:01:50.914181862Z	1.335	0.0	30	0.05
2.364	simsensor_2000_2	2017-07-27T17:01:52.914328714Z	0.89	0.0	30	0.04
1.569	simsensor_2000_1	2017-07-27T17:01:54.914320037Z	1.377	0.0	30	0.05
0.0	simsensor_2001_12	2017-07-27T17:02:01.914460735Z	0.0	0.0	30	0.05
3.436	simsensor_2001_11	2017-07-27T17:02:03.914216888Z	1.784	0.0	30	0.03
3.256	simsensor_2001_10	2017-07-27T17:02:05.914349057Z	1.784	0.0	30	0.04
3.263	simsensor_2001_9	2017-07-27T17:02:07.914377925Z	1.701	0.0	30	0.03
4.165	simsensor_2001_8	2017-07-27T17:02:09.914271316Z	2.225	0.0	30	0.03
3.412	simsensor_2001_7	2017-07-27T17:02:11.914307532Z	1.78	0.0	30	0.04
3.272	simsensor_2001_6	2017-07-27T17:02:13.914170958Z	1.78	0.0	30	0.04
2.839	simsensor_2001_5	2017-07-27T17:02:15.914274698Z	1.335	0.0	30	0.04
3.252	simsensor_2001_4	2017-07-27T17:02:17.914598814Z	1.78	0.0	30	0.04
3.224	simsensor_2001_3	2017-07-27T17:02:19.914819938Z	1.822	0.0	30	0.04
3.592	simsensor_2001_2	2017-07-27T17:02:21.914684838Z	1.78	0.0	30	0.03
2.359	simsensor_2001_1	2017-07-27T17:02:23.914665118Z	1.335	0.0	30	0.06
2.308	simsensor_2000_18	2017-07-27T17:02:25.914360039Z	1.006	0.0	30	0.05
2.98	simsensor_2000_17	2017-07-27T17:02:27.914561177Z	1.784	0.0	30	0.05
1.92	simsensor_2000_16	2017-07-27T17:02:29.914501207Z	0.966	0.0	30	0.06
121.102	simsensor_2000_15	2017-07-27T17:02:31.914590578Z	79.928	0.0	30	0.02
3.012	simsensor_2000_14	2017-07-27T17:02:33.914558968Z	1.784	0.0	30	0.05
3.114	simsensor_2000_13	2017-07-27T17:02:35.914751677Z	1.338	0.0	30	0.05
3.148	simsensor_2000_12	2017-07-27T17:02:37.914483442Z	1.784	0.0	30	0.03
2.88	simsensor_2000_11	2017-07-27T17:02:39.914911822Z	1.338	0.0	30	0.05
2.69	simsensor_2000_10	2017-07-27T17:02:41.914478874Z	1.338	0.0	30	0.08
2.912	simsensor_2000_9	2017-07-27T17:02:43.91486358Z	1.462	0.0	30	0.06
2.585	simsensor_2000_8	2017-07-27T17:02:45.914775358Z	1.335	0.0	30	0.05
2.811	simsensor_2000_7	2017-07-27T17:02:47.914344001Z	1.377	0.0	30	0.02
2.803	simsensor_2000_6	2017-07-27T17:02:49.914277161Z	1.335	0.0	30	0.04
2.515	simsensor_2000_5	2017-07-27T17:02:51.914336453Z	1.335	0.0	30	0.04
2.167	simsensor_2000_4	2017-07-27T17:02:53.914322526Z	1.335	0.0	30	0.03
2.789	simsensor_2000_3	2017-07-27T17:02:55.914127257Z	1.335	0.0	30	0.03
2.43	simsensor_2000_2	2017-07-27T17:02:57.914274856Z	0.89	0.0	30	0.05
1.461	simsensor_2000_1	2017-07-27T17:02:59.91445206Z	1.335	0.0	30	0.02
0.0	simsensor_2001_12	2017-07-27T17:03:06.914412323Z	0.0	0.0	30	0.05
2.904	simsensor_2001_11	2017-07-27T17:03:08.91404989Z	1.338	0.0	30	0.01
3.19	simsensor_2001_10	2017-07-27T17:03:10.914312712Z	1.784	0.0	30	0.03
3.199	simsensor_2001_9	2017-07-27T17:03:12.914676309Z	1.637	0.0	30	0.01
4.165	simsensor_2001_8	2017-07-27T17:03:14.914260175Z	2.225	0.0	30	0.03
3.454	simsensor_2001_7	2017-07-27T17:03:16.914130632Z	1.822	0.0	30	0.05
3.272	simsensor_2001_6	2017-07-27T17:03:18.914324579Z	1.78	0.0	30	0.03
3.502	simsensor_2001_5	2017-07-27T17:03:20.91475205Z	1.78	0.0	30	0.07
2.589	simsensor_2001_4	2017-07-27T17:03:22.914283152Z	1.335	0.0	30	0.03
3.182	simsensor_2001_3	2017-07-27T17:03:24.914539748Z	1.78	0.0	30	0.03
3.592	simsensor_2001_2	2017-07-27T17:03:26.914568335Z	1.78	0.0	30	0.06
2.359	simsensor_2001_1	2017-07-27T17:03:28.914238543Z	1.335	0.0	30	0.04
2.438	simsensor_2000_18	2017-07-27T17:03:30.914187467Z	1.07	0.0	30	0.03
2.914	simsensor_2000_17	2017-07-27T17:03:32.914408295Z	1.784	0.0	30	0.04
2.052	simsensor_2000_16	2017-07-27T17:03:34.914680363Z	0.966	0.0	30	0.04
120.97	simsensor_2000_15	2017-07-27T17:03:36.914440125Z	79.928	0.0	30	0.04
2.414	simsensor_2000_14	2017-07-27T17:03:38.91430188Z	1.412	0.0	30	0.0
3.712	simsensor_2000_13	2017-07-27T17:03:40.914416259Z	1.71	0.0	30	0.03
2.79	simsensor_2000_12	2017-07-27T17:03:42.913917091Z	1.38	0.0	30	0.03
3.28	simsensor_2000_11	2017-07-27T17:03:44.914440767Z	1.784	0.0	30	0.04
2.69	simsensor_2000_10	2017-07-27T17:03:46.91436648Z	1.338	0.0	30	0.03
2.848	simsensor_2000_9	2017-07-27T17:03:48.914630157Z	1.398	0.0	30	0.06
2.186	simsensor_2000_8	2017-07-27T17:03:50.914578847Z	0.89	0.0	30	0.06
2.571	simsensor_2000_7	2017-07-27T17:03:52.914227684Z	1.335	0.0	30	0.04
4.613	simsensor_2000_6	2017-07-27T17:03:55.915121893Z	2.225	0.0	31	0.03
2.815	simsensor_2000_5	2017-07-27T17:03:57.9141467Z	1.335	0.0	32	0.03
2.022	simsensor_2000_4	2017-07-27T17:03:59.914304893Z	0.89	0.0	32	0.05
3.273	simsensor_2000_3	2017-07-27T17:04:01.914181881Z	1.335	0.0	33	0.03
3.651	simsensor_2000_2	2017-07-27T17:04:03.914183425Z	1.335	0.0	34	0.03
1.753	simsensor_2000_1	2017-07-27T17:04:05.914479359Z	1.335	0.0	35	0.03
0.0	simsensor_2002_1	2017-07-27T17:04:13.914089838Z	0.0	0.0	37	0.04
4.565	simsensor_2001_18	2017-07-27T17:04:15.914106936Z	2.345	0.0	38	0.04
4.33	simsensor_2001_17	2017-07-27T17:04:17.918439596Z	2.3	0.0	38	0.02
4.61	simsensor_2001_16	2017-07-27T17:04:19.914178052Z	2.23	0.0	39	0.03
3.646	simsensor_2001_15	2017-07-27T17:04:21.914164986Z	1.784	0.0	39	0.04
4.35	simsensor_2001_14	2017-07-27T17:04:23.914321323Z	2.23	0.0	40	0.03
5.224	simsensor_2001_13	2017-07-27T17:04:26.914351461Z	2.676	0.0	41	0.03
123.16	simsensor_2001_12	2017-07-27T17:04:28.914317998Z	81.786	0.0	42	0.06
3.892	simsensor_2001_11	2017-07-27T17:04:30.914260589Z	1.784	0.0	42	0.05
4.544	simsensor_2001_10	2017-07-27T17:04:33.91434397Z	2.23	0.0	43	0.03
3.417	simsensor_2001_9	2017-07-27T17:04:35.914300762Z	1.555	0.0	44	0.03
3.892	simsensor_2001_8	2017-07-27T17:04:37.914210787Z	1.78	0.0	44	0.03
5.494	simsensor_2001_7	2017-07-27T17:04:40.91468305Z	2.67	0.0	45	0.05
2.609	simsensor_2001_6	2017-07-27T17:04:42.914276503Z	1.335	0.0	45	0.03
3.642	simsensor_2001_5	2017-07-27T17:04:44.914432405Z	1.78	0.0	45	0.05
3.186	simsensor_2001_4	2017-07-27T17:04:46.914450362Z	1.78	0.0	45	0.08
3.36	simsensor_2001_3	2017-07-27T17:04:48.914147497Z	1.822	0.0	45	0.03
2.863	simsensor_2001_2	2017-07-27T17:04:50.914134959Z	1.335	0.0	45	0.05
3.088	simsensor_2001_1	2017-07-27T17:04:52.914661597Z	1.78	0.0	45	0.03
1.259	simsensor_2000_18	2017-07-27T17:04:54.914348313Z	0.261	0.0	45	0.03
3.446	simsensor_2000_17	2017-07-27T17:04:56.914282383Z	2.23	0.0	45	0.03
2.118	simsensor_2000_16	2017-07-27T17:04:58.914306735Z	0.966	0.0	45	0.03
121.102	simsensor_2000_15	2017-07-27T17:05:00.914332694Z	79.928	0.0	45	0.02
3.078	simsensor_2000_14	2017-07-27T17:05:02.914168421Z	1.784	0.0	45	0.04
2.85	simsensor_2000_13	2017-07-27T17:05:04.914196303Z	1.338	0.0	45	0.03
3.412	simsensor_2000_12	2017-07-27T17:05:06.914149764Z	1.784	0.0	45	0.03
2.748	simsensor_2000_11	2017-07-27T17:05:08.914221874Z	1.338	0.0	45	0.04
2.69	simsensor_2000_10	2017-07-27T17:05:10.914210954Z	1.412	0.0	45	0.03
2.7	simsensor_2000_9	2017-07-27T17:05:12.914234056Z	1.242	0.0	45	0.04
2.186	simsensor_2000_8	2017-07-27T17:05:14.914218083Z	0.89	0.0	45	0.03
2.547	simsensor_2000_7	2017-07-27T17:05:16.914182015Z	1.377	0.0	45	0.03
3.133	simsensor_2000_6	2017-07-27T17:05:18.914210781Z	1.335	0.0	45	0.03
2.317	simsensor_2000_5	2017-07-27T17:05:20.914203284Z	1.335	0.0	45	0.05
2.101	simsensor_2000_4	2017-07-27T17:05:22.914197965Z	1.335	0.0	45	0.04
2.39	simsensor_2000_3	2017-07-27T17:05:24.9142741Z	0.964	0.0	45	0.04
2.829	simsensor_2000_2	2017-07-27T17:05:26.914310931Z	1.261	0.0	45	0.04
1.329	simsensor_2000_1	2017-07-27T17:05:28.914226244Z	1.335	0.0	45	0.04
0.0	simsensor_2002_9	2017-07-27T17:05:36.914185333Z	0.0	0.0	45	0.03
4.668	simsensor_2002_8	2017-07-27T17:05:38.91439357Z	2.67	0.0	45	0.03
4.005	simsensor_2002_7	2017-07-27T17:05:40.914346208Z	2.225	0.0	45	0.04
4.668	simsensor_2002_6	2017-07-27T17:05:42.914188449Z	2.67	0.0	45	0.04
4.075	simsensor_2002_5	2017-07-27T17:05:44.914882817Z	2.225	0.0	45	0.03
3.935	simsensor_2002_4	2017-07-27T17:05:46.914253454Z	2.225	0.0	45	0.04
4.075	simsensor_2002_3	2017-07-27T17:05:48.914127744Z	2.225	0.0	45	0.04
4.005	simsensor_2002_2	2017-07-27T17:05:50.914228668Z	2.225	0.0	45	0.02
3.935	simsensor_2002_1	2017-07-27T17:05:52.914258287Z	2.225	0.0	45	0.04
4.222	simsensor_2001_18	2017-07-27T17:05:54.914129386Z	2.372	0.0	45	0.04
3.412	simsensor_2001_17	2017-07-27T17:05:56.914110888Z	1.784	0.0	45	0.04
4.81	simsensor_2001_16	2017-07-27T17:05:58.914264994Z	2.676	0.0	45	0.03
3.14	simsensor_2001_15	2017-07-27T17:06:00.91420647Z	1.784	0.0	45	0.03
3.874	simsensor_2001_14	2017-07-27T17:06:02.914091239Z	2.23	0.0	45	0.05
3.936	simsensor_2001_13	2017-07-27T17:06:04.914244305Z	2.23	0.0	45	0.05
122.724	simsensor_2001_12	2017-07-27T17:06:06.914238853Z	81.786	0.0	45	0.04
3.502	simsensor_2001_11	2017-07-27T17:06:08.914361123Z	1.784	0.0	45	0.04
3.19	simsensor_2001_10	2017-07-27T17:06:10.914480969Z	1.784	0.0	45	0.04
3.088	simsensor_2001_9	2017-07-27T17:06:12.914165879Z	1.46	0.0	45	0.05
4.099	simsensor_2001_8	2017-07-27T17:06:14.914214785Z	2.225	0.0	45	0.03
3.742	simsensor_2001_7	2017-07-27T17:06:16.914256203Z	1.78	0.0	45	0.03
2.345	simsensor_2001_6	2017-07-27T17:06:18.914175885Z	1.335	0.0	45	0.02
3.502	simsensor_2001_5	2017-07-27T17:06:20.914128Z	1.78	0.0	45	0.03
3.186	simsensor_2001_4	2017-07-27T17:06:22.914113465Z	1.78	0.0	45	0.09
3.356	simsensor_2001_3	2017-07-27T17:06:24.914328746Z	1.822	0.0	45	0.03
2.797	simsensor_2001_2	2017-07-27T17:06:26.914243992Z	1.335	0.0	45	0.07
2.491	simsensor_2001_1	2017-07-27T17:06:28.914214793Z	1.335	0.0	45	0.01
1.95	simsensor_2000_18	2017-07-27T17:06:30.914266982Z	0.8	0.0	45	0.04
3.046	simsensor_2000_17	2017-07-27T17:06:32.91467718Z	1.784	0.0	45	0.03
2.052	simsensor_2000_16	2017-07-27T17:06:34.914126625Z	0.966	0.0	45	0.03
121.634	simsensor_2000_15	2017-07-27T17:06:36.914126685Z	80.374	0.0	45	0.03
2.414	simsensor_2000_14	2017-07-27T17:06:38.914247731Z	1.338	0.0	45	0.04
3.514	simsensor_2000_13	2017-07-27T17:06:40.914776259Z	1.784	0.0	45	0.04
2.748	simsensor_2000_12	2017-07-27T17:06:42.914340496Z	1.338	0.0	45	0.06
3.346	simsensor_2000_11	2017-07-27T17:06:44.914536727Z	1.784	0.0	45	0.03
2.092	simsensor_2000_10	2017-07-27T17:06:46.9146598Z	0.966	0.0	45	0.05
2.541	simsensor_2000_9	2017-07-27T17:06:48.91408476Z	1.149	0.0	45	0.03
3.047	simsensor_2000_8	2017-07-27T17:06:50.914258958Z	1.335	0.0	45	0.04
2.373	simsensor_2000_7	2017-07-27T17:06:52.914193949Z	1.335	0.0	45	0.02
3.175	simsensor_2000_6	2017-07-27T17:06:54.91458131Z	1.377	0.0	45	0.03
2.251	simsensor_2000_5	2017-07-27T17:06:56.914122969Z	1.335	0.0	45	0.02
1.702	simsensor_2000_4	2017-07-27T17:06:58.914130205Z	0.89	0.0	45	0.03
2.789	simsensor_2000_3	2017-07-27T17:07:00.914235983Z	1.409	0.0	45	0.03
3.159	simsensor_2000_2	2017-07-27T17:07:02.914143595Z	1.261	0.0	45	0.03
1.197	simsensor_2000_1	2017-07-27T17:07:04.914611132Z	1.335	0.0	45	0.03
0.0	simsensor_2002_9	2017-07-27T17:07:12.914216112Z	0.0	0.0	45	0.03
4.668	simsensor_2002_8	2017-07-27T17:07:14.914275429Z	2.67	0.0	45	0.03
4.005	simsensor_2002_7	2017-07-27T17:07:16.914230054Z	2.225	0.0	45	0.05
4.668	simsensor_2002_6	2017-07-27T17:07:18.914255842Z	2.67	0.0	45	0.04
4.075	simsensor_2002_5	2017-07-27T17:07:20.914044078Z	2.225	0.0	45	0.05
3.935	simsensor_2002_4	2017-07-27T17:07:22.914097471Z	2.225	0.0	45	0.03
4.075	simsensor_2002_3	2017-07-27T17:07:24.914630409Z	2.225	0.0	45	0.05
4.005	simsensor_2002_2	2017-07-27T17:07:26.914394952Z	2.225	0.0	45	0.07
3.935	simsensor_2002_1	2017-07-27T17:07:28.914367896Z	2.225	0.0	45	0.06
4.049	simsensor_2001_18	2017-07-27T17:07:30.914239738Z	2.021	0.0	45	0.04
3.288	simsensor_2001_17	2017-07-27T17:07:32.91418395Z	2.098	0.0	45	0.02
4.67	simsensor_2001_16	2017-07-27T17:07:34.914447405Z	2.362	0.0	45	0.03
3.008	simsensor_2001_15	2017-07-27T17:07:36.914210967Z	1.784	0.0	45	0.02
3.342	simsensor_2001_14	2017-07-27T17:07:38.914387908Z	1.784	0.0	45	0.04
4.534	simsensor_2001_13	2017-07-27T17:07:40.91422916Z	2.676	0.0	45	0.05
122.958	simsensor_2001_12	2017-07-27T17:07:42.914205045Z	81.786	0.0	46	0.05
3.95	simsensor_2001_11	2017-07-27T17:07:44.921760481Z	1.784	0.0	46	0.05
4.45	simsensor_2001_10	2017-07-27T17:07:47.914065853Z	2.23	0.0	47	0.06
3.119	simsensor_2001_9	2017-07-27T17:07:49.914057355Z	1.365	0.0	47	0.04
4.09	simsensor_2001_8	2017-07-27T17:07:51.913989998Z	1.78	0.0	48	0.05
3.676	simsensor_2001_7	2017-07-27T17:07:53.913981717Z	1.78	0.0	48	0.04
3.764	simsensor_2001_6	2017-07-27T17:07:55.914145737Z	1.78	0.0	49	0.05
3.436	simsensor_2001_5	2017-07-27T17:07:57.914197882Z	1.78	0.0	49	0.03
4.407	simsensor_2001_4	2017-07-27T17:08:00.914663868Z	2.225	0.0	50	0.04
3.854	simsensor_2001_3	2017-07-27T17:08:02.914008298Z	1.822	0.0	51	0.06
3.121	simsensor_2001_2	2017-07-27T17:08:04.91462115Z	1.335	0.0	51	0.03
2.659	simsensor_2001_1	2017-07-27T17:08:06.914174883Z	1.335	0.0	52	0.04
2.832	simsensor_2000_18	2017-07-27T17:08:08.914332056Z	0.896	0.0	52	0.03
2.884	simsensor_2000_17	2017-07-27T17:08:10.914526127Z	1.784	0.0	52	0.04
2.574	simsensor_2000_16	2017-07-27T17:08:12.914155686Z	0.966	0.0	53	0.06
121.964	simsensor_2000_15	2017-07-27T17:08:14.914023299Z	80.374	0.0	53	0.03
2.84	simsensor_2000_14	2017-07-27T17:08:16.914218844Z	1.338	0.0	54	0.03
2.784	simsensor_2000_13	2017-07-27T17:08:18.91419055Z	1.338	0.0	54	0.05
3.97	simsensor_2000_12	2017-07-27T17:08:20.914382081Z	1.784	0.0	55	0.04
3.474	simsensor_2000_11	2017-07-27T17:08:22.91403784Z	1.338	0.0	55	0.03
2.72	simsensor_2000_10	2017-07-27T17:08:24.914404523Z	1.412	0.0	56	0.04
2.679	simsensor_2000_9	2017-07-27T17:08:26.914614343Z	1.053	0.0	56	0.04
3.569	simsensor_2000_8	2017-07-27T17:08:28.914118061Z	1.335	0.0	57	0.04
2.673	simsensor_2000_7	2017-07-27T17:08:30.914221527Z	1.335	0.0	57	0.03
3.763	simsensor_2000_6	2017-07-27T17:08:32.914392604Z	1.377	0.0	58	0.03
2.221	simsensor_2000_5	2017-07-27T17:08:34.914059145Z	1.335	0.0	58	0.03
2.554	simsensor_2000_4	2017-07-27T17:08:36.914344321Z	0.89	0.0	59	0.03
2.393	simsensor_2000_3	2017-07-27T17:08:38.914037874Z	1.409	0.0	59	0.04
4.776	simsensor_2000_2	2017-07-27T17:08:41.914212659Z	1.706	0.0	59	0.03
2.663	simsensor_2000_1	2017-07-27T17:08:45.91425494Z	2.225	0.0	60	0.07
0.0	simsensor_2003_6	2017-07-27T17:08:53.914350421Z	0.0	0.0	60	0.06
4.668	simsensor_2003_5	2017-07-27T17:08:55.914550418Z	2.67	0.0	60	0.03
5.331	simsensor_2003_4	2017-07-27T17:08:57.914137398Z	3.115	0.0	60	0.06
4.668	simsensor_2003_3	2017-07-27T17:08:59.914283392Z	2.67	0.0	60	0.03
4.005	simsensor_2003_2	2017-07-27T17:09:01.914154946Z	2.225	0.0	60	0.04
4.668	simsensor_2003_1	2017-07-27T17:09:03.914943702Z	2.67	0.0	60	0.03
4.719	simsensor_2002_18	2017-07-27T17:09:05.914207536Z	2.721	0.0	60	0.07
4.716	simsensor_2002_17	2017-07-27T17:09:07.914515416Z	2.718	0.0	60	0.07
4.674	simsensor_2002_16	2017-07-27T17:09:09.91422868Z	2.676	0.0	60	0.05
4.806	simsensor_2002_15	2017-07-27T17:09:11.914187983Z	2.676	0.0	60	0.06
4.542	simsensor_2002_14	2017-07-27T17:09:13.914210495Z	2.676	0.0	60	0.04
4.674	simsensor_2002_13	2017-07-27T17:09:15.914151562Z	2.676	0.0	60	0.04
5.404	simsensor_2002_12	2017-07-27T17:09:17.914199271Z	3.122	0.0	60	0.03
3.874	simsensor_2002_11	2017-07-27T17:09:19.914036054Z	2.23	0.0	60	0.03
4.6	simsensor_2002_10	2017-07-27T17:09:21.914100357Z	2.676	0.0	60	0.06
122.232	simsensor_2002_9	2017-07-27T17:09:23.91404497Z	81.504	0.0	60	0.05
4.734	simsensor_2002_8	2017-07-27T17:09:25.914107275Z	2.67	0.0	60	0.06
4.005	simsensor_2002_7	2017-07-27T17:09:27.914197986Z	2.225	0.0	60	0.03
4.644	simsensor_2002_6	2017-07-27T17:09:29.914165632Z	2.712	0.0	60	0.03
4.141	simsensor_2002_5	2017-07-27T17:09:31.914188673Z	2.225	0.0	60	0.06
3.869	simsensor_2002_4	2017-07-27T17:09:33.914118794Z	2.225	0.0	60	0.06
4.075	simsensor_2002_3	2017-07-27T17:09:35.914466503Z	2.225	0.0	60	0.07
4.005	simsensor_2002_2	2017-07-27T17:09:37.915029326Z	2.225	0.0	60	0.05
3.935	simsensor_2002_1	2017-07-27T17:09:39.914273576Z	2.225	0.0	60	0.04
3.67	simsensor_2001_18	2017-07-27T17:09:41.914160366Z	1.662	0.0	60	0.03
3.812	simsensor_2001_17	2017-07-27T17:09:43.914035352Z	2.23	0.0	60	0.06
4.146	simsensor_2001_16	2017-07-27T17:09:45.914183925Z	2.23	0.0	60	0.06
3.714	simsensor_2001_15	2017-07-27T17:09:47.914333084Z	2.272	0.0	60	0.07
2.48	simsensor_2001_14	2017-07-27T17:09:49.91430149Z	1.412	0.0	60	0.05
4.534	simsensor_2001_13	2017-07-27T17:09:51.914894147Z	2.676	0.0	60	0.03
122.616	simsensor_2001_12	2017-07-27T17:09:53.914603576Z	81.67	0.0	60	0.06
4.538	simsensor_2001_11	2017-07-27T17:09:55.91430201Z	2.272	0.0	60	0.03
3.322	simsensor_2001_10	2017-07-27T17:09:57.914605434Z	1.784	0.0	60	0.02
1.806	simsensor_2001_9	2017-07-27T17:09:59.914196935Z	0.792	0.0	60	0.03
4.297	simsensor_2001_8	2017-07-27T17:10:01.914202282Z	2.225	0.0	60	0.04
3.544	simsensor_2001_7	2017-07-27T17:10:03.914175392Z	1.78	0.0	60	0.04
2.543	simsensor_2001_6	2017-07-27T17:10:05.914200368Z	1.335	0.0	60	0.03
4.099	simsensor_2001_5	2017-07-27T17:10:07.914244244Z	2.225	0.0	60	0.02
2.655	simsensor_2001_4	2017-07-27T17:10:09.914072369Z	1.335	0.0	60	0.03
3.314	simsensor_2001_3	2017-07-27T17:10:11.914327088Z	1.78	0.0	60	0.04
3.328	simsensor_2001_2	2017-07-27T17:10:13.914112199Z	1.78	0.0	60	0.03
2.425	simsensor_2001_1	2017-07-27T17:10:15.914133133Z	1.335	0.0	60	0.04
2.037	simsensor_2000_18	2017-07-27T17:10:17.914162083Z	0.577	0.0	60	0.02
2.89	simsensor_2000_17	2017-07-27T17:10:19.91426465Z	1.826	0.0	60	0.05
1.388	simsensor_2000_16	2017-07-27T17:10:21.914280194Z	0.52	0.0	60	0.02
121.832	simsensor_2000_15	2017-07-27T17:10:23.914193353Z	80.374	0.0	60	0.07
2.748	simsensor_2000_14	2017-07-27T17:10:25.914077186Z	1.784	0.0	60	0.04
2.718	simsensor_2000_13	2017-07-27T17:10:27.914281217Z	1.338	0.0	60	0.05
3.61	simsensor_2000_12	2017-07-27T17:10:29.914137624Z	1.784	0.0	60	0.04
3.012	simsensor_2000_11	2017-07-27T17:10:31.914254257Z	1.338	0.0	60	0.03
2.294	simsensor_2000_10	2017-07-27T17:10:33.914191091Z	1.412	0.0	60	0.03
2.253	simsensor_2000_9	2017-07-27T17:10:35.914290993Z	0.927	0.0	60	0.02
3.047	simsensor_2000_8	2017-07-27T17:10:37.914238944Z	1.335	0.0	60	0.03
2.505	simsensor_2000_7	2017-07-27T17:10:39.914347014Z	1.335	0.0	60	0.03
3.133	simsensor_2000_6	2017-07-27T17:10:41.914387166Z	1.335	0.0	60	0.05
1.987	simsensor_2000_5	2017-07-27T17:10:43.914217688Z	1.335	0.0	60	0.03
2.098	simsensor_2000_4	2017-07-27T17:10:45.914058492Z	0.89	0.0	60	0.04
2.921	simsensor_2000_3	2017-07-27T17:10:47.914203269Z	1.409	0.0	60	0.03
2.895	simsensor_2000_2	2017-07-27T17:10:49.914235432Z	1.261	0.0	60	0.04
1.239	simsensor_2000_1	2017-07-27T17:10:51.914129423Z	1.377	0.0	60	0.04
0.0	simsensor_2003_6	2017-07-27T17:10:59.914154068Z	0.0	0.0	60	0.05
4.668	simsensor_2003_5	2017-07-27T17:11:01.914204965Z	2.67	0.0	60	0.07
4.71	simsensor_2003_4	2017-07-27T17:11:03.914123533Z	2.712	0.0	60	0.06
4.668	simsensor_2003_3	2017-07-27T17:11:05.914105568Z	2.67	0.0	60	0.03
4.668	simsensor_2003_2	2017-07-27T17:11:07.91422546Z	2.67	0.0	60	0.03
4.005	simsensor_2003_1	2017-07-27T17:11:09.914183135Z	2.225	0.0	60	0.03
4.311	simsensor_2002_18	2017-07-27T17:11:11.914196378Z	2.399	0.0	60	0.03
5.206	simsensor_2002_17	2017-07-27T17:11:13.914322994Z	3.122	0.0	60	0.02
4.938	simsensor_2002_16	2017-07-27T17:11:15.914028722Z	2.676	0.0	60	0.03
4.74	simsensor_2002_15	2017-07-27T17:11:17.91432038Z	2.676	0.0	60	0.03
3.722	simsensor_2002_14	2017-07-27T17:11:19.914593397Z	2.272	0.0	60	0.05
5.47	simsensor_2002_13	2017-07-27T17:11:21.914516762Z	3.122	0.0	60	0.05
4.674	simsensor_2002_12	2017-07-27T17:11:23.91478813Z	2.676	0.0	60	0.05
4.472	simsensor_2002_11	2017-07-27T17:11:25.914239224Z	2.676	0.0	60	0.06
4.666	simsensor_2002_10	2017-07-27T17:11:27.914136074Z	2.676	0.0	60	0.03
122.174	simsensor_2002_9	2017-07-27T17:11:29.914163686Z	81.38	0.0	60	0.03
3.939	simsensor_2002_8	2017-07-27T17:11:31.914178919Z	2.225	0.0	60	0.02
4.734	simsensor_2002_7	2017-07-27T17:11:33.914185057Z	2.67	0.0	60	0.04
4.005	simsensor_2002_6	2017-07-27T17:11:35.914108792Z	2.225	0.0	60	0.04
4.672	simsensor_2002_5	2017-07-27T17:11:37.914565697Z	2.67	0.0	60	0.06
3.935	simsensor_2002_4	2017-07-27T17:11:39.914319038Z	2.225	0.0	60	0.04
4.009	simsensor_2002_3	2017-07-27T17:11:41.914793232Z	2.225	0.0	60	0.05
4.179	simsensor_2002_2	2017-07-27T17:11:43.914201377Z	2.267	0.0	60	0.02
3.869	simsensor_2002_1	2017-07-27T17:11:45.914250292Z	2.225	0.0	60	0.05
3.938	simsensor_2001_18	2017-07-27T17:11:47.914181608Z	1.786	0.0	60	0.03
4.284	simsensor_2001_17	2017-07-27T17:11:49.914155503Z	2.23	0.0	61	0.03
4.41	simsensor_2001_16	2017-07-27T17:11:51.914214562Z	2.23	0.0	61	0.03
3.896	simsensor_2001_15	2017-07-27T17:11:53.914133107Z	2.23	0.0	62	0.05
3.006	simsensor_2001_14	2017-07-27T17:11:55.914125939Z	1.412	0.0	63	0.03
4.1	simsensor_2001_13	2017-07-27T17:11:57.914590637Z	2.23	0.0	63	0.04
123.556	simsensor_2001_12	2017-07-27T17:11:59.914412171Z	82.158	0.0	64	0.05
4.288	simsensor_2001_11	2017-07-27T17:12:01.914291708Z	1.784	0.0	64	0.06
3.782	simsensor_2001_10	2017-07-27T17:12:03.914191156Z	1.784	0.0	65	0.04
2.51	simsensor_2001_9	2017-07-27T17:12:05.914151332Z	1.114	0.0	65	0.03
5.157	simsensor_2001_8	2017-07-27T17:12:07.914142718Z	2.225	0.0	66	0.02
3.416	simsensor_2001_7	2017-07-27T17:12:09.915828036Z	1.822	0.0	66	0.02
3.275	simsensor_2001_6	2017-07-27T17:12:11.914098727Z	1.335	0.0	67	0.06
3.394	simsensor_2001_5	2017-07-27T17:12:13.915030054Z	1.78	0.0	67	0.05
3.918	simsensor_2001_4	2017-07-27T17:12:15.914250141Z	1.78	0.0	68	0.04
2.873	simsensor_2001_3	2017-07-27T17:12:17.914304045Z	1.409	0.0	68	0.04
3.624	simsensor_2001_2	2017-07-27T17:12:19.914077579Z	1.706	0.0	68	0.03
3.416	simsensor_2001_1	2017-07-27T17:12:21.914386476Z	1.78	0.0	69	0.03
1.801	simsensor_2000_18	2017-07-27T17:12:23.9142034Z	0.255	0.0	69	0.07
3.168	simsensor_2000_17	2017-07-27T17:12:25.914533945Z	1.784	0.0	70	0.03
2.274	simsensor_2000_16	2017-07-27T17:12:27.914181388Z	0.966	0.0	70	0.04
122.432	simsensor_2000_15	2017-07-27T17:12:29.914719309Z	80.374	0.0	71	0.05
2.97	simsensor_2000_14	2017-07-27T17:12:31.914720277Z	1.784	0.0	71	0.02
3.12	simsensor_2000_13	2017-07-27T17:12:34.915176107Z	1.412	0.0	72	0.03
5.538	simsensor_2000_12	2017-07-27T17:12:37.914128294Z	2.602	0.0	73	0.03
3.078	simsensor_2000_11	2017-07-27T17:12:39.914064356Z	1.38	0.0	73	0.04
3.648	simsensor_2000_10	2017-07-27T17:12:42.914195926Z	1.858	0.0	74	0.04
1.463	simsensor_2000_9	2017-07-27T17:12:44.914167039Z	0.355	0.0	74	0.03
4.466	simsensor_2000_8	2017-07-27T17:12:47.914134962Z	1.78	0.0	75	0.03
2.505	simsensor_2000_7	2017-07-27T17:12:49.914295312Z	1.335	0.0	75	0.02
3.413	simsensor_2000_6	2017-07-27T17:12:51.914514527Z	1.648	0.0	75	0.03
1.781	simsensor_2000_5	2017-07-27T17:12:53.914226964Z	1.022	0.0	75	0.02
2.234	simsensor_2000_4	2017-07-27T17:12:55.914177307Z	0.89	0.0	75	0.04
2.855	simsensor_2000_3	2017-07-27T17:12:57.914393105Z	1.409	0.0	75	0.07
3.027	simsensor_2000_2	2017-07-27T17:12:59.914688616Z	1.261	0.0	75	0.05
1.131	simsensor_2000_1	2017-07-27T17:13:01.914223129Z	1.335	0.0	75	0.06
0.0	simsensor_2004_3	2017-07-27T17:13:09.914746241Z	0.0	0.0	75	0.04
4.668	simsensor_2004_2	2017-07-27T17:13:11.914259416Z	2.67	0.0	75	0.04
4.668	simsensor_2004_1	2017-07-27T17:13:13.914187207Z	2.67	0.0	75	0.04
5.375	simsensor_2003_18	2017-07-27T17:13:15.914778324Z	3.159	0.0	75	0.04
6.002	simsensor_2003_17	2017-07-27T17:13:18.914439119Z	3.568	0.0	75	0.03
5.38	simsensor_2003_16	2017-07-27T17:13:21.914180478Z	3.164	0.0	75	0.03
4.74	simsensor_2003_15	2017-07-27T17:13:24.91408217Z	2.676	0.0	75	0.03
5.272	simsensor_2003_14	2017-07-27T17:13:26.914207091Z	3.122	0.0	75	0.02
4.716	simsensor_2003_13	2017-07-27T17:13:28.914140153Z	2.718	0.0	75	0.05
4.632	simsensor_2003_12	2017-07-27T17:13:30.914131715Z	2.634	0.0	75	0.03
4.674	simsensor_2003_11	2017-07-27T17:13:32.91439074Z	2.676	0.0	75	0.03
4.01	simsensor_2003_10	2017-07-27T17:13:34.914264502Z	2.23	0.0	75	0.03
4.615	simsensor_2003_9	2017-07-27T17:13:36.914784721Z	2.617	0.0	75	0.05
4.598	simsensor_2003_8	2017-07-27T17:13:38.914517857Z	2.67	0.0	75	0.06
4.528	simsensor_2003_7	2017-07-27T17:13:40.914424883Z	2.67	0.0	75	0.04
125.712	simsensor_2003_6	2017-07-27T17:13:42.914120979Z	83.828	0.0	75	0.03
4.668	simsensor_2003_5	2017-07-27T17:13:44.9141218Z	2.67	0.0	75	0.04
4.668	simsensor_2003_4	2017-07-27T17:13:46.914456077Z	2.67	0.0	75	0.03
4.71	simsensor_2003_3	2017-07-27T17:13:48.914313199Z	2.712	0.0	75	0.03
4.668	simsensor_2003_2	2017-07-27T17:13:50.914785131Z	2.67	0.0	75	0.03
4.668	simsensor_2003_1	2017-07-27T17:13:53.914207785Z	2.67	0.0	75	0.06
3.983	simsensor_2002_18	2017-07-27T17:13:55.914119666Z	2.231	0.0	75	0.04
5.762	simsensor_2002_17	2017-07-27T17:13:58.914682864Z	3.452	0.0	75	0.05
4.872	simsensor_2002_16	2017-07-27T17:14:00.914243577Z	2.676	0.0	75	0.02
5.668	simsensor_2002_15	2017-07-27T17:14:03.91424901Z	3.122	0.0	75	0.03
4.188	simsensor_2002_14	2017-07-27T17:14:06.91423656Z	2.718	0.0	75	0.04
5.47	simsensor_2002_13	2017-07-27T17:14:08.914176354Z	3.122	0.0	75	0.03
5.272	simsensor_2002_12	2017-07-27T17:14:11.914178496Z	3.122	0.0	75	0.03
4.538	simsensor_2002_11	2017-07-27T17:14:13.914332452Z	2.676	0.0	75	0.03
4.642	simsensor_2002_10	2017-07-27T17:14:15.915079055Z	2.718	0.0	75	0.03
121.967	simsensor_2002_9	2017-07-27T17:14:17.914491183Z	81.173	0.0	75	0.03
4.005	simsensor_2002_8	2017-07-27T17:14:19.914241431Z	2.225	0.0	75	0.06
4.776	simsensor_2002_7	2017-07-27T17:14:21.914184362Z	2.712	0.0	75	0.03
4.071	simsensor_2002_6	2017-07-27T17:14:23.914470933Z	2.225	0.0	75	0.05
4.009	simsensor_2002_5	2017-07-27T17:14:25.914723159Z	2.225	0.0	75	0.07
5.129	simsensor_2002_4	2017-07-27T17:14:28.914238072Z	3.115	0.0	75	0.05
4.051	simsensor_2002_3	2017-07-27T17:14:30.914245992Z	2.267	0.0	75	0.05
4.203	simsensor_2002_2	2017-07-27T17:14:32.914636312Z	2.225	0.0	75	0.05
4.067	simsensor_2002_1	2017-07-27T17:14:34.91464636Z	2.225	0.0	75	0.05
3.696	simsensor_2001_18	2017-07-27T17:14:36.914440118Z	1.952	0.0	75	0.05
3.878	simsensor_2001_17	2017-07-27T17:14:38.914713984Z	2.23	0.0	75	0.06
4.278	simsensor_2001_16	2017-07-27T17:14:40.914212729Z	2.23	0.0	75	0.05
3.474	simsensor_2001_15	2017-07-27T17:14:42.914270622Z	2.23	0.0	75	0.06
2.546	simsensor_2001_14	2017-07-27T17:14:44.91434596Z	1.412	0.0	75	0.02
4.468	simsensor_2001_13	2017-07-27T17:14:46.914517043Z	2.676	0.0	75	0.06
122.634	simsensor_2001_12	2017-07-27T17:14:48.914610511Z	81.754	0.0	75	0.04
4.03	simsensor_2001_11	2017-07-27T17:14:50.914648625Z	1.784	0.0	75	0.02
3.148	simsensor_2001_10	2017-07-27T17:14:52.914557125Z	1.742	0.0	75	0.05
1.649	simsensor_2001_9	2017-07-27T17:14:54.914421856Z	0.577	0.0	75	0.07
5.134	simsensor_2001_8	2017-07-27T17:14:56.914238707Z	2.638	0.0	75	0.03
3.214	simsensor_2001_7	2017-07-27T17:14:58.914457055Z	1.78	0.0	75	0.02
2.675	simsensor_2001_6	2017-07-27T17:15:00.914270228Z	1.335	0.0	75	0.07
3.37	simsensor_2001_5	2017-07-27T17:15:02.914120792Z	1.78	0.0	75	0.04
3.318	simsensor_2001_4	2017-07-27T17:15:04.914465311Z	1.78	0.0	75	0.02
2.981	simsensor_2001_3	2017-07-27T17:15:06.914285413Z	1.409	0.0	75	0.03
3.196	simsensor_2001_2	2017-07-27T17:15:08.914263922Z	1.706	0.0	75	0.02
3.727	simsensor_2001_1	2017-07-27T17:15:11.914223923Z	2.267	0.0	75	0.03
0.802	simsensor_2000_18	2017-07-27T17:15:13.914208057Z	0.0	0.0	75	0.05
2.98	simsensor_2000_17	2017-07-27T17:15:15.914113123Z	1.784	0.0	75	0.03
2.118	simsensor_2000_16	2017-07-27T17:15:17.914240009Z	0.966	0.0	75	0.05
121.964	simsensor_2000_15	2017-07-27T17:15:19.914726474Z	80.374	0.0	75	0.06
2.946	simsensor_2000_14	2017-07-27T17:15:21.914113317Z	1.784	0.0	75	0.03
1.724	simsensor_2000_13	2017-07-27T17:15:23.914286404Z	0.966	0.0	75	0.06
4.914	simsensor_2000_12	2017-07-27T17:15:26.914182094Z	2.644	0.0	75	0.04
2.946	simsensor_2000_11	2017-07-27T17:15:28.914257968Z	1.338	0.0	75	0.03
2.558	simsensor_2000_10	2017-07-27T17:15:30.914231791Z	1.412	0.0	75	0.03
1.035	simsensor_2000_9	2017-07-27T17:15:32.914321811Z	0.191	0.0	75	0.04
3.113	simsensor_2000_8	2017-07-27T17:15:34.914220876Z	1.335	0.0	75	0.03
2.637	simsensor_2000_7	2017-07-27T17:15:36.914380784Z	1.335	0.0	75	0.03
3.73	simsensor_2000_6	2017-07-27T17:15:38.914585595Z	1.78	0.0	75	0.06
1.921	simsensor_2000_5	2017-07-27T17:15:41.914168382Z	1.335	0.0	75	0.03
2.869	simsensor_2000_4	2017-07-27T17:15:43.914297231Z	1.377	0.0	75	0.04
2.723	simsensor_2000_3	2017-07-27T17:15:46.914191474Z	1.409	0.0	75	0.02
3.027	simsensor_2000_2	2017-07-27T17:15:48.914175139Z	1.261	0.0	75	0.03
1.723	simsensor_2000_1	2017-07-27T17:15:50.914178169Z	1.335	0.0	76	0.04
0.0	simsensor_2004_5	2017-07-27T17:15:58.91421125Z	0.0	0.0	77	0.03
5.108	simsensor_2004_4	2017-07-27T17:16:00.914191232Z	3.165	0.0	78	0.02
123.799	simsensor_2004_3	2017-07-27T17:16:02.914136349Z	82.306	0.0	78	0.03
6.021	simsensor_2004_2	2017-07-27T17:16:05.914154635Z	3.115	0.0	79	0.02
5.693	simsensor_2004_1	2017-07-27T17:16:08.914157086Z	3.115	0.0	79	0.03
5.32	simsensor_2003_18	2017-07-27T17:16:11.91411346Z	3.002	0.0	80	0.03
7.29	simsensor_2003_17	2017-07-27T17:16:14.915577412Z	3.94	0.0	81	0.04
5.536	simsensor_2003_16	2017-07-27T17:16:17.914158756Z	3.122	0.0	81	0.02
6.004	simsensor_2003_15	2017-07-27T17:16:20.914127795Z	3.164	0.0	82	0.03
5.806	simsensor_2003_14	2017-07-27T17:16:23.914193451Z	3.122	0.0	83	0.03
5.428	simsensor_2003_13	2017-07-27T17:16:26.914296614Z	3.122	0.0	83	0.03
5.986	simsensor_2003_12	2017-07-27T17:16:29.914281172Z	3.08	0.0	84	0.04
5.156	simsensor_2003_11	2017-07-27T17:16:32.914168955Z	2.718	0.0	84	0.03
5.852	simsensor_2003_10	2017-07-27T17:16:35.914341873Z	3.122	0.0	85	0.08
5.394	simsensor_2003_9	2017-07-27T17:16:38.914669775Z	2.842	0.0	86	0.04
4.8	simsensor_2003_8	2017-07-27T17:16:41.914307159Z	2.712	0.0	86	0.03
5.811	simsensor_2003_7	2017-07-27T17:16:44.914152207Z	3.115	0.0	87	0.02
126.803	simsensor_2003_6	2017-07-27T17:16:47.914269944Z	84.273	0.0	87	0.03
5.659	simsensor_2003_5	2017-07-27T17:16:50.914231286Z	3.115	0.0	88	0.02
6.5	simsensor_2003_4	2017-07-27T17:16:53.914118249Z	3.56	0.0	88	0.03
5.623	simsensor_2003_3	2017-07-27T17:16:56.914617516Z	3.157	0.0	89	0.04
5.202	simsensor_2003_2	2017-07-27T17:16:59.914111728Z	2.67	0.0	90	0.06
5.425	simsensor_2003_1	2017-07-27T17:17:02.914079099Z	3.115	0.0	90	0.02
4.371	simsensor_2002_18	2017-07-27T17:17:05.914189584Z	2.417	0.0	90	0.02
6.43	simsensor_2002_17	2017-07-27T17:17:08.9141405Z	3.898	0.0	90	0.04
4.806	simsensor_2002_16	2017-07-27T17:17:11.914530552Z	2.676	0.0	90	0.06
5.71	simsensor_2002_15	2017-07-27T17:17:14.914552164Z	3.164	0.0	90	0.03
4.876	simsensor_2002_14	2017-07-27T17:17:17.914263262Z	3.122	0.0	90	0.06
5.404	simsensor_2002_13	2017-07-27T17:17:20.914453908Z	3.122	0.0	90	0.06
4.608	simsensor_2002_12	2017-07-27T17:17:23.914454428Z	2.75	0.0	90	0.03
6.172	simsensor_2002_11	2017-07-27T17:17:26.914192604Z	3.536	0.0	90	0.03
5.132	simsensor_2002_10	2017-07-27T17:17:29.914282781Z	3.122	0.0	90	0.05
122.58	simsensor_2002_9	2017-07-27T17:17:32.914463958Z	81.741	0.0	90	0.0
5.101	simsensor_2002_8	2017-07-27T17:17:35.915320706Z	2.844	0.0	90	0.04
4.8	simsensor_2002_7	2017-07-27T17:17:38.914111443Z	2.67	0.0	90	0.03
5.331	simsensor_2002_6	2017-07-27T17:17:41.914417469Z	3.115	0.0	90	0.06
4.315	simsensor_2002_5	2017-07-27T17:17:44.914730762Z	2.267	0.0	90	0.03
4.997	simsensor_2002_4	2017-07-27T17:17:47.914423714Z	3.115	0.0	90	0.05
4.606	simsensor_2002_3	2017-07-27T17:17:50.914436331Z	2.67	0.0	90	0.03
4.866	simsensor_2002_2	2017-07-27T17:17:53.914305353Z	2.67	0.0	90	0.03
4.904	simsensor_2002_1	2017-07-27T17:17:56.914162811Z	2.712	0.0	90	0.05
4.426	simsensor_2001_18	2017-07-27T17:17:59.914182936Z	2.596	0.0	90	0.05
4.5	simsensor_2001_17	2017-07-27T17:18:02.914060867Z	2.634	0.0	90	0.03
5.008	simsensor_2001_16	2017-07-27T17:18:05.914339099Z	2.676	0.0	90	0.03
4.378	simsensor_2001_15	2017-07-27T17:18:08.914357202Z	2.718	0.0	90	0.06
2.946	simsensor_2001_14	2017-07-27T17:18:11.91420684Z	1.858	0.0	90	0.09
5.264	simsensor_2001_13	2017-07-27T17:18:14.914334569Z	3.122	0.0	90	0.06
123.058	simsensor_2001_12	2017-07-27T17:18:17.913950907Z	82.158	0.0	90	0.07
5.664	simsensor_2001_11	2017-07-27T17:18:20.914219134Z	2.718	0.0	90	0.06
3.016	simsensor_2001_10	2017-07-27T17:18:23.915092712Z	1.742	0.0	90	0.03
2.636	simsensor_2001_9	2017-07-27T17:18:26.914236685Z	1.26	0.0	90	0.02
5.158	simsensor_2001_8	2017-07-27T17:18:29.91424603Z	2.596	0.0	90	0.07
4.516	simsensor_2001_7	2017-07-27T17:18:32.914199636Z	2.712	0.0	90	0.03
2.815	simsensor_2001_6	2017-07-27T17:18:35.914271755Z	1.648	0.0	90	0.02
4.025	simsensor_2001_5	2017-07-27T17:18:38.914203006Z	1.912	0.0	90	0.03
3.186	simsensor_2001_4	2017-07-27T17:18:41.914513999Z	1.78	0.0	90	0.07
4.04	simsensor_2001_3	2017-07-27T17:18:44.914390283Z	1.854	0.0	90	0.05
4.126	simsensor_2001_2	2017-07-27T17:18:47.914179096Z	2.596	0.0	90	0.02
3.817	simsensor_2001_1	2017-07-27T17:18:50.914252687Z	2.225	0.0	90	0.05
1.987	simsensor_2000_18	2017-07-27T17:18:53.914472133Z	0.679	0.0	90	0.06
3.578	simsensor_2000_17	2017-07-27T17:18:56.914361697Z	2.23	0.0	90	0.03
2.452	simsensor_2000_16	2017-07-27T17:18:59.914369837Z	1.412	0.0	90	0.06
122.628	simsensor_2000_15	2017-07-27T17:19:02.914138142Z	80.82	0.0	90	0.03
3.61	simsensor_2000_14	2017-07-27T17:19:05.914285588Z	2.23	0.0	90	0.03
2.454	simsensor_2000_13	2017-07-27T17:19:08.913974252Z	1.412	0.0	90	0.04
4.324	simsensor_2000_12	2017-07-27T17:19:11.914310236Z	2.512	0.0	90	0.02
4.2	simsensor_2000_11	2017-07-27T17:19:14.914198221Z	1.916	0.0	90	0.03
2.558	simsensor_2000_10	2017-07-27T17:19:17.914541705Z	1.412	0.0	90	0.04
2.139	simsensor_2000_9	2017-07-27T17:19:20.914117856Z	0.859	0.0	90	0.02
3.908	simsensor_2000_8	2017-07-27T17:19:23.914361446Z	1.78	0.0	90	0.05
3.102	simsensor_2000_7	2017-07-27T17:19:26.914441256Z	1.78	0.0	90	0.05
3.862	simsensor_2000_6	2017-07-27T17:19:29.914517975Z	1.78	0.0	90	0.02
2.626	simsensor_2000_5	2017-07-27T17:19:32.914114607Z	1.822	0.0	90	0.03
2.827	simsensor_2000_4	2017-07-27T17:19:35.914097762Z	1.335	0.0	90	0.05
3.32	simsensor_2000_3	2017-07-27T17:19:38.914179543Z	1.854	0.0	90	0.04
3.69	simsensor_2000_2	2017-07-27T17:19:41.914192602Z	1.706	0.0	90	0.03
1.926	simsensor_2000_1	2017-07-27T17:19:44.914736444Z	1.78	0.0	90	0.05
0.0	simsensor_2004_18	2017-07-27T17:19:53.914288543Z	0.0	0.0	90	0.02
6.666	simsensor_2004_17	2017-07-27T17:19:56.914239506Z	4.014	0.0	90	0.03
5.404	simsensor_2004_16	2017-07-27T17:19:59.914541517Z	3.122	0.0	90	0.03
6.576	simsensor_2004_15	2017-07-27T17:20:02.914330938Z	4.056	0.0	90	0.02
6.002	simsensor_2004_14	2017-07-27T17:20:05.914059303Z	3.568	0.0	88	0.04
6.666	simsensor_2004_13	2017-07-27T17:20:09.914356975Z	4.014	0.0	84	0.03
