----------------------------------------------------------------
5.164	simsensor_2000_4	2017-07-28T17:58:09.464516515Z	2.33	0.0	7	0.03
4.117	simsensor_2000_3	2017-07-28T17:58:11.433544577Z	1.447	0.0	9	0.03
3.459	simsensor_2000_2	2017-07-28T17:58:13.447213042Z	1.335	0.0	10	0.04
2.636	simsensor_2000_1	2017-07-28T17:58:15.419789651Z	0.96	0.01	11	0.03
0.0	simsensor_2000_15	2017-07-28T17:58:22.571608691Z	0.0	0.0	15	0.06
3.574	simsensor_2000_14	2017-07-28T17:58:24.420288455Z	1.45	0.0	17	0.0
4.106	simsensor_2000_13	2017-07-28T17:58:26.46318935Z	1.784	0.0	18	0.03
3.602	simsensor_2000_12	2017-07-28T17:58:28.498110024Z	1.408	0.0	19	0.0
3.786	simsensor_2000_11	2017-07-28T17:58:30.530588052Z	1.784	0.0	20	0.06
3.672	simsensor_2000_10	2017-07-28T17:58:32.448321944Z	1.338	0.0	21	0.06
4.422	simsensor_2000_9	2017-07-28T17:58:34.743228685Z	1.76	0.0	22	0.06
3.571	simsensor_2000_8	2017-07-28T17:58:36.666411793Z	1.335	0.0	23	0.03
3.209	simsensor_2000_7	2017-07-28T17:58:38.635574405Z	1.335	0.0	24	0.03
3.257	simsensor_2000_6	2017-07-28T17:58:40.508883105Z	1.335	0.0	25	0.03
3.319	simsensor_2000_5	2017-07-28T17:58:42.732059221Z	1.335	0.0	26	0.06
3.389	simsensor_2000_4	2017-07-28T17:58:44.478352429Z	1.335	0.0	27	0.05
3.419	simsensor_2000_3	2017-07-28T17:58:46.742646375Z	1.377	0.0	28	0.03
3.069	simsensor_2000_2	2017-07-28T17:58:48.718699066Z	1.335	0.0	29	0.07
2.336	simsensor_2000_1	2017-07-28T17:58:50.553244577Z	0.89	0.01	30	0.05
0.0	simsensor_2001_15	2017-07-28T17:58:58.701245459Z	0.0	0.0	33	0.05
3.898	simsensor_2001_14	2017-07-28T17:59:00.581143096Z	1.896	0.0	34	0.06
4.47	simsensor_2001_13	2017-07-28T17:59:02.922959291Z	2.3	0.0	35	0.06
3.868	simsensor_2001_12	2017-07-28T17:59:04.420160132Z	1.784	0.0	36	0.05
3.17	simsensor_2001_11	2017-07-28T17:59:05.652086365Z	1.338	0.0	36	0.05
3.876	simsensor_2001_10	2017-07-28T17:59:07.540247611Z	1.784	0.0	37	0.04
4.047	simsensor_2001_9	2017-07-28T17:59:09.791901383Z	1.757	0.0	38	0.06
4.497	simsensor_2001_8	2017-07-28T17:59:11.899059618Z	2.225	0.0	38	0.05
2.979	simsensor_2001_7	2017-07-28T17:59:13.505803975Z	1.335	0.0	39	0.03
3.892	simsensor_2001_6	2017-07-28T17:59:15.651795077Z	1.78	0.0	40	0.03
3.906	simsensor_2001_5	2017-07-28T17:59:17.689432664Z	1.822	0.0	40	0.04
3.83	simsensor_2001_4	2017-07-28T17:59:19.777935977Z	1.78	0.0	41	0.04
3.852	simsensor_2001_3	2017-07-28T17:59:21.904374282Z	1.78	0.0	42	0.03
3.704	simsensor_2001_2	2017-07-28T17:59:23.859683232Z	1.78	0.0	42	0.07
3.257	simsensor_2001_1	2017-07-28T17:59:25.540594256Z	1.335	0.0	43	0.05
3.934	simsensor_2000_18	2017-07-28T17:59:27.817059508Z	1.842	0.0	44	0.03
3.618	simsensor_2000_17	2017-07-28T17:59:29.550287455Z	1.784	0.0	44	0.03
3.904	simsensor_2000_16	2017-07-28T17:59:31.946530593Z	1.784	0.0	45	0.03
4.394	simsensor_2000_15	2017-07-28T17:59:34.451740602Z	1.826	0.0	46	0.0
3.832	simsensor_2000_14	2017-07-28T17:59:36.62649988Z	1.784	0.0	46	0.05
3.76	simsensor_2000_13	2017-07-28T17:59:38.762025879Z	1.784	0.0	47	0.08
3.97	simsensor_2000_12	2017-07-28T17:59:41.645551554Z	1.784	0.0	48	0.03
3.122	simsensor_2000_11	2017-07-28T17:59:43.5856502Z	1.338	0.0	49	0.0
3.778	simsensor_2000_10	2017-07-28T17:59:45.440285662Z	1.784	0.0	49	0.06
3.394	simsensor_2000_9	2017-07-28T17:59:47.552071611Z	1.242	0.0	50	0.04
3.581	simsensor_2000_8	2017-07-28T17:59:49.742264821Z	1.335	0.0	51	0.0
2.513	simsensor_2000_7	2017-07-28T17:59:51.452381818Z	1.335	0.0	51	0.0
2.909	simsensor_2000_6	2017-07-28T17:59:53.535644961Z	1.335	0.0	52	0.0
3.213	simsensor_2000_5	2017-07-28T17:59:55.552701451Z	1.377	0.0	52	0.01
3.982	simsensor_2000_4	2017-07-28T17:59:57.790810981Z	1.78	0.0	53	0.07
3.439	simsensor_2000_3	2017-07-28T18:00:00.030694415Z	1.335	0.0	54	0.07
2.579	simsensor_2000_2	2017-07-28T18:00:02.993178765Z	1.335	0.0	55	0.03
3.564	simsensor_2000_1	2017-07-28T18:00:05.76945274Z	1.78	0.01	55	0.03
0.0	simsensor_2003_3	2017-07-28T18:00:14.054441825Z	0.0	0.0	57	0.04
5.1	simsensor_2003_2	2017-07-28T18:00:16.039525001Z	2.852	0.0	58	0.03
6.091	simsensor_2003_1	2017-07-28T18:00:19.284112034Z	3.115	0.0	59	0.07
4.988	simsensor_2002_18	2017-07-28T18:00:22.018684444Z	2.694	0.0	60	0.03
5.208	simsensor_2002_17	2017-07-28T18:00:25.029196875Z	2.676	0.0	60	0.04
4.49	simsensor_2002_16	2017-07-28T18:00:26.772442399Z	2.23	0.0	61	0.03
4.344	simsensor_2002_15	2017-07-28T18:00:28.507674431Z	2.272	0.0	61	0.0
4.388	simsensor_2002_14	2017-07-28T18:00:30.572069984Z	2.23	0.0	62	0.0
4.916	simsensor_2002_13	2017-07-28T18:00:32.793802148Z	2.676	0.0	62	0.03
4.478	simsensor_2002_12	2017-07-28T18:00:35.244402488Z	2.23	0.0	63	0.04
5.274	simsensor_2002_11	2017-07-28T18:00:38.02366953Z	2.676	0.0	64	0.04
4.47	simsensor_2002_10	2017-07-28T18:00:40.261238636Z	2.304	0.0	64	0.03
5.189	simsensor_2002_9	2017-07-28T18:00:42.168840451Z	2.529	0.0	65	0.03
4.812	simsensor_2002_8	2017-07-28T18:00:45.035584076Z	2.712	0.0	66	0.03
3.732	simsensor_2002_7	2017-07-28T18:00:46.684189603Z	1.78	0.0	66	0.0
4.371	simsensor_2002_6	2017-07-28T18:00:48.453443257Z	2.225	0.0	66	0.04
4.593	simsensor_2002_5	2017-07-28T18:00:50.432465432Z	2.225	0.0	67	0.0
4.267	simsensor_2002_4	2017-07-28T18:00:52.828629013Z	2.225	0.0	68	0.03
4.169	simsensor_2002_3	2017-07-28T18:00:54.828262901Z	2.225	0.0	68	0.04
4.487	simsensor_2002_2	2017-07-28T18:00:56.954260533Z	2.267	0.0	69	0.03
4.391	simsensor_2002_1	2017-07-28T18:00:59.472452657Z	2.225	0.0	69	0.0
4.657	simsensor_2001_18	2017-07-28T18:01:01.755980125Z	2.343	0.0	70	0.02
4.47	simsensor_2001_17	2017-07-28T18:01:05.064279661Z	2.23	0.0	71	0.02
5.06	simsensor_2001_16	2017-07-28T18:01:07.853191424Z	2.676	0.0	71	0.03
4.926	simsensor_2001_15	2017-07-28T18:01:10.610552696Z	2.23	0.0	72	0.03
4.01	simsensor_2001_14	2017-07-28T18:01:12.684431127Z	2.23	0.0	72	0.03
4.718	simsensor_2001_13	2017-07-28T18:01:16.27400727Z	2.272	0.0	73	0.03
4.478	simsensor_2001_12	2017-07-28T18:01:18.494885461Z	2.23	0.0	74	0.02
3.526	simsensor_2001_11	2017-07-28T18:01:20.432379814Z	1.784	0.0	74	0.03
3.946	simsensor_2001_10	2017-07-28T18:01:22.862428499Z	1.784	0.0	75	0.03
3.383	simsensor_2001_9	2017-07-28T18:01:24.752409637Z	1.623	0.0	75	0.04
3.881	simsensor_2001_8	2017-07-28T18:01:26.91151808Z	2.225	0.0	75	0.03
4.277	simsensor_2001_7	2017-07-28T18:01:29.816811794Z	2.225	0.0	75	0.09
3.23	simsensor_2001_6	2017-07-28T18:01:32.30223904Z	1.78	0.0	75	0.12
3.454	simsensor_2001_5	2017-07-28T18:01:35.000976532Z	1.822	0.0	75	0.04
4.335	simsensor_2001_4	2017-07-28T18:01:38.109866615Z	2.225	0.0	75	0.04
4.009	simsensor_2001_3	2017-07-28T18:01:40.95145893Z	2.225	0.0	75	0.02
3.849	simsensor_2001_2	2017-07-28T18:01:43.724250647Z	2.225	0.0	75	0.02
2.571	simsensor_2001_1	2017-07-28T18:01:45.775269593Z	1.335	0.0	75	0.01
3.403	simsensor_2000_18	2017-07-28T18:01:47.609097324Z	1.609	0.0	75	0.03
3.462	simsensor_2000_17	2017-07-28T18:01:49.612272765Z	2.156	0.0	75	0.04
3.078	simsensor_2000_16	2017-07-28T18:01:51.951571512Z	1.338	0.0	75	0.03
4.702	simsensor_2000_15	2017-07-28T18:01:53.968251715Z	2.272	0.0	75	0.05
1.626	simsensor_2000_14	2017-07-28T18:01:55.934968668Z	0.966	0.0	75	0.03
3.148	simsensor_2000_13	2017-07-28T18:01:57.767950794Z	1.71	0.0	75	0.0
3.548	simsensor_2000_12	2017-07-28T18:01:59.460084098Z	1.784	0.0	75	0.03
3.846	simsensor_2000_11	2017-07-28T18:02:01.848447573Z	1.338	0.0	75	0.04
2.962	simsensor_2000_10	2017-07-28T18:02:04.992928237Z	2.23	0.0	75	0.03
3.625	simsensor_2000_9	2017-07-28T18:02:07.641968649Z	1.549	0.0	75	0.05
3.384	simsensor_2000_8	2017-07-28T18:02:10.139623057Z	1.78	0.0	75	0.02
2.814	simsensor_2000_7	2017-07-28T18:02:12.586437676Z	1.78	0.0	75	0.03
2.182	simsensor_2000_6	2017-07-28T18:02:14.958963423Z	0.932	0.0	75	0.03
3.028	simsensor_2000_5	2017-07-28T18:02:17.810180821Z	1.78	0.0	75	0.0
2.789	simsensor_2000_4	2017-07-28T18:02:19.636213028Z	1.335	0.0	75	0.03
4.034	simsensor_2000_3	2017-07-28T18:02:23.032700783Z	1.78	0.0	75	0.02
2.976	simsensor_2000_2	2017-07-28T18:02:25.874766931Z	1.78	0.0	75	0.04
2.115	simsensor_2000_1	2017-07-28T18:02:28.019002163Z	1.335	0.01	75	0.06
0.0	simsensor_2004_3	2017-07-28T18:02:36.486250535Z	0.0	0.0	75	0.04
5.331	simsensor_2004_2	2017-07-28T18:02:39.122209171Z	3.115	0.0	75	0.05
5.331	simsensor_2004_1	2017-07-28T18:02:41.119812052Z	3.115	0.0	75	0.03
4.961	simsensor_2003_18	2017-07-28T18:02:43.320928577Z	2.765	0.0	75	0.02
5.14	simsensor_2003_17	2017-07-28T18:02:46.320707356Z	3.122	0.0	75	0.03
5.446	simsensor_2003_16	2017-07-28T18:02:49.074504299Z	3.164	0.0	75	0.05
5.272	simsensor_2003_15	2017-07-28T18:02:52.190091776Z	3.122	0.0	75	0.03
5.338	simsensor_2003_14	2017-07-28T18:02:54.775676257Z	3.122	0.0	75	0.02
4.806	simsensor_2003_13	2017-07-28T18:02:57.088067103Z	2.676	0.0	75	0.03
4.608	simsensor_2003_12	2017-07-28T18:02:59.827512002Z	2.676	0.0	75	0.05
5.38	simsensor_2003_11	2017-07-28T18:03:02.190978346Z	3.164	0.0	75	0.08
3.944	simsensor_2003_10	2017-07-28T18:03:03.579118838Z	2.23	0.0	75	0.0
4.521	simsensor_2003_9	2017-07-28T18:03:05.670322853Z	2.523	0.0	75	0.04
4.8	simsensor_2003_8	2017-07-28T18:03:07.997608208Z	2.67	0.0	75	0.03
4.8	simsensor_2003_7	2017-07-28T18:03:10.599712871Z	2.67	0.0	75	0.04
5.133	simsensor_2003_6	2017-07-28T18:03:13.941620218Z	3.115	0.0	75	0.04
5.307	simsensor_2003_5	2017-07-28T18:03:16.363411106Z	3.157	0.0	75	0.02
5.331	simsensor_2003_4	2017-07-28T18:03:19.530951859Z	3.115	0.0	75	0.04
4.145	simsensor_2003_3	2017-07-28T18:03:21.437483933Z	2.538	0.0	75	0.0
5.323	simsensor_2003_2	2017-07-28T18:03:24.19711445Z	2.802	0.0	75	0.04
4.606	simsensor_2003_1	2017-07-28T18:03:26.411526822Z	2.67	0.0	75	0.04
4.916	simsensor_2002_18	2017-07-28T18:03:30.392028139Z	2.996	0.0	75	0.07
5.202	simsensor_2002_17	2017-07-28T18:03:32.305325928Z	2.602	0.0	75	0.02
4.542	simsensor_2002_16	2017-07-28T18:03:35.266184267Z	2.676	0.0	75	0.07
4.744	simsensor_2002_15	2017-07-28T18:03:38.176229468Z	2.676	0.0	75	0.0
4.344	simsensor_2002_14	2017-07-28T18:03:40.265594578Z	2.676	0.0	75	0.0
4.472	simsensor_2002_13	2017-07-28T18:03:43.114277625Z	2.676	0.0	75	0.05
4.716	simsensor_2002_12	2017-07-28T18:03:45.937624811Z	2.718	0.0	75	0.03
4.34	simsensor_2002_11	2017-07-28T18:03:48.19050586Z	2.23	0.0	75	0.02
3.152	simsensor_2002_10	2017-07-28T18:03:50.634703895Z	1.932	0.0	75	0.06
6.267	simsensor_2002_9	2017-07-28T18:03:53.218444371Z	3.157	0.0	75	0.09
3.675	simsensor_2002_8	2017-07-28T18:03:55.45256076Z	2.225	0.0	75	0.05
4.269	simsensor_2002_7	2017-07-28T18:03:58.424647881Z	2.225	0.0	75	0.02
4.977	simsensor_2002_6	2017-07-28T18:04:01.454835547Z	3.157	0.0	75	0.04
4.137	simsensor_2002_5	2017-07-28T18:04:03.653209923Z	2.225	0.0	75	0.02
4.467	simsensor_2002_4	2017-07-28T18:04:06.373206762Z	2.225	0.0	75	0.06
3.873	simsensor_2002_3	2017-07-28T18:04:07.867700144Z	2.225	0.0	75	0.04
3.745	simsensor_2002_2	2017-07-28T18:04:10.772844377Z	2.225	0.0	75	0.04
4.137	simsensor_2002_1	2017-07-28T18:04:13.455761054Z	2.225	0.0	75	0.05
4.117	simsensor_2001_18	2017-07-28T18:04:15.296867384Z	2.535	0.0	75	0.06
3.586	simsensor_2001_17	2017-07-28T18:04:17.420493673Z	1.826	0.0	75	0.03
3.944	simsensor_2001_16	2017-07-28T18:04:19.673996263Z	2.23	0.0	75	0.06
3.972	simsensor_2001_15	2017-07-28T18:04:22.046956505Z	2.23	0.0	75	0.03
4.118	simsensor_2001_14	2017-07-28T18:04:24.181471161Z	2.23	0.0	75	0.03
4.004	simsensor_2001_13	2017-07-28T18:04:26.808152669Z	1.784	0.0	76	0.04
4.232	simsensor_2001_12	2017-07-28T18:04:29.454038708Z	2.23	0.0	76	0.04
4.192	simsensor_2001_11	2017-07-28T18:04:32.245680191Z	2.23	0.0	77	0.03
5.152	simsensor_2001_10	2017-07-28T18:04:35.449283287Z	2.272	0.0	78	0.04
4.504	simsensor_2001_9	2017-07-28T18:04:38.76377272Z	2.322	0.0	78	0.06
4.737	simsensor_2001_8	2017-07-28T18:04:42.153005078Z	2.225	0.0	79	0.03
4.838	simsensor_2001_7	2017-07-28T18:04:45.40551573Z	2.67	0.0	80	0.03
3.424	simsensor_2001_6	2017-07-28T18:04:47.90579743Z	1.78	0.0	80	0.04
4.3	simsensor_2001_5	2017-07-28T18:04:50.30509296Z	1.78	0.0	81	0.0
4.235	simsensor_2001_4	2017-07-28T18:04:53.472555224Z	2.225	0.0	81	0.0
4.709	simsensor_2001_3	2017-07-28T18:04:56.565861395Z	2.267	0.0	82	0.06
3.824	simsensor_2001_2	2017-07-28T18:04:58.915499518Z	1.78	0.0	83	0.02
4.609	simsensor_2001_1	2017-07-28T18:05:01.613162592Z	2.225	0.0	83	0.03
3.628	simsensor_2000_18	2017-07-28T18:05:04.635867146Z	1.804	0.0	84	0.02
3.132	simsensor_2000_17	2017-07-28T18:05:06.875077438Z	2.156	0.0	84	0.0
5.162	simsensor_2000_16	2017-07-28T18:05:09.8360641Z	2.23	0.0	85	0.05
5.632	simsensor_2000_15	2017-07-28T18:05:13.090858681Z	2.676	0.0	85	0.05
2.648	simsensor_2000_14	2017-07-28T18:05:16.098638406Z	1.454	0.0	86	0.04
5.1	simsensor_2000_13	2017-07-28T18:05:19.376594677Z	2.602	0.0	87	0.05
3.176	simsensor_2000_12	2017-07-28T18:05:22.639550364Z	1.412	0.0	87	0.05
5.836	simsensor_2000_11	2017-07-28T18:05:24.990646789Z	2.156	0.0	88	0.02
2.5	simsensor_2000_10	2017-07-28T18:05:27.074532905Z	1.784	0.0	88	0.03
3.315	simsensor_2000_9	2017-07-28T18:05:29.820320054Z	0.903	0.0	89	0.02
2.391	simsensor_2000_8	2017-07-28T18:05:31.07875311Z	1.335	0.0	89	0.0
3.966	simsensor_2000_7	2017-07-28T18:05:33.959080046Z	1.78	0.0	90	0.02
3.074	simsensor_2000_6	2017-07-28T18:05:36.510588186Z	1.78	0.0	90	0.04
3.003	simsensor_2000_5	2017-07-28T18:05:39.105731927Z	1.377	0.0	91	0.02
4.209	simsensor_2000_4	2017-07-28T18:05:42.482542786Z	2.225	0.0	91	0.05
4.321	simsensor_2000_3	2017-07-28T18:05:45.846870232Z	1.335	0.0	92	0.02
2.251	simsensor_2000_2	2017-07-28T18:05:47.615090434Z	1.335	0.0	92	0.0
3.148	simsensor_2000_1	2017-07-28T18:05:50.307532654Z	1.78	0.01	92	0.02
0.0	simsensor_2005_4	2017-07-28T18:05:58.422537838Z	0.0	0.0	94	0.0
6.769	simsensor_2005_3	2017-07-28T18:06:01.017364581Z	4.187	0.0	94	0.03
7.343	simsensor_2005_2	2017-07-28T18:06:03.923623669Z	4.005	0.0	95	0.02
6.801	simsensor_2005_1	2017-07-28T18:06:06.623363957Z	4.005	0.0	95	0.05
6.492	simsensor_2004_18	2017-07-28T18:06:09.391589951Z	3.598	0.0	96	0.04
6.274	simsensor_2004_17	2017-07-28T18:06:12.753872864Z	3.61	0.0	96	0.04
6.302	simsensor_2004_16	2017-07-28T18:06:15.144080616Z	3.122	0.0	97	0.02
5.658	simsensor_2004_15	2017-07-28T18:06:17.687064646Z	3.568	0.0	97	0.04
7.286	simsensor_2004_14	2017-07-28T18:06:21.82199978Z	4.014	0.0	98	0.07
6.254	simsensor_2004_13	2017-07-28T18:06:24.812560326Z	3.61	0.0	98	0.06
5.638	simsensor_2004_12	2017-07-28T18:06:26.859750044Z	3.122	0.0	98	0.02
5.588	simsensor_2004_11	2017-07-28T18:06:29.994207092Z	3.122	0.0	99	0.03
6.348	simsensor_2004_10	2017-07-28T18:06:33.245661303Z	3.568	0.0	99	0.0
6.35	simsensor_2004_9	2017-07-28T18:06:36.206623211Z	3.502	0.0	100	0.06
7.603	simsensor_2004_8	2017-07-28T18:06:40.736840573Z	4.005	0.0	101	0.04
5.339	simsensor_2004_7	2017-07-28T18:06:42.795345789Z	3.115	0.0	101	0.02
6.35	simsensor_2004_6	2017-07-28T18:06:46.774895684Z	3.56	0.0	102	0.02
6.937	simsensor_2004_5	2017-07-28T18:06:51.127809793Z	4.005	0.0	102	0.05
6.306	simsensor_2004_4	2017-07-28T18:06:55.444988819Z	3.602	0.0	103	0.02
125.753	simsensor_2004_3	2017-07-28T18:06:58.824833073Z	83.425	0.0	103	0.03
6.022	simsensor_2004_2	2017-07-28T18:07:02.304353841Z	3.56	0.0	104	0.05
7.118	simsensor_2004_1	2017-07-28T18:07:06.193134775Z	3.602	0.0	105	0.04
6.626	simsensor_2003_18	2017-07-28T18:07:09.735336051Z	3.92	0.0	105	0.02
6.028	simsensor_2003_17	2017-07-28T18:07:14.208461282Z	3.568	0.0	106	0.04
6.636	simsensor_2003_16	2017-07-28T18:07:17.81647944Z	3.568	0.0	106	0.02
6.364	simsensor_2003_15	2017-07-28T18:07:21.301716928Z	3.61	0.0	107	0.02
6.268	simsensor_2003_14	2017-07-28T18:07:25.439199014Z	3.568	0.0	108	0.05
6.096	simsensor_2003_13	2017-07-28T18:07:29.235890164Z	3.122	0.0	108	0.02
5.336	simsensor_2003_12	2017-07-28T18:07:32.565486383Z	3.122	0.0	109	0.02
7.226	simsensor_2003_11	2017-07-28T18:07:37.182819324Z	4.056	0.0	109	0.08
7.13	simsensor_2003_10	2017-07-28T18:07:41.968201768Z	4.014	0.0	110	0.06
6.326	simsensor_2003_9	2017-07-28T18:07:46.678985099Z	3.136	0.0	111	0.05
6.484	simsensor_2003_8	2017-07-28T18:07:50.602510663Z	3.56	0.0	111	0.04
7.167	simsensor_2003_7	2017-07-28T18:07:55.771179206Z	4.047	0.0	112	0.06
6.218	simsensor_2003_6	2017-07-28T18:08:00.280979861Z	3.56	0.0	113	0.03
6.67	simsensor_2003_5	2017-07-28T18:08:05.013240756Z	3.56	0.0	113	0.02
6.14	simsensor_2003_4	2017-07-28T18:08:08.824557166Z	3.56	0.0	114	0.02
5.599	simsensor_2003_3	2017-07-28T18:08:12.210482055Z	3.115	0.0	114	0.02
5.993	simsensor_2003_2	2017-07-28T18:08:15.319489461Z	3.157	0.0	115	0.05
6.212	simsensor_2003_1	2017-07-28T18:08:19.4084436Z	3.56	0.0	115	0.04
5.109	simsensor_2002_18	2017-07-28T18:08:22.90827575Z	2.799	0.0	116	0.04
6.332	simsensor_2002_17	2017-07-28T18:08:25.55440918Z	3.048	0.0	116	0.03
4.968	simsensor_2002_16	2017-07-28T18:08:29.206416803Z	3.122	0.0	117	0.02
5.586	simsensor_2002_15	2017-07-28T18:08:32.925937089Z	3.164	0.0	117	0.03
6.49	simsensor_2002_14	2017-07-28T18:08:37.324492387Z	3.568	0.0	118	0.02
4.872	simsensor_2002_13	2017-07-28T18:08:40.546162501Z	2.676	0.0	118	0.03
5.624	simsensor_2002_12	2017-07-28T18:08:43.914805495Z	2.676	0.0	119	0.03
4.08	simsensor_2002_11	2017-07-28T18:08:46.52671076Z	2.676	0.0	119	0.0
4.568	simsensor_2002_10	2017-07-28T18:08:50.384605408Z	2.378	0.0	120	0.03
7.61	simsensor_2002_9	2017-07-28T18:08:54.440726567Z	3.792	0.0	120	0.02
5.555	simsensor_2002_8	2017-07-28T18:08:58.790646813Z	3.115	0.0	121	0.04
5.398	simsensor_2002_7	2017-07-28T18:09:02.273919073Z	2.67	0.0	121	0.02
5.69	simsensor_2002_6	2017-07-28T18:09:07.299301425Z	3.56	0.0	122	0.03
6.061	simsensor_2002_5	2017-07-28T18:09:10.686798716Z	3.115	0.0	122	0.04
5.528	simsensor_2002_4	2017-07-28T18:09:14.635127869Z	2.712	0.0	123	0.0
3.21	simsensor_2002_3	2017-07-28T18:09:16.281072659Z	1.854	0.0	123	0.0
6.751	simsensor_2002_2	2017-07-28T18:09:21.41602306Z	3.115	0.0	124	0.04
5.14	simsensor_2002_1	2017-07-28T18:09:25.775466112Z	3.486	0.0	124	0.06
7.171	simsensor_2001_18	2017-07-28T18:09:30.864035328Z	4.183	0.0	125	0.02
5.83	simsensor_2001_17	2017-07-28T18:09:36.488537276Z	3.196	0.0	126	0.04
4.984	simsensor_2001_16	2017-07-28T18:09:39.192003454Z	2.644	0.0	126	0.02
5.45	simsensor_2001_15	2017-07-28T18:09:42.836568667Z	2.676	0.0	127	0.02
5.322	simsensor_2001_14	2017-07-28T18:09:46.760238275Z	3.122	0.0	127	0.04
4.904	simsensor_2001_13	2017-07-28T18:09:49.879983436Z	2.23	0.0	127	0.02
4.932	simsensor_2001_12	2017-07-28T18:09:54.129554391Z	2.676	0.0	128	0.02
5.896	simsensor_2001_11	2017-07-28T18:09:59.458844991Z	3.61	0.0	129	0.04
5.244	simsensor_2001_10	2017-07-28T18:10:02.445949831Z	2.23	0.0	129	0.02
5.014	simsensor_2001_9	2017-07-28T18:10:07.117882125Z	2.442	0.0	130	0.06
5.929	simsensor_2001_8	2017-07-28T18:10:11.682204157Z	3.115	0.0	130	0.04
3.976	simsensor_2001_7	2017-07-28T18:10:15.825944966Z	2.67	0.0	131	0.03
6.183	simsensor_2001_6	2017-07-28T18:10:21.928095291Z	3.115	0.0	131	0.04
4.589	simsensor_2001_5	2017-07-28T18:10:25.438991973Z	2.299	0.0	132	0.02
6.41	simsensor_2001_4	2017-07-28T18:10:30.886329714Z	3.528	0.0	132	0.06
4.589	simsensor_2001_3	2017-07-28T18:10:34.449706989Z	2.225	0.0	133	0.02
5.639	simsensor_2001_2	2017-07-28T18:10:39.451481684Z	3.115	0.0	133	0.01
6.578	simsensor_2001_1	2017-07-28T18:10:44.769786009Z	3.56	0.0	134	0.06
5.227	simsensor_2000_18	2017-07-28T18:10:50.251994642Z	3.111	0.0	135	0.02
6.092	simsensor_2000_17	2017-07-28T18:10:55.33256419Z	3.866	0.0	135	0.06
5.766	simsensor_2000_16	2017-07-28T18:11:00.120286878Z	2.718	0.0	136	0.03
5.746	simsensor_2000_15	2017-07-28T18:11:04.690253541Z	2.676	0.0	137	0.03
3.02	simsensor_2000_14	2017-07-28T18:11:07.662740439Z	1.858	0.0	137	0.01
4.966	simsensor_2000_13	2017-07-28T18:11:11.294970888Z	2.602	0.0	137	0.03
5.014	simsensor_2000_12	2017-07-28T18:11:17.020429608Z	2.75	0.0	138	0.03
7.8	simsensor_2000_11	2017-07-28T18:11:21.971830772Z	3.09	0.0	139	0.01
4.05	simsensor_2000_10	2017-07-28T18:11:25.810347108Z	2.676	0.0	139	0.03
3.427	simsensor_2000_9	2017-07-28T18:11:30.203197599Z	1.437	0.0	140	0.03
4.582	simsensor_2000_8	2017-07-28T18:11:34.173815253Z	2.67	0.0	140	0.01
5.156	simsensor_2000_7	2017-07-28T18:11:39.183428475Z	2.67	0.0	141	0.02
4.133	simsensor_2000_6	2017-07-28T18:11:42.799387519Z	2.225	0.0	141	0.03
2.895	simsensor_2000_5	2017-07-28T18:11:45.584300251Z	1.335	0.0	142	0.01
4.341	simsensor_2000_4	2017-07-28T18:11:49.675976753Z	2.225	0.0	142	0.03
5.755	simsensor_2000_3	2017-07-28T18:11:54.431344559Z	2.267	0.0	143	0.04
4.927	simsensor_2000_2	2017-07-28T18:11:59.98851072Z	3.115	0.0	143	0.03
2.978	simsensor_2000_1	2017-07-28T18:12:03.395807145Z	1.78	0.01	144	0.01
0.0	simsensor_2008_1	2017-07-28T18:12:13.132246309Z	0.0	0.0	145	0.0
10.723	simsensor_2007_18	2017-07-28T18:12:18.334134212Z	6.431	0.0	145	0.03
10.056	simsensor_2007_17	2017-07-28T18:12:24.383875416Z	6.244	0.0	146	0.04
9.942	simsensor_2007_16	2017-07-28T18:12:29.351951873Z	5.798	0.0	147	0.02
9.894	simsensor_2007_15	2017-07-28T18:12:34.554592715Z	5.84	0.0	147	0.05
12.23	simsensor_2007_14	2017-07-28T18:12:43.004928614Z	7.136	0.0	149	0.04
9.368	simsensor_2007_13	2017-07-28T18:12:47.666716252Z	5.84	0.0	149	0.07
10.606	simsensor_2007_12	2017-07-28T18:12:53.756146624Z	6.244	0.0	150	0.07
8.86	simsensor_2007_11	2017-07-28T18:12:57.356809526Z	5.352	0.0	150	0.01
9.99	simsensor_2007_10	2017-07-28T18:13:03.154484606Z	6.244	0.0	150	0.03
8.692	simsensor_2007_9	2017-07-28T18:13:07.584171336Z	5.254	0.0	150	0.03
10.833	simsensor_2007_8	2017-07-28T18:13:14.522813009Z	6.675	0.0	150	0.06
10.281	simsensor_2007_7	2017-07-28T18:13:20.571964892Z	6.717	0.0	150	0.05
10.038	simsensor_2007_6	2017-07-28T18:13:25.689629231Z	6.23	0.0	150	0.03
9.972	simsensor_2007_5	2017-07-28T18:13:31.151170752Z	6.23	0.0	150	0.01
10.08	simsensor_2007_4	2017-07-28T18:13:36.435077229Z	6.272	0.0	150	0.06
10.368	simsensor_2007_3	2017-07-28T18:13:42.5006437Z	6.23	0.0	150	0.06
8.646	simsensor_2007_2	2017-07-28T18:13:48.051237725Z	5.34	0.0	150	0.05
8.979	simsensor_2007_1	2017-07-28T18:13:53.282403825Z	5.785	0.0	150	0.02
7.557	simsensor_2006_18	2017-07-28T18:13:57.192718868Z	4.753	0.0	150	0.01
10.028	simsensor_2006_17	2017-07-28T18:14:02.728174434Z	6.286	0.0	150	0.07
10.406	simsensor_2006_16	2017-07-28T18:14:09.615071601Z	6.202	0.0	150	0.04
10.23	simsensor_2006_15	2017-07-28T18:14:16.270593567Z	6.732	0.0	150	0.06
8.39	simsensor_2006_14	2017-07-28T18:14:19.389143407Z	4.906	0.0	150	0.01
8.436	simsensor_2006_13	2017-07-28T18:14:24.875083437Z	5.394	0.0	150	0.02
11.488	simsensor_2006_12	2017-07-28T18:14:32.760340607Z	7.178	0.0	150	0.07
9.214	simsensor_2006_11	2017-07-28T18:14:39.116489331Z	5.756	0.0	150	0.02
8.964	simsensor_2006_10	2017-07-28T18:14:43.280595523Z	5.394	0.0	150	0.02
8.521	simsensor_2006_9	2017-07-28T18:14:49.644112448Z	5.459	0.0	150	0.01
8.778	simsensor_2006_8	2017-07-28T18:14:54.886306665Z	5.34	0.0	150	0.04
8.289	simsensor_2006_7	2017-07-28T18:14:58.916411013Z	4.937	0.0	150	0.0
9.504	simsensor_2006_6	2017-07-28T18:15:03.778357691Z	5.34	0.0	150	0.02
9.048	simsensor_2006_5	2017-07-28T18:15:10.120778147Z	6.23	0.0	150	0.03
8.817	simsensor_2006_4	2017-07-28T18:15:14.046405944Z	4.937	0.0	150	0.02
6.99	simsensor_2006_3	2017-07-28T18:15:17.592516828Z	4.45	0.0	150	0.03
8.823	simsensor_2006_2	2017-07-28T18:15:23.809571644Z	5.827	0.0	150	0.01
8.049	simsensor_2006_1	2017-07-28T18:15:28.955519978Z	4.895	0.0	150	0.05
10.061	simsensor_2005_18	2017-07-28T18:15:34.835119064Z	6.273	0.0	150	0.06
8.766	simsensor_2005_17	2017-07-28T18:15:39.988402284Z	5.394	0.0	150	0.03
8.192	simsensor_2005_16	2017-07-28T18:15:44.471013852Z	4.906	0.0	150	0.04
7.706	simsensor_2005_15	2017-07-28T18:15:49.094511421Z	4.948	0.0	150	0.03
8.46	simsensor_2005_14	2017-07-28T18:15:54.414774376Z	5.352	0.0	150	0.06
8.94	simsensor_2005_13	2017-07-28T18:15:59.297495785Z	4.906	0.0	151	0.03
8.638	simsensor_2005_12	2017-07-28T18:16:04.851137616Z	5.394	0.0	151	0.04
7.488	simsensor_2005_11	2017-07-28T18:16:09.410896941Z	4.46	0.0	152	0.01
10.69	simsensor_2005_10	2017-07-28T18:16:16.175803724Z	5.84	0.0	153	0.04
4.778	simsensor_2005_9	2017-07-28T18:16:18.975773603Z	3.054	0.0	153	0.0
10.197	simsensor_2005_8	2017-07-28T18:16:24.961191584Z	5.711	0.0	154	0.03
8.491	simsensor_2005_7	2017-07-28T18:16:30.032779133Z	4.937	0.0	154	0.03
9.072	simsensor_2005_6	2017-07-28T18:16:35.648813417Z	5.34	0.0	155	0.0
6.867	simsensor_2005_5	2017-07-28T18:16:38.859538297Z	4.047	0.0	155	0.02
9.831	simsensor_2005_4	2017-07-28T18:16:45.900126087Z	5.785	0.0	156	0.08
10.308	simsensor_2005_3	2017-07-28T18:16:53.641989565Z	6.272	0.0	157	0.03
11.454	simsensor_2005_2	2017-07-28T18:17:00.756096689Z	6.23	0.0	158	0.05
9.138	simsensor_2005_1	2017-07-28T18:17:07.480844685Z	5.34	0.0	159	0.05
9.586	simsensor_2004_18	2017-07-28T18:17:13.281119472Z	5.634	0.0	159	0.03
8.59	simsensor_2004_17	2017-07-28T18:17:20.090717662Z	4.906	0.0	160	0.04
9.49	simsensor_2004_16	2017-07-28T18:17:27.045095703Z	5.84	0.0	161	0.05
8.214	simsensor_2004_15	2017-07-28T18:17:33.595626211Z	4.906	0.0	162	0.08
7.964	simsensor_2004_14	2017-07-28T18:17:37.512574605Z	4.056	0.0	162	0.02
8.096	simsensor_2004_13	2017-07-28T18:17:44.451109319Z	4.906	0.0	163	0.06
7.752	simsensor_2004_12	2017-07-28T18:17:49.649725902Z	4.46	0.0	164	0.03
10.12	simsensor_2004_11	2017-07-28T18:17:58.463569591Z	6.286	0.0	165	0.06
9.81	simsensor_2004_10	2017-07-28T18:18:06.326491211Z	5.352	0.0	166	0.03
9.32	simsensor_2004_9	2017-07-28T18:18:13.890504002Z	4.594	0.0	167	0.04
9.86	simsensor_2004_8	2017-07-28T18:18:21.22720898Z	5.34	0.0	167	0.03
6.512	simsensor_2004_7	2017-07-28T18:18:26.779324715Z	4.492	0.0	168	0.02
7.142	simsensor_2004_6	2017-07-28T18:18:30.33719319Z	3.56	0.0	169	0.0
6.132	simsensor_2004_5	2017-07-28T18:18:34.816834599Z	4.45	0.0	169	0.04
7.707	simsensor_2004_4	2017-07-28T18:18:39.605779341Z	4.125	0.0	170	0.03
125.689	simsensor_2004_3	2017-07-28T18:18:44.363204212Z	83.347	0.0	170	0.02
9.843	simsensor_2004_2	2017-07-28T18:18:52.304335917Z	5.827	0.0	171	0.07
6.757	simsensor_2004_1	2017-07-28T18:18:55.593688055Z	3.115	0.0	171	0.01
11.024	simsensor_2003_18	2017-07-28T18:19:03.225556306Z	6.408	0.0	172	0.04
6.086	simsensor_2003_17	2017-07-28T18:19:09.566288083Z	4.948	0.0	173	0.05
9.74	simsensor_2003_16	2017-07-28T18:19:17.343618054Z	5.352	0.0	174	0.03
8.854	simsensor_2003_15	2017-07-28T18:19:23.919494623Z	4.46	0.0	174	0.06
6.806	simsensor_2003_14	2017-07-28T18:19:29.881792816Z	4.502	0.0	175	0.05
9.554	simsensor_2003_13	2017-07-28T18:19:38.460196195Z	5.666	0.0	176	0.02
6.128	simsensor_2003_12	2017-07-28T18:19:43.0867232Z	3.296	0.0	177	0.02
8.496	simsensor_2003_11	2017-07-28T18:19:49.746728492Z	4.906	0.0	177	0.01
6.26	simsensor_2003_10	2017-07-28T18:19:54.23707941Z	4.014	0.0	178	0.02
6.036	simsensor_2003_9	2017-07-28T18:19:58.483364506Z	1.964	0.0	178	0.01
8.381	simsensor_2003_8	2017-07-28T18:20:05.57038113Z	4.937	0.0	179	0.01
7.811	simsensor_2003_7	2017-07-28T18:20:12.063694373Z	4.895	0.0	180	0.05
9.444	simsensor_2003_6	2017-07-28T18:20:20.533573842Z	5.382	0.0	181	0.03
5.599	simsensor_2003_5	2017-07-28T18:20:24.6022794Z	3.115	0.0	181	0.01
8.978	simsensor_2003_4	2017-07-28T18:20:31.892821159Z	5.382	0.0	182	0.02
8.319	simsensor_2003_3	2017-07-28T18:20:39.099670537Z	4.895	0.0	182	0.05
7.609	simsensor_2003_2	2017-07-28T18:20:45.144300878Z	4.005	0.0	183	0.04
5.205	simsensor_2003_1	2017-07-28T18:20:48.636340231Z	3.115	0.0	183	0.01
8.498	simsensor_2002_18	2017-07-28T18:20:55.246784736Z	5.368	0.0	184	0.03
9.662	simsensor_2002_17	2017-07-28T18:20:59.713817031Z	3.94	0.0	185	0.02
4.488	simsensor_2002_16	2017-07-28T18:21:04.766827498Z	3.568	0.0	185	0.01
8.656	simsensor_2002_15	2017-07-28T18:21:12.27038052Z	4.056	0.0	186	0.05
7.2	simsensor_2002_14	2017-07-28T18:21:18.237151278Z	4.46	0.0	186	0.0
7.428	simsensor_2002_13	2017-07-28T18:21:25.928033433Z	4.906	0.0	187	0.04
8.52	simsensor_2002_12	2017-07-28T18:21:31.990117018Z	4.502	0.0	188	0.04
6.366	simsensor_2002_11	2017-07-28T18:21:39.37011169Z	4.46	0.0	189	0.03
5.92	simsensor_2002_10	2017-07-28T18:21:45.132554524Z	3.312	0.0	189	0.02
8.133	simsensor_2002_9	2017-07-28T18:21:50.431317204Z	3.055	0.0	190	0.03
6.732	simsensor_2002_8	2017-07-28T18:21:57.167172746Z	4.376	0.0	190	0.03
8.411	simsensor_2002_7	2017-07-28T18:22:05.103598307Z	4.895	0.0	191	0.02
7.318	simsensor_2002_6	2017-07-28T18:22:11.747880758Z	4.492	0.0	192	0.03
9.077	simsensor_2002_5	2017-07-28T18:22:17.995860385Z	4.005	0.0	192	0.04
6.158	simsensor_2002_4	2017-07-28T18:22:23.447842012Z	3.602	0.0	193	0.02
6.215	simsensor_2002_3	2017-07-28T18:22:29.507475485Z	3.189	0.0	193	0.02
9.027	simsensor_2002_2	2017-07-28T18:22:39.369273268Z	5.785	0.0	194	0.04
8.418	simsensor_2002_1	2017-07-28T18:22:48.067400742Z	5.308	0.0	195	0.04
11.151	simsensor_2001_18	2017-07-28T18:22:57.312208895Z	6.763	0.0	196	0.07
5.142	simsensor_2001_17	2017-07-28T18:23:03.230019239Z	3.238	0.0	196	0.03
10.32	simsensor_2001_16	2017-07-28T18:23:12.083920553Z	5.724	0.0	197	0.03
5.516	simsensor_2001_15	2017-07-28T18:23:16.354972115Z	2.676	0.0	198	0.0
6.456	simsensor_2001_14	2017-07-28T18:23:22.681168282Z	4.46	0.0	198	0.02
9.708	simsensor_2001_13	2017-07-28T18:23:32.096386642Z	4.576	0.0	199	0.02
7.022	simsensor_2001_12	2017-07-28T18:23:37.881021125Z	3.94	0.0	200	0.02
6.97	simsensor_2001_11	2017-07-28T18:23:46.801365652Z	4.906	0.0	200	0.04
8.422	simsensor_2001_10	2017-07-28T18:23:53.95904832Z	4.056	0.0	201	0.03
6.313	simsensor_2001_9	2017-07-28T18:24:01.17324998Z	2.507	0.0	201	0.04
5.603	simsensor_2001_8	2017-07-28T18:24:08.25774677Z	4.079	0.0	202	0.03
8.347	simsensor_2001_7	2017-07-28T18:24:16.908267501Z	4.821	0.0	203	0.03
5.859	simsensor_2001_6	2017-07-28T18:24:22.482295481Z	3.157	0.0	203	0.02
8.739	simsensor_2001_5	2017-07-28T18:24:31.293293145Z	4.969	0.0	204	0.03
8.006	simsensor_2001_4	2017-07-28T18:24:39.354912132Z	4.376	0.0	205	0.04
8.647	simsensor_2001_3	2017-07-28T18:24:47.445546049Z	4.005	0.0	205	0.0
5.341	simsensor_2001_2	2017-07-28T18:24:53.887579534Z	4.005	0.0	206	0.02
8.468	simsensor_2001_1	2017-07-28T18:25:02.311755207Z	4.492	0.0	207	0.03
8.025	simsensor_2000_18	2017-07-28T18:25:10.552021248Z	5.745	0.0	207	0.02
10.822	simsensor_2000_17	2017-07-28T18:25:21.728126796Z	6.542	0.0	208	0.04
5.6	simsensor_2000_16	2017-07-28T18:25:27.148205322Z	3.164	0.0	209	0.02
9.962	simsensor_2000_15	2017-07-28T18:25:35.123836059Z	4.418	0.0	209	0.03
4.982	simsensor_2000_14	2017-07-28T18:25:42.536790194Z	3.684	0.0	210	0.03
8.148	simsensor_2000_13	2017-07-28T18:25:50.154289878Z	4.386	0.0	211	0.03
6.228	simsensor_2000_12	2017-07-28T18:25:59.482664571Z	4.088	0.0	211	0.02
9.63	simsensor_2000_11	2017-07-28T18:26:06.424278122Z	4.386	0.0	212	0.02
7.27	simsensor_2000_10	2017-07-28T18:26:14.187936075Z	4.056	0.0	213	0.04
6.86	simsensor_2000_9	2017-07-28T18:26:24.514673564Z	3.67	0.0	213	0.05
6.235	simsensor_2000_8	2017-07-28T18:26:30.562144693Z	3.115	0.0	214	0.02
4.819	simsensor_2000_7	2017-07-28T18:26:36.64483899Z	3.157	0.0	214	0.03
5.976	simsensor_2000_6	2017-07-28T18:26:43.474749402Z	3.56	0.0	215	0.04
8.359	simsensor_2000_5	2017-07-28T18:26:52.973041699Z	4.895	0.0	216	0.04
7.255	simsensor_2000_4	2017-07-28T18:27:01.724541658Z	4.005	0.0	217	0.01
9.734	simsensor_2000_3	2017-07-28T18:27:11.600698607Z	4.45	0.0	217	0.04
2.451	simsensor_2000_2	2017-07-28T18:27:14.984119697Z	2.267	0.0	218	0.0
4.706	simsensor_2000_1	2017-07-28T18:27:20.815467111Z	2.67	0.01	218	0.02
0.0	simsensor_2012_3	2017-07-28T18:27:35.940542012Z	0.0	0.0	219	0.02
14.636	simsensor_2012_2	2017-07-28T18:27:43.771904366Z	8.9	0.0	220	0.02
15.209	simsensor_2012_1	2017-07-28T18:27:52.874627186Z	9.387	0.0	221	0.03
14.164	simsensor_2011_18	2017-07-28T18:28:00.304319869Z	8.974	0.0	221	0.02
13.564	simsensor_2011_17	2017-07-28T18:28:07.172804995Z	8.07	0.0	222	0.03
13.38	simsensor_2011_16	2017-07-28T18:28:13.775707888Z	8.474	0.0	222	0.01
13.992	simsensor_2011_15	2017-07-28T18:28:21.195266342Z	8.474	0.0	223	0.01
14.434	simsensor_2011_14	2017-07-28T18:28:29.041429496Z	8.962	0.0	223	0.03
13.978	simsensor_2011_13	2017-07-28T18:28:37.326943958Z	8.92	0.0	224	0.05
13.366	simsensor_2011_12	2017-07-28T18:28:43.199213073Z	8.07	0.0	225	0.01
14.642	simsensor_2011_11	2017-07-28T18:28:52.083581442Z	9.366	0.0	225	0.02
17.196	simsensor_2011_10	2017-07-28T18:29:03.674780104Z	10.746	0.0	225	0.04
12.724	simsensor_2011_9	2017-07-28T18:29:10.583900261Z	8.222	0.0	225	0.02
14.589	simsensor_2011_8	2017-07-28T18:29:20.007969167Z	9.387	0.0	225	0.01
14.19	simsensor_2011_7	2017-07-28T18:29:29.146502972Z	8.942	0.0	225	0.01
12.534	simsensor_2011_6	2017-07-28T18:29:35.012495814Z	8.052	0.0	225	0.02
14.148	simsensor_2011_5	2017-07-28T18:29:45.147680764Z	8.9	0.0	225	0.04
11.961	simsensor_2011_4	2017-07-28T18:29:49.958150889Z	7.565	0.0	225	0.02
13.86	simsensor_2011_3	2017-07-28T18:29:58.737635335Z	8.942	0.0	225	0.05
15.582	simsensor_2011_2	2017-07-28T18:30:06.824185137Z	9.832	0.0	225	0.03
13.686	simsensor_2011_1	2017-07-28T18:30:15.42970751Z	8.9	0.0	225	0.02
12.604	simsensor_2010_18	2017-07-28T18:30:22.402415042Z	8.076	0.0	225	0.01
13.24	simsensor_2010_17	2017-07-28T18:30:29.137472018Z	8.474	0.0	225	0.02
13.612	simsensor_2010_16	2017-07-28T18:30:37.868405973Z	8.516	0.0	225	0.04
11.314	simsensor_2010_15	2017-07-28T18:30:43.380781289Z	7.136	0.0	225	0.02
14.012	simsensor_2010_14	2017-07-28T18:30:51.351352974Z	8.962	0.0	225	0.02
14.52	simsensor_2010_13	2017-07-28T18:31:01.939829754Z	9.45	0.0	225	0.05
11.244	simsensor_2010_12	2017-07-28T18:31:06.992656451Z	6.69	0.0	225	0.02
13.254	simsensor_2010_11	2017-07-28T18:31:15.038847812Z	8.112	0.0	225	0.04
11.214	simsensor_2010_10	2017-07-28T18:31:22.317174316Z	7.986	0.0	225	0.03
11.892	simsensor_2010_9	2017-07-28T18:31:29.431195834Z	7.034	0.0	225	0.03
13.392	simsensor_2010_8	2017-07-28T18:31:37.972710036Z	8.052	0.0	225	0.04
12.867	simsensor_2010_7	2017-07-28T18:31:46.841644894Z	8.497	0.0	225	0.03
12.097	simsensor_2010_6	2017-07-28T18:31:53.757038905Z	7.607	0.0	225	0.02
12.157	simsensor_2010_5	2017-07-28T18:32:01.640453618Z	7.565	0.0	226	0.04
16.672	simsensor_2010_4	2017-07-28T18:32:14.0654667Z	9.832	0.0	227	0.02
13.529	simsensor_2010_3	2017-07-28T18:32:24.125576188Z	8.539	0.0	228	0.03
14.837	simsensor_2010_2	2017-07-28T18:32:35.176349444Z	9.345	0.0	229	0.02
11.342	simsensor_2010_1	2017-07-28T18:32:40.334221842Z	6.272	0.0	229	0.01
13.937	simsensor_2009_18	2017-07-28T18:32:50.463758852Z	9.211	0.0	230	0.06
13.37	simsensor_2009_17	2017-07-28T18:32:57.790062825Z	8.07	0.0	230	0.02
14.762	simsensor_2009_16	2017-07-28T18:33:09.359451867Z	9.004	0.0	231	0.05
13.164	simsensor_2009_15	2017-07-28T18:33:18.094875787Z	8.028	0.0	232	0.04
13.704	simsensor_2009_14	2017-07-28T18:33:28.050848681Z	8.516	0.0	233	0.01
14.302	simsensor_2009_13	2017-07-28T18:33:37.795182889Z	8.516	0.0	234	0.05
12.136	simsensor_2009_12	2017-07-28T18:33:45.779318291Z	7.582	0.0	234	0.04
10.828	simsensor_2009_11	2017-07-28T18:33:51.380797448Z	6.732	0.0	235	0.03
12.414	simsensor_2009_10	2017-07-28T18:33:58.388373557Z	7.112	0.0	235	0.03
15.29	simsensor_2009_9	2017-07-28T18:34:11.429938956Z	8.958	0.0	236	0.05
11.126	simsensor_2009_8	2017-07-28T18:34:18.788759906Z	7.204	0.0	237	0.03
13.001	simsensor_2009_7	2017-07-28T18:34:27.527449434Z	7.523	0.0	238	0.03
12.89	simsensor_2009_6	2017-07-28T18:34:36.870525112Z	8.052	0.0	239	0.03
11.918	simsensor_2009_5	2017-07-28T18:34:44.641915929Z	7.204	0.0	239	0.01
11.48	simsensor_2009_4	2017-07-28T18:34:51.968517721Z	7.078	0.0	240	0.01
11.047	simsensor_2009_3	2017-07-28T18:34:58.971188329Z	6.717	0.0	240	0.0
13.962	simsensor_2009_2	2017-07-28T18:35:10.0141595Z	8.984	0.0	241	0.04
12.206	simsensor_2009_1	2017-07-28T18:35:18.529952685Z	7.078	0.0	242	0.02
16.948	simsensor_2008_18	2017-07-28T18:35:29.865489611Z	10.462	0.0	243	0.04
13.906	simsensor_2008_17	2017-07-28T18:35:41.491407451Z	8.962	0.0	244	0.05
14.27	simsensor_2008_16	2017-07-28T18:35:51.077496449Z	8.028	0.0	244	0.03
12.848	simsensor_2008_15	2017-07-28T18:36:00.358634585Z	7.666	0.0	245	0.04
12.272	simsensor_2008_14	2017-07-28T18:36:09.43861568Z	8.028	0.0	246	0.03
11.27	simsensor_2008_13	2017-07-28T18:36:16.855014069Z	6.69	0.0	246	0.02
13.17	simsensor_2008_12	2017-07-28T18:36:27.652401028Z	8.558	0.0	247	0.01
13.556	simsensor_2008_11	2017-07-28T18:36:36.377891517Z	7.582	0.0	248	0.02
12.978	simsensor_2008_10	2017-07-28T18:36:47.378506185Z	8.516	0.0	249	0.05
12.194	simsensor_2008_9	2017-07-28T18:36:55.467841578Z	5.944	0.0	249	0.02
12.921	simsensor_2008_8	2017-07-28T18:37:07.783513624Z	8.529	0.0	250	0.05
12.625	simsensor_2008_7	2017-07-28T18:37:15.476599126Z	7.491	0.0	251	0.02
131.889	simsensor_2008_6	2017-07-28T18:37:25.173279901Z	87.959	0.0	252	0.03
15.744	simsensor_2008_5	2017-07-28T18:37:39.946558267Z	9.832	0.0	253	0.05
10.756	simsensor_2008_4	2017-07-28T18:37:45.757696348Z	6.314	0.0	253	0.03
13.101	simsensor_2008_3	2017-07-28T18:37:54.853894102Z	7.523	0.0	254	0.03
13.001	simsensor_2008_2	2017-07-28T18:38:05.567443901Z	8.497	0.0	255	0.03
11.987	simsensor_2008_1	2017-07-28T18:38:14.948446888Z	7.565	0.0	256	0.03
18.834	simsensor_2007_18	2017-07-28T18:38:29.775614997Z	11.484	0.0	257	0.06
15.3	simsensor_2007_17	2017-07-28T18:38:42.840680245Z	9.334	0.0	257	0.04
12.716	simsensor_2007_16	2017-07-28T18:38:51.61571465Z	8.028	0.0	258	0.05
13.566	simsensor_2007_15	2017-07-28T18:39:03.468152131Z	8.516	0.0	259	0.03
16.244	simsensor_2007_14	2017-07-28T18:39:15.536797898Z	8.92	0.0	260	0.05
13.934	simsensor_2007_13	2017-07-28T18:39:25.472418597Z	8.07	0.0	260	0.03
12.478	simsensor_2007_12	2017-07-28T18:39:36.683323529Z	9.004	0.0	261	0.05
14.74	simsensor_2007_11	2017-07-28T18:39:45.243775717Z	7.54	0.0	262	0.03
11.41	simsensor_2007_10	2017-07-28T18:39:52.370721325Z	6.732	0.0	262	0.02
10.295	simsensor_2007_9	2017-07-28T18:40:03.470653749Z	5.987	0.0	263	0.07
13.621	simsensor_2007_8	2017-07-28T18:40:11.615798854Z	7.417	0.0	264	0.01
12.611	simsensor_2007_7	2017-07-28T18:40:20.878482945Z	8.581	0.0	264	0.02
10.928	simsensor_2007_6	2017-07-28T18:40:28.774679738Z	7.078	0.0	265	0.02
14.803	simsensor_2007_5	2017-07-28T18:40:37.815006217Z	8.497	0.0	265	0.04
12.053	simsensor_2007_4	2017-07-28T18:40:45.511244732Z	6.675	0.0	266	0.02
15.599	simsensor_2007_3	2017-07-28T18:40:58.101553878Z	9.387	0.0	267	0.04
9.446	simsensor_2007_2	2017-07-28T18:41:05.051223995Z	6.272	0.0	267	0.02
11.765	simsensor_2007_1	2017-07-28T18:41:16.402583022Z	7.717	0.0	268	0.05
14.431	simsensor_2006_18	2017-07-28T18:41:24.306049784Z	8.419	0.0	268	0.03
14.874	simsensor_2006_17	2017-07-28T18:41:34.497979239Z	8.154	0.0	269	0.05
11.296	simsensor_2006_16	2017-07-28T18:41:44.919404172Z	7.572	0.0	270	0.03
11.908	simsensor_2006_15	2017-07-28T18:41:54.104009719Z	7.996	0.0	270	0.02
15.298	simsensor_2006_14	2017-07-28T18:42:05.180881257Z	8.558	0.0	271	0.03
12.86	simsensor_2006_13	2017-07-28T18:42:14.470691648Z	7.136	0.0	272	0.04
13.536	simsensor_2006_12	2017-07-28T18:42:27.769151332Z	9.408	0.0	272	0.02
13.706	simsensor_2006_11	2017-07-28T18:42:38.396607142Z	7.986	0.0	273	0.03
13.17	simsensor_2006_10	2017-07-28T18:42:48.580270084Z	7.326	0.0	274	0.03
12.582	simsensor_2006_9	2017-07-28T18:42:58.982461964Z	6.352	0.0	274	0.04
9.02	simsensor_2006_8	2017-07-28T18:43:07.957744928Z	7.078	0.0	275	0.02
14.975	simsensor_2006_7	2017-07-28T18:43:19.134463315Z	7.681	0.0	276	0.02
11.845	simsensor_2006_6	2017-07-28T18:43:25.960705251Z	6.685	0.0	276	0.01
12.224	simsensor_2006_5	2017-07-28T18:43:35.017249633Z	7.12	0.0	277	0.02
11.092	simsensor_2006_4	2017-07-28T18:43:44.476706977Z	7.162	0.0	277	0.03
12.381	simsensor_2006_3	2017-07-28T18:43:56.309513393Z	8.413	0.0	278	0.03
11.104	simsensor_2006_2	2017-07-28T18:44:03.283761295Z	6.272	0.0	279	0.02
15.473	simsensor_2006_1	2017-07-28T18:44:16.182235383Z	8.539	0.0	279	0.05
17.832	simsensor_2005_18	2017-07-28T18:44:32.278772239Z	12.894	0.0	280	0.06
11.062	simsensor_2005_17	2017-07-28T18:44:42.610438312Z	7.22	0.0	281	0.01
15.988	simsensor_2005_16	2017-07-28T18:44:55.780878144Z	8.878	0.0	282	0.04
15.024	simsensor_2005_15	2017-07-28T18:45:10.39443064Z	9.366	0.0	283	0.03
9.86	simsensor_2005_14	2017-07-28T18:45:17.450529352Z	5.882	0.0	283	0.01
9.42	simsensor_2005_13	2017-07-28T18:45:22.271588944Z	5.31	0.0	283	0.01
11.244	simsensor_2005_12	2017-07-28T18:45:31.829364304Z	6.774	0.0	284	0.0
12.45	simsensor_2005_11	2017-07-28T18:45:42.799762223Z	7.582	0.0	285	0.02
14.826	simsensor_2005_10	2017-07-28T18:45:54.860941707Z	8.106	0.0	285	0.03
12.162	simsensor_2005_9	2017-07-28T18:46:11.167189145Z	7.656	0.0	286	0.03
17.613	simsensor_2005_8	2017-07-28T18:46:25.459403513Z	9.097	0.0	287	0.04
12.854	simsensor_2005_7	2017-07-28T18:46:37.899964067Z	8.052	0.0	288	0.04
14.883	simsensor_2005_6	2017-07-28T18:46:52.238523002Z	9.429	0.0	289	0.03
13.547	simsensor_2005_5	2017-07-28T18:47:03.424996176Z	7.577	0.0	290	0.05
13.626	simsensor_2005_4	2017-07-28T18:47:18.611072451Z	8.888	0.0	291	0.03
18.517	simsensor_2005_3	2017-07-28T18:47:36.445189736Z	11.209	0.0	292	0.04
15.05	simsensor_2005_2	2017-07-28T18:47:50.094872178Z	8.858	0.0	293	0.02
11.084	simsensor_2005_1	2017-07-28T18:47:58.802553792Z	6.314	0.0	293	0.02
14.906	simsensor_2004_18	2017-07-28T18:48:08.797542877Z	9.702	0.0	294	0.03
13.22	simsensor_2004_17	2017-07-28T18:48:21.501127305Z	7.54	0.0	295	0.03
10.554	simsensor_2004_16	2017-07-28T18:48:32.513230481Z	7.178	0.0	295	0.03
13.928	simsensor_2004_15	2017-07-28T18:48:46.883798494Z	8.516	0.0	296	0.06
11.894	simsensor_2004_14	2017-07-28T18:48:57.02601797Z	6.774	0.0	297	0.01
15.546	simsensor_2004_13	2017-07-28T18:49:11.799698705Z	8.878	0.0	298	0.05
16.356	simsensor_2004_12	2017-07-28T18:49:28.839322616Z	9.45	0.0	299	0.06
16.272	simsensor_2004_11	2017-07-28T18:49:45.221787297Z	9.812	0.0	300	0.04
10.612	simsensor_2004_10	2017-07-28T18:49:55.685280637Z	6.732	0.0	300	0.03
7.663	simsensor_2004_9	2017-07-28T18:50:05.76307752Z	3.545	0.0	300	0.03
11.528	simsensor_2004_8	2017-07-28T18:50:14.429839309Z	6.272	0.0	300	0.01
10.66	simsensor_2004_7	2017-07-28T18:50:26.817273707Z	7.204	0.0	300	0.04
9.543	simsensor_2004_6	2017-07-28T18:50:37.448770525Z	6.633	0.0	300	0.04
9.278	simsensor_2004_5	2017-07-28T18:50:45.458402421Z	6.272	0.0	300	0.03
8.701	simsensor_2004_4	2017-07-28T18:50:53.462018486Z	5.015	0.0	300	0.03
129.015	simsensor_2004_3	2017-07-28T18:51:03.374772738Z	86.017	0.0	300	0.02
13.407	simsensor_2004_2	2017-07-28T18:51:16.098748983Z	7.607	0.0	300	0.04
9.858	simsensor_2004_1	2017-07-28T18:51:26.195510458Z	6.272	0.0	300	0.03
13.569	simsensor_2003_18	2017-07-28T18:51:34.621138395Z	8.749	0.0	300	0.02
6.926	simsensor_2003_17	2017-07-28T18:51:44.285599697Z	6.328	0.0	300	0.02
14.49	simsensor_2003_16	2017-07-28T18:51:58.244365476Z	8.144	0.0	300	0.05
10.448	simsensor_2003_15	2017-07-28T18:52:08.823127681Z	6.128	0.0	300	0.03
8.918	simsensor_2003_14	2017-07-28T18:52:18.70647981Z	6.286	0.0	300	0.03
11.2	simsensor_2003_13	2017-07-28T18:52:31.84332153Z	7.252	0.0	300	0.05
14.21	simsensor_2003_12	2017-07-28T18:52:46.996068031Z	8.888	0.0	300	0.06
14.314	simsensor_2003_11	2017-07-28T18:53:02.747780307Z	8.872	0.0	300	0.05
16.26	simsensor_2003_10	2017-07-28T18:53:19.178478043Z	8.564	0.0	301	0.04
10.514	simsensor_2003_9	2017-07-28T18:53:32.774207135Z	4.466	0.0	302	0.03
13.332	simsensor_2003_8	2017-07-28T18:53:46.656603313Z	8.094	0.0	303	0.05
12.615	simsensor_2003_7	2017-07-28T18:54:01.92064989Z	8.455	0.0	304	0.0
15.876	simsensor_2003_6	2017-07-28T18:54:18.174707543Z	8.9	0.0	305	0.04
12.803	simsensor_2003_5	2017-07-28T18:54:32.54661212Z	8.455	0.0	306	0.02
12.335	simsensor_2003_4	2017-07-28T18:54:44.312240983Z	6.753	0.0	306	0.04
9.803	simsensor_2003_3	2017-07-28T18:54:56.034697595Z	6.639	0.0	307	0.04
13.194	simsensor_2003_2	2017-07-28T18:55:08.610605169Z	7.282	0.0	308	0.02
11.597	simsensor_2003_1	2017-07-28T18:55:21.544684021Z	7.481	0.0	309	0.02
15.779	simsensor_2002_18	2017-07-28T18:55:36.036367103Z	10.471	0.0	309	0.03
11.166	simsensor_2002_17	2017-07-28T18:55:42.41987077Z	4.47	0.0	310	0.03
4.426	simsensor_2002_16	2017-07-28T18:55:48.419809568Z	4.014	0.0	310	0.03
7.658	simsensor_2002_15	2017-07-28T18:55:54.420211968Z	4.014	0.0	310	0.06
5.74	simsensor_2002_14	2017-07-28T18:56:00.420008734Z	3.972	0.0	311	0.02
8.32	simsensor_2002_13	2017-07-28T18:56:06.420001043Z	4.46	0.0	311	0.02
7.268	simsensor_2002_12	2017-07-28T18:56:12.420301999Z	3.568	0.0	311	0.05
6.094	simsensor_2002_11	2017-07-28T18:56:18.419809645Z	4.948	0.0	312	0.03
4.304	simsensor_2002_10	2017-07-28T18:56:24.419922673Z	2.94	0.0	312	0.02
5.531	simsensor_2002_9	2017-07-28T18:56:30.419675841Z	0.875	0.0	312	0.03
6.896	simsensor_2002_8	2017-07-28T18:56:36.420048232Z	4.376	0.0	313	0.02
6.328	simsensor_2002_7	2017-07-28T18:56:42.419887425Z	3.602	0.0	313	0.03
7.683	simsensor_2002_6	2017-07-28T18:56:48.419775743Z	4.937	0.0	313	0.04
7.844	simsensor_2002_5	2017-07-28T18:56:54.420051444Z	3.602	0.0	314	0.02
6.895	simsensor_2002_4	2017-07-28T18:56:59.420038778Z	3.073	0.0	314	0.03
5.82	simsensor_2002_3	2017-07-28T18:57:05.419910112Z	3.634	0.0	314	0.03
6.62	simsensor_2002_2	2017-07-28T18:57:11.419903717Z	4.45	0.0	315	0.02
5.606	simsensor_2002_1	2017-07-28T18:57:16.420008813Z	3.486	0.0	315	0.02
9.181	simsensor_2001_18	2017-07-28T18:57:21.427550118Z	6.629	0.0	315	0.03
4.966	simsensor_2001_17	2017-07-28T18:57:26.419856188Z	2.708	0.0	316	0.02
5.85	simsensor_2001_16	2017-07-28T18:57:31.420316701Z	3.164	0.0	316	0.03
7.66	simsensor_2001_15	2017-07-28T18:57:36.419990364Z	3.982	0.0	316	0.03
4.502	simsensor_2001_14	2017-07-28T18:57:41.420060465Z	3.08	0.0	316	0.03
6.502	simsensor_2001_13	2017-07-28T18:57:46.419819219Z	2.75	0.0	317	0.06
6.03	simsensor_2001_12	2017-07-28T18:57:51.419923688Z	3.536	0.0	317	0.03
5.024	simsensor_2001_11	2017-07-28T18:57:56.419905173Z	3.568	0.0	317	0.03
6.464	simsensor_2001_10	2017-07-28T18:58:01.420295303Z	2.792	0.0	318	0.02
2.49	simsensor_2001_9	2017-07-28T18:58:06.421661595Z	0.0	0.0	318	0.03
4.515	simsensor_2001_8	2017-07-28T18:58:11.420090699Z	3.115	0.0	318	0.02
7.761	simsensor_2001_7	2017-07-28T18:58:17.419912554Z	3.931	0.0	319	0.03
4.257	simsensor_2001_6	2017-07-28T18:58:23.420181108Z	3.115	0.0	319	0.03
6.598	simsensor_2001_5	2017-07-28T18:58:29.419773714Z	3.676	0.0	319	0.03
7.051	simsensor_2001_4	2017-07-28T18:58:35.419681634Z	3.889	0.0	320	0.05
6.573	simsensor_2001_3	2017-07-28T18:58:40.419898507Z	3.115	0.0	320	0.03
2.733	simsensor_2001_2	2017-07-28T18:58:45.420050116Z	2.493	0.0	320	0.03
7.645	simsensor_2001_1	2017-07-28T18:58:51.420053283Z	3.737	0.0	321	0.03
8.349	simsensor_2000_18	2017-07-28T18:58:57.419827667Z	7.355	0.0	321	0.03
6.396	simsensor_2000_17	2017-07-28T18:59:03.420344398Z	3.536	0.0	321	0.03
6.004	simsensor_2000_16	2017-07-28T18:59:09.420049046Z	3.982	0.0	322	0.03
9.786	simsensor_2000_15	2017-07-28T18:59:15.420021532Z	3.484	0.0	322	0.04
3.74	simsensor_2000_14	2017-07-28T18:59:21.421014448Z	3.238	0.0	322	0.03
6.942	simsensor_2000_13	2017-07-28T18:59:27.419934755Z	3.452	0.0	322	0.06
3.908	simsensor_2000_12	2017-07-28T18:59:33.420007823Z	2.42	0.0	323	0.03
9.286	simsensor_2000_11	2017-07-28T18:59:39.420351231Z	4.354	0.0	323	0.05
5.712	simsensor_2000_10	2017-07-28T18:59:44.420142065Z	2.676	0.0	323	0.06
1.262	simsensor_2000_9	2017-07-28T18:59:50.419783427Z	0.0	0.0	324	0.03
6.061	simsensor_2000_8	2017-07-28T18:59:56.419755659Z	3.115	0.0	324	0.06
5.02	simsensor_2000_7	2017-07-28T19:00:01.419976818Z	2.67	0.0	324	0.03
4.397	simsensor_2000_6	2017-07-28T19:00:07.419841182Z	3.115	0.0	325	0.05
4.955	simsensor_2000_5	2017-07-28T19:00:13.419966474Z	3.115	0.0	325	0.03
6.0	simsensor_2000_4	2017-07-28T19:00:19.420220474Z	2.67	0.0	325	0.03
7.98	simsensor_2000_3	2017-07-28T19:00:24.420318627Z	2.712	0.0	326	0.03
2.734	simsensor_2000_2	2017-07-28T19:00:30.419915622Z	3.518	0.0	326	0.03
3.639	simsensor_2000_1	2017-07-28T19:00:35.419999764Z	2.225	0.01	326	0.03
0.0	simsensor_2018_3	2017-07-28T19:00:50.419846603Z	0.0	0.0	327	0.03
18.034	simsensor_2018_2	2017-07-28T19:00:56.420092788Z	10.68	0.0	327	0.03
16.225	simsensor_2018_1	2017-07-28T19:01:01.41991905Z	10.277	0.0	328	0.06
16.626	simsensor_2017_18	2017-07-28T19:01:07.419952777Z	10.766	0.0	328	0.05
18.64	simsensor_2017_17	2017-07-28T19:01:13.419765485Z	10.746	0.0	328	0.03
17.29	simsensor_2017_16	2017-07-28T19:01:19.419996114Z	10.746	0.0	329	0.03
16.212	simsensor_2017_15	2017-07-28T19:01:24.419938257Z	10.258	0.0	329	0.03
15.662	simsensor_2017_14	2017-07-28T19:01:29.420003746Z	9.722	0.0	329	0.02
16.148	simsensor_2017_13	2017-07-28T19:01:35.419890256Z	9.944	0.0	330	0.02
16.008	simsensor_2017_12	2017-07-28T19:01:41.419928574Z	10.3	0.0	330	0.03
15.34	simsensor_2017_11	2017-07-28T19:01:46.419824306Z	9.812	0.0	330	0.03
16.65	simsensor_2017_10	2017-07-28T19:01:52.419799139Z	9.854	0.0	331	0.03
15.261	simsensor_2017_9	2017-07-28T19:01:58.420195164Z	10.009	0.0	331	0.06
17.082	simsensor_2017_8	2017-07-28T19:02:04.419896224Z	10.68	0.0	331	0.03
16.985	simsensor_2017_7	2017-07-28T19:02:10.4199183Z	10.277	0.0	332	0.03
16.651	simsensor_2017_6	2017-07-28T19:02:16.419896294Z	11.167	0.0	332	0.03
17.007	simsensor_2017_5	2017-07-28T19:02:21.419883369Z	10.235	0.0	332	0.04
17.195	simsensor_2017_4	2017-07-28T19:02:27.419868449Z	10.277	0.0	333	0.02
17.467	simsensor_2017_3	2017-07-28T19:02:33.420073974Z	11.125	0.0	333	0.06
16.38	simsensor_2017_2	2017-07-28T19:02:39.419862507Z	10.722	0.0	333	0.03
17.168	simsensor_2017_1	2017-07-28T19:02:46.420321256Z	10.68	0.0	334	0.03
16.726	simsensor_2016_18	2017-07-28T19:02:52.420624232Z	10.336	0.0	334	0.03
16.414	simsensor_2016_17	2017-07-28T19:02:58.420216227Z	9.854	0.0	334	0.06
16.414	simsensor_2016_16	2017-07-28T19:03:04.42034508Z	10.258	0.0	335	0.05
16.366	simsensor_2016_15	2017-07-28T19:03:10.419864739Z	10.746	0.0	335	0.02
19.036	simsensor_2016_14	2017-07-28T19:03:16.420235195Z	10.746	0.0	335	0.05
16.44	simsensor_2016_13	2017-07-28T19:03:22.420229733Z	10.3	0.0	336	0.03
137.668	simsensor_2016_12	2017-07-28T19:03:28.420217069Z	91.362	0.0	336	0.06
16.81	simsensor_2016_11	2017-07-28T19:03:34.42014042Z	9.44	0.0	336	0.03
16.952	simsensor_2016_10	2017-07-28T19:03:40.419815369Z	11.16	0.0	337	0.03
15.796	simsensor_2016_9	2017-07-28T19:03:46.420096116Z	8.92	0.0	337	0.02
16.333	simsensor_2016_8	2017-07-28T19:03:52.420246402Z	10.277	0.0	337	0.06
15.512	simsensor_2016_7	2017-07-28T19:03:58.419978203Z	9.91	0.0	338	0.03
16.587	simsensor_2016_6	2017-07-28T19:04:04.420290204Z	10.199	0.0	338	0.06
15.775	simsensor_2016_5	2017-07-28T19:04:10.419783306Z	9.345	0.0	338	0.04
15.106	simsensor_2016_4	2017-07-28T19:04:16.420590825Z	10.145	0.0	339	0.03
15.55	simsensor_2016_3	2017-07-28T19:04:22.420304398Z	9.519	0.0	339	0.05
15.373	simsensor_2016_2	2017-07-28T19:04:28.419880036Z	9.387	0.0	339	0.06
16.522	simsensor_2016_1	2017-07-28T19:04:34.420269215Z	9.832	0.0	340	0.05
17.356	simsensor_2015_18	2017-07-28T19:04:40.419786646Z	10.434	0.0	340	0.02
15.47	simsensor_2015_17	2017-07-28T19:04:46.420260754Z	9.854	0.0	340	0.06
15.202	simsensor_2015_16	2017-07-28T19:04:52.419966101Z	8.92	0.0	341	0.05
15.352	simsensor_2015_15	2017-07-28T19:04:58.420356288Z	9.854	0.0	341	0.02
16.694	simsensor_2015_14	2017-07-28T19:05:04.420068675Z	9.812	0.0	341	0.03
17.186	simsensor_2015_13	2017-07-28T19:05:10.419851065Z	10.788	0.0	342	0.03
15.964	simsensor_2015_12	2017-07-28T19:05:16.420361279Z	9.932	0.0	342	0.06
15.418	simsensor_2015_11	2017-07-28T19:05:22.420283586Z	9.288	0.0	342	0.03
15.152	simsensor_2015_10	2017-07-28T19:05:28.419919788Z	9.854	0.0	343	0.05
14.67	simsensor_2015_9	2017-07-28T19:05:34.420109323Z	8.526	0.0	343	0.06
16.012	simsensor_2015_8	2017-07-28T19:05:40.419874332Z	9.832	0.0	343	0.02
16.997	simsensor_2015_7	2017-07-28T19:05:47.419841719Z	10.277	0.0	344	0.03
15.849	simsensor_2015_6	2017-07-28T19:05:54.420141476Z	10.277	0.0	344	0.04
15.331	simsensor_2015_5	2017-07-28T19:06:00.419929397Z	9.387	0.0	344	0.02
15.457	simsensor_2015_4	2017-07-28T19:06:06.420498053Z	9.387	0.0	345	0.03
15.229	simsensor_2015_3	2017-07-28T19:06:12.420438761Z	9.345	0.0	345	0.03
16.834	simsensor_2015_2	2017-07-28T19:06:18.419881574Z	9.832	0.0	345	0.03
14.618	simsensor_2015_1	2017-07-28T19:06:24.420096577Z	9.832	0.0	346	0.04
16.269	simsensor_2014_18	2017-07-28T19:06:30.41980544Z	10.869	0.0	346	0.03
15.868	simsensor_2014_17	2017-07-28T19:06:36.419892756Z	9.366	0.0	346	0.03
16.376	simsensor_2014_16	2017-07-28T19:06:42.41997408Z	9.444	0.0	347	0.03
13.848	simsensor_2014_15	2017-07-28T19:06:48.419952752Z	9.372	0.0	347	0.03
15.778	simsensor_2014_14	2017-07-28T19:06:54.419878389Z	9.366	0.0	348	0.05
14.878	simsensor_2014_13	2017-07-28T19:07:00.41976599Z	9.078	0.0	348	0.03
16.964	simsensor_2014_12	2017-07-28T19:07:06.419888598Z	10.226	0.0	348	0.03
14.646	simsensor_2014_11	2017-07-28T19:07:12.419995635Z	8.92	0.0	349	0.03
15.166	simsensor_2014_10	2017-07-28T19:07:18.419963503Z	8.92	0.0	349	0.03
12.469	simsensor_2014_9	2017-07-28T19:07:24.419731275Z	7.293	0.0	349	0.06
14.938	simsensor_2014_8	2017-07-28T19:07:30.419835545Z	8.942	0.0	350	0.04
13.553	simsensor_2014_7	2017-07-28T19:07:36.41990193Z	9.387	0.0	350	0.05
14.214	simsensor_2014_6	2017-07-28T19:07:42.419855722Z	8.942	0.0	350	0.03
15.047	simsensor_2014_5	2017-07-28T19:07:48.420344853Z	9.345	0.0	351	0.06
13.843	simsensor_2014_4	2017-07-28T19:07:54.420141147Z	8.455	0.0	351	0.03
12.389	simsensor_2014_3	2017-07-28T19:08:00.419997161Z	8.81	0.0	351	0.01
15.614	simsensor_2014_2	2017-07-28T19:08:06.420224777Z	8.587	0.0	351	0.07
13.535	simsensor_2014_1	2017-07-28T19:08:12.420120938Z	8.497	0.0	352	0.02
15.168	simsensor_2013_18	2017-07-28T19:08:18.42026191Z	9.452	0.0	352	0.03
14.642	simsensor_2013_17	2017-07-28T19:08:24.420460885Z	8.474	0.0	352	0.06
14.194	simsensor_2013_16	2017-07-28T19:08:30.419728623Z	8.962	0.0	353	0.03
11.568	simsensor_2013_15	2017-07-28T19:08:36.42011643Z	8.07	0.0	353	0.06
14.438	simsensor_2013_14	2017-07-28T19:08:42.420258695Z	8.474	0.0	353	0.05
13.154	simsensor_2013_13	2017-07-28T19:08:48.420449215Z	8.028	0.0	354	0.05
11.454	simsensor_2013_12	2017-07-28T19:08:54.420424513Z	8.07	0.0	354	0.03
12.504	simsensor_2013_11	2017-07-28T19:09:00.419831691Z	7.698	0.0	354	0.05
14.48	simsensor_2013_10	2017-07-28T19:09:06.420195999Z	9.292	0.0	355	0.05
11.337	simsensor_2013_9	2017-07-28T19:09:12.420224565Z	6.111	0.0	355	0.02
13.603	simsensor_2013_8	2017-07-28T19:09:18.420165374Z	8.401	0.0	355	0.03
13.997	simsensor_2013_7	2017-07-28T19:09:24.420217105Z	8.497	0.0	356	0.07
12.558	simsensor_2013_6	2017-07-28T19:09:30.419774314Z	8.01	0.0	356	0.03
15.382	simsensor_2013_5	2017-07-28T19:09:36.420288574Z	8.052	0.0	356	0.07
11.288	simsensor_2013_4	2017-07-28T19:09:42.420169858Z	8.052	0.0	357	0.05
14.454	simsensor_2013_3	2017-07-28T19:09:48.419928333Z	8.13	0.0	357	0.03
13.102	simsensor_2013_2	2017-07-28T19:09:54.420225756Z	7.932	0.0	357	0.06
12.305	simsensor_2013_1	2017-07-28T19:10:00.419766475Z	8.497	0.0	358	0.03
15.58	simsensor_2012_18	2017-07-28T19:10:06.419967559Z	10.676	0.0	358	0.03
14.494	simsensor_2012_17	2017-07-28T19:10:12.420031589Z	8.07	0.0	358	0.03
12.574	simsensor_2012_16	2017-07-28T19:10:18.419974847Z	7.582	0.0	359	0.03
12.58	simsensor_2012_15	2017-07-28T19:10:24.419832103Z	8.594	0.0	359	0.03
14.39	simsensor_2012_14	2017-07-28T19:10:30.419822075Z	8.396	0.0	359	0.03
13.004	simsensor_2012_13	2017-07-28T19:10:36.420601763Z	8.516	0.0	360	0.06
12.534	simsensor_2012_12	2017-07-28T19:10:42.419898346Z	7.666	0.0	360	0.03
13.744	simsensor_2012_11	2017-07-28T19:10:48.419871894Z	8.028	0.0	360	0.03
13.06	simsensor_2012_10	2017-07-28T19:10:54.419824147Z	8.07	0.0	361	0.06
133.061	simsensor_2012_9	2017-07-28T19:11:00.419801958Z	86.687	0.0	361	0.03
12.295	simsensor_2012_8	2017-07-28T19:11:06.421006438Z	8.377	0.0	361	0.04
13.621	simsensor_2012_7	2017-07-28T19:11:12.420373642Z	8.497	0.0	362	0.03
13.306	simsensor_2012_6	2017-07-28T19:11:18.420283754Z	8.052	0.0	362	0.06
10.005	simsensor_2012_5	2017-07-28T19:11:24.419893542Z	7.597	0.0	362	0.03
15.776	simsensor_2012_4	2017-07-28T19:11:30.419756951Z	8.868	0.0	363	0.04
13.852	simsensor_2012_3	2017-07-28T19:11:36.41989713Z	8.052	0.0	363	0.07
12.141	simsensor_2012_2	2017-07-28T19:11:42.419900491Z	8.455	0.0	363	0.03
13.541	simsensor_2012_1	2017-07-28T19:11:48.419793722Z	7.607	0.0	364	0.04
16.306	simsensor_2011_18	2017-07-28T19:11:54.419921197Z	10.698	0.0	364	0.03
11.936	simsensor_2011_17	2017-07-28T19:12:00.419800907Z	7.702	0.0	364	0.03
13.942	simsensor_2011_16	2017-07-28T19:12:06.419878619Z	8.024	0.0	364	0.03
12.932	simsensor_2011_15	2017-07-28T19:12:12.420285049Z	7.996	0.0	365	0.06
12.694	simsensor_2011_14	2017-07-28T19:12:18.419864173Z	8.594	0.0	365	0.02
12.32	simsensor_2011_13	2017-07-28T19:12:24.420212412Z	7.058	0.0	365	0.03
12.108	simsensor_2011_12	2017-07-28T19:12:30.420139284Z	8.92	0.0	366	0.03
15.21	simsensor_2011_11	2017-07-28T19:12:36.419970883Z	7.776	0.0	366	0.06
11.484	simsensor_2011_10	2017-07-28T19:12:42.420543114Z	7.876	0.0	366	0.03
12.12	simsensor_2011_9	2017-07-28T19:12:48.420396472Z	5.624	0.0	367	0.03
11.215	simsensor_2011_8	2017-07-28T19:12:54.420500566Z	7.681	0.0	367	0.06
14.409	simsensor_2011_7	2017-07-28T19:13:00.420130727Z	8.423	0.0	367	0.03
13.73	simsensor_2011_6	2017-07-28T19:13:07.419802472Z	8.052	0.0	368	0.02
11.779	simsensor_2011_5	2017-07-28T19:13:13.420413763Z	6.633	0.0	368	0.02
13.002	simsensor_2011_4	2017-07-28T19:13:19.4197614Z	8.094	0.0	368	0.02
10.855	simsensor_2011_3	2017-07-28T19:13:25.419938415Z	7.565	0.0	368	0.03
14.975	simsensor_2011_2	2017-07-28T19:13:31.419761051Z	9.387	0.0	369	0.05
14.751	simsensor_2011_1	2017-07-28T19:13:37.420055345Z	7.523	0.0	369	0.04
13.718	simsensor_2010_18	2017-07-28T19:13:43.419981622Z	11.146	0.0	369	0.03
12.312	simsensor_2010_17	2017-07-28T19:13:49.420282232Z	7.614	0.0	370	0.06
12.84	simsensor_2010_16	2017-07-28T19:13:55.420203212Z	7.55	0.0	370	0.04
10.898	simsensor_2010_15	2017-07-28T19:14:01.41996742Z	7.582	0.0	370	0.03
14.882	simsensor_2010_14	2017-07-28T19:14:08.419814736Z	8.144	0.0	371	0.03
12.382	simsensor_2010_13	2017-07-28T19:14:14.420332254Z	7.996	0.0	371	0.03
10.062	simsensor_2010_12	2017-07-28T19:14:20.419871794Z	6.744	0.0	371	0.03
13.532	simsensor_2010_11	2017-07-28T19:14:26.419939855Z	7.166	0.0	371	0.03
11.316	simsensor_2010_10	2017-07-28T19:14:32.419981291Z	7.54	0.0	372	0.03
8.883	simsensor_2010_9	2017-07-28T19:14:38.420488525Z	4.017	0.0	372	0.06
11.478	simsensor_2010_8	2017-07-28T19:14:44.419911752Z	7.12	0.0	372	0.03
11.345	simsensor_2010_7	2017-07-28T19:14:50.420027263Z	6.717	0.0	373	0.05
12.731	simsensor_2010_6	2017-07-28T19:14:56.419975693Z	6.717	0.0	373	0.03
9.686	simsensor_2010_5	2017-07-28T19:15:02.420282415Z	7.174	0.0	373	0.03
12.38	simsensor_2010_4	2017-07-28T19:15:08.419916184Z	7.108	0.0	373	0.03
10.528	simsensor_2010_3	2017-07-28T19:15:14.420125748Z	7.162	0.0	374	0.03
10.8	simsensor_2010_2	2017-07-28T19:15:20.42002163Z	6.262	0.0	374	0.03
13.075	simsensor_2010_1	2017-07-28T19:15:26.41997392Z	7.575	0.0	374	0.03
13.03	simsensor_2009_18	2017-07-28T19:15:32.419884965Z	8.192	0.0	375	0.03
10.254	simsensor_2009_17	2017-07-28T19:15:38.42182182Z	7.54	0.0	375	0.06
12.176	simsensor_2009_16	2017-07-28T19:15:44.419853425Z	7.262	0.0	375	0.03
11.216	simsensor_2009_15	2017-07-28T19:15:50.419978926Z	6.28	0.0	375	0.02
9.556	simsensor_2009_14	2017-07-28T19:15:56.420544673Z	7.1	0.0	375	0.02
10.668	simsensor_2009_13	2017-07-28T19:16:02.419893902Z	6.732	0.0	375	0.03
9.59	simsensor_2009_12	2017-07-28T19:16:08.419813932Z	6.276	0.0	375	0.03
11.052	simsensor_2009_11	2017-07-28T19:16:14.420197587Z	6.774	0.0	375	0.05
11.106	simsensor_2009_10	2017-07-28T19:16:20.419843142Z	6.658	0.0	375	0.03
7.609	simsensor_2009_9	2017-07-28T19:16:26.419881836Z	3.659	0.0	375	0.03
10.305	simsensor_2009_8	2017-07-28T19:16:32.420621982Z	6.717	0.0	375	0.04
10.467	simsensor_2009_7	2017-07-28T19:16:38.419878695Z	6.753	0.0	375	0.02
9.633	simsensor_2009_6	2017-07-28T19:16:44.420261562Z	5.707	0.0	375	0.03
11.481	simsensor_2009_5	2017-07-28T19:16:50.419877781Z	6.801	0.0	375	0.03
10.593	simsensor_2009_4	2017-07-28T19:16:56.419811574Z	6.633	0.0	375	0.03
9.372	simsensor_2009_3	2017-07-28T19:17:02.420154388Z	6.23	0.0	375	0.02
9.066	simsensor_2009_2	2017-07-28T19:17:08.419928367Z	6.314	0.0	375	0.03
11.85	simsensor_2009_1	2017-07-28T19:17:14.419872024Z	6.188	0.0	375	0.04
14.712	simsensor_2008_18	2017-07-28T19:17:20.419860641Z	11.174	0.0	375	0.02
9.452	simsensor_2008_17	2017-07-28T19:17:26.419811266Z	6.244	0.0	375	0.03
11.288	simsensor_2008_16	2017-07-28T19:17:32.420425164Z	6.286	0.0	375	0.03
10.852	simsensor_2008_15	2017-07-28T19:17:38.419933424Z	5.956	0.0	375	0.03
10.682	simsensor_2008_14	2017-07-28T19:17:44.419910037Z	7.466	0.0	375	0.03
7.724	simsensor_2008_13	2017-07-28T19:17:50.419924328Z	6.286	0.0	375	0.02
10.778	simsensor_2008_12	2017-07-28T19:17:56.419893169Z	6.406	0.0	375	0.03
11.386	simsensor_2008_11	2017-07-28T19:18:02.419824687Z	5.678	0.0	375	0.02
9.036	simsensor_2008_10	2017-07-28T19:18:08.419750976Z	6.69	0.0	375	0.06
8.379	simsensor_2008_9	2017-07-28T19:18:14.420218307Z	2.591	0.0	375	0.03
7.287	simsensor_2008_8	2017-07-28T19:18:20.419821181Z	5.859	0.0	375	0.03
13.052	simsensor_2008_7	2017-07-28T19:18:26.41973245Z	7.088	0.0	375	0.02
127.384	simsensor_2008_6	2017-07-28T19:18:32.419942967Z	85.692	0.0	375	0.03
9.078	simsensor_2008_5	2017-07-28T19:18:38.419846892Z	6.272	0.0	375	0.03
9.516	simsensor_2008_4	2017-07-28T19:18:44.420187852Z	6.272	0.0	375	0.06
11.416	simsensor_2008_3	2017-07-28T19:18:50.419834342Z	5.414	0.0	376	0.02
10.556	simsensor_2008_2	2017-07-28T19:18:56.42010009Z	7.046	0.0	376	0.03
8.229	simsensor_2008_1	2017-07-28T19:19:02.420253774Z	5.743	0.0	376	0.02
17.693	simsensor_2007_18	2017-07-28T19:19:09.419913679Z	10.791	0.0	376	0.07
10.436	simsensor_2007_17	2017-07-28T19:19:16.420218338Z	6.7	0.0	377	0.03
8.702	simsensor_2007_16	2017-07-28T19:19:22.42594949Z	6.318	0.0	377	0.02
11.83	simsensor_2007_15	2017-07-28T19:19:28.420308498Z	6.658	0.0	377	0.06
10.666	simsensor_2007_14	2017-07-28T19:19:34.42079232Z	5.462	0.0	378	0.05
11.564	simsensor_2007_13	2017-07-28T19:19:40.419816483Z	7.068	0.0	378	0.03
9.908	simsensor_2007_12	2017-07-28T19:19:46.419880546Z	6.364	0.0	378	0.03
11.246	simsensor_2007_11	2017-07-28T19:19:53.420489832Z	6.57	0.0	379	0.05
11.028	simsensor_2007_10	2017-07-28T19:19:59.420351682Z	6.364	0.0	379	0.05
2.923	simsensor_2007_9	2017-07-28T19:20:06.421367951Z	1.369	0.0	379	0.04
14.549	simsensor_2007_8	2017-07-28T19:20:13.420481701Z	7.343	0.0	380	0.07
10.495	simsensor_2007_7	2017-07-28T19:20:20.419796535Z	7.649	0.0	380	0.04
9.54	simsensor_2007_6	2017-07-28T19:20:26.419779447Z	6.188	0.0	380	0.02
14.152	simsensor_2007_5	2017-07-28T19:20:32.419836129Z	7.162	0.0	380	0.04
9.8	simsensor_2007_4	2017-07-28T19:20:38.419919146Z	6.188	0.0	381	0.04
10.656	simsensor_2007_3	2017-07-28T19:20:44.420105752Z	6.272	0.0	381	0.02
8.8	simsensor_2007_2	2017-07-28T19:20:50.419753161Z	5.498	0.0	381	0.03
8.809	simsensor_2007_1	2017-07-28T19:20:56.420226936Z	5.863	0.0	382	0.03
15.904	simsensor_2006_18	2017-07-28T19:21:02.420214752Z	9.89	0.0	382	0.04
8.85	simsensor_2006_17	2017-07-28T19:21:08.420146936Z	5.588	0.0	382	0.03
11.982	simsensor_2006_16	2017-07-28T19:21:14.420558786Z	6.082	0.0	382	0.03
9.348	simsensor_2006_15	2017-07-28T19:21:20.419939413Z	7.146	0.0	383	0.03
11.246	simsensor_2006_14	2017-07-28T19:21:26.419852287Z	6.286	0.0	383	0.03
10.366	simsensor_2006_13	2017-07-28T19:21:33.419878739Z	5.31	0.0	383	0.05
7.576	simsensor_2006_12	2017-07-28T19:21:39.41998779Z	6.774	0.0	384	0.03
11.74	simsensor_2006_11	2017-07-28T19:21:45.419908024Z	5.268	0.0	384	0.03
9.66	simsensor_2006_10	2017-07-28T19:21:51.419815249Z	5.542	0.0	384	0.04
6.993	simsensor_2006_9	2017-07-28T19:21:57.41975824Z	2.343	0.0	385	0.02
5.767	simsensor_2006_8	2017-07-28T19:22:03.419916795Z	5.689	0.0	385	0.03
11.496	simsensor_2006_7	2017-07-28T19:22:09.420778739Z	4.598	0.0	385	0.05
12.826	simsensor_2006_6	2017-07-28T19:22:15.4198689Z	7.056	0.0	385	0.03
9.359	simsensor_2006_5	2017-07-28T19:22:21.419958697Z	5.743	0.0	386	0.03
9.354	simsensor_2006_4	2017-07-28T19:22:27.420655364Z	6.272	0.0	386	0.07
10.498	simsensor_2006_3	2017-07-28T19:22:35.424095792Z	6.188	0.0	386	0.04
10.844	simsensor_2006_2	2017-07-28T19:22:45.420583975Z	7.162	0.0	387	0.03
10.803	simsensor_2006_1	2017-07-28T19:22:53.420271223Z	5.985	0.0	387	0.07
13.906	simsensor_2005_18	2017-07-28T19:23:00.43726745Z	11.582	0.0	387	0.03
10.33	simsensor_2005_17	2017-07-28T19:23:07.420057467Z	6.212	0.0	388	0.05
11.168	simsensor_2005_16	2017-07-28T19:23:13.42046265Z	5.756	0.0	388	0.05
6.09	simsensor_2005_15	2017-07-28T19:23:19.419789348Z	5.394	0.0	388	0.06
10.478	simsensor_2005_14	2017-07-28T19:23:26.420354559Z	5.882	0.0	388	0.07
10.476	simsensor_2005_13	2017-07-28T19:23:32.419869483Z	5.714	0.0	389	0.02
10.052	simsensor_2005_12	2017-07-28T19:23:39.420309576Z	6.37	0.0	389	0.06
7.548	simsensor_2005_11	2017-07-28T19:23:46.420333481Z	4.906	0.0	389	0.03
10.964	simsensor_2005_10	2017-07-28T19:23:52.420156997Z	5.834	0.0	390	0.03
3.269	simsensor_2005_9	2017-07-28T19:23:59.420657291Z	0.903	0.0	390	0.06
12.091	simsensor_2005_8	2017-07-28T19:24:06.420154819Z	6.361	0.0	390	0.02
8.557	simsensor_2005_7	2017-07-28T19:24:12.41994072Z	5.003	0.0	391	0.03
8.995	simsensor_2005_6	2017-07-28T19:24:19.420185634Z	5.827	0.0	391	0.03
10.696	simsensor_2005_5	2017-07-28T19:24:26.419954558Z	6.242	0.0	391	0.03
7.066	simsensor_2005_4	2017-07-28T19:24:33.420181704Z	5.286	0.0	392	0.05
11.179	simsensor_2005_3	2017-07-28T19:24:39.420312564Z	5.911	0.0	392	0.05
8.748	simsensor_2005_2	2017-07-28T19:24:46.420397364Z	5.256	0.0	392	0.03
10.287	simsensor_2005_1	2017-07-28T19:24:53.419872687Z	5.869	0.0	393	0.03
15.458	simsensor_2004_18	2017-07-28T19:24:59.41991567Z	10.52	0.0	393	0.03
7.578	simsensor_2004_17	2017-07-28T19:25:06.421280126Z	4.864	0.0	393	0.04
8.226	simsensor_2004_16	2017-07-28T19:25:14.420138635Z	5.84	0.0	394	0.03
9.872	simsensor_2004_15	2017-07-28T19:25:20.41996986Z	4.948	0.0	394	0.03
6.49	simsensor_2004_14	2017-07-28T19:25:27.419828607Z	4.576	0.0	394	0.03
10.78	simsensor_2004_13	2017-07-28T19:25:34.419832835Z	5.682	0.0	395	0.03
8.1	simsensor_2004_12	2017-07-28T19:25:40.42011992Z	4.948	0.0	395	0.03
8.456	simsensor_2004_11	2017-07-28T19:25:47.419797541Z	5.352	0.0	395	0.03
7.852	simsensor_2004_10	2017-07-28T19:25:54.419889014Z	5.352	0.0	395	0.06
3.485	simsensor_2004_9	2017-07-28T19:26:00.419871912Z	0.0	0.0	396	0.03
10.349	simsensor_2004_8	2017-07-28T19:26:07.419853741Z	5.827	0.0	396	0.03
9.473	simsensor_2004_7	2017-07-28T19:26:14.420400865Z	4.979	0.0	396	0.03
5.702	simsensor_2004_6	2017-07-28T19:26:20.419893231Z	4.408	0.0	397	0.03
9.557	simsensor_2004_5	2017-07-28T19:26:27.420218943Z	5.827	0.0	397	0.03
6.893	simsensor_2004_4	2017-07-28T19:26:34.419929657Z	4.157	0.0	397	0.03
127.528	simsensor_2004_3	2017-07-28T19:26:40.419967029Z	84.608	0.0	398	0.03
8.644	simsensor_2004_2	2017-07-28T19:26:47.419895179Z	5.34	0.0	398	0.03
8.779	simsensor_2004_1	2017-07-28T19:26:54.425918693Z	5.015	0.0	398	0.04
14.078	simsensor_2003_18	2017-07-28T19:27:00.420148561Z	9.446	0.0	399	0.03
6.892	simsensor_2003_17	2017-07-28T19:27:07.419888381Z	5.436	0.0	399	0.05
7.354	simsensor_2003_16	2017-07-28T19:27:14.419954484Z	3.344	0.0	399	0.03
10.2	simsensor_2003_15	2017-07-28T19:27:20.419856394Z	5.534	0.0	400	0.03
5.508	simsensor_2003_14	2017-07-28T19:27:27.420815706Z	4.906	0.0	400	0.06
7.174	simsensor_2003_13	2017-07-28T19:27:34.420088198Z	4.534	0.0	400	0.02
11.01	simsensor_2003_12	2017-07-28T19:27:40.419937511Z	4.832	0.0	400	0.04
5.88	simsensor_2003_11	2017-07-28T19:27:47.419973741Z	4.622	0.0	401	0.04
9.028	simsensor_2003_10	2017-07-28T19:27:54.420133534Z	4.414	0.0	401	0.06
4.137	simsensor_2003_9	2017-07-28T19:28:00.41993888Z	0.0	0.0	401	0.02
9.896	simsensor_2003_8	2017-07-28T19:28:07.422774725Z	4.492	0.0	402	0.03
2.547	simsensor_2003_7	2017-07-28T19:28:13.420093708Z	4.079	0.0	402	0.04
10.225	simsensor_2003_6	2017-07-28T19:28:19.41983144Z	4.821	0.0	402	0.03
5.281	simsensor_2003_5	2017-07-28T19:28:26.420026658Z	4.853	0.0	403	0.06
8.371	simsensor_2003_4	2017-07-28T19:28:32.419842642Z	3.341	0.0	403	0.03
8.022	simsensor_2003_3	2017-07-28T19:28:39.420136993Z	6.046	0.0	403	0.05
10.076	simsensor_2003_2	2017-07-28T19:28:46.419800281Z	4.612	0.0	404	0.03
6.245	simsensor_2003_1	2017-07-28T19:28:52.421039426Z	3.921	0.0	404	0.02
10.696	simsensor_2002_18	2017-07-28T19:28:59.420372845Z	8.856	0.0	404	0.06
12.96	simsensor_2002_17	2017-07-28T19:29:06.420568631Z	4.47	0.0	405	0.03
3.742	simsensor_2002_16	2017-07-28T19:29:12.419824668Z	4.056	0.0	405	0.02
7.994	simsensor_2002_15	2017-07-28T19:29:19.420399777Z	4.418	0.0	405	0.05
5.762	simsensor_2002_14	2017-07-28T19:29:26.419780233Z	4.418	0.0	405	0.03
8.894	simsensor_2002_13	2017-07-28T19:29:32.42003856Z	4.46	0.0	406	0.02
7.56	simsensor_2002_12	2017-07-28T19:29:39.420331968Z	4.056	0.0	406	0.05
6.124	simsensor_2002_11	2017-07-28T19:29:46.419896229Z	5.352	0.0	406	0.05
6.2	simsensor_2002_10	2017-07-28T19:29:52.419828117Z	2.94	0.0	407	0.03
3.232	simsensor_2002_9	2017-07-28T19:29:59.419942638Z	0.0	0.0	407	0.03
6.429	simsensor_2002_8	2017-07-28T19:30:06.419969245Z	3.889	0.0	407	0.03
8.45	simsensor_2002_7	2017-07-28T19:30:13.420075786Z	4.376	0.0	408	0.03
8.926	simsensor_2002_6	2017-07-28T19:30:20.420321207Z	5.424	0.0	408	0.03
7.869	simsensor_2002_5	2017-07-28T19:30:27.420080061Z	4.005	0.0	408	0.03
9.205	simsensor_2002_4	2017-07-28T19:30:33.420475003Z	4.125	0.0	408	0.06
4.946	simsensor_2002_3	2017-07-28T19:30:39.420040579Z	3.514	0.0	409	0.03
6.244	simsensor_2002_2	2017-07-28T19:30:46.419848017Z	4.45	0.0	409	0.04
6.655	simsensor_2002_1	2017-07-28T19:30:52.420338667Z	3.931	0.0	409	0.03
11.204	simsensor_2001_18	2017-07-28T19:30:59.41978134Z	9.562	0.0	410	0.03
5.922	simsensor_2001_17	2017-07-28T19:31:05.419860077Z	3.6	0.0	410	0.03
8.95	simsensor_2001_16	2017-07-28T19:31:12.419960508Z	4.502	0.0	410	0.03
7.846	simsensor_2001_15	2017-07-28T19:31:19.419926349Z	4.428	0.0	411	0.04
6.718	simsensor_2001_14	2017-07-28T19:31:26.428918793Z	3.93	0.0	411	0.03
6.908	simsensor_2001_13	2017-07-28T19:31:33.420155078Z	3.726	0.0	411	0.03
7.11	simsensor_2001_12	2017-07-28T19:31:40.419860157Z	4.428	0.0	412	0.04
6.914	simsensor_2001_11	2017-07-28T19:31:47.419995363Z	4.418	0.0	412	0.03
8.504	simsensor_2001_10	2017-07-28T19:31:54.419980621Z	3.684	0.0	412	0.03
3.021	simsensor_2001_9	2017-07-28T19:32:02.419948506Z	0.0	0.0	413	0.02
3.226	simsensor_2001_8	2017-07-28T19:32:09.419895108Z	3.592	0.0	413	0.03
10.343	simsensor_2001_7	2017-07-28T19:32:16.420183768Z	4.747	0.0	413	0.06
6.273	simsensor_2001_6	2017-07-28T19:32:23.420092725Z	4.089	0.0	413	0.02
6.56	simsensor_2001_5	2017-07-28T19:32:31.420005057Z	4.524	0.0	414	0.03
6.435	simsensor_2001_4	2017-07-28T19:32:38.420041538Z	3.931	0.0	414	0.02
10.019	simsensor_2001_3	2017-07-28T19:32:45.419949088Z	3.963	0.0	414	0.05
2.855	simsensor_2001_2	2017-07-28T19:32:52.420180281Z	3.499	0.0	415	0.03
8.976	simsensor_2001_1	2017-07-28T19:32:59.419972167Z	4.108	0.0	415	0.03
10.026	simsensor_2000_18	2017-07-28T19:33:06.420073598Z	9.864	0.0	415	0.03
8.502	simsensor_2000_17	2017-07-28T19:33:13.419850659Z	4.474	0.0	416	0.03
5.102	simsensor_2000_16	2017-07-28T19:33:20.420096021Z	4.308	0.0	416	0.03
10.22	simsensor_2000_15	2017-07-28T19:33:27.420052587Z	3.93	0.0	416	0.03
6.716	simsensor_2000_14	2017-07-28T19:33:34.419745236Z	3.726	0.0	417	0.03
4.888	simsensor_2000_13	2017-07-28T19:33:41.420269175Z	3.898	0.0	417	0.03
4.786	simsensor_2000_12	2017-07-28T19:33:48.420142993Z	2.824	0.0	417	0.03
10.672	simsensor_2000_11	2017-07-28T19:33:55.420190234Z	4.842	0.0	418	0.03
5.156	simsensor_2000_10	2017-07-28T19:34:02.420849227Z	3.61	0.0	418	0.06
0.845	simsensor_2000_9	2017-07-28T19:34:09.420224542Z	0.0	0.0	418	0.03
6.667	simsensor_2000_8	2017-07-28T19:34:16.419972632Z	3.157	0.0	418	0.03
7.061	simsensor_2000_7	2017-07-28T19:34:23.419919913Z	3.963	0.0	419	0.04
4.792	simsensor_2000_6	2017-07-28T19:34:30.419754927Z	3.518	0.0	419	0.02
6.494	simsensor_2000_5	2017-07-28T19:34:37.421348662Z	3.602	0.0	419	0.03
4.774	simsensor_2000_4	2017-07-28T19:34:44.419955706Z	3.602	0.0	420	0.03
9.845	simsensor_2000_3	2017-07-28T19:34:51.420004366Z	3.115	0.0	420	0.02
3.019	simsensor_2000_2	2017-07-28T19:34:58.419928044Z	3.963	0.0	420	0.03
5.248	simsensor_2000_1	2017-07-28T19:35:05.420223597Z	2.67	0.01	421	0.02
0.0	simsensor_2023_7	2017-07-28T19:35:23.419955569Z	0.0	0.0	421	0.03
20.119	simsensor_2023_6	2017-07-28T19:35:30.419815987Z	12.947	0.0	422	0.03
21.856	simsensor_2023_5	2017-07-28T19:35:37.420613602Z	13.392	0.0	422	0.06
19.977	simsensor_2023_4	2017-07-28T19:35:44.420120541Z	12.905	0.0	422	0.03
21.476	simsensor_2023_3	2017-07-28T19:35:52.419999149Z	13.392	0.0	423	0.03
20.263	simsensor_2023_2	2017-07-28T19:35:59.420091306Z	12.947	0.0	423	0.03
20.253	simsensor_2023_1	2017-07-28T19:36:06.419888372Z	12.947	0.0	423	0.05
23.147	simsensor_2022_18	2017-07-28T19:36:13.419815475Z	14.071	0.0	424	0.03
20.802	simsensor_2022_17	2017-07-28T19:36:20.41996031Z	12.976	0.0	424	0.02
20.384	simsensor_2022_16	2017-07-28T19:36:27.420108997Z	12.976	0.0	424	0.04
19.514	simsensor_2022_15	2017-07-28T19:36:34.420087191Z	12.53	0.0	424	0.03
19.71	simsensor_2022_14	2017-07-28T19:36:41.420192493Z	12.53	0.0	425	0.03
18.88	simsensor_2022_13	2017-07-28T19:36:48.420120838Z	12.53	0.0	425	0.08
22.444	simsensor_2022_12	2017-07-28T19:36:55.419761452Z	13.422	0.0	425	0.03
19.986	simsensor_2022_11	2017-07-28T19:37:02.421070063Z	12.976	0.0	426	0.02
19.49	simsensor_2022_10	2017-07-28T19:37:09.419905743Z	12.53	0.0	426	0.03
20.306	simsensor_2022_9	2017-07-28T19:37:16.420268519Z	12.442	0.0	426	0.03
20.591	simsensor_2022_8	2017-07-28T19:37:23.420399446Z	12.947	0.0	427	0.05
18.901	simsensor_2022_7	2017-07-28T19:37:30.419985287Z	12.057	0.0	427	0.03
19.968	simsensor_2022_6	2017-07-28T19:37:37.420291282Z	12.502	0.0	427	0.04
20.978	simsensor_2022_5	2017-07-28T19:37:44.420231618Z	12.46	0.0	428	0.03
20.296	simsensor_2022_4	2017-07-28T19:37:51.420073574Z	12.502	0.0	428	0.03
19.218	simsensor_2022_3	2017-07-28T19:37:58.420546632Z	12.46	0.0	428	0.05
19.606	simsensor_2022_2	2017-07-28T19:38:05.420515588Z	12.502	0.0	428	0.05
20.192	simsensor_2022_1	2017-07-28T19:38:12.420199784Z	12.46	0.0	429	0.04
20.206	simsensor_2021_18	2017-07-28T19:38:19.420325889Z	13.77	0.0	429	0.07
19.816	simsensor_2021_17	2017-07-28T19:38:26.420967261Z	12.006	0.0	429	0.04
22.564	simsensor_2021_16	2017-07-28T19:38:36.419818967Z	14.272	0.0	430	0.04
19.964	simsensor_2021_15	2017-07-28T19:38:44.420022487Z	12.976	0.0	430	0.03
19.546	simsensor_2021_14	2017-07-28T19:38:51.419968349Z	12.488	0.0	430	0.03
20.102	simsensor_2021_13	2017-07-28T19:38:58.420055218Z	12.084	0.0	431	0.07
19.94	simsensor_2021_12	2017-07-28T19:39:05.419878067Z	12.53	0.0	431	0.03
20.29	simsensor_2021_11	2017-07-28T19:39:12.420007292Z	12.53	0.0	431	0.03
20.684	simsensor_2021_10	2017-07-28T19:39:20.41996296Z	12.53	0.0	431	0.04
24.164	simsensor_2021_9	2017-07-28T19:39:27.419776785Z	15.09	0.0	432	0.03
18.954	simsensor_2021_8	2017-07-28T19:39:34.419833133Z	12.502	0.0	432	0.03
19.0	simsensor_2021_7	2017-07-28T19:39:41.420057196Z	11.612	0.0	432	0.03
19.363	simsensor_2021_6	2017-07-28T19:39:48.419974701Z	12.099	0.0	433	0.05
21.007	simsensor_2021_5	2017-07-28T19:39:55.420429527Z	12.015	0.0	433	0.03
21.456	simsensor_2021_4	2017-07-28T19:40:02.419844838Z	13.392	0.0	433	0.02
20.525	simsensor_2021_3	2017-07-28T19:40:09.419794973Z	12.057	0.0	434	0.04
18.442	simsensor_2021_2	2017-07-28T19:40:16.419863048Z	12.502	0.0	434	0.03
18.846	simsensor_2021_1	2017-07-28T19:40:23.420344552Z	11.612	0.0	434	0.07
22.357	simsensor_2020_18	2017-07-28T19:40:30.420261556Z	13.353	0.0	434	0.03
22.65	simsensor_2020_17	2017-07-28T19:40:41.419906565Z	13.826	0.0	435	0.03
21.776	simsensor_2020_16	2017-07-28T19:40:52.419990242Z	14.356	0.0	435	0.03
138.848	simsensor_2020_15	2017-07-28T19:40:59.420288742Z	91.598	0.0	435	0.03
20.22	simsensor_2020_14	2017-07-28T19:41:06.419901479Z	12.53	0.0	436	0.03
20.556	simsensor_2020_13	2017-07-28T19:41:13.420002586Z	12.12	0.0	436	0.04
19.616	simsensor_2020_12	2017-07-28T19:41:20.419913053Z	12.94	0.0	436	0.03
20.706	simsensor_2020_11	2017-07-28T19:41:28.419888963Z	12.53	0.0	437	0.04
18.292	simsensor_2020_10	2017-07-28T19:41:35.420174945Z	12.042	0.0	437	0.07
19.216	simsensor_2020_9	2017-07-28T19:41:42.420006659Z	10.354	0.0	437	0.02
18.611	simsensor_2020_8	2017-07-28T19:41:49.419831056Z	12.057	0.0	437	0.03
21.235	simsensor_2020_7	2017-07-28T19:41:57.419909288Z	12.057	0.0	438	0.03
19.47	simsensor_2020_6	2017-07-28T19:42:05.419988117Z	12.502	0.0	438	0.03
19.891	simsensor_2020_5	2017-07-28T19:42:13.419948092Z	12.099	0.0	438	0.06
20.216	simsensor_2020_4	2017-07-28T19:42:21.419870904Z	12.46	0.0	439	0.03
20.529	simsensor_2020_3	2017-07-28T19:42:31.421166854Z	12.947	0.0	439	0.03
19.557	simsensor_2020_2	2017-07-28T19:42:42.420052642Z	12.947	0.0	439	0.03
21.915	simsensor_2020_1	2017-07-28T19:42:53.419955347Z	12.905	0.0	440	0.03
22.224	simsensor_2019_18	2017-07-28T19:43:03.420033359Z	14.942	0.0	440	0.03
22.058	simsensor_2019_17	2017-07-28T19:43:14.420247574Z	12.964	0.0	440	0.05
19.712	simsensor_2019_16	2017-07-28T19:43:25.420175669Z	13.5	0.0	440	0.06
21.852	simsensor_2019_15	2017-07-28T19:43:36.420394746Z	12.94	0.0	441	0.05
20.348	simsensor_2019_14	2017-07-28T19:43:47.420712243Z	12.892	0.0	441	0.12
19.666	simsensor_2019_13	2017-07-28T19:43:57.420036683Z	12.572	0.0	441	0.06
20.716	simsensor_2019_12	2017-07-28T19:44:07.423000103Z	12.524	0.0	442	0.02
18.886	simsensor_2019_11	2017-07-28T19:44:18.42014352Z	12.452	0.0	442	0.06
21.288	simsensor_2019_10	2017-07-28T19:44:30.419773169Z	13.542	0.0	442	0.03
19.619	simsensor_2019_9	2017-07-28T19:44:42.41986178Z	11.503	0.0	442	0.03
19.978	simsensor_2019_8	2017-07-28T19:44:53.420541864Z	12.502	0.0	443	0.05
18.48	simsensor_2019_7	2017-07-28T19:45:03.420151471Z	12.58	0.0	443	0.05
18.72	simsensor_2019_6	2017-07-28T19:45:14.419997253Z	12.424	0.0	443	0.04
20.609	simsensor_2019_5	2017-07-28T19:45:24.42015852Z	12.015	0.0	443	0.03
20.485	simsensor_2019_4	2017-07-28T19:45:35.419855079Z	12.947	0.0	444	0.03
18.24	simsensor_2019_3	2017-07-28T19:45:45.419820592Z	11.612	0.0	444	0.02
22.84	simsensor_2019_2	2017-07-28T19:45:56.420383922Z	14.282	0.0	444	0.06
20.093	simsensor_2019_1	2017-07-28T19:46:07.420003914Z	12.983	0.0	445	0.07
22.892	simsensor_2018_18	2017-07-28T19:46:17.420378161Z	13.99	0.0	445	0.03
19.97	simsensor_2018_17	2017-07-28T19:46:28.419919964Z	12.934	0.0	445	0.04
21.63	simsensor_2018_16	2017-07-28T19:46:40.420101768Z	13.464	0.0	446	0.03
20.93	simsensor_2018_15	2017-07-28T19:46:51.419891164Z	12.976	0.0	446	0.03
16.6	simsensor_2018_14	2017-07-28T19:47:02.419932343Z	12.53	0.0	446	0.03
23.302	simsensor_2018_13	2017-07-28T19:47:14.420518337Z	13.338	0.0	446	0.04
18.734	simsensor_2018_12	2017-07-28T19:47:24.419888281Z	12.126	0.0	447	0.03
19.32	simsensor_2018_11	2017-07-28T19:47:35.420396458Z	12.158	0.0	447	0.03
17.584	simsensor_2018_10	2017-07-28T19:47:43.430543861Z	11.154	0.0	447	0.04
17.313	simsensor_2018_9	2017-07-28T19:47:50.419863374Z	8.853	0.0	447	0.04
17.542	simsensor_2018_8	2017-07-28T19:47:57.419948449Z	10.68	0.0	448	0.04
15.747	simsensor_2018_7	2017-07-28T19:48:04.419785293Z	11.125	0.0	448	0.03
19.141	simsensor_2018_6	2017-07-28T19:48:11.419919849Z	11.167	0.0	448	0.03
15.64	simsensor_2018_5	2017-07-28T19:48:18.419882009Z	10.764	0.0	449	0.03
17.056	simsensor_2018_4	2017-07-28T19:48:25.419985645Z	10.68	0.0	449	0.05
17.427	simsensor_2018_3	2017-07-28T19:48:32.435177437Z	11.167	0.0	449	0.03
19.217	simsensor_2018_2	2017-07-28T19:48:39.41987251Z	11.167	0.0	450	0.05
18.454	simsensor_2018_1	2017-07-28T19:48:46.420040403Z	11.57	0.0	450	0.02
19.553	simsensor_2017_18	2017-07-28T19:48:53.425100114Z	14.055	0.0	450	0.04
18.514	simsensor_2017_17	2017-07-28T19:49:00.41986085Z	11.192	0.0	450	0.02
18.454	simsensor_2017_16	2017-07-28T19:49:07.419765061Z	11.192	0.0	450	0.05
18.154	simsensor_2017_15	2017-07-28T19:49:14.419841601Z	11.15	0.0	450	0.03
15.21	simsensor_2017_14	2017-07-28T19:49:21.420666462Z	10.788	0.0	450	0.02
16.872	simsensor_2017_13	2017-07-28T19:49:28.419898337Z	10.824	0.0	450	0.02
17.898	simsensor_2017_12	2017-07-28T19:49:35.420551008Z	10.746	0.0	450	0.03
15.674	simsensor_2017_11	2017-07-28T19:49:42.419798579Z	10.096	0.0	450	0.03
14.918	simsensor_2017_10	2017-07-28T19:49:49.419749923Z	10.384	0.0	450	0.03
13.119	simsensor_2017_9	2017-07-28T19:49:56.419999128Z	7.557	0.0	450	0.03
19.656	simsensor_2017_8	2017-07-28T19:50:03.419969674Z	10.68	0.0	450	0.03
16.347	simsensor_2017_7	2017-07-28T19:50:10.419859073Z	11.167	0.0	450	0.03
17.835	simsensor_2017_6	2017-07-28T19:50:17.419969382Z	11.209	0.0	450	0.03
17.61	simsensor_2017_5	2017-07-28T19:50:24.420499544Z	11.57	0.0	450	0.07
17.475	simsensor_2017_4	2017-07-28T19:50:31.420418128Z	11.125	0.0	450	0.03
16.134	simsensor_2017_3	2017-07-28T19:50:38.420397911Z	10.68	0.0	450	0.04
17.49	simsensor_2017_2	2017-07-28T19:50:45.419994166Z	11.654	0.0	450	0.03
15.171	simsensor_2017_1	2017-07-28T19:50:52.419799558Z	10.471	0.0	450	0.03
22.163	simsensor_2016_18	2017-07-28T19:50:59.420213959Z	13.367	0.0	450	0.03
15.632	simsensor_2016_17	2017-07-28T19:51:06.420247063Z	10.378	0.0	450	0.06
17.544	simsensor_2016_16	2017-07-28T19:51:13.420030691Z	10.71	0.0	450	0.02
17.69	simsensor_2016_15	2017-07-28T19:51:20.419911132Z	11.638	0.0	450	0.03
18.99	simsensor_2016_14	2017-07-28T19:51:27.42027672Z	10.704	0.0	450	0.03
17.058	simsensor_2016_13	2017-07-28T19:51:34.419784824Z	10.746	0.0	450	0.03
136.368	simsensor_2016_12	2017-07-28T19:51:41.420283077Z	91.478	0.0	450	0.03
20.172	simsensor_2016_11	2017-07-28T19:51:48.419795843Z	10.704	0.0	450	0.03
16.382	simsensor_2016_10	2017-07-28T19:51:56.420012602Z	11.642	0.0	449	0.04
