----------------------------------------------------------------
8.599	simsensor_2000_1	2017-07-28T00:56:09.914528222Z	4.555	0.0	6	0.09
0.0	simsensor_2000_10	2017-07-28T00:56:16.914053577Z	0.0	0.0	11	0.08
7.321	simsensor_2000_9	2017-07-28T00:56:19.914576719Z	3.667	0.0	13	0.05
5.908	simsensor_2000_8	2017-07-28T00:56:21.914006936Z	2.74	0.0	14	0.05
5.538	simsensor_2000_7	2017-07-28T00:56:23.91467405Z	2.67	0.0	15	0.06
4.808	simsensor_2000_6	2017-07-28T00:56:25.914147566Z	2.67	0.0	15	0.06
4.758	simsensor_2000_5	2017-07-28T00:56:27.914188819Z	2.67	0.0	15	0.09
3.915	simsensor_2000_4	2017-07-28T00:56:29.914124178Z	2.225	0.0	15	0.02
4.758	simsensor_2000_3	2017-07-28T00:56:31.914439209Z	2.67	0.0	15	0.08
4.356	simsensor_2000_2	2017-07-28T00:56:33.914498575Z	2.67	0.0	15	0.09
3.537	simsensor_2000_1	2017-07-28T00:56:35.914498199Z	2.225	0.0	15	0.08
0.0	simsensor_2000_15	2017-07-28T00:56:42.91425957Z	0.0	0.0	15	0.06
5.404	simsensor_2000_14	2017-07-28T00:56:44.914100373Z	3.122	0.0	15	0.06
4.678	simsensor_2000_13	2017-07-28T00:56:46.914080653Z	2.676	0.0	15	0.02
4.716	simsensor_2000_12	2017-07-28T00:56:48.914214451Z	2.676	0.0	15	0.05
6.26	simsensor_2000_11	2017-07-28T00:56:50.914147459Z	3.568	0.0	15	0.06
5.248	simsensor_2000_10	2017-07-28T00:56:52.914179313Z	3.122	0.0	15	0.07
4.59	simsensor_2000_9	2017-07-28T00:56:54.91411907Z	2.596	0.0	15	0.05
4.828	simsensor_2000_8	2017-07-28T00:56:56.91450499Z	2.67	0.0	15	0.1
4.692	simsensor_2000_7	2017-07-28T00:56:58.91430474Z	2.67	0.0	15	0.08
4.57	simsensor_2000_6	2017-07-28T00:57:00.914060019Z	2.712	0.0	15	0.11
4.684	simsensor_2000_5	2017-07-28T00:57:02.914414186Z	2.67	0.0	15	0.09
3.775	simsensor_2000_4	2017-07-28T00:57:04.914105955Z	2.225	0.0	15	0.04
4.622	simsensor_2000_3	2017-07-28T00:57:06.914168872Z	2.67	0.0	15	0.07
3.759	simsensor_2000_2	2017-07-28T00:57:08.914326013Z	2.225	0.0	15	0.05
4.134	simsensor_2000_1	2017-07-28T00:57:10.914129219Z	2.67	0.0	15	0.05
0.0	simsensor_2000_15	2017-07-28T00:57:17.914251435Z	0.0	0.0	15	0.08
5.536	simsensor_2000_14	2017-07-28T00:57:19.914290088Z	3.122	0.0	15	0.09
5.276	simsensor_2000_13	2017-07-28T00:57:21.914351481Z	3.122	0.0	15	0.13
4.65	simsensor_2000_12	2017-07-28T00:57:23.915070755Z	2.676	0.0	15	0.08
6.26	simsensor_2000_11	2017-07-28T00:57:25.914466239Z	3.568	0.0	15	0.09
4.584	simsensor_2000_10	2017-07-28T00:57:27.914307498Z	2.676	0.0	15	0.1
4.59	simsensor_2000_9	2017-07-28T00:57:29.914286326Z	2.53	0.0	15	0.08
5.425	simsensor_2000_8	2017-07-28T00:57:31.914446166Z	3.115	0.0	15	0.1
4.824	simsensor_2000_7	2017-07-28T00:57:33.914191946Z	2.67	0.0	15	0.08
4.594	simsensor_2000_6	2017-07-28T00:57:35.914171098Z	2.67	0.0	15	0.06
4.063	simsensor_2000_5	2017-07-28T00:57:37.914573813Z	2.267	0.0	15	0.1
4.504	simsensor_2000_4	2017-07-28T00:57:39.914231669Z	2.67	0.0	15	0.08
4.49	simsensor_2000_3	2017-07-28T00:57:41.914200942Z	2.67	0.0	15	0.09
2.367	simsensor_2000_2	2017-07-28T00:57:43.91445107Z	1.409	0.0	15	0.09
4.731	simsensor_2000_1	2017-07-28T00:57:45.914406429Z	3.041	0.0	15	0.09
0.0	simsensor_2000_15	2017-07-28T00:57:52.914128198Z	0.0	0.0	15	0.07
5.136	simsensor_2000_14	2017-07-28T00:57:54.914225193Z	2.676	0.0	15	0.08
5.078	simsensor_2000_13	2017-07-28T00:57:56.914201996Z	3.122	0.0	15	0.13
4.452	simsensor_2000_12	2017-07-28T00:57:58.914304982Z	2.676	0.0	15	0.08
5.704	simsensor_2000_11	2017-07-28T00:58:00.914177484Z	3.164	0.0	15	0.12
5.314	simsensor_2000_10	2017-07-28T00:58:02.914244929Z	3.122	0.0	15	0.14
4.788	simsensor_2000_9	2017-07-28T00:58:04.914058419Z	2.464	0.0	15	0.1
4.77	simsensor_2000_8	2017-07-28T00:58:06.914040247Z	2.983	0.0	15	0.08
4.816	simsensor_2000_7	2017-07-28T00:58:08.914172848Z	2.357	0.0	15	0.04
4.993	simsensor_2000_6	2017-07-28T00:58:10.914187077Z	3.115	0.0	15	0.04
4.293	simsensor_2000_5	2017-07-28T00:58:12.914598962Z	2.538	0.0	15	0.04
4.232	simsensor_2000_4	2017-07-28T00:58:14.914196463Z	2.357	0.0	15	0.07
4.424	simsensor_2000_3	2017-07-28T00:58:16.914197502Z	2.67	0.0	15	0.07
2.697	simsensor_2000_2	2017-07-28T00:58:18.914144672Z	1.409	0.0	15	0.05
4.599	simsensor_2000_1	2017-07-28T00:58:20.914155153Z	3.041	0.0	15	0.1
0.0	simsensor_2000_15	2017-07-28T00:58:27.914737895Z	0.0	0.0	15	0.09
5.866	simsensor_2000_14	2017-07-28T00:58:29.914213827Z	3.122	0.0	15	0.11
4.348	simsensor_2000_13	2017-07-28T00:58:31.914300907Z	2.676	0.0	15	0.04
5.116	simsensor_2000_12	2017-07-28T00:58:33.914771082Z	3.122	0.0	15	0.06
5.728	simsensor_2000_11	2017-07-28T00:58:35.914043124Z	3.122	0.0	15	0.11
5.314	simsensor_2000_10	2017-07-28T00:58:37.914302581Z	3.122	0.0	15	0.09
4.721	simsensor_2000_9	2017-07-28T00:58:39.914577845Z	2.397	0.0	15	0.09
4.564	simsensor_2000_8	2017-07-28T00:58:41.91425149Z	2.67	0.0	15	0.11
5.661	simsensor_2000_7	2017-07-28T00:58:43.914133559Z	3.157	0.0	15	0.06
4.396	simsensor_2000_6	2017-07-28T00:58:45.914533236Z	2.67	0.0	15	0.11
2.761	simsensor_2000_5	2017-07-28T00:58:47.914523199Z	1.409	0.0	15	0.05
5.566	simsensor_2000_4	2017-07-28T00:58:49.914561962Z	3.42	0.0	15	0.08
3.893	simsensor_2000_3	2017-07-28T00:58:51.914344324Z	2.291	0.0	15	0.08
2.697	simsensor_2000_2	2017-07-28T00:58:53.914213025Z	1.409	0.0	15	0.05
3.936	simsensor_2000_1	2017-07-28T00:58:55.914185048Z	2.67	0.0	15	0.07
0.0	simsensor_2000_15	2017-07-28T00:59:02.914579761Z	0.0	0.0	15	0.09
5.998	simsensor_2000_14	2017-07-28T00:59:04.914158213Z	3.188	0.0	15	0.1
5.478	simsensor_2000_13	2017-07-28T00:59:06.914168484Z	3.494	0.0	15	0.07
4.984	simsensor_2000_12	2017-07-28T00:59:08.914280125Z	3.122	0.0	15	0.06
5.064	simsensor_2000_11	2017-07-28T00:59:10.914661788Z	2.676	0.0	15	0.06
6.11	simsensor_2000_10	2017-07-28T00:59:12.9144739Z	3.568	0.0	15	0.12
4.057	simsensor_2000_9	2017-07-28T00:59:14.914563823Z	1.885	0.0	15	0.08
5.095	simsensor_2000_8	2017-07-28T00:59:16.914282125Z	3.115	0.0	15	0.08
5.088	simsensor_2000_7	2017-07-28T00:59:18.914034121Z	2.67	0.0	15	0.05
4.38	simsensor_2000_6	2017-07-28T00:59:20.915387257Z	3.025	0.0	15	0.05
3.548	simsensor_2000_5	2017-07-28T00:59:22.914478499Z	1.541	0.0	15	0.12
5.203	simsensor_2000_4	2017-07-28T00:59:24.914306142Z	3.041	0.0	16	0.12
4.842	simsensor_2000_3	2017-07-28T00:59:26.914963953Z	2.67	0.0	17	0.07
3.379	simsensor_2000_2	2017-07-28T00:59:28.914279758Z	1.409	0.0	18	0.08
5.112	simsensor_2000_1	2017-07-28T00:59:30.91472782Z	2.67	0.0	19	0.1
0.0	simsensor_2001_5	2017-07-28T00:59:38.914165928Z	0.0	0.0	23	0.03
6.796	simsensor_2001_4	2017-07-28T00:59:40.914252599Z	3.672	0.0	24	0.08
6.594	simsensor_2001_3	2017-07-28T00:59:42.913990527Z	3.63	0.0	25	0.09
5.951	simsensor_2001_2	2017-07-28T00:59:44.914119027Z	3.115	0.0	26	0.12
6.069	simsensor_2001_1	2017-07-28T00:59:46.914124542Z	3.115	0.0	27	0.08
5.258	simsensor_2000_18	2017-07-28T00:59:48.914541556Z	2.784	0.0	28	0.06
6.966	simsensor_2000_17	2017-07-28T00:59:50.914087316Z	3.94	0.0	29	0.11
5.798	simsensor_2000_16	2017-07-28T00:59:52.914026705Z	3.122	0.0	30	0.08
233.408	simsensor_2000_15	2017-07-28T00:59:54.914410796Z	155.45	0.0	30	0.06
6.072	simsensor_2000_14	2017-07-28T00:59:56.914682646Z	3.122	0.0	30	0.06
5.948	simsensor_2000_13	2017-07-28T00:59:58.914156787Z	3.874	0.0	30	0.08
4.984	simsensor_2000_12	2017-07-28T01:00:00.91407632Z	2.742	0.0	30	0.06
5.266	simsensor_2000_11	2017-07-28T01:00:02.914055714Z	3.122	0.0	30	0.13
5.578	simsensor_2000_10	2017-07-28T01:00:04.914047645Z	3.122	0.0	30	0.09
4.031	simsensor_2000_9	2017-07-28T01:00:06.914201071Z	2.098	0.0	30	0.05
5.021	simsensor_2000_8	2017-07-28T01:00:08.914138054Z	2.802	0.0	30	0.05
5.154	simsensor_2000_7	2017-07-28T01:00:10.914119863Z	2.67	0.0	30	0.07
4.705	simsensor_2000_6	2017-07-28T01:00:12.914300401Z	3.157	0.0	30	0.06
3.091	simsensor_2000_5	2017-07-28T01:00:14.914245084Z	1.409	0.0	30	0.06
4.969	simsensor_2000_4	2017-07-28T01:00:16.914223469Z	3.041	0.0	30	0.09
4.16	simsensor_2000_3	2017-07-28T01:00:18.914163775Z	2.67	0.0	30	0.08
2.895	simsensor_2000_2	2017-07-28T01:00:20.914203736Z	1.409	0.0	30	0.1
4.464	simsensor_2000_1	2017-07-28T01:00:22.914095506Z	2.67	0.0	30	0.06
0.0	simsensor_2001_12	2017-07-28T01:00:29.914113142Z	0.0	0.0	30	0.06
6.068	simsensor_2001_11	2017-07-28T01:00:31.914089828Z	3.568	0.0	30	0.07
6.092	simsensor_2001_10	2017-07-28T01:00:33.914084824Z	3.568	0.0	30	0.05
6.168	simsensor_2001_9	2017-07-28T01:00:35.914274362Z	3.47	0.0	30	0.06
5.772	simsensor_2001_8	2017-07-28T01:00:37.914166762Z	3.602	0.0	30	0.07
6.06	simsensor_2001_7	2017-07-28T01:00:39.914072133Z	3.56	0.0	30	0.05
5.311	simsensor_2001_6	2017-07-28T01:00:41.914209352Z	3.115	0.0	30	0.11
6.018	simsensor_2001_5	2017-07-28T01:00:43.914147695Z	3.56	0.0	30	0.06
6.064	simsensor_2001_4	2017-07-28T01:00:45.914449081Z	3.56	0.0	30	0.11
5.439	simsensor_2001_3	2017-07-28T01:00:47.914481416Z	3.115	0.0	30	0.09
5.087	simsensor_2001_2	2017-07-28T01:00:49.914211374Z	3.115	0.0	30	0.04
6.216	simsensor_2001_1	2017-07-28T01:00:51.914139483Z	3.56	0.0	30	0.05
3.497	simsensor_2000_18	2017-07-28T01:00:53.914078116Z	2.091	0.0	30	0.07
7.43	simsensor_2000_17	2017-07-28T01:00:55.914147086Z	4.758	0.0	30	0.06
5.306	simsensor_2000_16	2017-07-28T01:00:57.914170426Z	3.122	0.0	30	0.06
232.514	simsensor_2000_15	2017-07-28T01:00:59.91426821Z	155.004	0.0	30	0.07
5.866	simsensor_2000_14	2017-07-28T01:01:01.914147398Z	3.122	0.0	30	0.09
6.142	simsensor_2000_13	2017-07-28T01:01:03.91411408Z	3.94	0.0	30	0.06
4.782	simsensor_2000_12	2017-07-28T01:01:05.914472375Z	2.676	0.0	30	0.05
5.464	simsensor_2000_11	2017-07-28T01:01:07.914553216Z	3.122	0.0	30	0.1
5.78	simsensor_2000_10	2017-07-28T01:01:09.914104598Z	3.568	0.0	30	0.08
3.94	simsensor_2000_9	2017-07-28T01:01:11.914195815Z	1.702	0.0	30	0.05
4.564	simsensor_2000_8	2017-07-28T01:01:13.914283777Z	2.67	0.0	30	0.07
5.949	simsensor_2000_7	2017-07-28T01:01:15.914062622Z	3.115	0.0	30	0.05
3.736	simsensor_2000_6	2017-07-28T01:01:17.914155539Z	2.67	0.0	30	0.08
3.157	simsensor_2000_5	2017-07-28T01:01:19.914094852Z	1.409	0.0	30	0.07
5.5	simsensor_2000_4	2017-07-28T01:01:21.914118448Z	3.486	0.0	30	0.11
4.292	simsensor_2000_3	2017-07-28T01:01:23.913996568Z	2.67	0.0	30	0.06
2.895	simsensor_2000_2	2017-07-28T01:01:25.91448977Z	1.409	0.0	30	0.1
2.475	simsensor_2000_1	2017-07-28T01:01:27.914046315Z	1.409	0.0	30	0.06
0.0	simsensor_2001_12	2017-07-28T01:01:34.914164555Z	0.0	0.0	30	0.1
5.936	simsensor_2001_11	2017-07-28T01:01:36.914213158Z	3.568	0.0	30	0.05
6.158	simsensor_2001_10	2017-07-28T01:01:38.914295476Z	3.568	0.0	30	0.07
6.043	simsensor_2001_9	2017-07-28T01:01:40.914154567Z	3.345	0.0	30	0.05
5.73	simsensor_2001_8	2017-07-28T01:01:42.914551825Z	3.56	0.0	30	0.06
5.994	simsensor_2001_7	2017-07-28T01:01:44.914219622Z	3.56	0.0	30	0.08
5.443	simsensor_2001_6	2017-07-28T01:01:46.914079044Z	3.115	0.0	30	0.09
5.952	simsensor_2001_5	2017-07-28T01:01:48.91452189Z	3.56	0.0	30	0.11
6.064	simsensor_2001_4	2017-07-28T01:01:50.91414315Z	3.56	0.0	30	0.06
5.439	simsensor_2001_3	2017-07-28T01:01:52.914189993Z	3.115	0.0	30	0.05
5.351	simsensor_2001_2	2017-07-28T01:01:54.914090011Z	3.115	0.0	30	0.06
5.952	simsensor_2001_1	2017-07-28T01:01:56.914171945Z	3.56	0.0	30	0.06
3.264	simsensor_2000_18	2017-07-28T01:01:58.914105264Z	1.812	0.0	30	0.06
7.1	simsensor_2000_17	2017-07-28T01:02:00.914130891Z	4.758	0.0	30	0.07
3.978	simsensor_2000_16	2017-07-28T01:02:02.914383293Z	2.304	0.0	30	0.05
233.866	simsensor_2000_15	2017-07-28T01:02:04.914080083Z	155.78	0.0	30	0.05
5.908	simsensor_2000_14	2017-07-28T01:02:06.914210385Z	3.164	0.0	30	0.06
5.544	simsensor_2000_13	2017-07-28T01:02:08.914062071Z	3.568	0.0	30	0.13
5.644	simsensor_2000_12	2017-07-28T01:02:10.914224873Z	3.048	0.0	30	0.07
5.266	simsensor_2000_11	2017-07-28T01:02:12.914032711Z	3.122	0.0	30	0.06
5.182	simsensor_2000_10	2017-07-28T01:02:14.914164939Z	3.122	0.0	30	0.07
4.24	simsensor_2000_9	2017-07-28T01:02:16.914195415Z	1.982	0.0	30	0.04
4.63	simsensor_2000_8	2017-07-28T01:02:18.914064639Z	2.67	0.0	30	0.07
6.147	simsensor_2000_7	2017-07-28T01:02:20.914167322Z	3.115	0.0	30	0.06
2.542	simsensor_2000_6	2017-07-28T01:02:22.914080003Z	1.854	0.0	30	0.06
4.153	simsensor_2000_5	2017-07-28T01:02:24.914157081Z	2.225	0.0	30	0.1
5.5	simsensor_2000_4	2017-07-28T01:02:26.914180508Z	3.486	0.0	30	0.09
3.737	simsensor_2000_3	2017-07-28T01:02:28.914175066Z	2.267	0.0	30	0.07
3.558	simsensor_2000_2	2017-07-28T01:02:30.914086221Z	1.854	0.0	30	0.06
2.871	simsensor_2000_1	2017-07-28T01:02:32.914204407Z	1.409	0.0	30	0.05
0.0	simsensor_2001_12	2017-07-28T01:02:39.914113719Z	0.0	0.0	30	0.07
5.672	simsensor_2001_11	2017-07-28T01:02:41.914252375Z	3.568	0.0	30	0.05
6.888	simsensor_2001_10	2017-07-28T01:02:43.914190894Z	4.014	0.0	30	0.05
5.984	simsensor_2001_9	2017-07-28T01:02:45.914204008Z	3.22	0.0	30	0.07
5.796	simsensor_2001_8	2017-07-28T01:02:47.914144582Z	3.56	0.0	30	0.1
5.133	simsensor_2001_7	2017-07-28T01:02:49.914227203Z	3.115	0.0	30	0.08
6.214	simsensor_2001_6	2017-07-28T01:02:51.914224382Z	3.602	0.0	30	0.09
4.56	simsensor_2001_5	2017-07-28T01:02:53.914151983Z	2.744	0.0	30	0.09
8.114	simsensor_2001_4	2017-07-28T01:02:55.914245216Z	4.376	0.0	31	0.06
5.392	simsensor_2001_3	2017-07-28T01:02:57.914226775Z	2.67	0.0	32	0.1
6.21	simsensor_2001_2	2017-07-28T01:02:59.914035147Z	3.56	0.0	33	0.06
5.753	simsensor_2001_1	2017-07-28T01:03:01.914295087Z	3.115	0.0	33	0.06
3.224	simsensor_2000_18	2017-07-28T01:03:03.914257168Z	1.448	0.0	34	0.05
8.586	simsensor_2000_17	2017-07-28T01:03:05.914380962Z	5.204	0.0	35	0.11
4.15	simsensor_2000_16	2017-07-28T01:03:07.914445503Z	2.304	0.0	36	0.08
234.706	simsensor_2000_15	2017-07-28T01:03:09.914243326Z	155.822	0.0	36	0.1
4.882	simsensor_2000_14	2017-07-28T01:03:11.914863026Z	2.304	0.0	37	0.06
9.182	simsensor_2000_13	2017-07-28T01:03:14.914087027Z	5.278	0.0	38	0.07
4.78	simsensor_2000_12	2017-07-28T01:03:16.914834357Z	2.23	0.0	39	0.1
6.836	simsensor_2000_11	2017-07-28T01:03:18.914064991Z	3.94	0.0	40	0.13
6.442	simsensor_2000_10	2017-07-28T01:03:20.914110936Z	3.61	0.0	40	0.08
4.1	simsensor_2000_9	2017-07-28T01:03:22.914111641Z	1.41	0.0	41	0.06
4.506	simsensor_2000_8	2017-07-28T01:03:24.914100137Z	2.67	0.0	41	0.07
6.611	simsensor_2000_7	2017-07-28T01:03:26.914539058Z	3.115	0.0	42	0.1
2.405	simsensor_2000_6	2017-07-28T01:03:28.914110603Z	1.483	0.0	43	0.1
6.301	simsensor_2000_5	2017-07-28T01:03:30.914126575Z	3.041	0.0	43	0.06
5.021	simsensor_2000_4	2017-07-28T01:03:32.914073043Z	3.041	0.0	44	0.06
4.666	simsensor_2000_3	2017-07-28T01:03:34.914023202Z	2.67	0.0	45	0.06
3.347	simsensor_2000_2	2017-07-28T01:03:36.914187741Z	1.409	0.0	45	0.09
3.472	simsensor_2000_1	2017-07-28T01:03:38.914479374Z	1.854	0.0	45	0.08
0.0	simsensor_2002_9	2017-07-28T01:03:46.914152232Z	0.0	0.0	45	0.06
6.657	simsensor_2002_8	2017-07-28T01:03:48.914721028Z	4.005	0.0	45	0.11
7.25	simsensor_2002_7	2017-07-28T01:03:50.914111425Z	4.45	0.0	45	0.08
6.657	simsensor_2002_6	2017-07-28T01:03:52.915181637Z	4.005	0.0	45	0.05
9.379	simsensor_2002_5	2017-07-28T01:03:54.91415652Z	5.785	0.0	45	0.04
6.657	simsensor_2002_4	2017-07-28T01:03:56.914248561Z	4.005	0.0	45	0.05
6.657	simsensor_2002_3	2017-07-28T01:03:58.914109717Z	4.005	0.0	45	0.07
6.036	simsensor_2002_2	2017-07-28T01:04:00.914167416Z	3.602	0.0	45	0.03
6.657	simsensor_2002_1	2017-07-28T01:04:02.914654129Z	4.005	0.0	45	0.09
6.834	simsensor_2001_18	2017-07-28T01:04:04.9138805Z	4.116	0.0	45	0.08
6.138	simsensor_2001_17	2017-07-28T01:04:06.91412001Z	3.568	0.0	45	0.11
7.264	simsensor_2001_16	2017-07-28T01:04:08.914113529Z	4.46	0.0	45	0.08
5.998	simsensor_2001_15	2017-07-28T01:04:10.914109941Z	3.568	0.0	45	0.05
6.592	simsensor_2001_14	2017-07-28T01:04:12.914159374Z	4.014	0.0	45	0.07
6.328	simsensor_2001_13	2017-07-28T01:04:14.914242528Z	4.014	0.0	45	0.06
236.47	simsensor_2001_12	2017-07-28T01:04:16.914273485Z	157.92	0.0	45	0.05
5.998	simsensor_2001_11	2017-07-28T01:04:18.914537489Z	3.634	0.0	45	0.08
6.596	simsensor_2001_10	2017-07-28T01:04:20.914272607Z	3.676	0.0	45	0.07
5.535	simsensor_2001_9	2017-07-28T01:04:22.91401401Z	3.035	0.0	45	0.05
5.796	simsensor_2001_8	2017-07-28T01:04:24.914298489Z	3.56	0.0	45	0.07
5.199	simsensor_2001_7	2017-07-28T01:04:26.914730121Z	3.115	0.0	45	0.07
6.04	simsensor_2001_6	2017-07-28T01:04:28.914224844Z	3.56	0.0	45	0.09
4.692	simsensor_2001_5	2017-07-28T01:04:30.913961222Z	2.744	0.0	45	0.09
7.588	simsensor_2001_4	2017-07-28T01:04:32.914246654Z	4.376	0.0	45	0.11
5.637	simsensor_2001_3	2017-07-28T01:04:34.914191174Z	3.115	0.0	45	0.08
4.955	simsensor_2001_2	2017-07-28T01:04:36.914436006Z	3.115	0.0	45	0.08
5.091	simsensor_2001_1	2017-07-28T01:04:38.913961982Z	3.115	0.0	45	0.04
3.041	simsensor_2000_18	2017-07-28T01:04:40.920026704Z	1.749	0.0	45	0.05
8.692	simsensor_2000_17	2017-07-28T01:04:42.914157491Z	5.576	0.0	45	0.08
3.116	simsensor_2000_16	2017-07-28T01:04:44.91405007Z	1.932	0.0	45	0.06
234.596	simsensor_2000_15	2017-07-28T01:04:46.914149691Z	156.152	0.0	45	0.06
4.646	simsensor_2000_14	2017-07-28T01:04:48.914094906Z	2.346	0.0	45	0.06
7.004	simsensor_2000_13	2017-07-28T01:04:50.914037347Z	4.386	0.0	45	0.07
4.914	simsensor_2000_12	2017-07-28T01:04:52.914114894Z	2.676	0.0	45	0.12
6.528	simsensor_2000_11	2017-07-28T01:04:54.91455035Z	3.94	0.0	45	0.08
4.852	simsensor_2000_10	2017-07-28T01:04:56.914006951Z	3.122	0.0	45	0.08
4.325	simsensor_2000_9	2017-07-28T01:04:58.914054581Z	1.671	0.0	45	0.06
4.432	simsensor_2000_8	2017-07-28T01:05:00.914089302Z	2.67	0.0	45	0.1
6.081	simsensor_2000_7	2017-07-28T01:05:02.914727049Z	3.115	0.0	45	0.08
1.216	simsensor_2000_6	2017-07-28T01:05:04.914058059Z	1.038	0.0	45	0.06
5.677	simsensor_2000_5	2017-07-28T01:05:06.914184685Z	3.041	0.0	45	0.05
4.969	simsensor_2000_4	2017-07-28T01:05:08.914054776Z	3.041	0.0	45	0.07
3.341	simsensor_2000_3	2017-07-28T01:05:10.914296048Z	2.267	0.0	45	0.06
2.364	simsensor_2000_2	2017-07-28T01:05:12.914262425Z	1.038	0.0	45	0.06
4.197	simsensor_2000_1	2017-07-28T01:05:14.914100557Z	2.225	0.0	45	0.07
0.0	simsensor_2002_9	2017-07-28T01:05:22.914534071Z	0.0	0.0	45	0.13
6.657	simsensor_2002_8	2017-07-28T01:05:24.914135229Z	4.005	0.0	45	0.09
7.25	simsensor_2002_7	2017-07-28T01:05:26.914092024Z	4.45	0.0	45	0.06
7.32	simsensor_2002_6	2017-07-28T01:05:28.914082541Z	4.45	0.0	45	0.06
8.824	simsensor_2002_5	2017-07-28T01:05:30.914288465Z	5.382	0.0	45	0.12
6.06	simsensor_2002_4	2017-07-28T01:05:32.914342464Z	3.56	0.0	45	0.03
7.851	simsensor_2002_3	2017-07-28T01:05:34.914579562Z	4.895	0.0	45	0.1
6.06	simsensor_2002_2	2017-07-28T01:05:36.914211518Z	3.56	0.0	45	0.08
6.591	simsensor_2002_1	2017-07-28T01:05:38.9144591Z	4.005	0.0	45	0.07
5.161	simsensor_2001_18	2017-07-28T01:05:40.914533221Z	2.965	0.0	45	0.07
6.868	simsensor_2001_17	2017-07-28T01:05:42.914576263Z	4.014	0.0	45	0.13
6.666	simsensor_2001_16	2017-07-28T01:05:44.914245663Z	4.014	0.0	45	0.13
5.974	simsensor_2001_15	2017-07-28T01:05:46.914277266Z	3.61	0.0	45	0.04
6.856	simsensor_2001_14	2017-07-28T01:05:48.914267624Z	4.014	0.0	45	0.07
6.328	simsensor_2001_13	2017-07-28T01:05:50.914278993Z	4.014	0.0	45	0.07
236.132	simsensor_2001_12	2017-07-28T01:05:52.914427711Z	157.606	0.0	45	0.07
6.006	simsensor_2001_11	2017-07-28T01:05:54.914003121Z	3.948	0.0	45	0.06
6.62	simsensor_2001_10	2017-07-28T01:05:56.91404256Z	3.634	0.0	45	0.05
4.622	simsensor_2001_9	2017-07-28T01:05:58.914081459Z	2.406	0.0	45	0.06
6.393	simsensor_2001_8	2017-07-28T01:06:00.914183526Z	4.005	0.0	45	0.06
5.331	simsensor_2001_7	2017-07-28T01:06:02.914058037Z	3.115	0.0	45	0.06
5.509	simsensor_2001_6	2017-07-28T01:06:04.914522164Z	3.115	0.0	45	0.07
4.626	simsensor_2001_5	2017-07-28T01:06:06.914127549Z	2.744	0.0	45	0.05
7.456	simsensor_2001_4	2017-07-28T01:06:08.914130205Z	4.376	0.0	45	0.07
5.613	simsensor_2001_3	2017-07-28T01:06:10.914081841Z	3.157	0.0	45	0.05
5.153	simsensor_2001_2	2017-07-28T01:06:12.914172931Z	3.115	0.0	45	0.06
5.688	simsensor_2001_1	2017-07-28T01:06:14.914184577Z	3.56	0.0	45	0.06
2.387	simsensor_2000_18	2017-07-28T01:06:16.91417482Z	1.445	0.0	45	0.07
8.758	simsensor_2000_17	2017-07-28T01:06:18.914191441Z	5.576	0.0	45	0.06
3.182	simsensor_2000_16	2017-07-28T01:06:20.914377853Z	1.932	0.0	45	0.07
232.58	simsensor_2000_15	2017-07-28T01:06:22.914620245Z	154.93	0.0	45	0.03
6.596	simsensor_2000_14	2017-07-28T01:06:24.914377562Z	3.568	0.0	45	0.08
6.938	simsensor_2000_13	2017-07-28T01:06:26.914099891Z	4.386	0.0	45	0.04
4.98	simsensor_2000_12	2017-07-28T01:06:28.914019129Z	2.676	0.0	45	0.06
5.864	simsensor_2000_11	2017-07-28T01:06:30.914093171Z	3.494	0.0	45	0.05
5.78	simsensor_2000_10	2017-07-28T01:06:32.914486633Z	3.568	0.0	45	0.07
4.538	simsensor_2000_9	2017-07-28T01:06:34.91414596Z	1.488	0.0	45	0.09
3.772	simsensor_2000_8	2017-07-28T01:06:36.914202469Z	2.604	0.0	45	0.04
7.468	simsensor_2000_7	2017-07-28T01:06:39.914069341Z	3.668	0.0	46	0.05
1.648	simsensor_2000_6	2017-07-28T01:06:41.914371451Z	1.038	0.0	46	0.1
6.261	simsensor_2000_5	2017-07-28T01:06:43.914473013Z	3.041	0.0	47	0.08
5.404	simsensor_2000_4	2017-07-28T01:06:45.914117123Z	3.486	0.0	48	0.06
3.755	simsensor_2000_3	2017-07-28T01:06:47.914093109Z	2.225	0.0	48	0.04
3.553	simsensor_2000_2	2017-07-28T01:06:49.914108707Z	1.483	0.0	49	0.05
4.097	simsensor_2000_1	2017-07-28T01:06:51.914082376Z	2.159	0.0	49	0.04
0.0	simsensor_2002_15	2017-07-28T01:06:59.914076139Z	0.0	0.0	51	0.05
8.524	simsensor_2002_14	2017-07-28T01:07:01.913984251Z	5.088	0.0	52	0.06
7.4	simsensor_2002_13	2017-07-28T01:07:03.91450845Z	4.46	0.0	52	0.08
10.808	simsensor_2002_12	2017-07-28T01:07:06.914049195Z	6.244	0.0	53	0.08
7.692	simsensor_2002_11	2017-07-28T01:07:08.914076989Z	4.46	0.0	54	0.07
8.112	simsensor_2002_10	2017-07-28T01:07:10.914121028Z	4.906	0.0	54	0.06
240.096	simsensor_2002_9	2017-07-28T01:07:12.914047768Z	160.346	0.0	55	0.06
7.644	simsensor_2002_8	2017-07-28T01:07:14.914216128Z	4.45	0.0	55	0.05
7.55	simsensor_2002_7	2017-07-28T01:07:16.914138985Z	4.45	0.0	55	0.06
7.113	simsensor_2002_6	2017-07-28T01:07:18.914053781Z	4.005	0.0	56	0.06
8.782	simsensor_2002_5	2017-07-28T01:07:20.913989008Z	5.34	0.0	56	0.05
5.955	simsensor_2002_4	2017-07-28T01:07:22.914481006Z	3.189	0.0	57	0.09
8.646	simsensor_2002_3	2017-07-28T01:07:24.913977296Z	5.266	0.0	57	0.05
6.702	simsensor_2002_2	2017-07-28T01:07:26.914362728Z	3.602	0.0	58	0.1
6.825	simsensor_2002_1	2017-07-28T01:07:28.914144876Z	4.005	0.0	58	0.08
4.789	simsensor_2001_18	2017-07-28T01:07:30.913972834Z	2.285	0.0	59	0.06
6.814	simsensor_2001_17	2017-07-28T01:07:32.914370138Z	4.014	0.0	59	0.09
7.212	simsensor_2001_16	2017-07-28T01:07:34.914163908Z	4.014	0.0	60	0.06
6.794	simsensor_2001_15	2017-07-28T01:07:36.91404409Z	4.014	0.0	60	0.05
6.732	simsensor_2001_14	2017-07-28T01:07:38.91405225Z	4.014	0.0	60	0.06
5.928	simsensor_2001_13	2017-07-28T01:07:40.915127468Z	3.568	0.0	60	0.08
236.602	simsensor_2001_12	2017-07-28T01:07:42.914468472Z	158.052	0.0	60	0.1
5.474	simsensor_2001_11	2017-07-28T01:07:44.914414721Z	3.568	0.0	60	0.12
7.35	simsensor_2001_10	2017-07-28T01:07:46.914229515Z	4.014	0.0	60	0.07
4.453	simsensor_2001_9	2017-07-28T01:07:48.914161814Z	2.237	0.0	60	0.1
6.261	simsensor_2001_8	2017-07-28T01:07:50.914285441Z	4.005	0.0	60	0.05
5.319	simsensor_2001_7	2017-07-28T01:07:52.914133618Z	3.181	0.0	60	0.07
6.184	simsensor_2001_6	2017-07-28T01:07:54.914109059Z	3.494	0.0	60	0.05
4.029	simsensor_2001_5	2017-07-28T01:07:56.914112196Z	2.299	0.0	60	0.06
7.522	simsensor_2001_4	2017-07-28T01:07:58.914089722Z	4.376	0.0	60	0.06
5.769	simsensor_2001_3	2017-07-28T01:08:00.91398585Z	3.193	0.0	60	0.06
3.761	simsensor_2001_2	2017-07-28T01:08:02.914068896Z	2.221	0.0	60	0.06
6.882	simsensor_2001_1	2017-07-28T01:08:04.914437122Z	4.376	0.0	60	0.06
3.262	simsensor_2000_18	2017-07-28T01:08:06.914356328Z	2.102	0.0	60	0.12
7.86	simsensor_2000_17	2017-07-28T01:08:08.914571245Z	5.25	0.0	60	0.1
3.458	simsensor_2000_16	2017-07-28T01:08:10.915301715Z	1.854	0.0	60	0.09
233.202	simsensor_2000_15	2017-07-28T01:08:12.914231284Z	155.334	0.0	60	0.07
5.998	simsensor_2000_14	2017-07-28T01:08:14.914064413Z	3.122	0.0	60	0.06
7.178	simsensor_2000_13	2017-07-28T01:08:16.914383638Z	4.428	0.0	60	0.07
4.65	simsensor_2000_12	2017-07-28T01:08:18.914628842Z	2.676	0.0	60	0.11
5.996	simsensor_2000_11	2017-07-28T01:08:20.913942483Z	3.494	0.0	60	0.09
5.714	simsensor_2000_10	2017-07-28T01:08:22.914180389Z	3.568	0.0	60	0.07
4.261	simsensor_2000_9	2017-07-28T01:08:24.914517854Z	1.277	0.0	60	0.12
3.772	simsensor_2000_8	2017-07-28T01:08:26.914344137Z	2.67	0.0	60	0.08
5.352	simsensor_2000_7	2017-07-28T01:08:28.914173721Z	2.67	0.0	60	0.09
2.341	simsensor_2000_6	2017-07-28T01:08:30.914109297Z	1.483	0.0	60	0.09
5.014	simsensor_2000_5	2017-07-28T01:08:32.914447744Z	2.596	0.0	60	0.07
3.91	simsensor_2000_4	2017-07-28T01:08:34.914165084Z	2.67	0.0	60	0.1
3.439	simsensor_2000_3	2017-07-28T01:08:36.914130504Z	2.291	0.0	60	0.03
2.953	simsensor_2000_2	2017-07-28T01:08:38.914392065Z	1.417	0.0	60	0.11
4.239	simsensor_2000_1	2017-07-28T01:08:40.91442468Z	2.193	0.0	60	0.08
0.0	simsensor_2003_6	2017-07-28T01:08:48.914420016Z	0.0	0.0	60	0.12
8.646	simsensor_2003_5	2017-07-28T01:08:50.914272595Z	5.34	0.0	60	0.06
7.983	simsensor_2003_4	2017-07-28T01:08:52.914097229Z	4.895	0.0	60	0.05
8.688	simsensor_2003_3	2017-07-28T01:08:54.9143039Z	5.382	0.0	60	0.11
8.712	simsensor_2003_2	2017-07-28T01:08:56.914434172Z	5.34	0.0	60	0.11
8.58	simsensor_2003_1	2017-07-28T01:08:58.914646942Z	5.34	0.0	60	0.09
5.744	simsensor_2002_18	2017-07-28T01:09:00.914030276Z	3.33	0.0	60	0.07
8.192	simsensor_2002_17	2017-07-28T01:09:02.914570952Z	4.906	0.0	60	0.06
6.674	simsensor_2002_16	2017-07-28T01:09:04.914142981Z	4.328	0.0	60	0.04
10.708	simsensor_2002_15	2017-07-28T01:09:06.914354356Z	6.376	0.0	60	0.11
7.042	simsensor_2002_14	2017-07-28T01:09:08.914368263Z	4.58	0.0	60	0.09
7.994	simsensor_2002_13	2017-07-28T01:09:10.914133638Z	4.828	0.0	60	0.09
8.724	simsensor_2002_12	2017-07-28T01:09:12.914124529Z	5.352	0.0	60	0.06
6.662	simsensor_2002_11	2017-07-28T01:09:14.914531946Z	4.014	0.0	60	0.1
8.452	simsensor_2002_10	2017-07-28T01:09:16.91452806Z	5.352	0.0	60	0.11
239.622	simsensor_2002_9	2017-07-28T01:09:18.914167838Z	160.106	0.0	60	0.07
6.525	simsensor_2002_8	2017-07-28T01:09:20.914347245Z	4.005	0.0	60	0.08
8.177	simsensor_2002_7	2017-07-28T01:09:22.913969209Z	4.895	0.0	60	0.09
5.862	simsensor_2002_6	2017-07-28T01:09:24.914255208Z	3.56	0.0	60	0.05
8.65	simsensor_2002_5	2017-07-28T01:09:26.914108506Z	5.34	0.0	60	0.1
6.456	simsensor_2002_4	2017-07-28T01:09:28.914278243Z	3.634	0.0	60	0.12
7.455	simsensor_2002_3	2017-07-28T01:09:30.914108849Z	4.821	0.0	60	0.04
6.192	simsensor_2002_2	2017-07-28T01:09:32.914193247Z	3.56	0.0	60	0.06
7.23	simsensor_2002_1	2017-07-28T01:09:34.914655156Z	4.492	0.0	60	0.09
5.477	simsensor_2001_18	2017-07-28T01:09:36.914765745Z	2.971	0.0	60	0.11
6.472	simsensor_2001_17	2017-07-28T01:09:38.914077332Z	4.014	0.0	60	0.06
7.198	simsensor_2001_16	2017-07-28T01:09:40.914068038Z	4.46	0.0	60	0.08
7.256	simsensor_2001_15	2017-07-28T01:09:42.914208465Z	4.014	0.0	60	0.11
5.532	simsensor_2001_14	2017-07-28T01:09:44.914204194Z	3.568	0.0	60	0.04
6.46	simsensor_2001_13	2017-07-28T01:09:46.914195736Z	4.014	0.0	60	0.05
235.934	simsensor_2001_12	2017-07-28T01:09:48.914295718Z	157.606	0.0	60	0.08
4.744	simsensor_2001_11	2017-07-28T01:09:50.91445238Z	3.196	0.0	60	0.08
7.016	simsensor_2001_10	2017-07-28T01:09:52.91447394Z	3.568	0.0	60	0.06
5.963	simsensor_2001_9	2017-07-28T01:09:54.914677799Z	3.217	0.0	60	0.1
5.904	simsensor_2001_8	2017-07-28T01:09:56.914538023Z	3.602	0.0	60	0.12
5.784	simsensor_2001_7	2017-07-28T01:09:58.914099724Z	3.626	0.0	60	0.08
4.327	simsensor_2001_6	2017-07-28T01:10:00.914270972Z	2.311	0.0	60	0.06
5.952	simsensor_2001_5	2017-07-28T01:10:02.914127241Z	3.482	0.0	60	0.1
7.39	simsensor_2001_4	2017-07-28T01:10:04.91471316Z	4.376	0.0	60	0.07
5.901	simsensor_2001_3	2017-07-28T01:10:06.914117522Z	3.193	0.0	60	0.1
3.428	simsensor_2001_2	2017-07-28T01:10:08.914166712Z	1.776	0.0	60	0.1
7.149	simsensor_2001_1	2017-07-28T01:10:10.914089095Z	4.821	0.0	60	0.05
2.242	simsensor_2000_18	2017-07-28T01:10:12.914040381Z	1.452	0.0	60	0.06
7.752	simsensor_2000_17	2017-07-28T01:10:14.914061236Z	5.208	0.0	60	0.03
2.106	simsensor_2000_16	2017-07-28T01:10:16.914172005Z	1.078	0.0	60	0.05
235.194	simsensor_2000_15	2017-07-28T01:10:18.91429508Z	156.598	0.0	60	0.07
5.664	simsensor_2000_14	2017-07-28T01:10:20.91408707Z	2.676	0.0	60	0.08
7.668	simsensor_2000_13	2017-07-28T01:10:22.914179427Z	4.832	0.0	60	0.08
4.758	simsensor_2000_12	2017-07-28T01:10:24.91442761Z	2.718	0.0	60	0.08
5.13	simsensor_2000_11	2017-07-28T01:10:26.914529675Z	2.676	0.0	60	0.06
6.382	simsensor_2000_10	2017-07-28T01:10:28.914331372Z	4.386	0.0	60	0.08
4.086	simsensor_2000_9	2017-07-28T01:10:30.91406657Z	1.036	0.0	60	0.06
3.241	simsensor_2000_8	2017-07-28T01:10:32.914095992Z	2.225	0.0	60	0.1
4.359	simsensor_2000_7	2017-07-28T01:10:34.91419329Z	2.373	0.0	60	0.08
3.424	simsensor_2000_6	2017-07-28T01:10:36.91412356Z	1.78	0.0	60	0.03
6.071	simsensor_2000_5	2017-07-28T01:10:38.914710033Z	3.041	0.0	61	0.1
4.042	simsensor_2000_4	2017-07-28T01:10:40.914374027Z	2.67	0.0	61	0.09
4.458	simsensor_2000_3	2017-07-28T01:10:42.914079037Z	2.736	0.0	62	0.07
3.385	simsensor_2000_2	2017-07-28T01:10:44.914627658Z	1.417	0.0	62	0.09
3.726	simsensor_2000_1	2017-07-28T01:10:46.914405571Z	1.706	0.0	63	0.06
0.0	simsensor_2003_11	2017-07-28T01:10:54.914063831Z	0.0	0.0	65	0.1
9.0	simsensor_2003_10	2017-07-28T01:10:56.914113299Z	5.464	0.0	65	0.07
8.356	simsensor_2003_9	2017-07-28T01:10:58.914039997Z	4.948	0.0	66	0.05
8.798	simsensor_2003_8	2017-07-28T01:11:00.914541199Z	5.34	0.0	66	0.09
8.311	simsensor_2003_7	2017-07-28T01:11:02.914127043Z	4.895	0.0	67	0.12
241.346	simsensor_2003_6	2017-07-28T01:11:04.914088807Z	161.571	0.0	67	0.04
9.727	simsensor_2003_5	2017-07-28T01:11:06.914067205Z	5.472	0.0	68	0.06
8.115	simsensor_2003_4	2017-07-28T01:11:08.91408957Z	4.937	0.0	68	0.1
10.638	simsensor_2003_3	2017-07-28T01:11:11.914452898Z	6.23	0.0	69	0.08
8.946	simsensor_2003_2	2017-07-28T01:11:13.914559819Z	5.34	0.0	69	0.06
8.97	simsensor_2003_1	2017-07-28T01:11:15.914091549Z	5.34	0.0	70	0.07
1.095	simsensor_2002_18	2017-07-28T01:11:17.914088522Z	0.103	0.0	70	0.09
10.012	simsensor_2002_17	2017-07-28T01:11:19.914047776Z	5.724	0.0	71	0.05
7.198	simsensor_2002_16	2017-07-28T01:11:21.91410403Z	4.46	0.0	71	0.07
11.712	simsensor_2002_15	2017-07-28T01:11:23.914087984Z	6.732	0.0	72	0.05
8.496	simsensor_2002_14	2017-07-28T01:11:26.91410788Z	5.43	0.0	72	0.06
7.918	simsensor_2002_13	2017-07-28T01:11:28.914433055Z	4.382	0.0	73	0.12
10.294	simsensor_2002_12	2017-07-28T01:11:31.914416898Z	6.244	0.0	74	0.11
8.702	simsensor_2002_11	2017-07-28T01:11:34.914104329Z	4.906	0.0	74	0.07
9.542	simsensor_2002_10	2017-07-28T01:11:37.914021829Z	5.798	0.0	75	0.05
239.156	simsensor_2002_9	2017-07-28T01:11:39.914197387Z	159.838	0.0	75	0.08
8.786	simsensor_2002_8	2017-07-28T01:11:42.914386174Z	5.34	0.0	75	0.05
7.382	simsensor_2002_7	2017-07-28T01:11:44.914201043Z	4.45	0.0	75	0.07
7.324	simsensor_2002_6	2017-07-28T01:11:47.914250941Z	4.45	0.0	75	0.09
10.174	simsensor_2002_5	2017-07-28T01:11:50.914403429Z	6.23	0.0	75	0.07
6.498	simsensor_2002_4	2017-07-28T01:11:52.914226451Z	3.676	0.0	75	0.08
8.517	simsensor_2002_3	2017-07-28T01:11:55.914170433Z	5.711	0.0	75	0.04
6.921	simsensor_2002_2	2017-07-28T01:11:58.914224078Z	4.079	0.0	75	0.06
7.785	simsensor_2002_1	2017-07-28T01:12:00.914765808Z	4.755	0.0	75	0.04
6.151	simsensor_2001_18	2017-07-28T01:12:03.914241932Z	3.315	0.0	75	0.08
8.464	simsensor_2001_17	2017-07-28T01:12:06.914024148Z	5.352	0.0	75	0.09
4.678	simsensor_2001_16	2017-07-28T01:12:08.914246905Z	3.196	0.0	75	0.08
9.578	simsensor_2001_15	2017-07-28T01:12:11.91449458Z	5.278	0.0	75	0.11
7.236	simsensor_2001_14	2017-07-28T01:12:14.914133567Z	4.948	0.0	75	0.06
6.06	simsensor_2001_13	2017-07-28T01:12:16.914213988Z	3.642	0.0	75	0.05
236.466	simsensor_2001_12	2017-07-28T01:12:18.914246058Z	157.978	0.0	75	0.11
4.678	simsensor_2001_11	2017-07-28T01:12:20.914269497Z	3.196	0.0	75	0.07
8.41	simsensor_2001_10	2017-07-28T01:12:23.914276546Z	4.46	0.0	75	0.07
5.809	simsensor_2001_9	2017-07-28T01:12:26.914081962Z	3.005	0.0	75	0.07
6.99	simsensor_2001_8	2017-07-28T01:12:28.914955292Z	4.376	0.0	75	0.06
6.777	simsensor_2001_7	2017-07-28T01:12:31.914496513Z	4.071	0.0	75	0.11
4.66	simsensor_2001_6	2017-07-28T01:12:33.914141265Z	2.69	0.0	75	0.08
5.154	simsensor_2001_5	2017-07-28T01:12:35.91415689Z	2.658	0.0	75	0.04
9.157	simsensor_2001_4	2017-07-28T01:12:38.914091046Z	5.753	0.0	75	0.07
7.095	simsensor_2001_3	2017-07-28T01:12:41.914080801Z	4.083	0.0	75	0.08
3.626	simsensor_2001_2	2017-07-28T01:12:43.914455183Z	1.776	0.0	75	0.1
6.951	simsensor_2001_1	2017-07-28T01:12:45.914138911Z	4.821	0.0	75	0.12
5.125	simsensor_2000_18	2017-07-28T01:12:47.914347862Z	3.529	0.0	75	0.09
7.62	simsensor_2000_17	2017-07-28T01:12:49.914234797Z	5.208	0.0	75	0.09
2.196	simsensor_2000_16	2017-07-28T01:12:51.914601616Z	1.036	0.0	75	0.11
234.374	simsensor_2000_15	2017-07-28T01:12:54.914190098Z	156.268	0.0	75	0.05
7.656	simsensor_2000_14	2017-07-28T01:12:56.914278318Z	3.94	0.0	75	0.05
9.128	simsensor_2000_13	2017-07-28T01:12:59.914026671Z	5.724	0.0	75	0.06
5.38	simsensor_2000_12	2017-07-28T01:13:02.914518173Z	3.122	0.0	75	0.06
5.402	simsensor_2000_11	2017-07-28T01:13:04.91413654Z	2.99	0.0	75	0.04
7.372	simsensor_2000_10	2017-07-28T01:13:07.914148542Z	4.964	0.0	75	0.07
5.174	simsensor_2000_9	2017-07-28T01:13:10.914100285Z	1.622	0.0	75	0.07
4.078	simsensor_2000_8	2017-07-28T01:13:12.914109321Z	2.712	0.0	75	0.11
4.956	simsensor_2000_7	2017-07-28T01:13:15.914211467Z	2.818	0.0	75	0.06
4.528	simsensor_2000_6	2017-07-28T01:13:18.914067518Z	2.67	0.0	75	0.06
5.875	simsensor_2000_5	2017-07-28T01:13:20.91417528Z	3.041	0.0	75	0.07
5.038	simsensor_2000_4	2017-07-28T01:13:23.914142331Z	3.56	0.0	75	0.06
4.168	simsensor_2000_3	2017-07-28T01:13:25.914080744Z	2.736	0.0	75	0.06
2.224	simsensor_2000_2	2017-07-28T01:13:27.914533136Z	0.972	0.0	75	0.06
5.523	simsensor_2000_1	2017-07-28T01:13:30.914091438Z	3.041	0.0	75	0.06
0.0	simsensor_2004_3	2017-07-28T01:13:38.914141494Z	0.0	0.0	75	0.06
8.646	simsensor_2004_2	2017-07-28T01:13:40.914351094Z	5.34	0.0	75	0.04
9.285	simsensor_2004_1	2017-07-28T01:13:42.914149165Z	5.827	0.0	75	0.07
6.268	simsensor_2003_18	2017-07-28T01:13:44.914220964Z	3.834	0.0	75	0.06
8.39	simsensor_2003_17	2017-07-28T01:13:46.914359041Z	4.906	0.0	75	0.06
8.46	simsensor_2003_16	2017-07-28T01:13:48.91441037Z	5.352	0.0	75	0.12
8.724	simsensor_2003_15	2017-07-28T01:13:50.914049785Z	5.352	0.0	75	0.12
9.986	simsensor_2003_14	2017-07-28T01:13:53.91411576Z	6.244	0.0	75	0.06
8.634	simsensor_2003_13	2017-07-28T01:13:55.914052736Z	5.394	0.0	75	0.06
8.192	simsensor_2003_12	2017-07-28T01:13:57.9141823Z	4.906	0.0	75	0.03
8.592	simsensor_2003_11	2017-07-28T01:13:59.91415466Z	5.352	0.0	75	0.06
9.256	simsensor_2003_10	2017-07-28T01:14:02.914066854Z	5.798	0.0	75	0.05
7.945	simsensor_2003_9	2017-07-28T01:14:04.914736124Z	4.903	0.0	75	0.09
8.243	simsensor_2003_8	2017-07-28T01:14:06.914031562Z	4.961	0.0	75	0.06
7.711	simsensor_2003_7	2017-07-28T01:14:08.914538746Z	4.895	0.0	75	0.09
241.779	simsensor_2003_6	2017-07-28T01:14:10.914392515Z	161.745	0.0	75	0.11
8.712	simsensor_2003_5	2017-07-28T01:14:12.914528836Z	5.34	0.0	75	0.07
5.595	simsensor_2003_4	2017-07-28T01:14:14.914204862Z	3.263	0.0	75	0.12
10.968	simsensor_2003_3	2017-07-28T01:14:16.914410925Z	6.972	0.0	75	0.11
8.844	simsensor_2003_2	2017-07-28T01:14:18.914268116Z	5.34	0.0	75	0.12
8.514	simsensor_2003_1	2017-07-28T01:14:20.914603642Z	5.34	0.0	75	0.07
2.021	simsensor_2002_18	2017-07-28T01:14:23.914469224Z	0.943	0.0	75	0.09
8.79	simsensor_2002_17	2017-07-28T01:14:26.914636729Z	5.352	0.0	75	0.07
7.936	simsensor_2002_16	2017-07-28T01:14:28.914671545Z	5.146	0.0	75	0.09
12.894	simsensor_2002_15	2017-07-28T01:14:31.914474025Z	7.268	0.0	75	0.09
8.064	simsensor_2002_14	2017-07-28T01:14:34.914120719Z	5.43	0.0	75	0.06
6.666	simsensor_2002_13	2017-07-28T01:14:36.914218999Z	4.01	0.0	75	0.15
9.124	simsensor_2002_12	2017-07-28T01:14:38.914503738Z	5.724	0.0	75	0.1
7.466	simsensor_2002_11	2017-07-28T01:14:40.914253225Z	4.056	0.0	75	0.07
8.57	simsensor_2002_10	2017-07-28T01:14:42.91409784Z	5.352	0.0	76	0.06
237.927	simsensor_2002_9	2017-07-28T01:14:44.914038168Z	159.075	0.0	76	0.07
9.773	simsensor_2002_8	2017-07-28T01:14:47.914090256Z	5.711	0.0	77	0.06
9.482	simsensor_2002_7	2017-07-28T01:14:50.91412209Z	5.382	0.0	78	0.03
7.011	simsensor_2002_6	2017-07-28T01:14:53.915190054Z	4.005	0.0	78	0.07
11.131	simsensor_2002_5	2017-07-28T01:14:56.91474079Z	6.675	0.0	79	0.11
8.198	simsensor_2002_4	2017-07-28T01:14:59.914475091Z	4.524	0.0	79	0.09
8.725	simsensor_2002_3	2017-07-28T01:15:02.914062135Z	5.711	0.0	80	0.06
7.587	simsensor_2002_2	2017-07-28T01:15:05.914530794Z	4.079	0.0	81	0.08
9.667	simsensor_2002_1	2017-07-28T01:15:08.914228644Z	5.711	0.0	81	0.07
8.765	simsensor_2001_18	2017-07-28T01:15:11.914238405Z	4.985	0.0	82	0.06
8.138	simsensor_2001_17	2017-07-28T01:15:14.914081785Z	4.906	0.0	82	0.06
6.956	simsensor_2001_16	2017-07-28T01:15:17.914092766Z	4.534	0.0	83	0.05
9.718	simsensor_2001_15	2017-07-28T01:15:20.914274174Z	5.278	0.0	83	0.08
6.948	simsensor_2001_14	2017-07-28T01:15:23.914130946Z	4.46	0.0	84	0.06
7.722	simsensor_2001_13	2017-07-28T01:15:26.914351602Z	4.534	0.0	84	0.05
238.348	simsensor_2001_12	2017-07-28T01:15:29.914150609Z	158.87	0.0	85	0.06
6.182	simsensor_2001_11	2017-07-28T01:15:32.914173726Z	4.088	0.0	85	0.06
9.498	simsensor_2001_10	2017-07-28T01:15:35.914116182Z	4.948	0.0	86	0.05
5.601	simsensor_2001_9	2017-07-28T01:15:38.914551579Z	2.193	0.0	87	0.06
8.188	simsensor_2001_8	2017-07-28T01:15:41.914090093Z	5.266	0.0	87	0.06
8.258	simsensor_2001_7	2017-07-28T01:15:44.913926743Z	4.516	0.0	88	0.06
4.73	simsensor_2001_6	2017-07-28T01:15:47.914456301Z	2.756	0.0	88	0.06
7.763	simsensor_2001_5	2017-07-28T01:15:50.914173717Z	3.927	0.0	89	0.08
9.918	simsensor_2001_4	2017-07-28T01:15:53.915124805Z	6.156	0.0	89	0.06
7.048	simsensor_2001_3	2017-07-28T01:15:56.913972618Z	3.638	0.0	90	0.06
3.544	simsensor_2001_2	2017-07-28T01:15:59.914120324Z	1.892	0.0	90	0.08
9.933	simsensor_2001_1	2017-07-28T01:16:02.914295281Z	6.527	0.0	90	0.12
7.299	simsensor_2000_18	2017-07-28T01:16:05.914131212Z	5.243	0.0	90	0.05
9.014	simsensor_2000_17	2017-07-28T01:16:08.914087086Z	6.1	0.0	90	0.06
2.794	simsensor_2000_16	2017-07-28T01:16:11.914283953Z	1.482	0.0	90	0.03
234.44	simsensor_2000_15	2017-07-28T01:16:14.914111161Z	156.268	0.0	90	0.06
8.972	simsensor_2000_14	2017-07-28T01:16:17.914698123Z	4.898	0.0	90	0.06
8.344	simsensor_2000_13	2017-07-28T01:16:20.914286634Z	5.212	0.0	90	0.1
6.044	simsensor_2000_12	2017-07-28T01:16:23.914550636Z	3.568	0.0	90	0.06
6.656	simsensor_2000_11	2017-07-28T01:16:26.914161838Z	3.568	0.0	90	0.08
7.842	simsensor_2000_10	2017-07-28T01:16:29.914080044Z	5.278	0.0	90	0.06
4.458	simsensor_2000_9	2017-07-28T01:16:32.914324823Z	1.236	0.0	90	0.06
5.494	simsensor_2000_8	2017-07-28T01:16:35.914047704Z	3.56	0.0	90	0.06
4.854	simsensor_2000_7	2017-07-28T01:16:38.914113817Z	2.926	0.0	90	0.07
4.54	simsensor_2000_6	2017-07-28T01:16:41.914171337Z	2.604	0.0	90	0.07
7.003	simsensor_2000_5	2017-07-28T01:16:44.914069036Z	3.931	0.0	90	0.07
4.647	simsensor_2000_4	2017-07-28T01:16:47.914086609Z	3.428	0.0	90	0.05
6.281	simsensor_2000_3	2017-07-28T01:16:50.914118323Z	3.758	0.0	90	0.06
2.755	simsensor_2000_2	2017-07-28T01:16:53.9140714Z	1.417	0.0	90	0.07
5.457	simsensor_2000_1	2017-07-28T01:16:56.914081525Z	3.041	0.0	90	0.05
0.0	simsensor_2004_18	2017-07-28T01:17:05.914086162Z	0.0	0.0	90	0.06
11.45	simsensor_2004_17	2017-07-28T01:17:08.914161903Z	7.136	0.0	90	0.07
11.95	simsensor_2004_16	2017-07-28T01:17:11.914385629Z	7.624	0.0	90	0.1
10.65	simsensor_2004_15	2017-07-28T01:17:14.914131127Z	6.69	0.0	90	0.04
11.38	simsensor_2004_14	2017-07-28T01:17:17.914144764Z	7.136	0.0	90	0.07
10.654	simsensor_2004_13	2017-07-28T01:17:20.914474544Z	6.69	0.0	90	0.11
11.286	simsensor_2004_12	2017-07-28T01:17:23.914257544Z	7.178	0.0	90	0.05
12.84	simsensor_2004_11	2017-07-28T01:17:26.91407325Z	8.028	0.0	90	0.08
12.58	simsensor_2004_10	2017-07-28T01:17:29.914298791Z	8.028	0.0	90	0.06
11.282	simsensor_2004_9	2017-07-28T01:17:32.914067475Z	6.918	0.0	90	0.06
9.72	simsensor_2004_8	2017-07-28T01:17:35.914301344Z	6.164	0.0	90	0.07
11.414	simsensor_2004_7	2017-07-28T01:17:38.914095869Z	7.475	0.0	90	0.05
9.832	simsensor_2004_6	2017-07-28T01:17:41.914617234Z	5.917	0.0	90	0.06
11.364	simsensor_2004_5	2017-07-28T01:17:44.914094229Z	7.12	0.0	90	0.06
9.705	simsensor_2004_4	2017-07-28T01:17:47.914047632Z	6.098	0.0	90	0.04
243.364	simsensor_2004_3	2017-07-28T01:17:50.914089189Z	162.767	0.0	90	0.06
10.503	simsensor_2004_2	2017-07-28T01:17:53.914091061Z	6.675	0.0	90	0.07
10.038	simsensor_2004_1	2017-07-28T01:17:56.914039643Z	6.23	0.0	90	0.09
4.23	simsensor_2003_18	2017-07-28T01:17:59.91430963Z	2.61	0.0	90	0.09
11.088	simsensor_2003_17	2017-07-28T01:18:02.914339284Z	6.658	0.0	90	0.06
9.322	simsensor_2003_16	2017-07-28T01:18:05.914111013Z	5.798	0.0	90	0.1
10.386	simsensor_2003_15	2017-07-28T01:18:08.914327718Z	6.69	0.0	90	0.07
9.322	simsensor_2003_14	2017-07-28T01:18:11.91425434Z	5.798	0.0	90	0.11
10.518	simsensor_2003_13	2017-07-28T01:18:14.914489424Z	6.69	0.0	90	0.1
9.652	simsensor_2003_12	2017-07-28T01:18:17.914642969Z	5.798	0.0	90	0.1
9.096	simsensor_2003_11	2017-07-28T01:18:20.914346283Z	5.394	0.0	90	0.05
8.064	simsensor_2003_10	2017-07-28T01:18:23.91448803Z	5.426	0.0	90	0.09
9.771	simsensor_2003_9	2017-07-28T01:18:26.914898915Z	5.737	0.0	90	0.14
10.22	simsensor_2003_8	2017-07-28T01:18:29.914023439Z	6.308	0.0	90	0.08
8.386	simsensor_2003_7	2017-07-28T01:18:32.914101822Z	5.336	0.0	90	0.08
243.105	simsensor_2003_6	2017-07-28T01:18:35.914591304Z	162.561	0.0	90	0.11
8.58	simsensor_2003_5	2017-07-28T01:18:38.914474755Z	5.414	0.0	90	0.09
8.387	simsensor_2003_4	2017-07-28T01:18:41.914129948Z	5.282	0.0	90	0.05
12.352	simsensor_2003_3	2017-07-28T01:18:44.914363371Z	7.549	0.0	90	0.1
8.379	simsensor_2003_2	2017-07-28T01:18:47.914282334Z	4.969	0.0	90	0.11
10.944	simsensor_2003_1	2017-07-28T01:18:50.914094314Z	7.088	0.0	90	0.07
1.694	simsensor_2002_18	2017-07-28T01:18:53.914283723Z	0.966	0.0	90	0.09
10.25	simsensor_2002_17	2017-07-28T01:18:56.914105219Z	6.244	0.0	90	0.07
8.46	simsensor_2002_16	2017-07-28T01:18:59.914240288Z	5.278	0.0	88	0.07
12.944	simsensor_2002_15	2017-07-28T01:19:02.914085684Z	7.624	0.0	83	0.11
8.196	simsensor_2002_14	2017-07-28T01:19:05.914161056Z	5.43	0.0	78	0.05
8.06	simsensor_2002_13	2017-07-28T01:19:08.914604609Z	4.902	0.0	75	0.08
8.134	simsensor_2002_12	2017-07-28T01:19:10.914070223Z	5.22	0.0	75	0.07
7.934	simsensor_2002_11	2017-07-28T01:19:12.914182694Z	4.518	0.0	75	0.09
6.968	simsensor_2002_10	2017-07-28T01:19:14.914287125Z	4.46	0.0	75	0.08
241.605	simsensor_2002_9	2017-07-28T01:19:17.914379541Z	160.829	0.0	75	0.11
7.986	simsensor_2002_8	2017-07-28T01:19:20.914190313Z	5.266	0.0	75	0.1
7.118	simsensor_2002_7	2017-07-28T01:19:22.914171602Z	4.45	0.0	75	0.06
5.781	simsensor_2002_6	2017-07-28T01:19:24.914283539Z	3.193	0.0	75	0.06
9.724	simsensor_2002_5	2017-07-28T01:19:26.914112665Z	6.152	0.0	75	0.07
5.901	simsensor_2002_4	2017-07-28T01:19:28.914022063Z	3.231	0.0	75	0.03
7.199	simsensor_2002_3	2017-07-28T01:19:30.914180287Z	5.134	0.0	75	0.09
5.719	simsensor_2002_2	2017-07-28T01:19:32.914384287Z	2.876	0.0	75	0.1
7.983	simsensor_2002_1	2017-07-28T01:19:34.914899785Z	4.821	0.0	75	0.04
10.066	simsensor_2001_18	2017-07-28T01:19:36.914431479Z	6.338	0.0	75	0.09
6.076	simsensor_2001_17	2017-07-28T01:19:38.914029371Z	3.948	0.0	75	0.06
5.206	simsensor_2001_16	2017-07-28T01:19:40.914261821Z	3.262	0.0	75	0.07
9.092	simsensor_2001_15	2017-07-28T01:19:43.914360539Z	5.32	0.0	75	0.06
5.932	simsensor_2001_14	2017-07-28T01:19:45.914369815Z	4.014	0.0	75	0.08
6.522	simsensor_2001_13	2017-07-28T01:19:47.914695852Z	3.642	0.0	75	0.09
236.4	simsensor_2001_12	2017-07-28T01:19:49.914242405Z	157.978	0.0	75	0.08
4.88	simsensor_2001_11	2017-07-28T01:19:51.914657128Z	3.642	0.0	75	0.12
6.15	simsensor_2001_10	2017-07-28T01:19:53.914237898Z	2.676	0.0	75	0.08
4.224	simsensor_2001_9	2017-07-28T01:19:55.914599824Z	1.704	0.0	75	0.1
6.792	simsensor_2001_8	2017-07-28T01:19:57.914042937Z	4.376	0.0	75	0.06
4.257	simsensor_2001_7	2017-07-28T01:19:59.914067244Z	2.291	0.0	75	0.06
7.354	simsensor_2001_6	2017-07-28T01:20:02.914114026Z	4.578	0.0	75	0.05
5.577	simsensor_2001_5	2017-07-28T01:20:04.914050416Z	2.995	0.0	75	0.06
7.831	simsensor_2001_4	2017-07-28T01:20:06.914129831Z	4.863	0.0	75	0.05
7.161	simsensor_2001_3	2017-07-28T01:20:09.914272865Z	4.083	0.0	75	0.07
2.036	simsensor_2001_2	2017-07-28T01:20:11.914148948Z	0.96	0.0	75	0.06
7.479	simsensor_2001_1	2017-07-28T01:20:13.914808517Z	4.821	0.0	75	0.06
8.967	simsensor_2000_18	2017-07-28T01:20:15.914744112Z	6.537	0.0	75	0.06
7.62	simsensor_2000_17	2017-07-28T01:20:18.914111562Z	5.282	0.0	75	0.1
3.392	simsensor_2000_16	2017-07-28T01:20:20.914267Z	1.854	0.0	75	0.06
233.776	simsensor_2000_15	2017-07-28T01:20:22.914121282Z	155.822	0.0	75	0.06
7.244	simsensor_2000_14	2017-07-28T01:20:24.914075775Z	3.56	0.0	75	0.05
7.68	simsensor_2000_13	2017-07-28T01:20:26.914193636Z	4.766	0.0	75	0.06
4.518	simsensor_2000_12	2017-07-28T01:20:28.914061756Z	2.676	0.0	75	0.06
6.92	simsensor_2000_11	2017-07-28T01:20:31.914177659Z	3.568	0.0	75	0.06
6.226	simsensor_2000_10	2017-07-28T01:20:33.914096947Z	4.428	0.0	75	0.06
2.796	simsensor_2000_9	2017-07-28T01:20:35.914699332Z	0.0	0.0	75	0.06
5.428	simsensor_2000_8	2017-07-28T01:20:38.914176868Z	3.56	0.0	75	0.06
4.413	simsensor_2000_7	2017-07-28T01:20:40.914105195Z	2.439	0.0	75	0.05
4.144	simsensor_2000_6	2017-07-28T01:20:43.914155625Z	2.604	0.0	75	0.07
5.875	simsensor_2000_5	2017-07-28T01:20:45.914205912Z	3.041	0.0	75	0.06
5.17	simsensor_2000_4	2017-07-28T01:20:48.914220986Z	3.56	0.0	75	0.07
3.106	simsensor_2000_3	2017-07-28T01:20:50.914058129Z	1.92	0.0	75	0.07
2.599	simsensor_2000_2	2017-07-28T01:20:52.914084316Z	1.385	0.0	75	0.06
4.86	simsensor_2000_1	2017-07-28T01:20:54.914403788Z	2.662	0.0	75	0.06
0.0	simsensor_2004_3	2017-07-28T01:21:03.914279806Z	0.0	0.0	75	0.06
8.646	simsensor_2004_2	2017-07-28T01:21:05.914314175Z	5.34	0.0	75	0.06
9.906	simsensor_2004_1	2017-07-28T01:21:08.914228869Z	6.23	0.0	75	0.08
0.0	simsensor_2003_18	2017-07-28T01:21:10.914301801Z	0.0	0.0	75	0.09
7.966	simsensor_2003_17	2017-07-28T01:21:12.914249199Z	4.502	0.0	75	0.07
11.314	simsensor_2003_16	2017-07-28T01:21:15.914635582Z	7.062	0.0	75	0.12
9.256	simsensor_2003_15	2017-07-28T01:21:17.91424229Z	5.798	0.0	75	0.08
7.796	simsensor_2003_14	2017-07-28T01:21:19.914060609Z	4.906	0.0	75	0.06
8.992	simsensor_2003_13	2017-07-28T01:21:21.914105723Z	5.798	0.0	75	0.05
9.12	simsensor_2003_12	2017-07-28T01:21:23.914112515Z	5.352	0.0	75	0.06
8.324	simsensor_2003_11	2017-07-28T01:21:26.91408132Z	4.98	0.0	75	0.05
9.236	simsensor_2003_10	2017-07-28T01:21:29.914561358Z	6.286	0.0	75	0.06
8.29	simsensor_2003_9	2017-07-28T01:21:31.914124726Z	4.494	0.0	75	0.05
9.755	simsensor_2003_8	2017-07-28T01:21:34.914460024Z	5.863	0.0	75	0.07
6.664	simsensor_2003_7	2017-07-28T01:21:36.914035583Z	4.446	0.0	75	0.09
243.858	simsensor_2003_6	2017-07-28T01:21:39.91414301Z	162.964	0.0	75	0.08
6.633	simsensor_2003_5	2017-07-28T01:21:41.914127557Z	4.121	0.0	75	0.09
9.375	simsensor_2003_4	2017-07-28T01:21:44.914059542Z	5.937	0.0	75	0.06
12.093	simsensor_2003_3	2017-07-28T01:21:47.914097368Z	7.339	0.0	75	0.05
7.383	simsensor_2003_2	2017-07-28T01:21:49.914070407Z	4.079	0.0	75	0.06
8.517	simsensor_2003_1	2017-07-28T01:21:51.914075633Z	5.711	0.0	75	0.07
2.502	simsensor_2002_18	2017-07-28T01:21:53.914432098Z	1.754	0.0	75	0.12
9.888	simsensor_2002_17	2017-07-28T01:21:55.914370266Z	5.394	0.0	75	0.09
7.8	simsensor_2002_16	2017-07-28T01:21:58.914121574Z	5.278	0.0	75	0.06
11.508	simsensor_2002_15	2017-07-28T01:22:00.914114376Z	6.69	0.0	75	0.05
7.334	simsensor_2002_14	2017-07-28T01:22:02.914109147Z	4.984	0.0	75	0.07
6.798	simsensor_2002_13	2017-07-28T01:22:04.914101159Z	4.01	0.0	75	0.05
9.454	simsensor_2002_12	2017-07-28T01:22:07.91420113Z	5.798	0.0	75	0.08
