----------------------------------------------------------------
288695.948	spark-master	2017-07-28T00:55:29.244509802Z	172491.264	17.48	0	0.43
0.0	cassandra-001	2017-07-28T00:55:36.272143197Z	0.0	28.74	0	0.69
128035.768	spark-master	2017-07-28T00:55:38.2442696Z	153224.397	17.48	0	0.49
0.0	cassandra-001	2017-07-28T00:55:45.273405729Z	0.0	28.74	0	0.72
128036.446	spark-master	2017-07-28T00:55:47.244864246Z	153225.647	17.49	0	0.42
0.0	cassandra-001	2017-07-28T00:55:54.271275971Z	0.0	28.74	0	0.71
128037.01	spark-master	2017-07-28T00:55:56.244133231Z	153226.697	17.48	0	0.39
0.0	cassandra-001	2017-07-28T00:56:03.259942241Z	0.0	28.74	0	0.68
128038.23	spark-master	2017-07-28T00:56:05.244544762Z	153228.971	17.49	0	2.82
0.0	cassandra-001	2017-07-28T00:56:12.272442243Z	0.0	28.74	7	0.71
128045.49	spark-master	2017-07-28T00:56:14.244505702Z	153236.948	17.48	9	0.42
0.0	cassandra-001	2017-07-28T00:56:21.265039835Z	0.0	28.74	13	0.7
128070.448	spark-master	2017-07-28T00:56:23.244244521Z	153272.069	17.48	15	0.77
0.0	cassandra-001	2017-07-28T00:56:30.269946022Z	0.0	28.74	15	2.85
128109.82	spark-master	2017-07-28T00:56:32.244559117Z	153322.907	17.48	15	0.44
0.0	cassandra-001	2017-07-28T00:56:39.262381844Z	0.0	28.74	15	0.67
128174.997	spark-master	2017-07-28T00:56:41.244637069Z	153376.512	17.48	15	0.41
0.0	cassandra-001	2017-07-28T00:56:48.26788375Z	0.0	28.74	15	0.7
128213.055	spark-master	2017-07-28T00:56:50.244439674Z	153428.641	17.48	15	3.47
0.0	cassandra-001	2017-07-28T00:56:57.268808528Z	0.0	28.74	15	0.86
128207.776	spark-master	2017-07-28T00:56:59.244666564Z	153453.218	17.48	15	0.42
0.0	cassandra-001	2017-07-28T00:57:06.244517053Z	0.0	28.74	15	0.68
128246.194	spark-master	2017-07-28T00:57:08.269915083Z	153505.797	17.48	15	0.44
0.0	cassandra-001	2017-07-28T00:57:15.266649654Z	0.0	28.74	15	2.93
128285.646	spark-master	2017-07-28T00:57:17.244521044Z	153558.141	17.48	15	0.45
0.0	cassandra-001	2017-07-28T00:57:24.266122677Z	0.0	28.74	15	0.63
128352.499	spark-master	2017-07-28T00:57:26.244494488Z	153613.705	17.48	15	0.42
0.0	cassandra-001	2017-07-28T00:57:33.244251901Z	0.0	28.74	15	0.63
128390.78	spark-master	2017-07-28T00:57:35.244551719Z	153665.997	17.49	15	13.16
0.0	cassandra-001	2017-07-28T00:57:42.270903411Z	0.0	28.74	15	0.75
128383.083	spark-master	2017-07-28T00:57:44.244568067Z	153689.717	17.48	15	0.52
0.0	cassandra-001	2017-07-28T00:57:51.261688292Z	0.0	28.74	15	0.66
128422.213	spark-master	2017-07-28T00:57:53.244154266Z	153742.298	17.49	15	0.59
0.0	cassandra-001	2017-07-28T00:58:00.265260036Z	0.0	28.74	15	3.17
128461.088	spark-master	2017-07-28T00:58:02.266892864Z	153793.041	17.48	15	0.43
0.0	cassandra-001	2017-07-28T00:58:09.262665693Z	0.0	28.74	15	0.6
128529.233	spark-master	2017-07-28T00:58:11.244362637Z	153849.378	17.48	15	0.41
0.0	cassandra-001	2017-07-28T00:58:18.266690897Z	0.0	28.74	15	0.71
128568.251	spark-master	2017-07-28T00:58:20.244509334Z	153903.56	17.48	15	3.21
0.0	cassandra-001	2017-07-28T00:58:27.271503446Z	0.0	28.74	15	0.62
128559.191	spark-master	2017-07-28T00:58:29.260817874Z	153926.97	17.48	15	0.34
0.0	cassandra-001	2017-07-28T00:58:36.270355316Z	0.0	28.74	15	3.63
128597.197	spark-master	2017-07-28T00:58:38.244129335Z	153978.269	17.48	15	0.37
0.0	cassandra-001	2017-07-28T00:58:45.244448234Z	0.0	28.74	15	2.86
128637.969	spark-master	2017-07-28T00:58:47.244540811Z	154031.453	17.48	15	0.4
0.0	cassandra-001	2017-07-28T00:58:54.244604715Z	0.0	28.74	15	0.65
128701.579	spark-master	2017-07-28T00:58:56.2445312Z	154085.424	17.48	15	0.45
0.0	cassandra-001	2017-07-28T00:59:03.259294192Z	0.0	28.74	15	0.66
128740.045	spark-master	2017-07-28T00:59:05.262617074Z	154137.726	17.48	15	2.67
0.0	cassandra-001	2017-07-28T00:59:12.270123625Z	0.0	28.74	15	0.68
128734.939	spark-master	2017-07-28T00:59:14.269530883Z	154163.125	17.48	15	0.38
0.0	cassandra-001	2017-07-28T00:59:21.269346791Z	0.0	28.74	15	0.65
128772.66	spark-master	2017-07-28T00:59:23.244527998Z	154216.841	17.48	15	0.61
0.0	cassandra-001	2017-07-28T00:59:30.271533219Z	0.0	28.74	19	4.37
128815.688	spark-master	2017-07-28T00:59:32.244668256Z	154273.327	17.48	20	0.47
0.0	cassandra-001	2017-07-28T00:59:39.244481941Z	0.0	28.73	23	0.65
128912.934	spark-master	2017-07-28T00:59:41.244800626Z	154351.731	17.48	24	0.53
0.0	cassandra-001	2017-07-28T00:59:48.269962314Z	0.0	28.73	28	0.7
128989.211	spark-master	2017-07-28T00:59:50.244572271Z	154445.162	17.48	28	4.51
0.0	cassandra-001	2017-07-28T00:59:57.269313546Z	0.0	28.73	30	0.94
128977.676	spark-master	2017-07-28T00:59:59.244168235Z	154494.466	17.48	30	0.47
0.0	cassandra-001	2017-07-28T01:00:06.268772859Z	0.0	28.74	30	0.65
129053.226	spark-master	2017-07-28T01:00:08.244520733Z	154596.611	17.48	30	0.5
0.0	cassandra-001	2017-07-28T01:00:15.26094651Z	0.0	28.74	30	3.98
129129.735	spark-master	2017-07-28T01:00:17.244109174Z	154700.593	17.48	30	0.43
0.0	cassandra-001	2017-07-28T01:00:24.244572598Z	0.0	28.73	30	0.7
129257.462	spark-master	2017-07-28T01:00:26.244643035Z	154807.546	17.48	30	0.45
0.0	cassandra-001	2017-07-28T01:00:33.259227905Z	0.0	28.73	30	0.66
129334.632	spark-master	2017-07-28T01:00:35.244204412Z	154909.211	17.48	30	4.94
0.0	cassandra-001	2017-07-28T01:00:42.271891696Z	0.0	28.68	30	0.7
129320.393	spark-master	2017-07-28T01:00:44.244573561Z	154956.193	17.48	30	0.48
0.0	cassandra-001	2017-07-28T01:00:51.260957115Z	0.0	28.68	30	0.68
129396.974	spark-master	2017-07-28T01:00:53.260628622Z	155059.841	17.48	30	0.66
0.0	cassandra-001	2017-07-28T01:01:00.244533677Z	0.0	28.68	30	4.36
129471.778	spark-master	2017-07-28T01:01:02.244627452Z	155163.501	17.49	30	0.43
0.0	cassandra-001	2017-07-28T01:01:09.263745779Z	0.0	28.68	30	0.66
129599.845	spark-master	2017-07-28T01:01:11.244212037Z	155269.511	17.49	30	0.46
0.0	cassandra-001	2017-07-28T01:01:18.270588447Z	0.0	28.68	30	0.69
129679.281	spark-master	2017-07-28T01:01:20.244175219Z	155374.922	17.49	30	3.8
0.0	cassandra-001	2017-07-28T01:01:27.262136065Z	0.0	28.68	30	0.62
129662.281	spark-master	2017-07-28T01:01:29.244681787Z	155421.458	17.49	30	0.43
0.0	cassandra-001	2017-07-28T01:01:36.265814289Z	0.0	28.68	30	0.68
129740.445	spark-master	2017-07-28T01:01:38.244527696Z	155523.943	17.49	30	0.4
0.0	cassandra-001	2017-07-28T01:01:45.273576315Z	0.0	28.68	30	4.49
129814.335	spark-master	2017-07-28T01:01:47.244563941Z	155627.157	17.49	30	0.42
0.0	cassandra-001	2017-07-28T01:01:54.267607551Z	0.0	28.68	30	0.7
129941.19	spark-master	2017-07-28T01:01:56.244648582Z	155732.734	17.48	30	0.4
0.0	cassandra-001	2017-07-28T01:02:03.244214571Z	0.0	28.68	30	0.65
130015.712	spark-master	2017-07-28T01:02:05.244539923Z	155832.096	17.48	30	4.16
0.0	cassandra-001	2017-07-28T01:02:12.265842636Z	0.0	28.68	30	0.69
130002.11	spark-master	2017-07-28T01:02:14.244592704Z	155879.239	17.48	30	0.48
0.0	cassandra-001	2017-07-28T01:02:21.265110315Z	0.0	28.68	30	0.75
130078.139	spark-master	2017-07-28T01:02:23.244233843Z	155979.677	17.48	30	0.59
0.0	cassandra-001	2017-07-28T01:02:30.264558516Z	0.0	28.68	30	3.98
130154.144	spark-master	2017-07-28T01:02:32.269641979Z	156081.705	17.48	30	0.43
0.0	cassandra-001	2017-07-28T01:02:39.269510329Z	0.0	28.68	30	0.69
130284.115	spark-master	2017-07-28T01:02:41.244626926Z	156185.593	17.49	30	0.43
0.0	cassandra-001	2017-07-28T01:02:48.27086602Z	0.0	28.68	30	0.64
130361.051	spark-master	2017-07-28T01:02:50.266192677Z	156286.835	17.49	30	4.37
0.0	cassandra-001	2017-07-28T01:02:57.260749039Z	0.0	28.68	31	0.8
130344.751	spark-master	2017-07-28T01:02:59.260426262Z	156332.975	17.49	32	0.45
0.0	cassandra-001	2017-07-28T01:03:06.265894363Z	0.0	28.68	35	0.65
130427.75	spark-master	2017-07-28T01:03:08.244483933Z	156444.017	17.49	35	0.46
0.0	cassandra-001	2017-07-28T01:03:15.260669549Z	0.0	28.68	38	4.92
130521.599	spark-master	2017-07-28T01:03:17.244160804Z	156569.189	17.49	39	0.43
0.0	cassandra-001	2017-07-28T01:03:24.26412742Z	0.0	28.68	41	0.64
130697.255	spark-master	2017-07-28T01:03:26.244596671Z	156712.447	17.49	41	0.45
0.0	cassandra-001	2017-07-28T01:03:33.2717806Z	0.0	28.68	44	0.71
130814.139	spark-master	2017-07-28T01:03:35.244165332Z	156861.96	17.49	44	5.76
0.0	cassandra-001	2017-07-28T01:03:42.266567309Z	0.0	28.68	45	0.66
130789.87	spark-master	2017-07-28T01:03:44.244439908Z	156932.506	17.49	45	0.44
0.0	cassandra-001	2017-07-28T01:03:51.264703244Z	0.0	28.68	45	0.73
130900.008	spark-master	2017-07-28T01:03:53.244174663Z	157084.546	17.49	45	0.59
0.0	cassandra-001	2017-07-28T01:04:00.27080776Z	0.0	28.68	45	6.15
131014.834	spark-master	2017-07-28T01:04:02.244570938Z	157237.625	17.49	45	0.44
0.0	cassandra-001	2017-07-28T01:04:09.265281687Z	0.0	28.68	45	0.68
131207.617	spark-master	2017-07-28T01:04:11.244268992Z	157395.265	17.49	45	0.49
0.0	cassandra-001	2017-07-28T01:04:18.271063397Z	0.0	28.67	45	0.69
131321.316	spark-master	2017-07-28T01:04:20.244738245Z	157550.563	17.49	45	5.09
0.0	cassandra-001	2017-07-28T01:04:27.244311295Z	0.0	28.67	45	0.61
131297.542	spark-master	2017-07-28T01:04:29.244331616Z	157618.02	17.49	45	0.46
0.0	cassandra-001	2017-07-28T01:04:36.27016444Z	0.0	28.67	45	0.63
131411.679	spark-master	2017-07-28T01:04:38.244648547Z	157768.913	17.49	45	0.47
0.0	cassandra-001	2017-07-28T01:04:45.264918166Z	0.0	28.67	45	4.5
131525.051	spark-master	2017-07-28T01:04:47.244096379Z	157921.692	17.49	45	0.47
0.0	cassandra-001	2017-07-28T01:04:54.244431611Z	0.0	28.67	45	0.63
131720.702	spark-master	2017-07-28T01:04:56.269590433Z	158080.695	17.49	45	0.45
0.0	cassandra-001	2017-07-28T01:05:03.262766832Z	0.0	28.67	45	0.66
131832.412	spark-master	2017-07-28T01:05:05.244169813Z	158232.45	17.5	45	6.08
0.0	cassandra-001	2017-07-28T01:05:12.267929057Z	0.0	28.67	45	0.68
131806.887	spark-master	2017-07-28T01:05:14.270567433Z	158298.605	17.49	45	0.46
0.0	cassandra-001	2017-07-28T01:05:21.26705158Z	0.0	28.67	45	0.69
131920.259	spark-master	2017-07-28T01:05:23.244721892Z	158453.181	17.49	45	0.68
0.0	cassandra-001	2017-07-28T01:05:30.265926619Z	0.0	28.67	45	5.23
132034.434	spark-master	2017-07-28T01:05:32.244598533Z	158608.112	17.49	45	0.48
0.0	cassandra-001	2017-07-28T01:05:39.260192105Z	0.0	28.67	45	0.67
132229.339	spark-master	2017-07-28T01:05:41.261149891Z	158767.073	17.49	45	0.46
0.0	cassandra-001	2017-07-28T01:05:48.269342351Z	0.0	28.67	45	0.61
132338.814	spark-master	2017-07-28T01:05:50.244482774Z	158917.075	17.49	45	5.14
0.0	cassandra-001	2017-07-28T01:05:57.263869385Z	0.0	28.67	45	0.9
132320.665	spark-master	2017-07-28T01:05:59.244112622Z	158987.606	17.49	45	0.43
0.0	cassandra-001	2017-07-28T01:06:06.265445103Z	0.0	28.67	45	0.63
132434.386	spark-master	2017-07-28T01:06:08.244594382Z	159138.671	17.49	45	0.43
0.0	cassandra-001	2017-07-28T01:06:15.266062366Z	0.0	28.67	45	5.57
132544.265	spark-master	2017-07-28T01:06:17.244653329Z	159291.501	17.49	45	0.45
0.0	cassandra-001	2017-07-28T01:06:24.24463544Z	0.0	28.67	45	0.67
132740.02	spark-master	2017-07-28T01:06:26.244548887Z	159449.988	17.49	45	0.46
0.0	cassandra-001	2017-07-28T01:06:33.268385201Z	0.0	28.67	45	0.65
132851.716	spark-master	2017-07-28T01:06:35.244426265Z	159599.282	17.49	45	8.02
0.0	cassandra-001	2017-07-28T01:06:42.272386878Z	0.0	28.67	46	0.69
132831.978	spark-master	2017-07-28T01:06:44.244544074Z	159669.147	17.49	47	0.49
0.0	cassandra-001	2017-07-28T01:06:51.266802384Z	0.0	28.67	49	0.77
132950.429	spark-master	2017-07-28T01:06:53.270784427Z	159832.124	17.49	49	0.62
0.0	cassandra-001	2017-07-28T01:07:00.270890634Z	0.0	28.67	51	4.52
133076.815	spark-master	2017-07-28T01:07:02.244536802Z	160003.524	17.5	52	0.49
0.0	cassandra-001	2017-07-28T01:07:09.269679496Z	0.0	28.67	53	0.64
133306.001	spark-master	2017-07-28T01:07:11.244662642Z	160193.357	17.5	54	0.51
0.0	cassandra-001	2017-07-28T01:07:18.273397765Z	0.0	28.67	55	0.65
133447.395	spark-master	2017-07-28T01:07:20.244286846Z	160379.404	17.5	56	17.43
0.0	cassandra-001	2017-07-28T01:07:27.265716734Z	0.0	28.67	58	0.68
133419.258	spark-master	2017-07-28T01:07:29.24458031Z	160470.636	17.5	58	0.49
0.0	cassandra-001	2017-07-28T01:07:36.244492019Z	0.0	28.67	60	0.59
133566.99	spark-master	2017-07-28T01:07:38.244490882Z	160666.394	17.5	60	0.49
0.0	cassandra-001	2017-07-28T01:07:45.266349135Z	0.0	28.67	60	6.2
133718.147	spark-master	2017-07-28T01:07:47.244496974Z	160870.734	17.5	60	0.5
0.0	cassandra-001	2017-07-28T01:07:54.25972001Z	0.0	28.67	60	0.6
133973.482	spark-master	2017-07-28T01:07:56.244531274Z	161081.175	17.5	60	0.44
0.0	cassandra-001	2017-07-28T01:08:03.270331771Z	0.0	28.67	60	0.67
134125.529	spark-master	2017-07-28T01:08:05.244646203Z	161279.543	17.5	60	5.56
0.0	cassandra-001	2017-07-28T01:08:12.263813161Z	0.0	28.67	60	0.52
134093.747	spark-master	2017-07-28T01:08:14.270502142Z	161372.588	17.5	60	0.47
0.0	cassandra-001	2017-07-28T01:08:21.270649707Z	0.0	28.67	60	0.68
134243.251	spark-master	2017-07-28T01:08:23.244616341Z	161573.055	17.5	60	0.58
0.0	cassandra-001	2017-07-28T01:08:30.265768102Z	0.0	28.67	60	5.96
134395.217	spark-master	2017-07-28T01:08:32.244692773Z	161772.121	17.5	60	0.41
0.0	cassandra-001	2017-07-28T01:08:39.266462261Z	0.0	28.67	60	0.65
134654.661	spark-master	2017-07-28T01:08:41.244639919Z	161981.555	17.5	60	0.46
0.0	cassandra-001	2017-07-28T01:08:48.271619612Z	0.0	28.67	60	0.62
134804.864	spark-master	2017-07-28T01:08:50.244634545Z	162182.056	17.5	60	5.56
0.0	cassandra-001	2017-07-28T01:08:57.271155867Z	0.0	28.67	60	0.84
134774.513	spark-master	2017-07-28T01:08:59.244508548Z	162272.571	17.5	60	0.4
0.0	cassandra-001	2017-07-28T01:09:06.274420528Z	0.0	28.67	60	0.64
134926.912	spark-master	2017-07-28T01:09:08.244690486Z	162471.484	17.5	60	0.39
0.0	cassandra-001	2017-07-28T01:09:15.272576017Z	0.0	28.67	60	5.39
135075.933	spark-master	2017-07-28T01:09:17.244433028Z	162672.169	17.5	60	0.41
0.0	cassandra-001	2017-07-28T01:09:24.264986342Z	0.0	28.67	60	0.6
135334.773	spark-master	2017-07-28T01:09:26.244788664Z	162882.798	17.5	60	0.38
0.0	cassandra-001	2017-07-28T01:09:33.262359761Z	0.0	28.67	60	0.65
135485.195	spark-master	2017-07-28T01:09:35.24426449Z	163083.682	17.5	60	8.25
0.0	cassandra-001	2017-07-28T01:09:42.263242421Z	0.0	28.67	60	0.67
135454.451	spark-master	2017-07-28T01:09:44.244598105Z	163177.029	17.5	60	0.45
0.0	cassandra-001	2017-07-28T01:09:51.244660243Z	0.0	28.68	60	0.72
135608.069	spark-master	2017-07-28T01:09:53.244633195Z	163379.726	17.5	60	0.62
0.0	cassandra-001	2017-07-28T01:10:00.269307596Z	0.0	28.68	60	5.9
135753.89	spark-master	2017-07-28T01:10:02.244536423Z	163578.954	17.5	60	0.47
0.0	cassandra-001	2017-07-28T01:10:09.264474285Z	0.0	28.68	60	0.66
136015.138	spark-master	2017-07-28T01:10:11.244561988Z	163791.241	17.5	60	0.49
0.0	cassandra-001	2017-07-28T01:10:18.268532951Z	0.0	28.68	60	0.63
136163.299	spark-master	2017-07-28T01:10:20.244524003Z	163990.408	17.5	60	6.17
0.0	cassandra-001	2017-07-28T01:10:27.264848849Z	0.0	28.68	60	0.69
136133.575	spark-master	2017-07-28T01:10:29.271924214Z	164079.623	17.5	60	0.5
0.0	cassandra-001	2017-07-28T01:10:36.264184465Z	0.0	28.68	60	0.62
136285.455	spark-master	2017-07-28T01:10:38.244610912Z	164282.152	17.5	60	0.46
0.0	cassandra-001	2017-07-28T01:10:45.264999165Z	0.0	28.68	62	5.91
136436.947	spark-master	2017-07-28T01:10:47.244603352Z	164487.579	17.5	63	0.46
0.0	cassandra-001	2017-07-28T01:10:54.269158511Z	0.0	28.68	64	0.62
136712.212	spark-master	2017-07-28T01:10:56.244459591Z	164712.14	17.5	65	0.44
0.0	cassandra-001	2017-07-28T01:11:03.269164951Z	0.0	28.68	66	0.65
136882.129	spark-master	2017-07-28T01:11:05.244612142Z	164933.07	17.5	67	5.51
0.0	cassandra-001	2017-07-28T01:11:12.271077918Z	0.0	28.68	69	0.64
136847.774	spark-master	2017-07-28T01:11:14.267209539Z	165037.85	17.5	69	0.45
0.0	cassandra-001	2017-07-28T01:11:21.271014445Z	0.0	28.68	71	0.7
137023.318	spark-master	2017-07-28T01:11:23.244747769Z	165272.778	17.5	71	0.67
0.0	cassandra-001	2017-07-28T01:11:30.244602328Z	0.0	28.68	73	6.46
137200.285	spark-master	2017-07-28T01:11:32.244477159Z	165513.931	17.5	73	0.51
0.0	cassandra-001	2017-07-28T01:11:39.266861701Z	0.0	28.68	75	0.66
137516.648	spark-master	2017-07-28T01:11:41.267304687Z	165774.607	17.5	75	0.5
0.0	cassandra-001	2017-07-28T01:11:48.265155447Z	0.0	28.68	75	0.67
137698.714	spark-master	2017-07-28T01:11:50.244611646Z	166024.011	17.5	75	7.69
0.0	cassandra-001	2017-07-28T01:11:57.264559712Z	0.0	28.68	75	0.83
137663.661	spark-master	2017-07-28T01:11:59.244455445Z	166136.904	17.5	75	0.43
0.0	cassandra-001	2017-07-28T01:12:06.272579748Z	0.0	28.68	75	0.71
137850.109	spark-master	2017-07-28T01:12:08.244636287Z	166385.134	17.5	75	0.45
0.0	cassandra-001	2017-07-28T01:12:15.268889209Z	0.0	28.68	75	6.7
138037.857	spark-master	2017-07-28T01:12:17.244531759Z	166640.148	17.5	75	0.47
0.0	cassandra-001	2017-07-28T01:12:24.267027592Z	0.0	28.68	75	0.67
138356.668	spark-master	2017-07-28T01:12:26.244827921Z	166901.376	17.51	75	0.54
0.0	cassandra-001	2017-07-28T01:12:33.264783401Z	0.0	28.68	75	0.7
138545.879	spark-master	2017-07-28T01:12:35.244626701Z	167146.368	17.51	75	7.89
0.0	cassandra-001	2017-07-28T01:12:42.266239847Z	0.0	28.68	75	0.68
138508.485	spark-master	2017-07-28T01:12:44.24444807Z	167260.202	17.51	75	0.45
0.0	cassandra-001	2017-07-28T01:12:51.270999597Z	0.0	28.68	75	0.71
138747.05	spark-master	2017-07-28T01:12:53.244483249Z	167508.981	17.51	75	0.65
0.0	cassandra-001	2017-07-28T01:13:00.271478778Z	0.0	28.68	75	6.55
138936.802	spark-master	2017-07-28T01:13:02.269545983Z	167757.161	17.51	75	0.46
0.0	cassandra-001	2017-07-28T01:13:09.263273207Z	0.0	28.68	75	0.59
139255.658	spark-master	2017-07-28T01:13:11.244468567Z	168020.998	17.51	75	0.52
0.0	cassandra-001	2017-07-28T01:13:18.269433119Z	0.0	28.68	75	0.67
139441.287	spark-master	2017-07-28T01:13:20.269240847Z	168270.486	17.51	75	7.7
0.0	cassandra-001	2017-07-28T01:13:27.244481055Z	0.0	28.68	75	0.62
139401.395	spark-master	2017-07-28T01:13:29.244454493Z	168382.752	17.51	75	0.47
0.0	cassandra-001	2017-07-28T01:13:36.264095679Z	0.0	28.68	75	0.63
139588.84	spark-master	2017-07-28T01:13:38.244356933Z	168635.813	17.51	75	0.4
0.0	cassandra-001	2017-07-28T01:13:45.244520699Z	0.0	28.68	75	6.55
139775.851	spark-master	2017-07-28T01:13:47.244562732Z	168884.005	17.51	75	0.44
0.0	cassandra-001	2017-07-28T01:13:54.26662359Z	0.0	28.68	75	0.61
140096.187	spark-master	2017-07-28T01:13:56.244239691Z	169147.225	17.51	75	0.39
0.0	cassandra-001	2017-07-28T01:14:03.266642548Z	0.0	28.68	75	0.68
140278.347	spark-master	2017-07-28T01:14:05.267610717Z	169392.584	17.51	75	8.18
0.0	cassandra-001	2017-07-28T01:14:12.274350897Z	0.0	28.68	75	0.7
140238.107	spark-master	2017-07-28T01:14:14.244719979Z	169505.562	17.51	75	0.41
0.0	cassandra-001	2017-07-28T01:14:21.244624012Z	0.0	28.69	75	0.66
140433.769	spark-master	2017-07-28T01:14:23.244685942Z	169753.9	17.51	75	0.57
0.0	cassandra-001	2017-07-28T01:14:30.273155009Z	0.0	28.69	75	7.71
140612.221	spark-master	2017-07-28T01:14:32.244735059Z	170003.955	17.51	75	0.46
0.0	cassandra-001	2017-07-28T01:14:39.244658418Z	0.0	28.69	75	0.64
140932.099	spark-master	2017-07-28T01:14:41.244605848Z	170264.97	17.51	75	0.45
0.0	cassandra-001	2017-07-28T01:14:48.268353885Z	0.0	28.69	77	0.67
141125.334	spark-master	2017-07-28T01:14:50.244486433Z	170520.232	17.51	77	6.42
0.0	cassandra-001	2017-07-28T01:14:57.269106746Z	0.0	28.69	78	0.88
141086.997	spark-master	2017-07-28T01:14:59.244559635Z	170639.951	17.51	79	0.47
0.0	cassandra-001	2017-07-28T01:15:06.244840719Z	0.0	28.69	80	0.61
141287.849	spark-master	2017-07-28T01:15:08.24462043Z	170902.922	17.51	81	0.68
0.0	cassandra-001	2017-07-28T01:15:15.262524255Z	0.0	28.7	82	29.42
141492.155	spark-master	2017-07-28T01:15:17.244562034Z	171175.519	17.51	82	0.46
0.0	cassandra-001	2017-07-28T01:15:24.273111944Z	0.0	28.69	83	0.66
141840.133	spark-master	2017-07-28T01:15:26.270498859Z	171461.42	17.51	84	0.45
0.0	cassandra-001	2017-07-28T01:15:33.244484222Z	0.0	28.69	85	0.67
142058.232	spark-master	2017-07-28T01:15:35.244409603Z	171747.427	17.51	85	7.69
0.0	cassandra-001	2017-07-28T01:15:42.270312521Z	0.0	28.69	87	0.67
142014.204	spark-master	2017-07-28T01:15:44.244658557Z	171881.262	17.51	87	0.49
0.0	cassandra-001	2017-07-28T01:15:51.244176594Z	0.0	28.69	88	0.71
142231.65	spark-master	2017-07-28T01:15:53.244583517Z	172176.411	17.51	89	0.7
0.0	cassandra-001	2017-07-28T01:16:00.244533523Z	0.0	28.69	90	7.34
142453.703	spark-master	2017-07-28T01:16:02.24453711Z	172473.586	17.51	90	0.47
0.0	cassandra-001	2017-07-28T01:16:09.272282064Z	0.0	28.69	90	0.66
142832.92	spark-master	2017-07-28T01:16:11.244632426Z	172781.306	17.51	90	0.56
0.0	cassandra-001	2017-07-28T01:16:18.273202389Z	0.0	28.69	90	0.65
143056.642	spark-master	2017-07-28T01:16:20.244647333Z	173077.321	17.51	90	7.35
0.0	cassandra-001	2017-07-28T01:16:27.244371782Z	0.0	28.69	90	0.68
143007.616	spark-master	2017-07-28T01:16:29.244544893Z	173216.631	17.51	90	0.57
0.0	cassandra-001	2017-07-28T01:16:36.27084238Z	0.0	28.69	90	0.64
143232.34	spark-master	2017-07-28T01:16:38.244726306Z	173510.962	17.51	90	0.58
0.0	cassandra-001	2017-07-28T01:16:45.27061713Z	0.0	28.69	90	6.89
143452.263	spark-master	2017-07-28T01:16:47.244284869Z	173808.968	17.51	90	0.49
0.0	cassandra-001	2017-07-28T01:16:54.271744061Z	0.0	28.69	90	0.71
143839.342	spark-master	2017-07-28T01:16:56.244432069Z	174120.173	17.51	90	0.51
0.0	cassandra-001	2017-07-28T01:17:03.273235018Z	0.0	28.69	90	0.7
144063.247	spark-master	2017-07-28T01:17:05.244569212Z	174418.1	17.51	90	7.29
0.0	cassandra-001	2017-07-28T01:17:12.268103304Z	0.0	28.69	90	0.71
144014.472	spark-master	2017-07-28T01:17:14.244625134Z	174551.661	17.51	90	0.45
0.0	cassandra-001	2017-07-28T01:17:21.2600766Z	0.0	28.69	90	0.66
144237.851	spark-master	2017-07-28T01:17:23.244554125Z	174845.048	17.51	90	0.57
0.0	cassandra-001	2017-07-28T01:17:30.268195134Z	0.0	28.69	90	7.83
144460.418	spark-master	2017-07-28T01:17:32.244471305Z	175144.061	17.51	90	0.48
0.0	cassandra-001	2017-07-28T01:17:39.244506079Z	0.0	28.69	90	0.74
144839.955	spark-master	2017-07-28T01:17:41.24460366Z	175452.765	17.51	90	0.44
0.0	cassandra-001	2017-07-28T01:17:48.272144234Z	0.0	28.69	90	0.64
145063.576	spark-master	2017-07-28T01:17:50.244541363Z	175749.015	17.51	90	6.82
0.0	cassandra-001	2017-07-28T01:17:57.268722223Z	0.0	28.69	90	0.87
145018.917	spark-master	2017-07-28T01:17:59.244537563Z	175885.087	17.51	90	0.48
0.0	cassandra-001	2017-07-28T01:18:06.266795292Z	0.0	28.69	90	0.64
145241.851	spark-master	2017-07-28T01:18:08.267429392Z	176184.048	17.51	90	0.42
0.0	cassandra-001	2017-07-28T01:18:15.260522331Z	0.0	28.69	90	6.45
145470.308	spark-master	2017-07-28T01:18:17.24461611Z	176484.689	17.51	90	0.43
0.0	cassandra-001	2017-07-28T01:18:24.270255633Z	0.0	28.69	90	0.68
145851.355	spark-master	2017-07-28T01:18:26.244649506Z	176794.995	17.51	90	0.37
0.0	cassandra-001	2017-07-28T01:18:33.262087656Z	0.0	28.69	90	0.68
146077.502	spark-master	2017-07-28T01:18:35.244484784Z	177092.731	17.51	90	6.94
0.0	cassandra-001	2017-07-28T01:18:42.270814584Z	0.0	28.69	90	0.62
146028.868	spark-master	2017-07-28T01:18:44.244651258Z	177230.856	17.51	90	0.4
0.0	cassandra-001	2017-07-28T01:18:51.269017398Z	0.0	28.69	90	0.71
146253.066	spark-master	2017-07-28T01:18:53.244700925Z	177531.639	17.51	90	0.58
0.0	cassandra-001	2017-07-28T01:19:00.269698614Z	0.0	28.69	90	7.55
146472.111	spark-master	2017-07-28T01:19:02.24555291Z	177831.916	17.51	86	0.42
0.0	cassandra-001	2017-07-28T01:19:09.271689597Z	0.0	28.69	75	0.67
146805.939	spark-master	2017-07-28T01:19:11.244429844Z	178110.251	17.51	75	0.52
0.0	cassandra-001	2017-07-28T01:19:18.264244565Z	0.0	28.69	75	0.65
146989.186	spark-master	2017-07-28T01:19:20.244418375Z	178360.557	17.51	75	5.45
0.0	cassandra-001	2017-07-28T01:19:27.271834577Z	0.0	28.7	75	0.66
146948.77	spark-master	2017-07-28T01:19:29.244766836Z	178475.406	17.51	75	0.43
0.0	cassandra-001	2017-07-28T01:19:36.244560504Z	0.0	28.7	75	0.63
147134.42	spark-master	2017-07-28T01:19:38.244576865Z	178724.075	17.52	75	0.45
0.0	cassandra-001	2017-07-28T01:19:45.270389595Z	0.0	28.7	75	6.22
147322.594	spark-master	2017-07-28T01:19:47.270988391Z	178974.472	17.52	75	0.48
0.0	cassandra-001	2017-07-28T01:19:54.244545885Z	0.0	28.7	75	0.66
147643.004	spark-master	2017-07-28T01:19:56.24477955Z	179235.298	17.52	75	0.49
0.0	cassandra-001	2017-07-28T01:20:03.273284742Z	0.0	28.7	75	0.69
147832.476	spark-master	2017-07-28T01:20:05.244522394Z	179487.555	17.52	75	6.12
0.0	cassandra-001	2017-07-28T01:20:12.277067283Z	0.0	28.7	75	0.64
147789.069	spark-master	2017-07-28T01:20:14.244549163Z	179600.691	17.52	75	0.42
0.0	cassandra-001	2017-07-28T01:20:21.272716687Z	0.0	28.7	75	0.74
147977.681	spark-master	2017-07-28T01:20:23.271356296Z	179852.006	17.52	75	0.62
0.0	cassandra-001	2017-07-28T01:20:30.271999288Z	0.0	28.7	75	6.25
148161.182	spark-master	2017-07-28T01:20:32.244511862Z	180104.303	17.52	75	0.46
0.0	cassandra-001	2017-07-28T01:20:39.272066864Z	0.0	28.7	75	0.68
148482.427	spark-master	2017-07-28T01:20:41.244647886Z	180362.453	17.51	75	0.47
0.0	cassandra-001	2017-07-28T01:20:48.271435971Z	0.0	28.7	75	0.61
148672.144	spark-master	2017-07-28T01:20:50.244526618Z	180615.194	17.51	75	6.58
0.0	cassandra-001	2017-07-28T01:20:57.271490365Z	0.0	28.7	75	0.84
148631.853	spark-master	2017-07-28T01:20:59.244412603Z	180729.097	17.51	75	0.44
0.0	cassandra-001	2017-07-28T01:21:06.26334762Z	0.0	28.7	75	0.62
148819.905	spark-master	2017-07-28T01:21:08.244577261Z	180978.044	17.51	75	0.49
0.0	cassandra-001	2017-07-28T01:21:15.265494365Z	0.0	28.7	75	5.43
149008.837	spark-master	2017-07-28T01:21:17.244706394Z	181229.208	17.52	75	0.48
0.0	cassandra-001	2017-07-28T01:21:24.269310428Z	0.0	28.7	75	0.58
149329.45	spark-master	2017-07-28T01:21:26.244534338Z	181490.869	17.52	75	0.43
0.0	cassandra-001	2017-07-28T01:21:33.274386933Z	0.0	28.7	75	0.69
149515.431	spark-master	2017-07-28T01:21:35.244537333Z	181740.861	17.52	75	5.93
0.0	cassandra-001	2017-07-28T01:21:42.272022582Z	0.0	28.7	75	0.66
149476.008	spark-master	2017-07-28T01:21:44.244538396Z	181856.118	17.52	75	0.45
0.0	cassandra-001	2017-07-28T01:21:51.269893681Z	0.0	28.7	75	0.81
149664.065	spark-master	2017-07-28T01:21:53.269520026Z	182106.393	17.52	75	0.66
0.0	cassandra-001	2017-07-28T01:22:00.270607772Z	0.0	28.7	75	6.99
149854.755	spark-master	2017-07-28T01:22:02.269733928Z	182357.146	17.52	75	0.5
0.0	cassandra-001	2017-07-28T01:22:09.268681612Z	0.0	28.7	75	0.67
150172.863	spark-master	2017-07-28T01:22:11.244652449Z	182617.035	17.52	73	0.55
0.0	cassandra-001	2017-07-28T01:22:18.267458816Z	0.0	28.7	66	0.7
150332.369	spark-master	2017-07-28T01:22:20.2447802Z	182844.783	17.52	64	4.96
0.0	cassandra-001	2017-07-28T01:22:27.272019482Z	0.0	28.7	60	0.63
150293.134	spark-master	2017-07-28T01:22:29.244804324Z	182936.948	17.52	60	0.54
0.0	cassandra-001	2017-07-28T01:22:36.270438202Z	0.0	28.7	60	0.63
150444.94	spark-master	2017-07-28T01:22:38.244444675Z	183137.507	17.52	60	0.52
0.0	cassandra-001	2017-07-28T01:22:45.274384721Z	0.0	28.7	60	6.17
150598.407	spark-master	2017-07-28T01:22:47.244623852Z	183335.978	17.52	60	0.51
0.0	cassandra-001	2017-07-28T01:22:54.270998228Z	0.0	28.7	60	0.68
150851.554	spark-master	2017-07-28T01:22:56.244518901Z	183543.703	17.52	60	0.47
0.0	cassandra-001	2017-07-28T01:23:03.244124065Z	0.0	28.7	60	0.66
151005.948	spark-master	2017-07-28T01:23:05.244799428Z	183746.741	17.52	60	6.24
0.0	cassandra-001	2017-07-28T01:23:12.270868723Z	0.0	28.7	60	0.61
150972.61	spark-master	2017-07-28T01:23:14.244606661Z	183839.439	17.52	60	0.43
0.0	cassandra-001	2017-07-28T01:23:21.269610345Z	0.0	28.7	60	6.47
151130.955	spark-master	2017-07-28T01:23:23.244598504Z	184041.581	17.52	60	0.64
0.0	cassandra-001	2017-07-28T01:23:30.270638202Z	0.0	28.7	60	6.0
151273.798	spark-master	2017-07-28T01:23:32.244518148Z	184241.354	17.52	60	0.45
0.0	cassandra-001	2017-07-28T01:23:39.244650944Z	0.0	28.7	60	0.65
151531.258	spark-master	2017-07-28T01:23:41.271836857Z	184451.644	17.52	60	0.48
0.0	cassandra-001	2017-07-28T01:23:48.269198781Z	0.0	28.7	60	0.69
151681.918	spark-master	2017-07-28T01:23:50.244503503Z	184654.458	17.52	60	5.56
0.0	cassandra-001	2017-07-28T01:23:57.270553836Z	0.0	28.7	60	0.94
151651.403	spark-master	2017-07-28T01:23:59.244254019Z	184747.779	17.52	60	0.49
0.0	cassandra-001	2017-07-28T01:24:06.270420974Z	0.0	28.71	60	0.65
151805.342	spark-master	2017-07-28T01:24:08.244551083Z	184947.336	17.52	60	0.45
0.0	cassandra-001	2017-07-28T01:24:15.270969897Z	0.0	28.71	60	5.09
151954.906	spark-master	2017-07-28T01:24:17.244756354Z	185151.221	17.52	60	0.53
0.0	cassandra-001	2017-07-28T01:24:24.267042514Z	0.0	28.71	60	0.63
152212.996	spark-master	2017-07-28T01:24:26.24456239Z	185362.664	17.52	60	0.5
0.0	cassandra-001	2017-07-28T01:24:33.268355608Z	0.0	28.71	60	0.69
152363.353	spark-master	2017-07-28T01:24:35.244536543Z	185562.237	17.52	60	6.3
0.0	cassandra-001	2017-07-28T01:24:42.244545134Z	0.0	28.71	60	0.65
152333.274	spark-master	2017-07-28T01:24:44.244506821Z	185657.237	17.52	60	0.34
0.0	cassandra-001	2017-07-28T01:24:51.2702745Z	0.0	28.71	60	0.74
152482.635	spark-master	2017-07-28T01:24:53.24454965Z	185860.701	17.52	60	0.6
0.0	cassandra-001	2017-07-28T01:25:00.272555853Z	0.0	28.71	60	6.54
152630.67	spark-master	2017-07-28T01:25:02.244783715Z	186061.042	17.52	60	0.44
0.0	cassandra-001	2017-07-28T01:25:09.270076858Z	0.0	28.71	60	0.65
152887.774	spark-master	2017-07-28T01:25:11.24470342Z	186273.81	17.52	60	0.43
0.0	cassandra-001	2017-07-28T01:25:18.244590955Z	0.0	28.71	60	0.72
153038.411	spark-master	2017-07-28T01:25:20.244696097Z	186476.975	17.52	60	5.98
0.0	cassandra-001	2017-07-28T01:25:27.270393189Z	0.0	28.71	59	0.7
153006.031	spark-master	2017-07-28T01:25:29.244620385Z	186569.343	17.52	58	0.49
0.0	cassandra-001	2017-07-28T01:25:36.271301596Z	0.0	28.71	53	0.69
153146.841	spark-master	2017-07-28T01:25:38.244319188Z	186759.91	17.52	51	0.51
0.0	cassandra-001	2017-07-28T01:25:45.269297574Z	0.0	28.71	45	5.05
153269.499	spark-master	2017-07-28T01:25:47.244652704Z	186922.006	17.52	45	0.53
0.0	cassandra-001	2017-07-28T01:25:54.271400001Z	0.0	28.71	45	0.65
153465.906	spark-master	2017-07-28T01:25:56.244612791Z	187083.675	17.52	45	0.43
0.0	cassandra-001	2017-07-28T01:26:03.271666462Z	0.0	28.71	45	0.72
153576.897	spark-master	2017-07-28T01:26:05.244689565Z	187234.391	17.52	45	4.27
0.0	cassandra-001	2017-07-28T01:26:12.271339201Z	0.0	28.71	45	0.62
153554.375	spark-master	2017-07-28T01:26:14.244377113Z	187305.236	17.52	45	0.4
0.0	cassandra-001	2017-07-28T01:26:21.260216742Z	0.0	28.71	45	0.7
153669.023	spark-master	2017-07-28T01:26:23.244742303Z	187456.211	17.52	45	0.67
0.0	cassandra-001	2017-07-28T01:26:30.260974542Z	0.0	28.71	45	4.56
153782.914	spark-master	2017-07-28T01:26:32.244287998Z	187609.95	17.52	45	0.43
0.0	cassandra-001	2017-07-28T01:26:39.270823868Z	0.0	28.72	45	0.67
153972.777	spark-master	2017-07-28T01:26:41.244561915Z	187768.465	17.52	45	0.44
0.0	cassandra-001	2017-07-28T01:26:48.260592939Z	0.0	28.72	45	0.63
154088.099	spark-master	2017-07-28T01:26:50.244209243Z	187920.605	17.52	45	5.13
0.0	cassandra-001	2017-07-28T01:26:57.26982999Z	0.0	28.72	45	0.85
154065.547	spark-master	2017-07-28T01:26:59.244698516Z	187991.184	17.52	45	0.43
0.0	cassandra-001	2017-07-28T01:27:06.259434359Z	0.0	28.72	45	0.66
154179.743	spark-master	2017-07-28T01:27:08.24461018Z	188140.079	17.52	45	0.43
0.0	cassandra-001	2017-07-28T01:27:15.272962247Z	0.0	28.72	45	4.38
154293.164	spark-master	2017-07-28T01:27:17.244578611Z	188291.155	17.52	45	0.45
0.0	cassandra-001	2017-07-28T01:27:24.266450252Z	0.0	28.72	45	0.7
154481.005	spark-master	2017-07-28T01:27:26.24428149Z	188448.067	17.52	45	0.46
0.0	cassandra-001	2017-07-28T01:27:33.2446644Z	0.0	28.72	45	0.62
154595.97	spark-master	2017-07-28T01:27:35.244623234Z	188601.32	17.52	45	4.8
0.0	cassandra-001	2017-07-28T01:27:42.268909424Z	0.0	28.72	45	0.64
154572.863	spark-master	2017-07-28T01:27:44.244434369Z	188671.348	17.52	45	0.45
0.0	cassandra-001	2017-07-28T01:27:51.271184802Z	0.0	28.72	45	0.71
154683.613	spark-master	2017-07-28T01:27:53.24455244Z	188823.819	17.52	45	0.56
0.0	cassandra-001	2017-07-28T01:28:00.262472839Z	0.0	28.72	45	5.26
154799.178	spark-master	2017-07-28T01:28:02.2446937Z	188973.684	17.52	45	0.48
0.0	cassandra-001	2017-07-28T01:28:09.268896037Z	0.0	28.72	45	0.63
154993.214	spark-master	2017-07-28T01:28:11.244670077Z	189132.028	17.52	45	0.49
0.0	cassandra-001	2017-07-28T01:28:18.267780787Z	0.0	28.72	45	0.66
155102.266	spark-master	2017-07-28T01:28:20.244185703Z	189281.223	17.52	45	4.21
0.0	cassandra-001	2017-07-28T01:28:27.266411438Z	0.0	28.72	45	0.62
155082.17	spark-master	2017-07-28T01:28:29.24463004Z	189350.549	17.53	45	0.48
0.0	cassandra-001	2017-07-28T01:28:36.260198817Z	0.0	28.72	45	0.61
155193.537	spark-master	2017-07-28T01:28:38.244466569Z	189502.429	17.53	45	0.49
0.0	cassandra-001	2017-07-28T01:28:45.272880157Z	0.0	28.72	45	5.43
155309.073	spark-master	2017-07-28T01:28:47.244479804Z	189653.13	17.53	43	0.57
0.0	cassandra-001	2017-07-28T01:28:54.26320231Z	0.0	28.72	30	0.68
155458.206	spark-master	2017-07-28T01:28:56.269878423Z	189782.936	17.53	30	0.49
0.0	cassandra-001	2017-07-28T01:29:03.270135806Z	0.0	28.72	30	0.7
155530.869	spark-master	2017-07-28T01:29:05.244647492Z	189884.339	17.53	30	4.01
0.0	cassandra-001	2017-07-28T01:29:12.266918301Z	0.0	28.72	30	0.63
155516.466	spark-master	2017-07-28T01:29:14.244090807Z	189932.171	17.53	30	0.43
0.0	cassandra-001	2017-07-28T01:29:21.271016638Z	0.0	28.72	30	0.72
155592.176	spark-master	2017-07-28T01:29:23.244691842Z	190033.974	17.53	30	0.63
0.0	cassandra-001	2017-07-28T01:29:30.259785347Z	0.0	28.72	30	3.7
155667.491	spark-master	2017-07-28T01:29:32.244568574Z	190138.914	17.53	30	0.45
0.0	cassandra-001	2017-07-28T01:29:39.269104291Z	0.0	28.72	30	0.71
155798.506	spark-master	2017-07-28T01:29:41.244743661Z	190247.921	17.53	30	2.17
0.0	cassandra-001	2017-07-28T01:29:48.263321289Z	0.0	28.72	30	0.63
155874.798	spark-master	2017-07-28T01:29:50.244641416Z	190349.858	17.54	30	4.41
0.0	cassandra-001	2017-07-28T01:29:57.27140393Z	0.0	28.72	30	0.88
155859.965	spark-master	2017-07-28T01:29:59.24452543Z	190396.07	17.53	30	0.48
0.0	cassandra-001	2017-07-28T01:30:06.266621541Z	0.0	28.72	30	0.74
155936.059	spark-master	2017-07-28T01:30:08.244151599Z	190499.377	17.53	30	0.45
0.0	cassandra-001	2017-07-28T01:30:15.263654434Z	0.0	28.72	30	3.62
156013.514	spark-master	2017-07-28T01:30:17.244493005Z	190603.516	17.53	30	0.48
0.0	cassandra-001	2017-07-28T01:30:24.272186627Z	0.0	28.72	30	0.68
156144.44	spark-master	2017-07-28T01:30:26.244451632Z	190712.686	17.53	30	0.51
0.0	cassandra-001	2017-07-28T01:30:33.27223024Z	0.0	28.72	30	0.67
156217.023	spark-master	2017-07-28T01:30:35.244163614Z	190810.624	17.53	30	4.62
0.0	cassandra-001	2017-07-28T01:30:42.267504829Z	0.0	28.72	30	0.66
156202.796	spark-master	2017-07-28T01:30:44.267882873Z	190856.409	17.53	30	0.47
0.0	cassandra-001	2017-07-28T01:30:51.272071362Z	0.0	28.72	30	0.68
156279.181	spark-master	2017-07-28T01:30:53.244537221Z	190958.169	17.53	30	0.68
0.0	cassandra-001	2017-07-28T01:31:00.269308087Z	0.0	28.72	30	4.2
156355.077	spark-master	2017-07-28T01:31:02.244274645Z	191061.64	17.53	30	0.48
0.0	cassandra-001	2017-07-28T01:31:09.270954805Z	0.0	28.72	30	0.65
156481.818	spark-master	2017-07-28T01:31:11.244421209Z	191169.344	17.53	30	0.47
0.0	cassandra-001	2017-07-28T01:31:18.266796019Z	0.0	28.72	30	0.65
156557.871	spark-master	2017-07-28T01:31:20.244613553Z	191271.33	17.53	30	4.72
0.0	cassandra-001	2017-07-28T01:31:27.244543713Z	0.0	28.72	30	0.63
156545.892	spark-master	2017-07-28T01:31:29.244390421Z	191319.208	17.53	30	0.39
0.0	cassandra-001	2017-07-28T01:31:36.260433685Z	0.0	28.72	30	0.64
156622.514	spark-master	2017-07-28T01:31:38.260198481Z	191421.118	17.53	30	0.45
0.0	cassandra-001	2017-07-28T01:31:45.270414887Z	0.0	28.72	30	3.93
156698.603	spark-master	2017-07-28T01:31:47.244625132Z	191526.416	17.53	30	0.43
0.0	cassandra-001	2017-07-28T01:31:54.260291329Z	0.0	28.72	30	0.66
156829.664	spark-master	2017-07-28T01:31:56.244061929Z	191633.327	17.53	29	0.41
0.0	cassandra-001	2017-07-28T01:32:03.27220901Z	0.0	28.72	19	0.65
156869.593	spark-master	2017-07-28T01:32:05.244538215Z	191711.144	17.53	15	4.25
0.0	cassandra-001	2017-07-28T01:32:12.271187782Z	0.0	28.72	15	0.66
156855.466	spark-master	2017-07-28T01:32:14.244539143Z	191734.673	17.53	15	0.44
0.0	cassandra-001	2017-07-28T01:32:21.270687095Z	0.0	28.72	15	0.63
156895.141	spark-master	2017-07-28T01:32:23.271022917Z	191787.888	17.53	15	0.63
0.0	cassandra-001	2017-07-28T01:32:30.271968045Z	0.0	28.72	15	3.12
156937.189	spark-master	2017-07-28T01:32:32.244245942Z	191841.684	17.53	15	0.5
0.0	cassandra-001	2017-07-28T01:32:39.27067993Z	0.0	28.72	15	0.7
157003.559	spark-master	2017-07-28T01:32:41.24457003Z	191895.878	17.53	15	0.4
0.0	cassandra-001	2017-07-28T01:32:48.270080423Z	0.0	28.72	15	0.62
157042.657	spark-master	2017-07-28T01:32:50.244566256Z	191948.755	17.53	15	3.58
0.0	cassandra-001	2017-07-28T01:32:57.260518434Z	0.0	28.72	15	0.89
157037.828	spark-master	2017-07-28T01:32:59.270148336Z	191972.844	17.53	15	0.46
0.0	cassandra-001	2017-07-28T01:33:06.261622362Z	0.0	28.72	15	0.68
157076.546	spark-master	2017-07-28T01:33:08.244441525Z	192024.35	17.53	15	0.39
0.0	cassandra-001	2017-07-28T01:33:15.268263738Z	0.0	28.72	15	3.06
157117.448	spark-master	2017-07-28T01:33:17.244720579Z	192077.34	17.53	15	0.46
0.0	cassandra-001	2017-07-28T01:33:24.259397122Z	0.0	28.72	15	0.68
157181.416	spark-master	2017-07-28T01:33:26.244461722Z	192131.99	17.52	15	0.51
0.0	cassandra-001	2017-07-28T01:33:33.271688085Z	0.0	28.72	15	0.64
157220.444	spark-master	2017-07-28T01:33:35.244343082Z	192183.893	17.52	15	3.84
0.0	cassandra-001	2017-07-28T01:33:42.260568073Z	0.0	28.72	15	0.65
157214.77	spark-master	2017-07-28T01:33:44.271382194Z	192210.088	17.52	15	0.52
0.0	cassandra-001	2017-07-28T01:33:51.27450146Z	0.0	28.72	15	0.68
157254.745	spark-master	2017-07-28T01:33:53.244141279Z	192262.533	17.52	15	0.66
0.0	cassandra-001	2017-07-28T01:34:00.27259119Z	0.0	28.72	15	2.7
157292.533	spark-master	2017-07-28T01:34:02.244193497Z	192315.251	17.52	15	0.5
0.0	cassandra-001	2017-07-28T01:34:09.271166254Z	0.0	28.72	15	0.67
157357.348	spark-master	2017-07-28T01:34:11.244577038Z	192368.924	17.52	15	0.42
0.0	cassandra-001	2017-07-28T01:34:18.267963496Z	0.0	28.72	15	0.65
157395.763	spark-master	2017-07-28T01:34:20.244139496Z	192420.047	17.53	15	16.35
0.0	cassandra-001	2017-07-28T01:34:27.271370789Z	0.0	28.72	15	0.68
157390.48	spark-master	2017-07-28T01:34:29.244578249Z	192442.481	17.53	15	0.45
0.0	cassandra-001	2017-07-28T01:34:36.268215653Z	0.0	28.72	15	0.72
157429.469	spark-master	2017-07-28T01:34:38.26891641Z	192495.197	17.53	15	0.53
0.0	cassandra-001	2017-07-28T01:34:45.273082536Z	0.0	28.72	15	3.34
157468.101	spark-master	2017-07-28T01:34:47.244618949Z	192547.695	17.53	15	0.49
0.0	cassandra-001	2017-07-28T01:34:54.269422064Z	0.0	28.72	15	0.66
157536.196	spark-master	2017-07-28T01:34:56.270560371Z	192604.523	17.53	15	0.5
0.0	cassandra-001	2017-07-28T01:35:03.271152078Z	0.0	28.72	15	0.64
157576.532	spark-master	2017-07-28T01:35:05.244626617Z	192657.221	17.53	15	4.18
0.0	cassandra-001	2017-07-28T01:35:12.269927699Z	0.0	28.72	3	0.68
157563.667	spark-master	2017-07-28T01:35:14.244545665Z	192673.198	17.53	1	0.54
0.0	cassandra-001	2017-07-28T01:35:21.270856049Z	0.0	28.72	0	0.79
157567.315	spark-master	2017-07-28T01:35:23.244825979Z	192678.561	17.53	0	0.68
0.0	cassandra-001	2017-07-28T01:35:30.265820078Z	0.0	28.72	0	0.69
157567.909	spark-master	2017-07-28T01:35:32.244469175Z	192679.581	17.53	0	0.51
0.0	cassandra-001	2017-07-28T01:35:39.245002342Z	0.0	28.72	0	0.64
157568.473	spark-master	2017-07-28T01:35:41.244508265Z	192680.631	17.53	0	0.5
0.0	cassandra-001	2017-07-28T01:35:48.269904558Z	0.0	28.72	0	0.72
157569.109	spark-master	2017-07-28T01:35:50.244561673Z	192681.693	17.53	0	2.55
0.0	cassandra-001	2017-07-28T01:35:57.269424883Z	0.0	28.72	0	0.85
157569.301	spark-master	2017-07-28T01:35:59.244458538Z	192682.118	17.53	0	0.5
0.0	cassandra-001	2017-07-28T01:36:06.268855403Z	0.0	28.72	0	0.69
157569.895	spark-master	2017-07-28T01:36:08.244471917Z	192683.138	17.53	0	0.52
0.0	cassandra-001	2017-07-28T01:36:15.24468835Z	0.0	28.72	0	1.26
157570.531	spark-master	2017-07-28T01:36:17.24453903Z	192684.2	17.53	0	0.51
0.0	cassandra-001	2017-07-28T01:36:24.269828849Z	0.0	28.72	0	0.66
157571.095	spark-master	2017-07-28T01:36:26.244474437Z	192685.25	17.53	0	0.49
0.0	cassandra-001	2017-07-28T01:36:33.268668638Z	0.0	28.72	0	0.67
157571.731	spark-master	2017-07-28T01:36:35.244589475Z	192686.312	17.53	0	2.67
0.0	cassandra-001	2017-07-28T01:36:42.268985587Z	0.0	28.72	0	0.66
157572.103	spark-master	2017-07-28T01:36:44.244577331Z	192686.937	17.53	0	0.5
0.0	cassandra-001	2017-07-28T01:36:51.269767138Z	0.0	28.72	0	0.68
157572.697	spark-master	2017-07-28T01:36:53.244477469Z	192687.957	17.53	0	0.66
0.0	cassandra-001	2017-07-28T01:37:00.244685355Z	0.0	28.72	0	1.24
157573.609	spark-master	2017-07-28T01:37:02.244718513Z	192689.395	17.53	0	0.47
0.0	cassandra-001	2017-07-28T01:37:09.269402601Z	0.0	28.72	0	0.67
157574.381	spark-master	2017-07-28T01:37:11.244493734Z	192690.987	17.53	0	0.52
0.0	cassandra-001	2017-07-28T01:37:18.24466426Z	0.0	28.72	0	0.68
157575.571	spark-master	2017-07-28T01:37:20.244661468Z	192693.291	17.53	0	2.78
0.0	cassandra-001	2017-07-28T01:37:27.271884534Z	0.0	28.72	0	0.58
157576.193	spark-master	2017-07-28T01:37:29.24471685Z	192694.5	17.53	0	0.52
0.0	cassandra-001	2017-07-28T01:37:36.270404106Z	0.0	28.72	0	0.66
157576.995	spark-master	2017-07-28T01:37:38.244379212Z	192696.062	17.53	0	0.52
0.0	cassandra-001	2017-07-28T01:37:45.268237382Z	0.0	28.72	0	1.29
157577.589	spark-master	2017-07-28T01:37:47.244597817Z	192697.082	17.53	0	0.5
0.0	cassandra-001	2017-07-28T01:37:54.272236676Z	0.0	28.72	0	0.65
157578.153	spark-master	2017-07-28T01:37:56.244486602Z	192698.132	17.53	0	0.5
0.0	cassandra-001	2017-07-28T01:38:03.267782223Z	0.0	28.72	0	0.56
157578.789	spark-master	2017-07-28T01:38:05.244636613Z	192699.194	17.53	0	2.62
0.0	cassandra-001	2017-07-28T01:38:12.244062743Z	0.0	28.72	0	0.46
157579.369	spark-master	2017-07-28T01:38:14.270203755Z	192700.361	17.53	0	0.55
0.0	cassandra-001	2017-07-28T01:38:21.265634065Z	0.0	28.72	3	0.63
157583.015	spark-master	2017-07-28T01:38:23.24474386Z	192704.848	17.53	4	0.68
0.0	cassandra-001	2017-07-28T01:38:30.271727457Z	0.0	28.72	8	3.28
157597.962	spark-master	2017-07-28T01:38:32.244472789Z	192724.878	17.53	9	0.53
0.0	cassandra-001	2017-07-28T01:38:39.272846724Z	0.0	28.72	12	0.6
157647.72	spark-master	2017-07-28T01:38:41.244535845Z	192764.748	17.53	13	0.51
0.0	cassandra-001	2017-07-28T01:38:48.264374868Z	0.0	28.72	16	0.65
157695.855	spark-master	2017-07-28T01:38:50.268910526Z	192818.43	17.55	16	3.83
0.0	cassandra-001	2017-07-28T01:38:57.271753821Z	0.0	28.72	19	0.85
157689.428	spark-master	2017-07-28T01:38:59.244490552Z	192846.646	17.55	20	0.49
0.0	cassandra-001	2017-07-28T01:39:06.244502668Z	0.0	28.72	23	0.7
157745.946	spark-master	2017-07-28T01:39:08.244430958Z	192919.518	17.55	24	0.53
0.0	cassandra-001	2017-07-28T01:39:15.271166119Z	0.0	28.72	27	4.24
157810.673	spark-master	2017-07-28T01:39:17.244573811Z	193008.233	17.55	28	0.49
0.0	cassandra-001	2017-07-28T01:39:24.268272771Z	0.0	28.72	30	0.67
157940.492	spark-master	2017-07-28T01:39:26.244559398Z	193112.788	17.55	31	0.43
0.0	cassandra-001	2017-07-28T01:39:33.272598194Z	0.0	28.72	33	0.71
158028.466	spark-master	2017-07-28T01:39:35.244563389Z	193223.934	17.55	34	4.56
0.0	cassandra-001	2017-07-28T01:39:42.270054583Z	0.0	28.72	36	0.64
158011.613	spark-master	2017-07-28T01:39:44.244058017Z	193276.759	17.55	37	0.39
0.0	cassandra-001	2017-07-28T01:39:51.270891066Z	0.0	28.72	39	0.67
158107.59	spark-master	2017-07-28T01:39:53.244773025Z	193405.985	17.55	39	0.63
0.0	cassandra-001	2017-07-28T01:40:00.264722821Z	0.0	28.72	42	5.46
158211.555	spark-master	2017-07-28T01:40:02.244626471Z	193544.275	17.55	42	0.43
0.0	cassandra-001	2017-07-28T01:40:09.244467133Z	0.0	28.72	44	0.62
158401.512	spark-master	2017-07-28T01:40:11.244798204Z	193699.127	17.55	45	0.5
0.0	cassandra-001	2017-07-28T01:40:18.271136491Z	0.0	28.72	46	0.71
158522.946	spark-master	2017-07-28T01:40:20.244608859Z	193855.524	17.55	47	6.32
0.0	cassandra-001	2017-07-28T01:40:27.270472604Z	0.0	28.72	48	0.62
158499.026	spark-master	2017-07-28T01:40:29.244719176Z	193928.718	17.55	48	0.45
0.0	cassandra-001	2017-07-28T01:40:36.268446723Z	0.0	28.72	50	0.67
158621.479	spark-master	2017-07-28T01:40:38.244612888Z	194095.998	17.55	50	0.46
0.0	cassandra-001	2017-07-28T01:40:45.269814743Z	0.0	28.72	52	5.21
158750.28	spark-master	2017-07-28T01:40:47.244586917Z	194268.405	17.55	53	0.49
0.0	cassandra-001	2017-07-28T01:40:54.271059384Z	0.0	28.72	54	0.66
158981.894	spark-master	2017-07-28T01:40:56.244661285Z	194457.627	17.55	55	0.46
0.0	cassandra-001	2017-07-28T01:41:03.267950925Z	0.0	28.72	57	0.68
159125.173	spark-master	2017-07-28T01:41:05.24466835Z	194644.84	17.55	57	6.72
0.0	cassandra-001	2017-07-28T01:41:12.272468682Z	0.0	28.72	59	0.69
159097.467	spark-master	2017-07-28T01:41:14.244774796Z	194733.05	17.55	59	0.49
0.0	cassandra-001	2017-07-28T01:41:21.271211981Z	0.0	28.72	61	0.69
159247.107	spark-master	2017-07-28T01:41:23.244505945Z	194933.078	17.55	61	0.56
0.0	cassandra-001	2017-07-28T01:41:30.244303513Z	0.0	28.72	62	6.22
159408.939	spark-master	2017-07-28T01:41:32.269354406Z	195141.715	17.55	63	0.52
0.0	cassandra-001	2017-07-28T01:41:39.271608057Z	0.0	28.72	64	0.67
159679.298	spark-master	2017-07-28T01:41:41.244553849Z	195367.219	17.55	65	0.4
0.0	cassandra-001	2017-07-28T01:41:48.270765257Z	0.0	28.72	66	0.68
159848.864	spark-master	2017-07-28T01:41:50.244098719Z	195589.464	17.55	67	5.93
0.0	cassandra-001	2017-07-28T01:41:57.270929289Z	0.0	28.73	68	0.78
159813.732	spark-master	2017-07-28T01:41:59.244537122Z	195696.126	17.55	68	0.48
0.0	cassandra-001	2017-07-28T01:42:06.267840458Z	0.0	28.73	70	0.69
159984.575	spark-master	2017-07-28T01:42:08.244675305Z	195927.885	17.55	70	0.53
0.0	cassandra-001	2017-07-28T01:42:15.272694277Z	0.0	28.73	71	7.05
160161.394	spark-master	2017-07-28T01:42:17.244612514Z	196161.939	17.55	72	0.5
0.0	cassandra-001	2017-07-28T01:42:24.244584051Z	0.0	28.73	73	0.64
160474.419	spark-master	2017-07-28T01:42:26.268212363Z	196414.451	17.55	74	0.53
0.0	cassandra-001	2017-07-28T01:42:33.270488092Z	0.0	28.73	75	0.66
160663.666	spark-master	2017-07-28T01:42:35.244616294Z	196665.036	17.55	75	6.12
0.0	cassandra-001	2017-07-28T01:42:42.24452177Z	0.0	28.73	77	0.59
160625.741	spark-master	2017-07-28T01:42:44.244658081Z	196782.152	17.55	77	0.47
0.0	cassandra-001	2017-07-28T01:42:51.268963544Z	0.0	28.73	78	0.7
160817.967	spark-master	2017-07-28T01:42:53.244563243Z	197041.592	17.55	78	0.59
0.0	cassandra-001	2017-07-28T01:43:00.270980552Z	0.0	28.73	80	7.6
161019.024	spark-master	2017-07-28T01:43:02.244802246Z	197307.899	17.55	80	0.46
0.0	cassandra-001	2017-07-28T01:43:09.244437562Z	0.0	28.73	81	0.7
161366.493	spark-master	2017-07-28T01:43:11.244619132Z	197590.421	17.55	82	0.48
0.0	cassandra-001	2017-07-28T01:43:18.271879258Z	0.0	28.73	83	0.72
161578.755	spark-master	2017-07-28T01:43:20.244599947Z	197870.508	17.55	83	7.84
0.0	cassandra-001	2017-07-28T01:43:27.244583233Z	0.0	28.73	85	0.65
161536.011	spark-master	2017-07-28T01:43:29.244487808Z	197997.86	17.55	85	0.41
0.0	cassandra-001	2017-07-28T01:43:36.269041512Z	0.0	28.73	86	0.68
161747.92	spark-master	2017-07-28T01:43:38.244409472Z	198284.895	17.55	87	0.44
0.0	cassandra-001	2017-07-28T01:43:45.272958534Z	0.0	28.73	88	6.44
161962.691	spark-master	2017-07-28T01:43:47.244614309Z	198575.474	17.55	88	0.41
0.0	cassandra-001	2017-07-28T01:43:54.270854172Z	0.0	28.73	90	0.69
162346.49	spark-master	2017-07-28T01:43:56.244535424Z	198885.632	17.55	90	0.41
0.0	cassandra-001	2017-07-28T01:44:03.268967682Z	0.0	28.73	90	0.61
162567.009	spark-master	2017-07-28T01:44:05.244485159Z	199180.739	17.55	90	8.45
0.0	cassandra-001	2017-07-28T01:44:12.269398573Z	0.0	28.73	90	0.68
162520.665	spark-master	2017-07-28T01:44:14.244577594Z	199313.812	17.55	90	0.38
0.0	cassandra-001	2017-07-28T01:44:21.268849683Z	0.0	28.73	90	0.62
162749.04	spark-master	2017-07-28T01:44:23.244427013Z	199605.268	17.55	90	0.63
0.0	cassandra-001	2017-07-28T01:44:30.244824075Z	0.0	28.73	90	7.2
162970.546	spark-master	2017-07-28T01:44:32.244668539Z	199901.697	17.55	90	0.49
0.0	cassandra-001	2017-07-28T01:44:39.271082189Z	0.0	28.73	90	0.61
163354.597	spark-master	2017-07-28T01:44:41.244375025Z	200214.223	17.55	90	0.46
0.0	cassandra-001	2017-07-28T01:44:48.270755781Z	0.0	28.73	90	0.66
163567.264	spark-master	2017-07-28T01:44:50.244635605Z	200507.92	17.55	90	7.64
0.0	cassandra-001	2017-07-28T01:44:57.244741639Z	0.0	28.73	90	0.71
163523.099	spark-master	2017-07-28T01:44:59.244104894Z	200645.814	17.55	90	0.45
0.0	cassandra-001	2017-07-28T01:45:06.270055663Z	0.0	28.73	90	0.66
163741.594	spark-master	2017-07-28T01:45:08.244092225Z	200943.45	17.55	90	0.43
0.0	cassandra-001	2017-07-28T01:45:15.268185319Z	0.0	28.73	90	7.56
163963.434	spark-master	2017-07-28T01:45:17.268566614Z	201237.405	17.55	90	0.42
0.0	cassandra-001	2017-07-28T01:45:24.272529615Z	0.0	28.73	90	0.65
164347.439	spark-master	2017-07-28T01:45:26.269079145Z	201546.293	17.55	90	0.42
0.0	cassandra-001	2017-07-28T01:45:33.27107501Z	0.0	28.73	90	0.71
164568.024	spark-master	2017-07-28T01:45:35.24447373Z	201840.252	17.55	90	8.5
0.0	cassandra-001	2017-07-28T01:45:42.268409404Z	0.0	28.73	90	0.66
164525.047	spark-master	2017-07-28T01:45:44.244665177Z	201973.078	17.55	90	0.43
0.0	cassandra-001	2017-07-28T01:45:51.27040112Z	0.0	28.73	90	0.67
164746.986	spark-master	2017-07-28T01:45:53.244636221Z	202268.375	17.55	90	0.55
0.0	cassandra-001	2017-07-28T01:46:00.270882853Z	0.0	28.73	90	7.43
164967.457	spark-master	2017-07-28T01:46:02.244545101Z	202567.149	17.55	90	0.42
0.0	cassandra-001	2017-07-28T01:46:09.268330361Z	0.0	28.73	90	0.68
165348.581	spark-master	2017-07-28T01:46:11.244807239Z	202876.69	17.55	90	0.43
0.0	cassandra-001	2017-07-28T01:46:18.270860807Z	0.0	28.73	90	0.72
165574.003	spark-master	2017-07-28T01:46:20.2445081Z	203181.273	17.55	90	7.44
0.0	cassandra-001	2017-07-28T01:46:27.270232583Z	0.0	28.73	90	0.64
165525.489	spark-master	2017-07-28T01:46:29.244548779Z	203314.424	17.55	90	0.46
0.0	cassandra-001	2017-07-28T01:46:36.270897015Z	0.0	28.73	90	0.66
165747.306	spark-master	2017-07-28T01:46:38.24460302Z	203613.798	17.55	90	0.52
0.0	cassandra-001	2017-07-28T01:46:45.270817388Z	0.0	28.73	90	7.24
165975.264	spark-master	2017-07-28T01:46:47.244358868Z	203909.116	17.55	90	0.5
0.0	cassandra-001	2017-07-28T01:46:54.274359715Z	0.0	28.73	90	0.71
166361.921	spark-master	2017-07-28T01:46:56.244474095Z	204221.211	17.55	90	0.49
0.0	cassandra-001	2017-07-28T01:47:03.269166704Z	0.0	28.73	90	0.63
166584.368	spark-master	2017-07-28T01:47:05.244468769Z	204516.789	17.55	90	6.85
0.0	cassandra-001	2017-07-28T01:47:12.271622473Z	0.0	28.73	90	0.65
166538.774	spark-master	2017-07-28T01:47:14.244618777Z	204650.324	17.55	90	0.46
0.0	cassandra-001	2017-07-28T01:47:21.270200693Z	0.0	28.73	90	0.69
166761.152	spark-master	2017-07-28T01:47:23.244621611Z	204946.116	17.55	90	0.61
0.0	cassandra-001	2017-07-28T01:47:30.269825343Z	0.0	28.73	90	8.5
166983.926	spark-master	2017-07-28T01:47:32.244643693Z	205244.29	17.56	90	0.46
0.0	cassandra-001	2017-07-28T01:47:39.270184592Z	0.0	28.73	90	0.64
167364.199	spark-master	2017-07-28T01:47:41.244480367Z	205554.452	17.56	90	0.43
0.0	cassandra-001	2017-07-28T01:47:48.271273852Z	0.0	28.73	90	0.68
167586.452	spark-master	2017-07-28T01:47:50.244729186Z	205847.38	17.56	90	7.73
0.0	cassandra-001	2017-07-28T01:47:57.264680398Z	0.0	28.73	90	0.84
167537.01	spark-master	2017-07-28T01:47:59.244577669Z	205986.595	17.56	90	0.45
0.0	cassandra-001	2017-07-28T01:48:06.268235395Z	0.0	28.73	90	0.7
167761.553	spark-master	2017-07-28T01:48:08.244457655Z	206284.044	17.56	90	0.45
0.0	cassandra-001	2017-07-28T01:48:15.271758124Z	0.0	28.73	90	7.86
167988.858	spark-master	2017-07-28T01:48:17.244714184Z	206577.239	17.56	90	0.42
0.0	cassandra-001	2017-07-28T01:48:24.271114968Z	0.0	28.73	90	0.68
168370.284	spark-master	2017-07-28T01:48:26.244556118Z	206886.484	17.56	90	0.45
0.0	cassandra-001	2017-07-28T01:48:33.272292359Z	0.0	28.73	90	0.68
168599.44	spark-master	2017-07-28T01:48:35.24461074Z	207187.365	17.56	90	8.1
0.0	cassandra-001	2017-07-28T01:48:42.24481375Z	0.0	28.74	90	0.7
168553.468	spark-master	2017-07-28T01:48:44.244657142Z	207321.844	17.56	90	0.39
0.0	cassandra-001	2017-07-28T01:48:51.271888315Z	0.0	28.74	90	0.73
168772.561	spark-master	2017-07-28T01:48:53.244820318Z	207619.627	17.56	90	0.55
0.0	cassandra-001	2017-07-28T01:49:00.266937566Z	0.0	28.74	90	8.01
168994.41	spark-master	2017-07-28T01:49:02.244518149Z	207916.794	17.56	90	0.5
0.0	cassandra-001	2017-07-28T01:49:09.269218078Z	0.0	28.74	90	0.62
169378.664	spark-master	2017-07-28T01:49:11.244491757Z	208226.932	17.56	90	0.46
0.0	cassandra-001	2017-07-28T01:49:18.260962333Z	0.0	28.74	90	0.65
169599.393	spark-master	2017-07-28T01:49:20.244347423Z	208523.929	17.56	90	7.83
0.0	cassandra-001	2017-07-28T01:49:27.273779665Z	0.0	28.74	90	0.64
169553.298	spark-master	2017-07-28T01:49:29.244520889Z	208662.575	17.56	90	0.43
0.0	cassandra-001	2017-07-28T01:49:36.27257007Z	0.0	28.74	90	0.66
169773.518	spark-master	2017-07-28T01:49:38.244566155Z	208963.56	17.56	90	0.45
0.0	cassandra-001	2017-07-28T01:49:45.271402012Z	0.0	28.74	90	8.14
169995.818	spark-master	2017-07-28T01:49:47.244736785Z	209263.805	17.56	90	0.47
0.0	cassandra-001	2017-07-28T01:49:54.267532182Z	0.0	28.74	90	0.68
170378.357	spark-master	2017-07-28T01:49:56.244522079Z	209574.411	17.56	90	0.46
0.0	cassandra-001	2017-07-28T01:50:03.264997921Z	0.0	28.74	90	0.59
170595.311	spark-master	2017-07-28T01:50:05.244087475Z	209870.266	17.56	90	6.62
0.0	cassandra-001	2017-07-28T01:50:12.271262636Z	0.0	28.74	90	0.7
170551.042	spark-master	2017-07-28T01:50:14.244788365Z	210005.535	17.56	90	0.51
0.0	cassandra-001	2017-07-28T01:50:21.268677496Z	0.0	28.74	90	0.7
170773.452	spark-master	2017-07-28T01:50:23.244823294Z	210301.648	17.56	90	0.63
0.0	cassandra-001	2017-07-28T01:50:30.272924146Z	0.0	28.74	90	7.23
170997.652	spark-master	2017-07-28T01:50:32.244470193Z	210599.368	17.56	90	0.46
0.0	cassandra-001	2017-07-28T01:50:39.265328029Z	0.0	28.74	90	0.67
171377.982	spark-master	2017-07-28T01:50:41.244550089Z	210908.866	17.56	90	0.52
0.0	cassandra-001	2017-07-28T01:50:48.271371549Z	0.0	28.74	90	0.68
171605.444	spark-master	2017-07-28T01:50:50.273530756Z	211207.201	17.56	90	8.45
0.0	cassandra-001	2017-07-28T01:50:57.274814303Z	0.0	28.74	90	0.86
171554.654	spark-master	2017-07-28T01:50:59.275935196Z	211340.855	17.56	90	0.44
0.0	cassandra-001	2017-07-28T01:51:06.2695242Z	0.0	28.74	90	0.65
171777.438	spark-master	2017-07-28T01:51:08.244463592Z	211635.535	17.56	90	0.45
0.0	cassandra-001	2017-07-28T01:51:15.269048878Z	0.0	28.74	90	6.47
172000.444	spark-master	2017-07-28T01:51:17.24448468Z	211935.166	17.56	90	0.4
0.0	cassandra-001	2017-07-28T01:51:24.269966699Z	0.0	28.74	90	0.69
172382.069	spark-master	2017-07-28T01:51:26.244569987Z	212247.864	17.56	90	0.52
0.0	cassandra-001	2017-07-28T01:51:33.270495347Z	0.0	28.74	90	0.69
172605.983	spark-master	2017-07-28T01:51:35.27022541Z	212545.394	17.56	90	6.41
0.0	cassandra-001	2017-07-28T01:51:42.270918395Z	0.0	28.74	90	0.66
172557.47	spark-master	2017-07-28T01:51:44.270298175Z	212679.203	17.56	90	0.51
0.0	cassandra-001	2017-07-28T01:51:51.244118974Z	0.0	28.74	90	0.65
172781.103	spark-master	2017-07-28T01:51:53.244482581Z	212976.769	17.56	90	0.69
0.0	cassandra-001	2017-07-28T01:52:00.244566813Z	0.0	28.75	90	8.26
172999.935	spark-master	2017-07-28T01:52:02.244531548Z	213274.627	17.56	90	0.5
0.0	cassandra-001	2017-07-28T01:52:09.270683437Z	0.0	28.75	90	0.63
173382.283	spark-master	2017-07-28T01:52:11.244458589Z	213583.818	17.56	90	0.5
0.0	cassandra-001	2017-07-28T01:52:18.269646466Z	0.0	28.75	90	0.68
173609.471	spark-master	2017-07-28T01:52:20.244433959Z	213884.623	17.56	90	6.62
0.0	cassandra-001	2017-07-28T01:52:27.271518173Z	0.0	28.75	90	0.67
173563.294	spark-master	2017-07-28T01:52:29.271423637Z	214018.859	17.56	90	0.36
0.0	cassandra-001	2017-07-28T01:52:36.266756115Z	0.0	28.75	90	0.68
173784.507	spark-master	2017-07-28T01:52:38.244567576Z	214314.726	17.56	90	0.39
0.0	cassandra-001	2017-07-28T01:52:45.271214177Z	0.0	28.75	90	6.75
174004.872	spark-master	2017-07-28T01:52:47.244551802Z	214610.587	17.56	90	0.36
0.0	cassandra-001	2017-07-28T01:52:54.27145271Z	0.0	28.75	90	0.68
174382.869	spark-master	2017-07-28T01:52:56.244424064Z	214918.071	17.56	90	0.36
0.0	cassandra-001	2017-07-28T01:53:03.271265328Z	0.0	28.75	78	0.64
174575.283	spark-master	2017-07-28T01:53:05.244693907Z	215196.343	17.56	75	6.16
0.0	cassandra-001	2017-07-28T01:53:12.27040354Z	0.0	28.75	62	0.67
174521.664	spark-master	2017-07-28T01:53:14.244464217Z	215299.777	17.56	60	0.4
0.0	cassandra-001	2017-07-28T01:53:21.27085607Z	0.0	28.75	60	0.7
174676.023	spark-master	2017-07-28T01:53:23.24431432Z	215504.429	17.56	60	0.59
0.0	cassandra-001	2017-07-28T01:53:30.270287891Z	0.0	28.75	60	5.19
174828.309	spark-master	2017-07-28T01:53:32.244788657Z	215708.22	17.56	60	0.46
0.0	cassandra-001	2017-07-28T01:53:39.269547205Z	0.0	28.75	60	0.62
175090.97	spark-master	2017-07-28T01:53:41.244621875Z	215922.262	17.56	60	0.45
0.0	cassandra-001	2017-07-28T01:53:48.260381265Z	0.0	28.75	60	0.59
175238.764	spark-master	2017-07-28T01:53:50.244403796Z	216120.805	17.56	60	5.08
0.0	cassandra-001	2017-07-28T01:53:57.269943303Z	0.0	28.75	60	0.9
175209.028	spark-master	2017-07-28T01:53:59.244504132Z	216212.19	17.56	60	0.44
0.0	cassandra-001	2017-07-28T01:54:06.268936191Z	0.0	28.75	60	0.71
175360.458	spark-master	2017-07-28T01:54:08.24411885Z	216413.986	17.57	60	0.47
0.0	cassandra-001	2017-07-28T01:54:15.268000508Z	0.0	28.75	60	5.07
175509.19	spark-master	2017-07-28T01:54:17.244488962Z	216615.689	17.58	60	0.39
0.0	cassandra-001	2017-07-28T01:54:24.270715872Z	0.0	28.75	60	0.72
175771.351	spark-master	2017-07-28T01:54:26.2444903Z	216826.982	17.57	60	0.41
0.0	cassandra-001	2017-07-28T01:54:33.265561119Z	0.0	28.75	60	0.63
175927.379	spark-master	2017-07-28T01:54:35.244415992Z	217030.203	17.58	60	4.95
0.0	cassandra-001	2017-07-28T01:54:42.273534955Z	0.0	28.75	60	0.67
175896.233	spark-master	2017-07-28T01:54:44.244762736Z	217121.804	17.57	60	0.48
0.0	cassandra-001	2017-07-28T01:54:51.244419133Z	0.0	28.75	60	0.73
176046.996	spark-master	2017-07-28T01:54:53.244361858Z	217321.864	17.57	60	0.62
0.0	cassandra-001	2017-07-28T01:55:00.268122654Z	0.0	28.75	60	5.7
176197.613	spark-master	2017-07-28T01:55:02.244771971Z	217521.991	17.57	60	0.51
0.0	cassandra-001	2017-07-28T01:55:09.259008311Z	0.0	28.75	60	0.61
176459.0	spark-master	2017-07-28T01:55:11.270329144Z	217733.825	17.57	60	0.52
0.0	cassandra-001	2017-07-28T01:55:18.263915544Z	0.0	28.75	60	0.67
176610.09	spark-master	2017-07-28T01:55:20.244473594Z	217933.9	17.58	60	6.22
0.0	cassandra-001	2017-07-28T01:55:27.263267311Z	0.0	28.75	60	0.63
176577.667	spark-master	2017-07-28T01:55:29.2441774Z	218027.525	17.57	60	0.4
0.0	cassandra-001	2017-07-28T01:55:36.271437234Z	0.0	28.75	60	0.68
176731.822	spark-master	2017-07-28T01:55:38.244570143Z	218228.593	17.57	60	0.38
0.0	cassandra-001	2017-07-28T01:55:45.260353186Z	0.0	28.75	60	4.43
176883.089	spark-master	2017-07-28T01:55:47.244422753Z	218427.423	17.57	60	0.37
0.0	cassandra-001	2017-07-28T01:55:54.271150616Z	0.0	28.75	60	0.66
177139.8	spark-master	2017-07-28T01:55:56.244483994Z	218636.878	17.57	60	0.3
0.0	cassandra-001	2017-07-28T01:56:03.260595288Z	0.0	28.75	60	0.6
177292.757	spark-master	2017-07-28T01:56:05.244058532Z	218837.017	17.58	60	5.07
0.0	cassandra-001	2017-07-28T01:56:12.24448115Z	0.0	28.75	60	0.61
177257.432	spark-master	2017-07-28T01:56:14.270558718Z	218928.184	17.57	60	0.43
0.0	cassandra-001	2017-07-28T01:56:21.268430489Z	0.0	28.75	60	0.73
177410.54	spark-master	2017-07-28T01:56:23.244376052Z	219129.235	17.57	60	0.61
0.0	cassandra-001	2017-07-28T01:56:30.268806943Z	0.0	28.75	60	6.75
177561.064	spark-master	2017-07-28T01:56:32.244447378Z	219327.692	17.57	60	0.43
0.0	cassandra-001	2017-07-28T01:56:39.270825099Z	0.0	28.75	60	0.65
177821.167	spark-master	2017-07-28T01:56:41.24452116Z	219536.171	17.57	60	0.41
0.0	cassandra-001	2017-07-28T01:56:48.265303381Z	0.0	28.75	60	0.57
177969.073	spark-master	2017-07-28T01:56:50.244478456Z	219738.048	17.57	60	4.74
0.0	cassandra-001	2017-07-28T01:56:57.259345694Z	0.0	28.75	60	0.76
177940.947	spark-master	2017-07-28T01:56:59.271314717Z	219831.61	17.57	60	0.45
0.0	cassandra-001	2017-07-28T01:57:06.271810225Z	0.0	28.75	60	0.67
178093.58	spark-master	2017-07-28T01:57:08.244163731Z	220034.081	17.57	60	0.43
0.0	cassandra-001	2017-07-28T01:57:15.269694147Z	0.0	28.75	60	6.14
178247.39	spark-master	2017-07-28T01:57:17.24472666Z	220234.018	17.57	60	0.39
0.0	cassandra-001	2017-07-28T01:57:24.244728979Z	0.0	28.75	60	0.63
178503.178	spark-master	2017-07-28T01:57:26.244472778Z	220442.347	17.57	60	0.48
0.0	cassandra-001	2017-07-28T01:57:33.262943264Z	0.0	28.75	60	0.67
178654.6	spark-master	2017-07-28T01:57:35.244575931Z	220645.166	17.57	60	6.68
0.0	cassandra-001	2017-07-28T01:57:42.269935144Z	0.0	28.75	60	0.66
178622.499	spark-master	2017-07-28T01:57:44.244520724Z	220737.859	17.57	60	0.49
0.0	cassandra-001	2017-07-28T01:57:51.261027812Z	0.0	28.75	60	0.69
178773.091	spark-master	2017-07-28T01:57:53.244160761Z	220938.052	17.57	60	0.61
0.0	cassandra-001	2017-07-28T01:58:00.244795454Z	0.0	28.76	60	7.77
178927.103	spark-master	2017-07-28T01:58:02.244821216Z	221141.599	17.57	60	0.42
0.0	cassandra-001	2017-07-28T01:58:09.244132711Z	0.0	28.76	60	0.63
179184.616	spark-master	2017-07-28T01:58:11.244324008Z	221352.967	17.57	60	0.45
0.0	cassandra-001	2017-07-28T01:58:18.267035005Z	0.0	28.76	56	0.67
179320.618	spark-master	2017-07-28T01:58:20.244680086Z	221545.978	17.57	55	5.38
0.0	cassandra-001	2017-07-28T01:58:27.244509235Z	0.0	28.76	48	0.61
179284.966	spark-master	2017-07-28T01:58:29.244582885Z	221624.976	17.57	46	0.46
0.0	cassandra-001	2017-07-28T01:58:36.271418073Z	0.0	28.76	39	0.66
179393.911	spark-master	2017-07-28T01:58:38.244473996Z	221774.958	17.57	37	0.39
0.0	cassandra-001	2017-07-28T01:58:45.272947088Z	0.0	28.76	30	3.98
179480.541	spark-master	2017-07-28T01:58:47.244776519Z	221891.216	17.57	30	0.43
0.0	cassandra-001	2017-07-28T01:58:54.275586427Z	0.0	28.76	30	0.68
179609.492	spark-master	2017-07-28T01:58:56.244710108Z	221997.77	17.57	30	0.42
0.0	cassandra-001	2017-07-28T01:59:03.261933275Z	0.0	28.76	30	0.61
179688.124	spark-master	2017-07-28T01:59:05.244401838Z	222101.968	17.57	30	5.44
0.0	cassandra-001	2017-07-28T01:59:12.270262547Z	0.0	28.76	30	0.69
179672.919	spark-master	2017-07-28T01:59:14.24471065Z	222148.889	17.57	30	0.43
0.0	cassandra-001	2017-07-28T01:59:21.272076629Z	0.0	28.76	30	0.69
179750.759	spark-master	2017-07-28T01:59:23.264767045Z	222252.63	17.57	30	0.62
0.0	cassandra-001	2017-07-28T01:59:30.244528628Z	0.0	28.76	30	3.51
179827.031	spark-master	2017-07-28T01:59:32.244829775Z	222354.358	17.57	30	0.44
0.0	cassandra-001	2017-07-28T01:59:39.271878615Z	0.0	28.76	30	0.72
179959.353	spark-master	2017-07-28T01:59:41.244145155Z	222461.322	17.57	30	0.45
0.0	cassandra-001	2017-07-28T01:59:48.261091437Z	0.0	28.76	30	0.64
180033.93	spark-master	2017-07-28T01:59:50.244850931Z	222561.827	17.57	30	5.15
0.0	cassandra-001	2017-07-28T01:59:57.268961387Z	0.0	28.76	30	0.94
180021.997	spark-master	2017-07-28T01:59:59.244413332Z	222609.951	17.57	30	0.47
0.0	cassandra-001	2017-07-28T02:00:06.265961275Z	0.0	28.76	30	0.72
180098.875	spark-master	2017-07-28T02:00:08.244068347Z	222712.237	17.57	30	0.47
0.0	cassandra-001	2017-07-28T02:00:15.244134299Z	0.0	28.76	30	4.26
180176.809	spark-master	2017-07-28T02:00:17.261412815Z	222818.0	17.57	30	0.51
0.0	cassandra-001	2017-07-28T02:00:24.268685523Z	0.0	28.76	30	0.61
180310.079	spark-master	2017-07-28T02:00:26.244644494Z	222925.267	17.57	30	0.47
0.0	cassandra-001	2017-07-28T02:00:33.24411188Z	0.0	28.76	30	0.65
180387.03	spark-master	2017-07-28T02:00:35.244155122Z	223028.374	17.57	30	4.41
0.0	cassandra-001	2017-07-28T02:00:42.24466862Z	0.0	28.76	30	0.63
180372.773	spark-master	2017-07-28T02:00:44.24431544Z	223073.752	17.57	30	0.47
0.0	cassandra-001	2017-07-28T02:00:51.260229502Z	0.0	28.76	30	0.69
180448.879	spark-master	2017-07-28T02:00:53.244661927Z	223175.704	17.57	30	0.59
0.0	cassandra-001	2017-07-28T02:01:00.264204908Z	0.0	28.76	30	3.4
180526.028	spark-master	2017-07-28T02:01:02.244496963Z	223277.116	17.57	30	0.4
0.0	cassandra-001	2017-07-28T02:01:09.25933456Z	0.0	28.76	30	0.64
180657.321	spark-master	2017-07-28T02:01:11.244592115Z	223384.618	17.57	30	0.41
0.0	cassandra-001	2017-07-28T02:01:18.263611236Z	0.0	28.76	30	0.63
180733.745	spark-master	2017-07-28T02:01:20.267590416Z	223486.139	17.57	30	15.93
0.0	cassandra-001	2017-07-28T02:01:27.270373912Z	0.0	28.76	30	0.67
180719.143	spark-master	2017-07-28T02:01:29.266464829Z	223533.552	17.57	30	0.47
0.0	cassandra-001	2017-07-28T02:01:36.27046482Z	0.0	28.76	30	0.61
180796.227	spark-master	2017-07-28T02:01:38.244234132Z	223636.447	17.57	30	0.5
0.0	cassandra-001	2017-07-28T02:01:45.261788107Z	0.0	28.76	30	4.36
180872.635	spark-master	2017-07-28T02:01:47.261356806Z	223738.687	17.57	30	0.47
0.0	cassandra-001	2017-07-28T02:01:54.268418463Z	0.0	28.76	30	0.7
181001.874	spark-master	2017-07-28T02:01:56.24445472Z	223845.744	17.57	30	0.45
0.0	cassandra-001	2017-07-28T02:02:03.269792359Z	0.0	28.76	30	0.66
181078.873	spark-master	2017-07-28T02:02:05.244304328Z	223945.495	17.57	30	4.46
0.0	cassandra-001	2017-07-28T02:02:12.268079201Z	0.0	28.76	30	0.65
181064.872	spark-master	2017-07-28T02:02:14.266526928Z	223989.617	17.57	30	0.44
0.0	cassandra-001	2017-07-28T02:02:21.260304067Z	0.0	28.76	30	0.69
181141.842	spark-master	2017-07-28T02:02:23.24439675Z	224094.07	17.57	30	0.61
0.0	cassandra-001	2017-07-28T02:02:30.27107436Z	0.0	28.76	30	4.56
181217.528	spark-master	2017-07-28T02:02:32.244633366Z	224197.293	17.57	30	0.43
0.0	cassandra-001	2017-07-28T02:02:39.265651387Z	0.0	28.76	30	0.65
181347.291	spark-master	2017-07-28T02:02:41.271048114Z	224302.26	17.57	30	0.48
0.0	cassandra-001	2017-07-28T02:02:48.262449417Z	0.0	28.76	30	0.65
181422.44	spark-master	2017-07-28T02:02:50.244352188Z	224405.645	17.57	30	4.41
0.0	cassandra-001	2017-07-28T02:02:57.26062303Z	0.0	28.76	30	0.81
181408.288	spark-master	2017-07-28T02:02:59.244610159Z	224452.934	17.57	30	0.46
0.0	cassandra-001	2017-07-28T02:03:06.269353182Z	0.0	28.76	30	0.64
181485.479	spark-master	2017-07-28T02:03:08.244591125Z	224554.159	17.57	30	0.43
0.0	cassandra-001	2017-07-28T02:03:15.261209381Z	0.0	28.76	30	3.9
181560.924	spark-master	2017-07-28T02:03:17.244090878Z	224654.329	17.57	30	0.42
0.0	cassandra-001	2017-07-28T02:03:24.272482155Z	0.0	28.76	30	0.7
181691.889	spark-master	2017-07-28T02:03:26.244556136Z	224758.445	17.57	30	0.41
0.0	cassandra-001	2017-07-28T02:03:33.258343784Z	0.0	28.76	30	0.66
181770.599	spark-master	2017-07-28T02:03:35.244149578Z	224861.975	17.57	30	3.75
0.0	cassandra-001	2017-07-28T02:03:42.270422144Z	0.0	28.76	30	0.61
181754.705	spark-master	2017-07-28T02:03:44.244568246Z	224907.916	17.57	30	0.48
0.0	cassandra-001	2017-07-28T02:03:51.270654485Z	0.0	28.76	18	0.74
181825.729	spark-master	2017-07-28T02:03:53.24416281Z	225001.349	17.57	15	0.53
0.0	cassandra-001	2017-07-28T02:04:00.271534208Z	0.0	28.76	1	2.73
181853.531	spark-master	2017-07-28T02:04:02.244662303Z	225040.869	17.57	0	0.43
0.0	cassandra-001	2017-07-28T02:04:09.267967688Z	0.0	28.76	0	0.63
181853.954	spark-master	2017-07-28T02:04:11.244556856Z	225041.748	17.57	0	0.5
0.0	cassandra-001	2017-07-28T02:04:18.261502737Z	0.0	28.76	0	0.59
181855.114	spark-master	2017-07-28T02:04:20.24438965Z	225044.082	17.57	0	2.15
0.0	cassandra-001	2017-07-28T02:04:27.271200999Z	0.0	28.76	0	0.61
181855.694	spark-master	2017-07-28T02:04:29.269207517Z	225045.249	17.57	0	0.48
0.0	cassandra-001	2017-07-28T02:04:36.269182135Z	0.0	28.76	0	0.71
181856.568	spark-master	2017-07-28T02:04:38.244520633Z	225046.823	17.57	0	0.46
0.0	cassandra-001	2017-07-28T02:04:45.267665217Z	0.0	28.76	0	0.67
181857.132	spark-master	2017-07-28T02:04:47.244547101Z	225047.873	17.58	0	0.46
0.0	cassandra-001	2017-07-28T02:04:54.27446078Z	0.0	28.76	0	0.68
181857.696	spark-master	2017-07-28T02:04:56.244683294Z	225048.923	17.58	0	0.47
0.0	cassandra-001	2017-07-28T02:05:03.275539149Z	0.0	28.76	0	0.69
181858.32	spark-master	2017-07-28T02:05:05.244571438Z	225049.913	17.58	0	2.43
0.0	cassandra-001	2017-07-28T02:05:12.244819408Z	0.0	28.76	0	0.67
181858.734	spark-master	2017-07-28T02:05:14.244648115Z	225050.58	17.58	0	0.45
0.0	cassandra-001	2017-07-28T02:05:21.271055195Z	0.0	28.76	0	0.69
181859.232	spark-master	2017-07-28T02:05:23.244537236Z	225051.63	17.58	0	0.67
0.0	cassandra-001	2017-07-28T02:05:30.270175174Z	0.0	28.76	0	1.27
181859.997	spark-master	2017-07-28T02:05:32.244571881Z	225052.791	17.58	0	0.48
0.0	cassandra-001	2017-07-28T02:05:39.268367032Z	0.0	28.76	0	0.66
181860.42	spark-master	2017-07-28T02:05:41.244260192Z	225053.67	17.58	0	0.44
0.0	cassandra-001	2017-07-28T02:05:48.27457896Z	0.0	28.76	0	0.65
181861.026	spark-master	2017-07-28T02:05:50.244724935Z	225054.762	17.58	0	2.74
