sensor_count	memory_rss%	net_receive	net_send	container_cpu%	timestamp	host_cpu	host_moving_avg_cpu	memory_active_anon%	name	memory%
2	37.52	317293.677	39179.319	1.3	2018-08-19T10:04:21.759345816Z	0	nan	37.5	cassandra-001	90.66
7	37.52	4.285	0.328	1.38	2018-08-19T10:04:28.769113758Z	1.3	nan	37.52	cassandra-001	90.66
11	37.52	23.362	61.823	9.34	2018-08-19T10:04:35.77681616Z	1.38	nan	37.52	cassandra-001	90.66
15	37.52	15.164	1.552	1.17	2018-08-19T10:04:42.783436467Z	9.34	nan	37.52	cassandra-001	90.66
18	37.52	18.709	1.934	1.21	2018-08-19T10:04:49.792349731Z	1.17	nan	37.52	cassandra-001	90.66
21	37.52	50.401	65.907	1.34	2018-08-19T10:04:56.800221192Z	1.21	2.4	37.52	cassandra-001	90.67
25	37.52	28.121	2.974	1.19	2018-08-19T10:05:03.809017392Z	1.34	2.62	37.52	cassandra-001	90.67
28	37.53	64.073	7.582	18.36	2018-08-19T10:05:10.81551698Z	1.19	2.6	37.53	cassandra-001	90.67
30	37.53	35.736	3.882	1.24	2018-08-19T10:05:17.822442404Z	18.36	5.43	37.53	cassandra-001	90.67
33	37.54	38.65	3.907	1.17	2018-08-19T10:05:24.830129443Z	1.24	4.08	37.51	cassandra-001	90.68
36	37.56	84.345	8.17	1.14	2018-08-19T10:05:31.836795882Z	1.17	4.08	37.53	cassandra-001	90.7
38	37.56	45.785	5.186	1.17	2018-08-19T10:05:38.845921363Z	1.14	4.07	37.56	cassandra-001	90.7
40	37.56	98.708	11.122	9.81	2018-08-19T10:05:45.85323071Z	1.17	4.04	37.56	cassandra-001	90.7
43	37.56	53.244	6.279	1.36	2018-08-19T10:05:52.860431353Z	9.81	5.48	37.56	cassandra-001	90.7
45	37.56	56.303	6.622	1.41	2018-08-19T10:05:59.866697166Z	1.36	2.65	37.56	cassandra-001	90.7
47	37.56	115.898	13.77	1.34	2018-08-19T10:06:06.873905673Z	1.41	2.68	37.56	cassandra-001	90.7
49	37.57	58.827	6.488	1.19	2018-08-19T10:06:13.880403843Z	1.34	2.7	37.55	cassandra-001	90.72
51	37.57	129.089	15.495	10.11	2018-08-19T10:06:20.888225342Z	1.19	2.71	37.57	cassandra-001	90.72
53	37.63	66.842	7.582	1.26	2018-08-19T10:06:27.899788095Z	10.11	4.2	37.63	cassandra-001	90.78
55	37.64	68.436	7.674	1.14	2018-08-19T10:06:34.906246597Z	1.26	2.78	37.61	cassandra-001	90.79
57	37.64	141.392	15.346	1.14	2018-08-19T10:06:41.9146191Z	1.14	2.74	37.64	cassandra-001	90.79
59	37.64	70.22	8.332	1.18	2018-08-19T10:06:48.921106564Z	1.14	2.7	37.64	cassandra-001	90.79
61	37.64	149.902	16.807	9.5	2018-08-19T10:06:55.927819313Z	1.18	2.67	37.64	cassandra-001	90.79
63	37.64	77.93	8.964	1.28	2018-08-19T10:07:02.934706649Z	9.5	4.06	37.64	cassandra-001	90.79
65	37.64	77.171	8.198	1.27	2018-08-19T10:07:09.956636637Z	1.28	2.58	37.64	cassandra-001	90.79
67	37.74	162.5	16.394	1.27	2018-08-19T10:07:16.96479854Z	1.27	2.59	37.74	cassandra-001	90.89
69	37.74	85.142	8.209	1.2	2018-08-19T10:07:23.971527536Z	1.27	2.61	37.72	cassandra-001	90.89
70	37.74	173.632	18.266	9.22	2018-08-19T10:07:30.980093474Z	1.2	2.62	37.74	cassandra-001	90.89
72	37.74	88.484	8.67	2.79	2018-08-19T10:07:37.986958202Z	9.22	3.96	37.74	cassandra-001	90.89
74	37.74	90.079	10.016	1.13	2018-08-19T10:07:44.99352364Z	2.79	2.84	37.74	cassandra-001	90.89
75	37.74	181.841	19.489	1.18	2018-08-19T10:07:52.001920841Z	1.13	2.81	37.74	cassandra-001	90.89
77	37.74	96.337	10.094	1.32	2018-08-19T10:07:59.0096862Z	1.18	2.8	37.74	cassandra-001	90.89
78	37.79	192.827	19.566	15.07	2018-08-19T10:08:06.019447584Z	1.32	2.81	37.79	cassandra-001	90.94
80	37.79	97.016	9.34	1.17	2018-08-19T10:08:13.026454195Z	15.07	5.12	37.79	cassandra-001	90.94
82	37.79	100.012	9.762	1.16	2018-08-19T10:08:20.034168194Z	1.17	3.78	37.79	cassandra-001	90.94
83	37.79	203.095	17.463	1.18	2018-08-19T10:08:27.040976071Z	1.16	3.51	37.79	cassandra-001	90.94
85	37.79	105.671	11.622	2.01	2018-08-19T10:08:34.048601351Z	1.18	3.51	37.77	cassandra-001	90.95
86	37.79	211.772	21.738	11.01	2018-08-19T10:08:41.058818986Z	2.01	3.65	37.79	cassandra-001	90.95
87	37.79	107.739	8.07	1.25	2018-08-19T10:08:48.066587023Z	11.01	5.27	37.79	cassandra-001	90.95
89	37.79	158.014	16.569	4.96	2018-08-19T10:08:55.072316888Z	1.25	2.96	37.79	cassandra-001	90.95
90	37.79	171.426	18.594	1.24	2018-08-19T10:09:02.081248687Z	4.96	3.6	37.79	cassandra-001	90.95
91	37.79	114.601	11.342	1.24	2018-08-19T10:09:09.087517248Z	1.24	3.61	37.79	cassandra-001	90.95
93	37.79	232.195	25.798	10.78	2018-08-19T10:09:16.093449732Z	1.24	3.62	37.79	cassandra-001	90.96
94	37.81	114.105	13.835	1.26	2018-08-19T10:09:23.101842128Z	10.78	5.08	37.79	cassandra-001	90.97
96	37.81	233.383	21.334	11.37	2018-08-19T10:09:30.114697742Z	1.26	3.45	37.81	cassandra-001	90.98
97	37.81	118.39	11.696	1.33	2018-08-19T10:09:37.121765566Z	11.37	5.14	37.81	cassandra-001	90.97
98	37.81	123.959	14.098	1.19	2018-08-19T10:09:44.130140886Z	1.33	4.54	37.81	cassandra-001	90.98
100	37.81	245.953	23.231	3.15	2018-08-19T10:09:51.136626566Z	1.19	4.53	37.81	cassandra-001	90.98
101	37.81	125.74	12.196	1.27	2018-08-19T10:09:58.144678889Z	3.15	4.85	37.81	cassandra-001	90.98
102	37.81	252.892	24.206	16.62	2018-08-19T10:10:05.153330363Z	1.27	3.26	37.81	cassandra-001	90.98
103	37.81	125.124	12.076	1.24	2018-08-19T10:10:12.161834236Z	16.62	5.82	37.81	cassandra-001	90.98
105	37.81	128.799	11.64	1.37	2018-08-19T10:10:19.169023442Z	1.24	4.13	37.81	cassandra-001	90.98
106	37.81	260.238	25.061	1.32	2018-08-19T10:10:26.175842527Z	1.37	4.14	37.81	cassandra-001	90.98
107	37.81	134.235	13.474	1.18	2018-08-19T10:10:33.184631902Z	1.32	4.16	37.81	cassandra-001	90.98
109	37.81	269.758	27.752	13.05	2018-08-19T10:10:40.191906846Z	1.18	3.83	37.81	cassandra-001	90.98
110	37.81	134.529	15.136	1.19	2018-08-19T10:10:47.199979613Z	13.05	5.8	37.81	cassandra-001	90.98
111	37.81	139.197	14.409	1.27	2018-08-19T10:10:54.208963046Z	1.19	3.22	37.81	cassandra-001	90.98
112	37.81	275.279	25.056	1.14	2018-08-19T10:11:01.217066157Z	1.27	3.23	37.81	cassandra-001	90.99
114	37.81	140.561	12.27	2.54	2018-08-19T10:11:08.226716188Z	1.14	3.19	37.81	cassandra-001	90.98
115	37.81	285.548	27.47	11.25	2018-08-19T10:11:15.234072774Z	2.54	3.39	37.81	cassandra-001	90.99
116	37.81	142.743	13.549	1.1	2018-08-19T10:11:22.24233722Z	11.25	5.07	37.81	cassandra-001	90.99
117	37.81	143.867	12.546	1.23	2018-08-19T10:11:29.25025227Z	1.1	3.08	37.81	cassandra-001	90.98
118	37.81	285.536	33.196	1.15	2018-08-19T10:11:36.25769378Z	1.23	3.09	37.81	cassandra-001	90.99
119	37.81	148.498	14.512	1.21	2018-08-19T10:11:43.267314689Z	1.15	3.07	37.81	cassandra-001	90.99
120	37.81	302.01	30.29	13.65	2018-08-19T10:11:50.274394611Z	1.21	3.08	37.81	cassandra-001	90.99
122	37.81	145.518	11.989	1.22	2018-08-19T10:11:57.281084443Z	13.65	4.93	37.81	cassandra-001	90.99
123	37.81	150.769	11.976	1.23	2018-08-19T10:12:04.289337442Z	1.22	3.26	37.81	cassandra-001	90.99
124	37.81	310.953	31.634	1.16	2018-08-19T10:12:11.29774689Z	1.23	3.28	37.81	cassandra-001	90.99
125	37.81	156.176	14.206	1.12	2018-08-19T10:12:18.308865466Z	1.16	3.27	37.81	cassandra-001	90.99
126	37.81	312.56	29.823	14.93	2018-08-19T10:12:25.315770717Z	1.12	3.26	37.81	cassandra-001	91.0
127	37.81	153.651	16.106	0.83	2018-08-19T10:12:32.322650659Z	14.93	5.55	37.81	cassandra-001	90.99
128	37.81	154.087	19.168	1.24	2018-08-19T10:12:39.330658752Z	0.83	3.41	37.81	cassandra-001	90.99
129	37.81	327.498	36.632	1.1	2018-08-19T10:12:46.340272576Z	1.24	3.42	37.81	cassandra-001	91.0
130	37.81	160.955	15.365	1.24	2018-08-19T10:12:53.351091664Z	1.1	3.4	37.81	cassandra-001	91.0
131	37.81	330.191	32.314	15.11	2018-08-19T10:13:00.358848117Z	1.24	3.41	37.81	cassandra-001	91.0
133	37.81	165.145	14.942	3.04	2018-08-19T10:13:07.373500367Z	15.11	5.74	37.81	cassandra-001	91.0
134	37.81	166.102	14.282	1.24	2018-08-19T10:13:14.382516884Z	3.04	3.76	37.81	cassandra-001	91.0
135	37.81	333.78	28.351	1.15	2018-08-19T10:13:21.388749877Z	1.24	3.83	37.81	cassandra-001	91.0
136	37.81	170.52	17.198	1.13	2018-08-19T10:13:28.395806662Z	1.15	3.81	37.81	cassandra-001	91.0
137	37.81	334.091	29.894	15.06	2018-08-19T10:13:35.403717052Z	1.13	3.82	37.81	cassandra-001	91.0
138	37.81	172.072	14.082	1.13	2018-08-19T10:13:42.411028303Z	15.06	6.12	37.81	cassandra-001	91.01
139	37.81	174.091	16.748	1.26	2018-08-19T10:13:49.418798491Z	1.13	3.79	37.81	cassandra-001	91.0
140	37.81	349.994	32.597	1.17	2018-08-19T10:13:56.425608412Z	1.26	3.49	37.81	cassandra-001	91.01
141	37.81	175.31	17.724	1.11	2018-08-19T10:14:03.434807172Z	1.17	3.48	37.81	cassandra-001	91.01
142	37.81	348.77	30.51	15.85	2018-08-19T10:14:10.442158342Z	1.11	3.48	37.81	cassandra-001	91.01
143	37.81	178.622	15.796	1.24	2018-08-19T10:14:17.452443782Z	15.85	5.93	37.81	cassandra-001	91.01
144	37.81	182.374	18.237	1.22	2018-08-19T10:14:24.459185938Z	1.24	3.63	37.81	cassandra-001	91.01
145	37.81	354.582	29.848	1.12	2018-08-19T10:14:31.465698923Z	1.22	3.64	37.81	cassandra-001	91.01
146	37.81	183.001	17.524	1.27	2018-08-19T10:14:38.474085007Z	1.12	3.62	37.81	cassandra-001	91.01
147	37.81	359.672	28.856	13.5	2018-08-19T10:14:45.483002506Z	1.27	3.63	37.81	cassandra-001	91.02
148	37.81	179.936	15.569	1.17	2018-08-19T10:14:52.489489608Z	13.5	5.7	37.81	cassandra-001	91.02
149	37.81	190.266	19.582	1.26	2018-08-19T10:14:59.498400126Z	1.17	3.25	37.81	cassandra-001	91.02
150	37.81	376.396	40.602	1.58	2018-08-19T10:15:06.506082611Z	1.26	3.26	37.81	cassandra-001	91.02
151	37.81	189.589	19.238	1.09	2018-08-19T10:15:13.512658007Z	1.58	3.32	37.81	cassandra-001	91.02
152	37.81	382.009	38.435	16.72	2018-08-19T10:15:20.519817673Z	1.09	3.31	37.81	cassandra-001	91.02
153	37.81	192.747	17.376	1.21	2018-08-19T10:15:27.530230988Z	16.72	5.89	37.81	cassandra-001	91.02
154	37.81	192.297	18.128	1.22	2018-08-19T10:15:34.538025368Z	1.21	3.84	37.81	cassandra-001	91.02
155	37.81	383.401	38.684	1.1	2018-08-19T10:15:41.544675406Z	1.22	3.85	37.81	cassandra-001	91.02
156	37.81	195.143	20.688	1.14	2018-08-19T10:15:48.552104336Z	1.1	3.82	37.81	cassandra-001	91.02
157	37.81	388.743	40.543	15.29	2018-08-19T10:15:55.56026562Z	1.14	3.75	37.81	cassandra-001	91.02
158	37.81	195.319	17.704	1.19	2018-08-19T10:16:02.567911782Z	15.29	6.11	37.81	cassandra-001	91.02
159	37.81	199.362	17.994	1.27	2018-08-19T10:16:09.575214224Z	1.19	3.52	37.81	cassandra-001	91.02
160	37.81	397.791	36.872	1.24	2018-08-19T10:16:16.58365459Z	1.27	3.53	37.81	cassandra-001	91.03
160	37.81	198.79	15.973	1.15	2018-08-19T10:16:23.592914864Z	1.24	3.54	37.81	cassandra-001	91.03
161	37.81	398.482	34.996	17.25	2018-08-19T10:16:30.602061594Z	1.15	3.55	37.81	cassandra-001	91.03
162	37.81	202.749	18.098	2.88	2018-08-19T10:16:37.6083589Z	17.25	6.23	37.81	cassandra-001	91.03
163	37.81	204.794	18.56	1.25	2018-08-19T10:16:44.615134112Z	2.88	4.16	37.81	cassandra-001	91.03
164	37.81	403.046	34.373	1.15	2018-08-19T10:16:51.621586641Z	1.25	4.17	37.81	cassandra-001	91.03
165	37.81	203.474	18.348	1.21	2018-08-19T10:16:58.630391549Z	1.15	4.15	37.81	cassandra-001	91.03
166	37.8	410.33	35.772	20.11	2018-08-19T10:17:05.638766012Z	1.21	4.15	37.8	cassandra-001	91.03
167	37.8	202.923	14.586	5.54	2018-08-19T10:17:12.647993875Z	20.11	7.31	37.8	cassandra-001	91.04
167	37.81	201.478	20.592	6.13	2018-08-19T10:17:19.657592803Z	5.54	5.36	37.81	cassandra-001	91.06
168	37.8	419.859	48.945	7.95	2018-08-19T10:17:26.664722276Z	6.13	5.9	37.8	cassandra-001	91.07
169	37.79	208.039	20.592	6.17	2018-08-19T10:17:33.672246918Z	7.95	7.01	37.79	cassandra-001	91.08
170	37.79	412.12	45.474	29.58	2018-08-19T10:17:40.680731085Z	6.17	7.85	37.79	cassandra-001	91.11
171	37.56	203.202	17.622	10.0	2018-08-19T10:17:47.689827468Z	29.58	12.58	37.56	cassandra-001	89.73
172	37.56	203.749	18.268	10.38	2018-08-19T10:17:54.696504815Z	10.0	10.89	37.56	cassandra-001	89.49
173	37.54	414.561	40.26	15.83	2018-08-19T10:18:01.703963281Z	10.38	11.7	37.54	cassandra-001	89.52
174	37.54	205.148	18.36	11.43	2018-08-19T10:18:08.710316774Z	15.83	13.32	37.54	cassandra-001	89.55
174	37.54	409.313	38.874	29.91	2018-08-19T10:18:15.717752092Z	11.43	13.9	37.54	cassandra-001	89.61
175	37.54	211.251	25.185	19.13	2018-08-19T10:18:22.725725911Z	29.91	17.85	37.54	cassandra-001	89.66
176	37.56	207.434	24.354	32.29	2018-08-19T10:18:29.732950284Z	19.13	16.11	37.56	cassandra-001	89.74
177	37.54	412.31	41.118	15.13	2018-08-19T10:18:36.740601648Z	32.29	19.83	37.54	cassandra-001	89.79
178	37.54	207.992	21.912	14.67	2018-08-19T10:18:43.747418322Z	15.13	20.62	37.54	cassandra-001	89.86
179	37.54	412.718	43.929	32.59	2018-08-19T10:18:50.756595644Z	14.67	20.43	37.54	cassandra-001	89.92
179	37.54	206.442	22.44	17.82	2018-08-19T10:18:57.763601274Z	32.59	23.95	37.54	cassandra-001	90.0
180	37.55	203.553	19.734	22.75	2018-08-19T10:19:04.779977497Z	17.82	21.94	37.55	cassandra-001	90.1
181	37.57	417.944	50.49	38.95	2018-08-19T10:19:11.787213651Z	22.75	22.54	37.57	cassandra-001	90.2
182	37.53	208.453	24.288	26.42	2018-08-19T10:19:18.795407605Z	38.95	23.65	37.53	cassandra-001	90.25
183	37.53	416.13	39.705	36.69	2018-08-19T10:19:25.802550658Z	26.42	25.53	37.53	cassandra-001	90.34
184	37.53	210.747	23.1	25.12	2018-08-19T10:19:32.809456699Z	36.69	29.2	37.53	cassandra-001	90.44
184	37.53	210.185	24.354	24.56	2018-08-19T10:19:39.816234884Z	25.12	27.96	37.53	cassandra-001	90.54
185	37.53	405.515	34.65	34.68	2018-08-19T10:19:46.822419352Z	24.56	29.08	37.53	cassandra-001	90.65
186	37.6	210.304	22.545	65.53	2018-08-19T10:19:53.829130922Z	34.68	31.07	37.6	cassandra-001	91.11
187	37.54	414.664	44.088	46.41	2018-08-19T10:20:00.835779636Z	65.53	35.5	37.54	cassandra-001	91.72
187	37.54	207.427	20.328	33.76	2018-08-19T10:20:07.845638917Z	46.41	38.83	37.54	cassandra-001	91.83
188	37.54	209.265	23.958	30.72	2018-08-19T10:20:14.856990451Z	33.76	38.34	37.54	cassandra-001	91.96
189	37.62	420.659	47.757	85.86	2018-08-19T10:20:21.865300525Z	30.72	39.28	37.62	cassandra-001	92.16
190	37.51	209.041	23.76	37.43	2018-08-19T10:20:28.873099417Z	85.86	49.49	37.51	cassandra-001	92.18
191	37.51	413.786	40.986	46.16	2018-08-19T10:20:35.879763583Z	37.43	49.95	37.51	cassandra-001	92.32
191	37.51	210.945	23.232	42.39	2018-08-19T10:20:42.88827775Z	46.16	46.72	37.51	cassandra-001	92.45
192	37.52	205.874	17.648	37.7	2018-08-19T10:20:49.895358682Z	42.39	46.05	37.52	cassandra-001	92.32
193	37.71	416.848	39.797	70.7	2018-08-19T10:20:56.906510649Z	37.7	46.71	37.71	cassandra-001	92.34
194	37.49	206.803	20.79	75.99	2018-08-19T10:21:03.913536024Z	70.7	53.37	37.49	cassandra-001	92.53
195	37.51	416.536	44.246	108.07	2018-08-19T10:21:10.919836093Z	75.99	51.73	37.51	cassandra-001	92.39
195	37.47	199.019	17.358	50.74	2018-08-19T10:21:17.925927688Z	108.07	63.5	37.47	cassandra-001	92.5
196	37.47	206.965	20.961	47.38	2018-08-19T10:21:24.932085829Z	50.74	64.26	37.47	cassandra-001	89.18
197	37.47	414.09	40.075	35.38	2018-08-19T10:21:31.939304666Z	47.38	65.1	37.47	cassandra-001	89.35
197	37.46	209.683	21.582	42.33	2018-08-19T10:21:38.948280094Z	35.38	64.71	37.46	cassandra-001	89.51
198	37.46	412.642	40.326	65.27	2018-08-19T10:21:45.956226712Z	42.33	59.98	37.46	cassandra-001	89.68
199	37.46	204.506	20.433	40.38	2018-08-19T10:21:52.962829959Z	65.27	58.2	37.46	cassandra-001	90.62
200	37.46	208.088	20.592	42.02	2018-08-19T10:21:59.969474442Z	40.38	46.91	37.46	cassandra-001	90.79
200	37.45	413.139	44.352	55.7	2018-08-19T10:22:06.976604423Z	42.02	45.46	37.45	cassandra-001	90.97
201	37.45	209.176	22.11	46.37	2018-08-19T10:22:13.98333707Z	55.7	46.85	37.45	cassandra-001	91.16
202	37.45	413.47	39.837	57.49	2018-08-19T10:22:20.99280518Z	46.37	48.68	37.45	cassandra-001	91.35
203	37.45	203.741	17.49	49.4	2018-08-19T10:22:28.000734159Z	57.49	51.21	37.45	cassandra-001	91.55
203	37.57	207.443	19.866	53.42	2018-08-19T10:22:35.006416812Z	49.4	48.56	37.57	cassandra-001	92.31
204	37.47	413.042	39.072	47.48	2018-08-19T10:22:42.013369765Z	53.42	50.73	37.47	cassandra-001	92.41
205	37.46	209.699	23.311	42.82	2018-08-19T10:22:49.023515704Z	47.48	51.64	37.46	cassandra-001	92.32
206	37.46	414.161	37.869	70.72	2018-08-19T10:22:56.029810908Z	42.82	49.5	37.46	cassandra-001	92.54
206	37.46	203.692	16.302	48.92	2018-08-19T10:23:03.036639203Z	70.72	53.56	37.46	cassandra-001	92.47
207	37.46	206.159	19.074	107.67	2018-08-19T10:23:10.043752821Z	48.92	52.13	37.46	cassandra-001	92.29
208	37.46	412.703	39.006	54.2	2018-08-19T10:23:17.051126978Z	107.67	61.84	37.46	cassandra-001	92.33
209	37.46	203.113	19.971	56.75	2018-08-19T10:23:24.057400051Z	54.2	61.97	37.46	cassandra-001	92.28
209	37.46	409.965	34.254	69.2	2018-08-19T10:23:31.064452797Z	56.75	63.51	37.46	cassandra-001	92.51
210	37.46	206.25	21.252	51.11	2018-08-19T10:23:38.071448401Z	69.2	67.91	37.45	cassandra-001	92.46
211	37.46	254.308	26.321	101.37	2018-08-19T10:23:45.079696991Z	51.11	64.64	37.46	cassandra-001	92.25
211	37.46	371.393	36.748	100.31	2018-08-19T10:23:52.087382775Z	101.37	73.38	37.46	cassandra-001	92.54
212	37.46	206.745	19.47	80.58	2018-08-19T10:23:59.094321983Z	100.31	72.16	37.46	cassandra-001	92.39
213	37.45	409.525	34.716	64.76	2018-08-19T10:24:06.100698217Z	80.58	76.55	37.45	cassandra-001	89.75
214	37.45	206.949	18.81	67.32	2018-08-19T10:24:13.108211273Z	64.76	77.89	37.45	cassandra-001	90.67
214	37.45	266.815	21.114	56.7	2018-08-19T10:24:20.114003129Z	67.32	77.58	37.45	cassandra-001	90.94
215	37.45	350.817	35.025	53.81	2018-08-19T10:24:27.124475109Z	56.7	78.51	37.45	cassandra-001	91.19
216	37.45	205.594	19.602	54.6	2018-08-19T10:24:34.133313646Z	53.81	70.58	37.45	cassandra-001	91.45
216	37.45	414.638	44.22	55.96	2018-08-19T10:24:41.139708381Z	54.6	62.96	37.45	cassandra-001	79.65
217	37.45	203.566	18.612	60.42	2018-08-19T10:24:48.146937591Z	55.96	58.86	37.45	cassandra-001	79.91
218	37.45	411.214	42.609	73.11	2018-08-19T10:24:55.155501706Z	60.42	58.14	37.45	cassandra-001	80.19
218	37.45	208.011	20.856	60.29	2018-08-19T10:25:02.164421955Z	73.11	59.1	37.45	cassandra-001	80.47
219	37.45	205.937	17.16	61.51	2018-08-19T10:25:09.172189312Z	60.29	59.7	37.45	cassandra-001	81.62
220	37.45	410.862	40.986	49.82	2018-08-19T10:25:16.179336793Z	61.51	60.98	37.45	cassandra-001	81.91
221	37.45	205.374	17.661	48.89	2018-08-19T10:25:23.18569392Z	49.82	60.19	37.45	cassandra-001	82.2
221	37.45	415.078	41.25	67.18	2018-08-19T10:25:30.191531042Z	48.89	59.01	37.45	cassandra-001	82.48
222	37.45	208.32	20.856	57.03	2018-08-19T10:25:37.197651426Z	67.18	60.13	37.45	cassandra-001	82.78
223	37.44	208.193	22.176	53.52	2018-08-19T10:25:44.204839767Z	57.03	57.45	37.44	cassandra-001	83.07
223	37.44	421.139	46.701	55.99	2018-08-19T10:25:51.213759733Z	53.52	56.33	37.44	cassandra-001	83.36
224	37.45	203.907	21.978	109.33	2018-08-19T10:25:58.219967417Z	55.99	55.41	37.45	cassandra-001	85.89
225	37.45	417.894	41.58	106.56	2018-08-19T10:26:05.231684109Z	109.33	65.32	37.45	cassandra-001	87.61
225	37.45	206.576	19.602	107.95	2018-08-19T10:26:12.237492599Z	106.56	74.94	37.45	cassandra-001	89.31
226	37.45	206.819	19.734	69.23	2018-08-19T10:26:19.243829544Z	107.95	81.73	37.45	cassandra-001	90.88
227	37.45	417.735	44.259	104.0	2018-08-19T10:26:26.251452002Z	69.23	83.76	37.45	cassandra-001	87.35
227	37.45	207.148	20.79	103.91	2018-08-19T10:26:33.258112535Z	104.0	92.18	37.45	cassandra-001	89.38
228	37.45	414.688	40.722	112.61	2018-08-19T10:26:40.265262584Z	103.91	100.16	37.45	cassandra-001	84.62
229	37.45	205.613	20.209	103.93	2018-08-19T10:26:47.275172559Z	112.61	100.71	37.45	cassandra-001	86.68
229	37.45	207.318	22.611	97.92	2018-08-19T10:26:54.281788053Z	103.93	100.27	37.45	cassandra-001	88.62
230	37.44	413.824	40.062	112.54	2018-08-19T10:27:01.288532186Z	97.92	98.6	37.44	cassandra-001	89.53
231	37.45	204.213	16.5	103.26	2018-08-19T10:27:08.295268963Z	112.54	105.82	37.45	cassandra-001	91.67
231	37.45	415.398	41.514	159.12	2018-08-19T10:27:15.303285136Z	103.26	105.7	37.45	cassandra-001	91.56
232	37.45	212.034	25.317	95.46	2018-08-19T10:27:22.310579008Z	159.12	114.9	37.45	cassandra-001	91.75
233	37.45	206.927	18.876	119.03	2018-08-19T10:27:29.316778738Z	95.46	112.04	37.45	cassandra-001	91.84
233	37.45	417.223	44.22	76.45	2018-08-19T10:27:36.322579258Z	119.03	114.56	37.45	cassandra-001	91.8
234	37.45	206.336	19.008	104.93	2018-08-19T10:27:43.328508714Z	76.45	110.98	37.45	cassandra-001	91.92
235	37.45	415.847	42.636	101.68	2018-08-19T10:27:50.337082144Z	104.93	109.71	37.45	cassandra-001	91.97
235	37.45	210.335	24.537	90.08	2018-08-19T10:27:57.342796462Z	101.68	109.44	37.45	cassandra-001	92.03
236	37.45	204.812	17.556	102.79	2018-08-19T10:28:04.350119978Z	90.08	97.94	37.45	cassandra-001	92.09
237	37.46	410.238	38.214	63.43	2018-08-19T10:28:11.35711842Z	102.79	99.16	37.46	cassandra-001	91.78
237	37.45	211.631	24.816	70.14	2018-08-19T10:28:18.364150212Z	63.43	89.89	37.45	cassandra-001	92.09
238	37.44	419.998	46.437	154.79	2018-08-19T10:28:25.373203753Z	70.14	88.84	37.44	cassandra-001	73.17
238	37.45	206.188	24.288	133.51	2018-08-19T10:28:32.379786678Z	154.79	97.15	37.45	cassandra-001	75.22
239	37.44	207.816	19.536	109.22	2018-08-19T10:28:39.386797272Z	133.51	102.46	37.44	cassandra-001	77.33
240	37.45	410.636	42.834	94.25	2018-08-19T10:28:46.393791883Z	109.22	105.65	37.45	cassandra-001	79.45
240	37.45	207.352	24.459	64.98	2018-08-19T10:28:53.402457416Z	94.25	104.22	37.45	cassandra-001	80.91
241	37.45	412.834	41.646	73.98	2018-08-19T10:29:00.409233883Z	64.98	104.48	37.45	cassandra-001	77.68
242	37.45	209.015	24.09	62.39	2018-08-19T10:29:07.415717077Z	73.98	105.12	37.45	cassandra-001	78.05
242	37.45	204.252	19.536	76.84	2018-08-19T10:29:14.422369476Z	62.39	89.72	37.45	cassandra-001	78.46
243	37.45	416.164	43.757	75.69	2018-08-19T10:29:21.429994364Z	76.84	80.28	37.45	cassandra-001	78.85
243	37.45	206.086	19.272	163.19	2018-08-19T10:29:28.436232651Z	75.69	74.69	37.45	cassandra-001	80.07
244	37.45	413.839	41.58	102.49	2018-08-19T10:29:35.445058622Z	163.19	86.18	37.45	cassandra-001	80.77
245	37.44	204.577	17.556	79.07	2018-08-19T10:29:42.452567709Z	102.49	92.43	37.44	cassandra-001	81.17
245	37.45	207.301	20.394	72.16	2018-08-19T10:29:49.45866303Z	79.07	93.28	37.45	cassandra-001	81.58
246	37.45	413.062	36.999	79.78	2018-08-19T10:29:56.466083306Z	72.16	94.91	37.45	cassandra-001	82.0
246	37.45	209.724	22.44	72.63	2018-08-19T10:30:03.472452448Z	79.78	95.4	37.45	cassandra-001	83.5
247	37.45	416.885	41.25	103.49	2018-08-19T10:30:10.481221487Z	72.63	94.89	37.45	cassandra-001	83.92
247	37.45	205.01	19.338	77.25	2018-08-19T10:30:17.490431131Z	103.49	84.94	37.45	cassandra-001	84.35
247	37.45	211.467	24.195	76.86	2018-08-19T10:30:24.499203341Z	77.25	80.73	37.45	cassandra-001	84.76
247	37.45	414.434	46.266	102.23	2018-08-19T10:30:31.508304873Z	76.86	80.36	37.45	cassandra-001	87.09
247	37.45	208.99	23.905	98.87	2018-08-19T10:30:38.51682938Z	102.23	85.37	37.45	cassandra-001	88.92
247	37.45	409.16	37.434	118.21	2018-08-19T10:30:45.524369488Z	98.87	88.55	37.45	cassandra-001	90.74
247	37.44	202.153	15.615	68.57	2018-08-19T10:30:52.532142919Z	118.21	96.15	37.44	cassandra-001	91.9
247	37.45	204.528	19.206	75.04	2018-08-19T10:30:59.540684689Z	68.57	90.33	37.45	cassandra-001	87.93
247	37.45	418.914	43.494	67.1	2018-08-19T10:31:06.547146917Z	75.04	89.96	37.45	cassandra-001	88.35
247	37.45	208.584	22.968	69.19	2018-08-19T10:31:13.553653618Z	67.1	88.34	37.45	cassandra-001	88.78
247	37.45	417.635	44.55	145.44	2018-08-19T10:31:20.560100304Z	69.19	82.83	37.45	cassandra-001	90.24
247	37.45	211.699	24.657	83.81	2018-08-19T10:31:27.569646968Z	145.44	90.59	37.45	cassandra-001	90.65
