container_cpu%	sensor_count	host_moving_avg_cpu	memory%	memory_active_anon%	host_cpu	memory_rss%	timestamp	net_receive	name	net_send
1.24	3	nan	90.13	37.64	0	37.64	2018-08-07T17:27:24.531931997Z	277091.121	cassandra-001	30250.997
4.06	8	nan	90.14	37.64	1.24	37.64	2018-08-07T17:27:31.542579716Z	6.425	cassandra-001	0.644
8.11	14	nan	90.16	37.64	4.06	37.64	2018-08-07T17:27:38.551414892Z	8.94	cassandra-001	1.132
13.41	18	nan	90.19	37.64	8.11	37.64	2018-08-07T17:27:45.559793353Z	26.055	cassandra-001	2.618
13.08	23	nan	90.22	37.64	13.41	37.64	2018-08-07T17:27:52.570884376Z	17.579	cassandra-001	2.251
23.33	27	6.65	90.26	37.64	13.08	37.64	2018-08-07T17:27:59.579567533Z	19.516	cassandra-001	2.0
19.49	31	10.54	90.32	37.64	23.33	37.64	2018-08-07T17:28:06.58997983Z	46.668	cassandra-001	4.882
22.03	34	13.58	90.37	37.64	19.49	37.64	2018-08-07T17:28:13.598825974Z	27.4	cassandra-001	3.344
28.93	38	16.58	90.43	37.64	22.03	37.64	2018-08-07T17:28:20.607883976Z	59.211	cassandra-001	6.685
19.31	41	20.04	90.5	37.64	28.93	37.64	2018-08-07T17:28:27.615054416Z	33.03	cassandra-001	3.276
25.84	44	21.03	90.57	37.64	19.31	37.64	2018-08-07T17:28:34.623457122Z	35.536	cassandra-001	3.896
30.31	47	23.15	90.65	37.64	25.84	37.64	2018-08-07T17:28:41.62976203Z	76.337	cassandra-001	8.08
27.37	50	24.32	90.73	37.64	30.31	37.64	2018-08-07T17:28:48.637795694Z	40.659	cassandra-001	3.933
34.02	53	25.63	90.82	37.64	27.37	37.64	2018-08-07T17:28:55.645155011Z	86.167	cassandra-001	9.278
24.92	56	27.63	90.92	37.64	34.02	37.64	2018-08-07T17:29:02.653688314Z	45.928	cassandra-001	4.658
32.21	58	26.96	91.1	37.64	24.92	37.64	2018-08-07T17:29:09.660063344Z	48.71	cassandra-001	6.268
28.4	61	29.11	91.94	37.65	32.21	37.65	2018-08-07T17:29:16.668710174Z	99.45	cassandra-001	10.593
38.83	64	29.54	92.04	37.65	28.4	37.65	2018-08-07T17:29:23.679541864Z	52.998	cassandra-001	5.844
42.09	66	30.96	92.15	37.65	38.83	37.65	2018-08-07T17:29:30.688795564Z	108.189	cassandra-001	9.456
37.88	68	33.41	92.26	37.65	42.09	37.65	2018-08-07T17:29:37.695286676Z	56.809	cassandra-001	7.07
34.24	71	34.06	92.38	37.65	37.88	37.65	2018-08-07T17:29:44.703981149Z	58.287	cassandra-001	6.938
40.33	73	35.61	92.5	37.65	34.24	37.65	2018-08-07T17:29:51.711500603Z	120.17	cassandra-001	12.461
34.37	75	36.96	92.63	37.65	40.33	37.65	2018-08-07T17:29:58.719714858Z	63.682	cassandra-001	7.504
46.7	77	37.96	92.45	37.65	34.37	37.65	2018-08-07T17:30:05.727835989Z	127.958	cassandra-001	14.492
33.46	80	39.27	92.57	37.64	46.7	37.64	2018-08-07T17:30:12.735308327Z	66.248	cassandra-001	6.988
50.47	82	37.83	92.71	37.63	33.46	37.63	2018-08-07T17:30:19.74333851Z	69.899	cassandra-001	9.297
37.33	84	39.93	92.54	37.64	50.47	37.64	2018-08-07T17:30:26.751041004Z	138.378	cassandra-001	13.854
40.53	86	40.44	92.68	37.64	37.33	37.64	2018-08-07T17:30:33.763487519Z	69.178	cassandra-001	6.102
42.48	88	40.48	92.52	37.64	40.53	37.64	2018-08-07T17:30:40.770814408Z	145.18	cassandra-001	14.658
45.7	90	41.83	92.66	37.63	42.48	37.63	2018-08-07T17:30:47.780696509Z	75.683	cassandra-001	8.661
93.9	92	41.66	92.57	37.64	45.7	37.64	2018-08-07T17:30:54.789253396Z	76.711	cassandra-001	8.648
94.7	94	51.74	92.57	37.64	93.9	37.64	2018-08-07T17:31:01.796077841Z	156.5	cassandra-001	16.186
78.24	96	59.11	92.59	37.65	94.7	37.65	2018-08-07T17:31:08.807516426Z	78.826	cassandra-001	6.878
59.44	98	65.92	92.47	37.65	78.24	37.65	2018-08-07T17:31:15.81729427Z	161.498	cassandra-001	16.514
44.14	99	69.08	87.82	37.65	59.44	37.65	2018-08-07T17:31:22.826073017Z	81.803	cassandra-001	9.081
56.13	101	69.35	87.99	37.65	44.14	37.65	2018-08-07T17:31:29.834671356Z	83.012	cassandra-001	9.266
49.3	103	71.09	88.16	37.64	56.13	37.64	2018-08-07T17:31:36.845606886Z	173.141	cassandra-001	18.94
48.6	105	63.66	88.33	37.65	49.3	37.65	2018-08-07T17:31:43.854902835Z	88.096	cassandra-001	9.806
47.18	106	55.98	88.51	37.65	48.6	37.65	2018-08-07T17:31:50.863081795Z	175.939	cassandra-001	15.941
54.85	108	50.8	88.69	37.64	47.18	37.64	2018-08-07T17:31:57.875877099Z	89.355	cassandra-001	8.274
107.83	110	50.03	89.67	37.64	54.85	37.64	2018-08-07T17:32:04.884405061Z	90.841	cassandra-001	9.224
57.61	111	60.65	90.24	37.65	107.83	37.65	2018-08-07T17:32:11.892890608Z	188.556	cassandra-001	23.186
41.0	111	60.9	90.43	37.65	57.61	37.65	2018-08-07T17:32:18.90243912Z	93.861	cassandra-001	11.335
71.88	111	59.51	90.62	37.65	41.0	37.65	2018-08-07T17:32:25.912730436Z	187.446	cassandra-001	20.282
57.83	111	63.39	90.81	37.65	71.88	37.65	2018-08-07T17:32:32.925007177Z	94.578	cassandra-001	11.626
42.79	111	65.17	91.0	37.65	57.83	37.65	2018-08-07T17:32:39.940500841Z	92.477	cassandra-001	8.326
53.3	113	63.16	91.19	37.65	42.79	37.65	2018-08-07T17:32:46.951823692Z	188.525	cassandra-001	22.195
47.71	114	54.07	91.38	37.64	53.3	37.64	2018-08-07T17:32:53.959807345Z	92.602	cassandra-001	11.414
49.04	116	52.42	91.58	37.64	47.71	37.64	2018-08-07T17:33:00.968110696Z	196.631	cassandra-001	22.708
53.03	117	53.76	91.77	37.64	49.04	37.64	2018-08-07T17:33:07.97425356Z	99.246	cassandra-001	11.598
41.49	119	50.62	92.5	37.64	53.03	37.64	2018-08-07T17:33:14.98185569Z	98.209	cassandra-001	9.842
40.38	120	47.89	92.7	37.65	41.49	37.65	2018-08-07T17:33:21.991915495Z	201.271	cassandra-001	19.313
43.79	122	47.49	92.59	37.65	40.38	37.65	2018-08-07T17:33:29.001284687Z	102.238	cassandra-001	10.184
70.85	124	45.91	92.49	37.64	43.79	37.64	2018-08-07T17:33:36.010833415Z	206.586	cassandra-001	22.836
45.95	125	49.76	92.71	37.64	70.85	37.64	2018-08-07T17:33:43.018208154Z	105.531	cassandra-001	12.48
48.03	127	49.25	92.61	37.65	45.95	37.65	2018-08-07T17:33:50.025152392Z	105.978	cassandra-001	11.793
54.88	128	48.42	92.51	37.64	48.03	37.64	2018-08-07T17:33:57.034180711Z	212.451	cassandra-001	20.814
55.59	130	50.65	92.74	37.65	54.88	37.65	2018-08-07T17:34:04.043395288Z	109.961	cassandra-001	12.532
60.46	131	53.18	92.44	37.65	55.59	37.65	2018-08-07T17:34:11.051599396Z	218.241	cassandra-001	23.954
62.32	132	55.96	92.66	37.65	60.46	37.65	2018-08-07T17:34:18.058641303Z	110.674	cassandra-001	11.633
52.86	134	54.54	92.58	37.64	62.32	37.64	2018-08-07T17:34:25.065178881Z	203.64	cassandra-001	24.344
56.68	135	55.69	92.5	37.64	52.86	37.64	2018-08-07T17:34:32.073366973Z	137.537	cassandra-001	15.452
44.6	136	57.13	92.73	37.64	56.68	37.64	2018-08-07T17:34:39.082036265Z	114.244	cassandra-001	10.682
61.66	138	55.42	92.66	37.65	44.6	37.65	2018-08-07T17:34:46.089229468Z	231.162	cassandra-001	23.462
60.44	139	56.43	92.58	37.64	61.66	37.64	2018-08-07T17:34:53.095989693Z	115.314	cassandra-001	9.387
126.79	140	56.43	92.38	37.65	60.44	37.65	2018-08-07T17:35:00.103466972Z	238.288	cassandra-001	26.932
97.78	141	67.17	92.74	37.69	126.79	37.69	2018-08-07T17:35:07.109991151Z	118.221	cassandra-001	12.542
109.26	141	74.66	92.56	37.71	97.78	37.71	2018-08-07T17:35:14.119501008Z	117.126	cassandra-001	10.76
106.65	141	83.42	92.67	37.71	109.26	37.71	2018-08-07T17:35:21.1254293Z	230.995	cassandra-001	18.061
81.36	141	93.76	88.96	37.71	106.65	37.71	2018-08-07T17:35:28.132131016Z	118.285	cassandra-001	14.258
93.13	141	97.05	90.94	37.71	81.36	37.71	2018-08-07T17:35:35.141116345Z	234.117	cassandra-001	25.704
117.83	142	102.5	92.57	37.66	93.13	37.66	2018-08-07T17:35:42.149080902Z	117.793	cassandra-001	11.578
169.43	144	101.0	92.73	37.66	117.83	37.66	2018-08-07T17:35:49.157267806Z	120.372	cassandra-001	12.171
73.08	144	112.94	92.59	37.66	169.43	37.66	2018-08-07T17:35:56.167102583Z	242.613	cassandra-001	26.112
96.95	144	106.91	92.74	37.65	73.08	37.65	2018-08-07T17:36:03.1754008Z	121.287	cassandra-001	13.254
93.73	144	105.3	92.47	37.65	96.95	37.65	2018-08-07T17:36:10.184550339Z	238.971	cassandra-001	21.492
98.38	144	107.36	92.6	37.65	93.73	37.65	2018-08-07T17:36:17.194635326Z	119.703	cassandra-001	12.765
98.57	144	108.23	92.61	37.67	98.38	37.67	2018-08-07T17:36:24.201439717Z	120.902	cassandra-001	13.32
98.19	144	105.02	92.57	37.65	98.57	37.65	2018-08-07T17:36:31.208387615Z	238.908	cassandra-001	26.112
100.86	144	93.15	92.7	37.68	98.19	37.68	2018-08-07T17:36:38.220736668Z	120.906	cassandra-001	13.32
