container_cpu%	sensor_count	host_moving_avg_cpu	memory%	memory_active_anon%	host_cpu	memory_rss%	timestamp	net_receive	name	net_send
10.0	3	nan	59.45	37.68	0	37.68	2018-08-07T17:56:02.08561926Z	296955.272	cassandra-001	32374.114
13.39	9	nan	59.46	37.68	10.0	37.68	2018-08-07T17:56:09.094618759Z	4.007	cassandra-001	0.764
10.97	15	nan	59.48	37.68	13.39	37.68	2018-08-07T17:56:16.101051687Z	20.19	cassandra-001	2.752
13.73	19	nan	59.51	37.68	10.97	37.68	2018-08-07T17:56:23.107465141Z	15.024	cassandra-001	2.265
23.11	24	nan	59.55	37.69	13.73	37.69	2018-08-07T17:56:30.113598651Z	37.826	cassandra-001	4.872
14.45	28	11.87	59.58	37.68	23.11	37.68	2018-08-07T17:56:37.122222276Z	23.046	cassandra-001	2.712
14.29	32	14.28	59.63	37.68	14.45	37.68	2018-08-07T17:56:44.12949649Z	25.955	cassandra-001	3.556
16.45	35	14.99	59.69	37.68	14.29	37.68	2018-08-07T17:56:51.139116541Z	58.507	cassandra-001	7.703
20.72	39	15.5	59.76	37.68	16.45	37.68	2018-08-07T17:56:58.147685926Z	32.411	cassandra-001	4.108
32.89	42	17.12	59.83	37.68	20.72	37.68	2018-08-07T17:57:05.155235674Z	68.724	cassandra-001	8.096
27.16	45	20.32	59.9	37.68	32.89	37.68	2018-08-07T17:57:12.172604014Z	36.357	cassandra-001	3.024
29.38	48	20.99	59.98	37.68	27.16	37.68	2018-08-07T17:57:19.180637923Z	39.94	cassandra-001	5.267
35.28	51	23.48	60.07	37.68	29.38	37.68	2018-08-07T17:57:26.187678085Z	83.493	cassandra-001	8.646
31.85	53	26.98	60.15	37.68	35.28	37.68	2018-08-07T17:57:33.196583536Z	42.949	cassandra-001	4.276
29.7	56	29.55	60.25	37.68	31.85	37.68	2018-08-07T17:57:40.205359646Z	92.561	cassandra-001	10.042
31.59	59	31.04	60.35	37.68	29.7	37.68	2018-08-07T17:57:47.21197844Z	48.534	cassandra-001	4.776
32.44	61	30.83	60.45	37.68	31.59	37.68	2018-08-07T17:57:54.220557845Z	49.702	cassandra-001	4.181
93.57	64	31.71	61.45	37.69	32.44	37.69	2018-08-07T17:58:01.228123412Z	104.103	cassandra-001	9.668
67.64	66	42.41	64.13	37.68	93.57	37.68	2018-08-07T17:58:08.235485105Z	52.821	cassandra-001	4.444
88.2	69	47.8	66.6	37.67	67.64	37.67	2018-08-07T17:58:15.24363287Z	112.769	cassandra-001	10.616
38.61	71	57.19	64.23	37.67	88.2	37.67	2018-08-07T17:58:22.250877517Z	58.962	cassandra-001	5.709
26.0	73	58.68	64.35	37.67	38.61	37.67	2018-08-07T17:58:29.263921949Z	61.344	cassandra-001	7.914
33.67	76	57.74	64.48	37.67	26.0	37.67	2018-08-07T17:58:36.273024164Z	122.599	cassandra-001	11.47
38.0	78	57.95	64.61	37.68	33.67	37.68	2018-08-07T17:58:43.282667222Z	64.617	cassandra-001	6.236
35.51	80	48.69	64.75	37.68	38.0	37.68	2018-08-07T17:58:50.289037952Z	132.449	cassandra-001	11.599
40.76	82	43.33	64.89	37.68	35.51	37.68	2018-08-07T17:58:57.298063265Z	69.075	cassandra-001	7.7
43.27	84	35.43	65.02	37.66	40.76	37.66	2018-08-07T17:59:04.306446757Z	70.767	cassandra-001	7.726
38.02	86	36.2	65.16	37.66	43.27	37.66	2018-08-07T17:59:11.314128775Z	143.443	cassandra-001	14.804
45.03	89	38.21	66.19	37.67	38.02	37.67	2018-08-07T17:59:18.321489447Z	74.18	cassandra-001	7.777
54.25	91	40.1	66.34	37.67	45.03	37.67	2018-08-07T17:59:25.331025901Z	152.46	cassandra-001	18.722
47.46	93	42.81	66.5	37.67	54.25	37.67	2018-08-07T17:59:32.336733403Z	77.672	cassandra-001	7.42
45.16	95	44.8	66.66	37.67	47.46	37.67	2018-08-07T17:59:39.344444408Z	78.789	cassandra-001	7.644
40.4	96	45.53	66.82	37.67	45.16	37.67	2018-08-07T17:59:46.351421194Z	157.09	cassandra-001	16.0
48.41	98	45.05	66.98	37.67	40.4	37.67	2018-08-07T17:59:53.360955287Z	82.902	cassandra-001	8.949
51.58	100	46.79	67.16	37.67	48.41	37.67	2018-08-07T18:00:00.370255932Z	168.121	cassandra-001	18.572
43.43	102	47.88	67.33	37.67	51.58	37.67	2018-08-07T18:00:07.379798445Z	85.847	cassandra-001	9.568
50.0	104	46.07	68.36	37.67	43.43	37.67	2018-08-07T18:00:14.388006758Z	85.895	cassandra-001	8.592
51.73	105	46.5	68.54	37.67	50.0	37.67	2018-08-07T18:00:21.398064548Z	173.748	cassandra-001	18.199
38.49	107	47.59	68.72	37.67	51.73	37.67	2018-08-07T18:00:28.405916085Z	88.839	cassandra-001	8.208
56.9	109	47.27	68.91	37.67	38.49	37.67	2018-08-07T18:00:35.413512328Z	179.751	cassandra-001	16.376
51.92	111	48.69	69.09	37.67	56.9	37.67	2018-08-07T18:00:42.423005518Z	92.132	cassandra-001	9.514
55.99	112	48.75	69.29	37.67	51.92	37.67	2018-08-07T18:00:49.429679904Z	91.038	cassandra-001	7.599
44.79	114	50.84	69.47	37.67	55.99	37.67	2018-08-07T18:00:56.436637648Z	186.627	cassandra-001	16.162
50.7	116	49.97	70.52	37.68	44.79	37.68	2018-08-07T18:01:03.445412801Z	94.154	cassandra-001	7.744
57.14	117	49.8	70.72	37.68	50.7	37.68	2018-08-07T18:01:10.454282806Z	196.626	cassandra-001	19.592
55.96	119	52.91	70.92	37.68	57.14	37.68	2018-08-07T18:01:17.463657321Z	98.189	cassandra-001	11.452
55.8	120	52.75	71.13	37.68	55.96	37.68	2018-08-07T18:01:24.473826438Z	102.311	cassandra-001	13.075
47.8	122	53.4	71.33	37.68	55.8	37.68	2018-08-07T18:01:31.483344864Z	205.948	cassandra-001	21.134
47.76	124	52.03	71.54	37.68	47.8	37.68	2018-08-07T18:01:38.495341837Z	103.918	cassandra-001	11.174
91.82	125	52.53	72.72	37.68	47.76	37.68	2018-08-07T18:01:45.50226969Z	210.185	cassandra-001	21.7
96.79	127	59.38	74.43	37.67	91.82	37.67	2018-08-07T18:01:52.511375931Z	104.401	cassandra-001	8.651
98.08	128	65.99	76.06	37.67	96.79	37.67	2018-08-07T18:01:59.520404248Z	106.223	cassandra-001	9.364
48.95	130	73.01	73.22	37.66	98.08	37.66	2018-08-07T18:02:06.528411589Z	214.861	cassandra-001	19.348
55.39	131	71.87	73.44	37.66	48.95	37.66	2018-08-07T18:02:13.537571193Z	108.262	cassandra-001	8.03
79.46	133	73.13	73.66	37.66	55.39	37.66	2018-08-07T18:02:20.549283942Z	219.263	cassandra-001	21.735
64.55	134	78.42	74.72	37.68	79.46	37.68	2018-08-07T18:02:27.561076448Z	111.605	cassandra-001	10.854
63.69	135	73.87	74.95	37.67	64.55	37.67	2018-08-07T18:02:34.568356723Z	114.383	cassandra-001	13.032
52.73	137	68.35	75.18	37.67	63.69	37.67	2018-08-07T18:02:41.57815003Z	226.498	cassandra-001	22.71
49.79	138	60.8	75.41	37.67	52.73	37.67	2018-08-07T18:02:48.587154693Z	117.024	cassandra-001	13.915
69.1	140	60.94	75.66	37.68	49.79	37.68	2018-08-07T18:02:55.5947551Z	234.039	cassandra-001	23.54
106.62	141	63.22	76.71	37.68	69.1	37.68	2018-08-07T18:03:02.602895649Z	116.979	cassandra-001	11.222
60.22	142	67.75	76.94	37.67	106.62	37.67	2018-08-07T18:03:09.611098676Z	120.355	cassandra-001	14.152
78.44	144	67.03	77.18	37.67	60.22	37.67	2018-08-07T18:03:16.618768089Z	237.818	cassandra-001	25.518
53.89	145	69.48	77.44	37.67	78.44	37.67	2018-08-07T18:03:23.628195646Z	123.438	cassandra-001	14.771
73.53	146	69.68	77.68	37.67	53.89	37.67	2018-08-07T18:03:30.637123366Z	247.535	cassandra-001	27.404
75.12	147	73.63	78.72	37.68	73.53	37.68	2018-08-07T18:03:37.644289584Z	124.024	cassandra-001	14.56
54.81	149	74.64	78.98	37.68	75.12	37.68	2018-08-07T18:03:44.65025562Z	126.531	cassandra-001	13.728
66.5	150	66.0	79.23	37.67	54.81	37.67	2018-08-07T18:03:51.65846889Z	249.353	cassandra-001	23.323
82.73	151	67.05	79.49	37.67	66.5	37.67	2018-08-07T18:03:58.667446155Z	125.112	cassandra-001	10.546
75.43	152	67.76	79.75	37.68	82.73	37.68	2018-08-07T18:04:05.680119136Z	256.494	cassandra-001	26.49
106.32	154	71.35	81.45	37.68	75.43	37.68	2018-08-07T18:04:12.688627753Z	129.225	cassandra-001	12.182
121.07	155	76.82	83.11	37.68	106.32	37.68	2018-08-07T18:04:19.698215012Z	129.203	cassandra-001	12.287
71.12	156	84.48	84.51	37.68	121.07	37.68	2018-08-07T18:04:26.706916555Z	264.261	cassandra-001	30.026
106.0	156	87.2	83.42	37.68	71.12	37.68	2018-08-07T18:04:33.716714182Z	131.842	cassandra-001	15.904
163.64	156	93.78	86.2	37.68	106.0	37.68	2018-08-07T18:04:40.724441156Z	258.71	cassandra-001	26.132
122.43	156	107.26	88.22	37.68	163.64	37.68	2018-08-07T18:04:47.732624273Z	127.577	cassandra-001	10.888
92.23	156	115.1	90.22	37.67	122.43	37.67	2018-08-07T18:04:54.740485833Z	131.797	cassandra-001	14.293
115.58	156	112.75	91.89	37.66	92.23	37.66	2018-08-07T18:05:01.751408592Z	259.294	cassandra-001	25.406
96.06	156	111.83	92.59	37.66	115.58	37.66	2018-08-07T18:05:08.759430742Z	130.666	cassandra-001	12.604
112.97	156	115.99	92.56	37.67	96.06	37.67	2018-08-07T18:05:15.765651129Z	264.355	cassandra-001	29.168
