----------------------------------------------------------------
container_cpu%	sensor_count	host_moving_avg_cpu	memory%	memory_active_anon%	host_cpu	memory_rss%	timestamp	net_receive	name	net_send
61.06	3	nan	92.83	37.8	0	37.8	2018-08-07T18:42:18.748317605Z	343877.241	cassandra-001	37308.754
46.66	10	nan	92.71	37.8	61.06	37.8	2018-08-07T18:42:25.757743567Z	9.908	cassandra-001	1.421
53.68	15	nan	92.79	37.79	46.66	37.79	2018-08-07T18:42:32.766936687Z	10.06	cassandra-001	1.158
70.84	20	nan	92.7	37.8	53.68	37.8	2018-08-07T18:42:39.777894109Z	13.616	cassandra-001	1.698
61.79	24	nan	92.57	37.8	70.84	37.8	2018-08-07T18:42:46.78744872Z	37.254	cassandra-001	4.872
72.51	28	49.0	92.9	37.8	61.79	37.8	2018-08-07T18:42:53.795248342Z	23.133	cassandra-001	3.411
53.15	32	61.09	92.85	37.79	72.51	37.79	2018-08-07T18:43:00.80445464Z	50.952	cassandra-001	7.428
76.54	35	59.77	92.7	37.8	53.15	37.8	2018-08-07T18:43:07.812983945Z	28.28	cassandra-001	2.644
46.48	39	64.75	92.58	37.8	76.54	37.8	2018-08-07T18:43:14.82012637Z	30.172	cassandra-001	2.63
24.05	42	63.55	60.14	37.79	46.48	37.79	2018-08-07T18:43:21.829124528Z	68.171	cassandra-001	8.505
70.0	45	55.75	62.68	37.79	24.05	37.79	2018-08-07T18:43:28.839005519Z	36.462	cassandra-001	4.542
78.6	48	57.12	65.13	37.8	70.0	37.8	2018-08-07T18:43:35.848333984Z	78.329	cassandra-001	8.964
40.43	51	58.14	63.44	37.8	78.6	37.8	2018-08-07T18:43:42.856652584Z	41.569	cassandra-001	4.646
30.19	54	56.02	63.53	37.8	40.43	37.8	2018-08-07T18:43:49.866088485Z	43.001	cassandra-001	4.117
37.51	56	48.29	63.63	37.8	30.19	37.8	2018-08-07T18:43:56.875190069Z	93.704	cassandra-001	11.428
28.0	59	46.8	63.72	37.8	37.51	37.8	2018-08-07T18:44:03.883766299Z	48.441	cassandra-001	5.37
36.01	62	47.45	63.83	37.8	28.0	37.8	2018-08-07T18:44:10.897278827Z	101.155	cassandra-001	10.844
33.97	64	41.79	63.94	37.8	36.01	37.8	2018-08-07T18:44:17.904817426Z	53.467	cassandra-001	6.002
32.74	67	34.35	64.03	37.79	33.97	37.79	2018-08-07T18:44:24.911369978Z	54.228	cassandra-001	6.265
28.87	69	33.07	64.14	37.78	32.74	37.78	2018-08-07T18:44:31.919712889Z	113.892	cassandra-001	10.88
34.25	72	32.85	64.27	37.78	28.87	37.78	2018-08-07T18:44:38.928518221Z	59.427	cassandra-001	6.924
39.44	74	32.31	64.39	37.78	34.25	37.78	2018-08-07T18:44:45.936329719Z	122.363	cassandra-001	11.854
34.05	76	34.21	65.33	37.78	39.44	37.78	2018-08-07T18:44:52.956008414Z	64.043	cassandra-001	7.503
45.81	79	33.89	65.46	37.79	34.05	37.79	2018-08-07T18:44:59.965322716Z	60.638	cassandra-001	7.424
40.46	81	35.86	65.6	37.79	45.81	37.79	2018-08-07T18:45:06.976606147Z	134.396	cassandra-001	15.322
43.12	83	37.15	65.74	37.79	40.46	37.79	2018-08-07T18:45:13.988774567Z	67.018	cassandra-001	5.126
46.7	85	39.52	65.89	37.79	43.12	37.79	2018-08-07T18:45:20.997037225Z	138.881	cassandra-001	10.567
33.28	87	41.6	66.03	37.79	46.7	37.79	2018-08-07T18:45:28.005328108Z	71.917	cassandra-001	6.722
36.17	89	40.57	66.18	37.78	33.28	37.78	2018-08-07T18:45:35.017390601Z	74.051	cassandra-001	8.53
42.82	91	40.92	66.34	37.79	36.17	37.79	2018-08-07T18:45:42.026936492Z	150.201	cassandra-001	14.432
51.11	93	40.42	66.49	37.79	42.82	37.79	2018-08-07T18:45:49.033697915Z	77.634	cassandra-001	7.75
49.15	95	42.2	67.44	37.78	51.11	37.78	2018-08-07T18:45:56.042775334Z	157.19	cassandra-001	14.957
38.11	97	43.2	67.6	37.78	49.15	37.78	2018-08-07T18:46:03.051764951Z	78.986	cassandra-001	7.274
62.21	99	41.77	67.77	37.78	38.11	37.78	2018-08-07T18:46:10.064064918Z	120.106	cassandra-001	13.321
48.38	100	46.59	67.94	37.78	62.21	37.78	2018-08-07T18:46:17.074165709Z	128.501	cassandra-001	12.049
61.18	102	48.63	68.12	37.78	48.38	37.78	2018-08-07T18:46:24.08123915Z	85.169	cassandra-001	7.615
53.07	104	51.69	68.29	37.78	61.18	37.78	2018-08-07T18:46:31.089296909Z	173.038	cassandra-001	16.616
49.55	106	52.02	68.47	37.78	53.07	37.78	2018-08-07T18:46:38.097590167Z	86.827	cassandra-001	8.816
52.67	108	52.08	69.43	37.79	49.55	37.79	2018-08-07T18:46:45.104277387Z	179.673	cassandra-001	21.63
48.44	109	54.51	69.61	37.79	52.67	37.79	2018-08-07T18:46:52.11320664Z	91.96	cassandra-001	10.583
51.3	111	52.22	69.8	37.79	48.44	37.79	2018-08-07T18:46:59.121841477Z	92.291	cassandra-001	9.514
48.82	112	52.7	70.0	37.79	51.3	37.79	2018-08-07T18:47:06.132211974Z	190.019	cassandra-001	22.486
53.25	114	50.64	70.19	37.79	48.82	37.79	2018-08-07T18:47:13.141227338Z	94.885	cassandra-001	9.368
58.53	115	50.67	70.38	37.79	53.25	37.79	2018-08-07T18:47:20.149097694Z	191.387	cassandra-001	16.213
91.46	117	52.17	72.19	37.79	58.53	37.79	2018-08-07T18:47:27.159716471Z	97.029	cassandra-001	8.232
109.33	118	58.63	73.81	37.79	91.46	37.79	2018-08-07T18:47:34.16636875Z	100.008	cassandra-001	11.69
60.95	120	68.78	71.74	37.78	109.33	37.78	2018-08-07T18:47:41.176240657Z	200.649	cassandra-001	21.32
51.69	120	70.39	71.94	37.79	60.95	37.79	2018-08-07T18:47:48.186653239Z	100.067	cassandra-001	11.848
67.6	120	70.87	72.16	37.79	51.69	37.79	2018-08-07T18:47:55.196026375Z	200.919	cassandra-001	21.821
45.24	120	73.26	72.36	37.79	67.6	37.79	2018-08-07T18:48:02.206295174Z	101.204	cassandra-001	11.848
57.39	120	71.04	73.32	37.79	45.24	37.79	2018-08-07T18:48:09.21562959Z	101.351	cassandra-001	11.254
53.11	121	65.37	73.53	37.79	57.39	37.79	2018-08-07T18:48:16.223145257Z	202.658	cassandra-001	19.564
41.54	123	56.0	73.74	37.79	53.11	37.79	2018-08-07T18:48:23.230980441Z	103.491	cassandra-001	13.061
76.88	124	52.76	73.95	37.79	41.54	37.79	2018-08-07T18:48:30.239441074Z	206.666	cassandra-001	21.978
55.34	126	56.96	74.16	37.79	76.88	37.79	2018-08-07T18:48:37.250725427Z	104.304	cassandra-001	9.906
56.06	127	54.92	75.12	37.79	55.34	37.79	2018-08-07T18:48:44.259820466Z	106.372	cassandra-001	11.45
54.44	129	56.72	75.33	37.79	56.06	37.79	2018-08-07T18:48:51.27203771Z	212.393	cassandra-001	20.483
49.75	130	56.23	75.55	37.79	54.44	37.79	2018-08-07T18:48:58.283604298Z	106.203	cassandra-001	10.116
62.7	131	55.67	75.8	37.81	49.75	37.81	2018-08-07T18:49:05.293907227Z	220.324	cassandra-001	23.98
54.37	133	59.19	76.03	37.82	62.7	37.82	2018-08-07T18:49:12.300926644Z	110.519	cassandra-001	12.148
61.75	134	55.44	77.0	37.83	54.37	37.83	2018-08-07T18:49:19.310068266Z	111.053	cassandra-001	9.996
61.11	136	56.51	77.24	37.84	61.75	37.84	2018-08-07T18:49:26.317258893Z	227.113	cassandra-001	25.469
55.06	137	57.35	77.49	37.85	61.11	37.85	2018-08-07T18:49:33.32825871Z	114.701	cassandra-001	11.17
64.04	138	57.46	77.72	37.85	55.06	37.85	2018-08-07T18:49:40.337094837Z	231.194	cassandra-001	24.016
61.28	140	59.84	77.96	37.85	64.04	37.85	2018-08-07T18:49:47.343983916Z	116.679	cassandra-001	12.186
99.04	141	59.6	79.76	37.85	61.28	37.85	2018-08-07T18:49:54.350814546Z	119.035	cassandra-001	13.703
101.68	142	67.05	81.42	37.85	99.04	37.85	2018-08-07T18:50:01.357736933Z	238.787	cassandra-001	29.268
103.18	143	73.7	80.03	37.86	101.68	37.86	2018-08-07T18:50:08.365469326Z	120.624	cassandra-001	13.188
103.51	144	80.71	82.01	37.85	103.18	37.85	2018-08-07T18:50:15.372997286Z	238.874	cassandra-001	21.822
129.12	144	88.79	84.65	37.85	103.51	37.85	2018-08-07T18:50:22.379861621Z	120.644	cassandra-001	12.765
100.89	144	99.63	86.66	37.83	129.12	37.83	2018-08-07T18:50:29.38562024Z	121.187	cassandra-001	14.442
92.14	144	106.24	88.66	37.84	100.89	37.84	2018-08-07T18:50:36.392275035Z	241.984	cassandra-001	26.97
111.8	144	105.09	90.37	37.84	92.14	37.84	2018-08-07T18:50:43.400107697Z	118.95	cassandra-001	11.34
101.76	144	106.77	92.37	37.84	111.8	37.84	2018-08-07T18:50:50.408002931Z	240.871	cassandra-001	25.029
107.08	144	106.54	92.92	37.86	101.76	37.86	2018-08-07T18:50:57.41781483Z	119.586	cassandra-001	9.954
110.58	144	107.13	92.62	37.86	107.08	37.86	2018-08-07T18:51:04.426659735Z	120.021	cassandra-001	10.878
