container_cpu%	timestamp	memory%	net_send	host_moving_avg_cpu	net_receive	host_cpu	memory_active_anon%	name	memory_rss%	sensor_count
7.21	2019-04-23T20:08:26.581092963Z	15.12	1351.954	nan	943.494	0	15.09	kafka-001	15.09	2
10.78	2019-04-23T20:08:33.591544779Z	15.13	35.957	nan	38.343	7.21	15.09	kafka-001	15.09	6
15.15	2019-04-23T20:08:40.599931041Z	15.13	66.77	nan	57.762	10.78	15.1	kafka-001	15.1	10
29.9	2019-04-23T20:08:47.61047751Z	15.35	95.371	nan	5755.858	15.15	15.17	kafka-001	15.17	13
26.13	2019-04-23T20:08:54.618580361Z	15.67	113.473	nan	12349.862	29.9	15.19	kafka-001	15.19	16
21.82	2019-04-23T20:09:01.631469032Z	15.97	159.595	14.86	12329.098	26.13	15.2	kafka-001	15.2	19
50.3	2019-04-23T20:09:08.639325237Z	16.32	142.593	18.5	14563.282	21.82	15.21	kafka-001	15.21	22
55.43	2019-04-23T20:09:15.647608416Z	16.9	224.342	25.68	23793.321	50.3	15.21	kafka-001	15.21	25
25.65	2019-04-23T20:09:22.655875662Z	17.47	180.036	33.12	23639.391	55.43	15.22	kafka-001	15.22	28
29.46	2019-04-23T20:09:29.668358641Z	18.04	189.79	34.87	23870.337	25.65	15.22	kafka-001	15.22	30
52.53	2019-04-23T20:09:36.67707564Z	18.79	259.084	34.8	24015.654	29.46	15.4	kafka-001	15.4	33
115.99	2019-04-23T20:09:43.685497993Z	19.85	234.416	39.2	34273.051	52.53	15.63	kafka-001	15.63	35
81.94	2019-04-23T20:09:50.694927844Z	21.64	314.502	54.89	34795.293	115.99	16.58	kafka-001	16.58	37
29.75	2019-04-23T20:09:57.705639615Z	23.45	254.117	60.17	35743.308	81.94	17.54	kafka-001	17.54	40
28.94	2019-04-23T20:10:04.716346116Z	24.28	261.188	55.89	34837.544	29.75	17.54	kafka-001	17.54	42
32.48	2019-04-23T20:10:11.727519349Z	25.15	338.043	56.44	36011.166	28.94	17.54	kafka-001	17.54	44
36.51	2019-04-23T20:10:18.734784213Z	27.47	297.221	56.94	44323.464	32.48	18.81	kafka-001	18.81	46
35.53	2019-04-23T20:10:25.742885839Z	29.52	378.677	54.27	45109.424	36.51	19.77	kafka-001	19.77	48
33.9	2019-04-23T20:10:32.74894414Z	30.61	316.087	40.86	45713.857	35.53	19.77	kafka-001	19.77	50
38.59	2019-04-23T20:10:39.758854799Z	31.66	308.17	32.85	43845.917	33.9	19.77	kafka-001	19.77	52
35.52	2019-04-23T20:10:46.768273472Z	32.75	414.442	34.33	45286.015	38.59	19.77	kafka-001	19.77	53
50.11	2019-04-23T20:10:53.780109965Z	33.91	349.81	35.42	48477.813	35.52	19.77	kafka-001	19.77	55
48.37	2019-04-23T20:11:00.78757007Z	35.22	469.207	38.36	54741.645	50.11	19.77	kafka-001	19.77	57
44.05	2019-04-23T20:11:07.804529093Z	36.53	363.413	40.34	54290.565	48.37	19.77	kafka-001	19.77	59
42.18	2019-04-23T20:11:14.814628902Z	37.83	365.351	41.76	54468.911	44.05	19.77	kafka-001	19.77	60
47.09	2019-04-23T20:11:21.824899936Z	39.15	474.984	43.14	54752.976	42.18	19.77	kafka-001	19.77	62
50.23	2019-04-23T20:11:28.836172647Z	40.75	376.375	44.55	54227.534	47.09	20.08	kafka-001	20.08	64
38.6	2019-04-23T20:11:35.845779711Z	42.03	486.412	47.01	53368.367	50.23	20.08	kafka-001	20.08	65
52.1	2019-04-23T20:11:42.856660504Z	43.48	413.65	45.09	60684.952	38.6	20.08	kafka-001	20.08	67
50.3	2019-04-23T20:11:49.865595267Z	45.08	423.865	45.71	66558.8	52.1	20.08	kafka-001	20.08	68
58.4	2019-04-23T20:11:56.876083558Z	46.74	554.03	46.75	69073.768	50.3	20.08	kafka-001	20.08	70
50.47	2019-04-23T20:12:03.888860623Z	48.53	448.679	49.45	66680.709	58.4	20.28	kafka-001	20.28	71
57.88	2019-04-23T20:12:10.901130043Z	52.54	586.643	50.02	67995.837	50.47	22.66	kafka-001	22.66	73
52.92	2019-04-23T20:12:17.913489871Z	56.4	457.812	51.29	65986.892	57.88	24.94	kafka-001	24.94	74
72.02	2019-04-23T20:12:24.925565044Z	60.33	469.281	53.68	66874.366	52.92	27.27	kafka-001	27.27	76
50.59	2019-04-23T20:12:31.938222071Z	63.86	599.495	57.0	58642.774	72.02	29.4	kafka-001	29.4	77
54.17	2019-04-23T20:12:38.949126367Z	65.78	494.452	57.05	73943.491	50.59	29.55	kafka-001	29.55	79
59.1	2019-04-23T20:12:45.958431147Z	67.59	628.793	56.34	75517.687	54.17	29.55	kafka-001	29.55	80
58.68	2019-04-23T20:12:52.968228136Z	69.42	502.305	57.78	76129.098	59.1	29.55	kafka-001	29.55	81
49.87	2019-04-23T20:12:59.978490767Z	69.96	499.583	57.91	73724.643	58.68	29.55	kafka-001	29.55	83
55.01	2019-04-23T20:13:07.018890252Z	70.54	648.025	57.4	75434.53	49.87	29.55	kafka-001	29.55	84
72.15	2019-04-23T20:13:14.054197631Z	71.15	517.923	54.57	76434.193	55.01	29.6	kafka-001	29.6	85
59.85	2019-04-23T20:13:21.079783205Z	72.33	667.171	58.16	76264.4	72.15	29.6	kafka-001	29.6	87
45.87	2019-04-23T20:13:28.091362607Z	72.74	512.365	59.11	71603.509	59.85	29.6	kafka-001	29.6	88
65.8	2019-04-23T20:13:35.100793021Z	73.21	686.37	56.9	74316.962	45.87	29.6	kafka-001	29.6	89
51.13	2019-04-23T20:13:42.10702919Z	73.45	522.201	58.09	76706.318	65.8	29.6	kafka-001	29.6	91
60.56	2019-04-23T20:13:49.116152296Z	73.52	532.162	58.3	76807.689	51.13	29.6	kafka-001	29.6	92
57.06	2019-04-23T20:13:56.126764414Z	73.76	685.927	59.23	77783.033	60.56	29.6	kafka-001	29.6	93
59.32	2019-04-23T20:14:03.135915491Z	73.64	543.535	56.71	77961.062	57.06	29.6	kafka-001	29.6	95
45.36	2019-04-23T20:14:10.149160379Z	74.65	678.014	56.62	70143.399	59.32	29.6	kafka-001	29.6	96
59.39	2019-04-23T20:14:17.159405861Z	74.82	543.252	56.54	76033.981	45.36	29.6	kafka-001	29.6	97
51.64	2019-04-23T20:14:24.168708627Z	75.13	548.353	55.47	76204.129	59.39	29.6	kafka-001	29.6	98
62.09	2019-04-23T20:14:31.179516059Z	75.99	713.582	55.55	77728.637	51.64	29.6	kafka-001	29.6	100
50.41	2019-04-23T20:14:38.190792758Z	76.1	556.197	55.81	74772.311	62.09	29.6	kafka-001	29.6	101
66.0	2019-04-23T20:14:45.204248124Z	76.06	718.031	54.7	68726.112	50.41	29.6	kafka-001	29.6	102
57.57	2019-04-23T20:14:52.215373912Z	76.75	572.834	55.81	78355.609	66.0	29.6	kafka-001	29.6	103
60.32	2019-04-23T20:14:59.23050582Z	76.38	570.509	57.85	77494.819	57.57	29.6	kafka-001	29.6	104
59.53	2019-04-23T20:15:06.240324935Z	77.24	745.863	58.0	78781.093	60.32	29.61	kafka-001	29.61	105
67.29	2019-04-23T20:15:13.25137256Z	77.53	569.36	59.32	73461.377	59.53	29.61	kafka-001	29.61	107
59.46	2019-04-23T20:15:20.265117989Z	77.69	754.237	60.19	78597.053	67.29	29.61	kafka-001	29.61	108
65.03	2019-04-23T20:15:27.279004301Z	77.46	583.499	61.69	77282.514	59.46	29.61	kafka-001	29.61	109
74.4	2019-04-23T20:15:34.294896595Z	78.08	580.256	61.53	75815.412	65.03	29.61	kafka-001	29.61	110
63.79	2019-04-23T20:15:41.306556127Z	78.04	767.43	64.34	77982.961	74.4	29.61	kafka-001	29.61	111
62.89	2019-04-23T20:15:48.317511307Z	78.05	592.24	64.92	76381.392	63.79	29.61	kafka-001	29.61	112
68.15	2019-04-23T20:15:55.329100172Z	78.3	757.65	65.48	69290.188	62.89	29.61	kafka-001	29.61	114
65.0	2019-04-23T20:16:02.340461658Z	78.39	605.296	65.62	77320.908	68.15	29.61	kafka-001	29.61	115
68.39	2019-04-23T20:16:09.35298149Z	78.61	614.119	66.54	79093.99	65.0	29.61	kafka-001	29.61	116
57.08	2019-04-23T20:16:16.364516537Z	78.74	806.207	67.1	77692.622	68.39	29.64	kafka-001	29.64	117
64.0	2019-04-23T20:16:23.375875861Z	78.9	600.589	64.22	69711.124	57.08	29.64	kafka-001	29.64	118
63.14	2019-04-23T20:16:30.386745213Z	79.25	815.896	64.25	77822.902	64.0	29.64	kafka-001	29.64	119
62.97	2019-04-23T20:16:37.395129465Z	79.54	624.272	64.29	77313.553	63.14	29.68	kafka-001	29.68	120
59.4	2019-04-23T20:16:44.406158136Z	79.55	623.167	63.43	74394.454	62.97	29.68	kafka-001	29.68	121
66.37	2019-04-23T20:16:51.419784762Z	79.88	832.008	62.5	74465.571	59.4	29.68	kafka-001	29.68	122
63.86	2019-04-23T20:16:58.429592602Z	79.97	633.959	62.16	78840.769	66.37	29.69	kafka-001	29.69	123
70.34	2019-04-23T20:17:05.45179105Z	80.03	838.741	63.29	78142.153	63.86	29.69	kafka-001	29.69	124
65.75	2019-04-23T20:17:12.463809133Z	81.02	641.617	64.35	79125.469	70.34	29.69	kafka-001	29.69	125
64.56	2019-04-23T20:17:19.472648034Z	81.1	649.995	64.78	78975.87	65.75	29.69	kafka-001	29.69	126
65.38	2019-04-23T20:17:26.481526104Z	81.33	863.578	65.05	75938.339	64.56	29.69	kafka-001	29.69	127
54.66	2019-04-23T20:17:33.49131143Z	81.57	644.583	66.04	72522.729	65.38	29.69	kafka-001	29.69	128
63.51	2019-04-23T20:17:40.505645319Z	81.88	865.558	64.09	78748.799	54.66	29.69	kafka-001	29.69	129
59.69	2019-04-23T20:17:47.515286428Z	82.09	661.409	64.03	78081.659	63.51	29.69	kafka-001	29.69	130
55.58	2019-04-23T20:17:54.525551857Z	82.02	660.591	62.26	76503.02	59.69	29.73	kafka-001	29.73	131
31.93	2019-04-23T20:18:01.535116355Z	82.97	870.671	60.56	71014.872	55.58	29.73	kafka-001	29.73	132
59.56	2019-04-23T20:18:08.545518925Z	83.21	670.738	55.12	78645.941	31.93	29.78	kafka-001	29.78	133
66.28	2019-04-23T20:18:15.559607011Z	83.16	887.434	54.15	78401.029	59.56	29.78	kafka-001	29.78	134
64.8	2019-04-23T20:18:22.575797622Z	83.13	677.207	56.09	76578.916	66.28	29.78	kafka-001	29.78	135
67.26	2019-04-23T20:18:29.59208925Z	83.34	661.535	56.31	72368.263	64.8	29.78	kafka-001	29.78	136
64.74	2019-04-23T20:18:36.603468054Z	83.64	896.601	57.57	77782.893	67.26	29.78	kafka-001	29.78	137
68.33	2019-04-23T20:18:43.613393601Z	82.99	681.223	59.09	78931.846	64.74	29.78	kafka-001	29.78	138
73.58	2019-04-23T20:18:50.623950315Z	83.16	910.462	65.16	78503.628	68.33	29.78	kafka-001	29.78	139
62.7	2019-04-23T20:18:57.634867457Z	83.24	683.437	67.5	78311.021	73.58	29.78	kafka-001	29.78	140
64.21	2019-04-23T20:19:04.645469552Z	83.23	688.537	66.9	77976.936	62.7	29.78	kafka-001	29.78	141
63.49	2019-04-23T20:19:11.656047553Z	83.94	920.805	66.8	69194.514	64.21	29.78	kafka-001	29.78	142
57.76	2019-04-23T20:19:18.667247534Z	83.89	687.875	66.17	77063.809	63.49	29.78	kafka-001	29.78	143
65.52	2019-04-23T20:19:25.677543884Z	84.05	929.706	65.01	78365.944	57.76	29.78	kafka-001	29.78	144
39.54	2019-04-23T20:19:32.695236247Z	84.08	696.36	64.54	76105.179	65.52	29.78	kafka-001	29.78	145
69.55	2019-04-23T20:19:39.704182626Z	83.75	692.657	58.87	73029.588	39.54	29.78	kafka-001	29.78	146
61.67	2019-04-23T20:19:46.715194026Z	84.49	935.391	60.01	78227.059	69.55	29.78	kafka-001	29.78	147
68.92	2019-04-23T20:19:53.724468295Z	84.65	706.218	59.59	78084.376	61.67	29.78	kafka-001	29.78	148
64.93	2019-04-23T20:20:00.732725149Z	84.36	961.085	60.49	78602.103	68.92	29.78	kafka-001	29.78	149
59.36	2019-04-23T20:20:07.744646575Z	84.15	701.584	61.69	70445.682	64.93	29.78	kafka-001	29.78	150
67.79	2019-04-23T20:20:14.754173208Z	84.89	711.976	60.66	78439.932	59.36	29.78	kafka-001	29.78	151
66.89	2019-04-23T20:20:21.765833983Z	84.5	963.42	65.37	78517.517	67.79	29.78	kafka-001	29.78	151
57.17	2019-04-23T20:20:28.777672434Z	84.46	716.326	64.93	77907.961	66.89	29.78	kafka-001	29.78	152
65.9	2019-04-23T20:20:35.78791604Z	84.38	958.002	64.18	76411.086	57.17	29.78	kafka-001	29.78	153
57.21	2019-04-23T20:20:42.796591513Z	84.6	718.546	63.67	76928.102	65.9	29.78	kafka-001	29.78	154
43.93	2019-04-23T20:20:49.808074516Z	84.29	711.949	62.39	70670.342	57.21	29.78	kafka-001	29.78	155
72.2	2019-04-23T20:20:56.81701674Z	85.24	983.703	59.81	79213.009	43.93	29.78	kafka-001	29.78	156
68.49	2019-04-23T20:21:03.824654003Z	85.21	736.987	60.55	78471.895	72.2	29.78	kafka-001	29.78	157
68.36	2019-04-23T20:21:10.836079498Z	84.9	994.953	60.82	78213.199	68.49	29.78	kafka-001	29.78	158
52.88	2019-04-23T20:21:17.846444893Z	84.97	729.937	62.68	75623.073	68.36	29.78	kafka-001	29.78	159
60.32	2019-04-23T20:21:24.85238349Z	85.71	722.939	60.51	69819.343	52.88	29.79	kafka-001	29.79	159
67.93	2019-04-23T20:21:31.864025834Z	85.47	1007.919	61.03	77319.373	60.32	29.79	kafka-001	29.79	160
67.23	2019-04-23T20:21:38.875888616Z	85.46	751.049	65.03	78923.604	67.93	29.79	kafka-001	29.79	161
77.68	2019-04-23T20:21:45.887989687Z	85.23	1015.474	64.2	78586.076	67.23	29.79	kafka-001	29.79	162
61.1	2019-04-23T20:21:52.900189365Z	86.17	736.956	65.73	71295.01	77.68	29.79	kafka-001	29.79	163
72.17	2019-04-23T20:21:59.910238317Z	85.47	755.538	64.52	78815.928	61.1	29.79	kafka-001	29.79	164
62.75	2019-04-23T20:22:06.920883863Z	86.41	1024.368	67.74	76301.239	72.17	29.81	kafka-001	29.81	164
71.38	2019-04-23T20:22:13.932587447Z	85.5	761.239	68.14	78401.727	62.75	29.81	kafka-001	29.81	165
63.69	2019-04-23T20:22:20.941995089Z	85.67	1032.787	68.72	79324.92	71.38	29.81	kafka-001	29.81	166
73.31	2019-04-23T20:22:27.952172723Z	86.61	770.319	68.13	75271.589	63.69	29.81	kafka-001	29.81	167
66.39	2019-04-23T20:22:34.964715732Z	86.36	752.627	67.4	69500.842	73.31	29.81	kafka-001	29.81	168
69.85	2019-04-23T20:22:41.974787318Z	86.21	1041.416	68.28	77530.496	66.39	29.81	kafka-001	29.81	168
76.7	2019-04-23T20:22:48.984283226Z	86.36	775.984	67.89	78645.548	69.85	29.81	kafka-001	29.81	169
74.32	2019-04-23T20:22:55.994762125Z	86.13	1054.302	70.22	78061.727	76.7	29.81	kafka-001	29.81	170
65.27	2019-04-23T20:23:03.002296243Z	86.21	774.492	70.71	71634.18	74.32	29.81	kafka-001	29.81	171
74.28	2019-04-23T20:23:10.013064712Z	86.93	784.689	70.97	78019.658	65.27	29.81	kafka-001	29.81	172
66.98	2019-04-23T20:23:17.024853581Z	86.81	1068.594	71.13	78629.342	74.28	29.81	kafka-001	29.81	172
71.04	2019-04-23T20:23:24.034099323Z	86.58	789.505	71.23	77761.336	66.98	29.81	kafka-001	29.81	173
70.85	2019-04-23T20:23:31.044670915Z	86.56	1070.05	71.43	75060.445	71.04	29.81	kafka-001	29.81	174
73.81	2019-04-23T20:23:38.056894319Z	86.77	793.448	70.46	77678.109	70.85	29.81	kafka-001	29.81	175
73.87	2019-04-23T20:23:45.066978225Z	86.68	1080.358	70.37	76073.486	73.81	29.81	kafka-001	29.81	175
71.9	2019-04-23T20:23:52.078418632Z	86.44	790.425	71.8	78018.209	73.87	29.81	kafka-001	29.81	176
65.9	2019-04-23T20:23:59.086688437Z	86.48	796.787	71.41	78566.025	71.9	29.89	kafka-001	29.89	177
72.99	2019-04-23T20:24:06.096971966Z	86.59	1087.651	71.23	77115.893	65.9	29.89	kafka-001	29.89	178
70.28	2019-04-23T20:24:13.105723186Z	87.33	785.596	71.55	70699.049	72.99	29.89	kafka-001	29.89	178
77.51	2019-04-23T20:24:20.117036887Z	86.67	1098.082	71.46	77291.281	70.28	29.89	kafka-001	29.89	179
65.77	2019-04-23T20:24:27.12590133Z	86.53	808.104	72.07	78923.316	77.51	29.86	kafka-001	29.86	180
86.72	2019-04-23T20:24:34.135771283Z	87.6	802.36	70.72	77080.824	65.77	29.86	kafka-001	29.86	181
78.5	2019-04-23T20:24:41.145809807Z	86.95	1100.681	73.19	73067.888	86.72	29.86	kafka-001	29.86	181
71.94	2019-04-23T20:24:48.15734724Z	87.01	808.858	75.29	77608.115	78.5	29.86	kafka-001	29.86	182
80.92	2019-04-23T20:24:55.169760338Z	86.99	1110.567	75.12	78844.158	71.94	29.86	kafka-001	29.86	183
77.23	2019-04-23T20:25:02.179566496Z	87.18	808.814	76.89	74129.138	80.92	29.86	kafka-001	29.86	184
62.64	2019-04-23T20:25:09.187682871Z	87.07	814.268	76.85	74646.217	77.23	29.86	kafka-001	29.86	184
68.59	2019-04-23T20:25:16.199318056Z	87.78	1132.218	76.32	77511.15	62.64	29.86	kafka-001	29.86	185
50.3	2019-04-23T20:25:23.208940082Z	87.79	837.259	73.3	79739.22	68.59	29.86	kafka-001	29.86	186
66.44	2019-04-23T20:25:30.219035953Z	87.7	1131.066	68.6	75810.109	50.3	29.86	kafka-001	29.86	187
76.08	2019-04-23T20:25:37.228379753Z	87.76	834.468	67.69	77644.149	66.44	29.87	kafka-001	29.87	187
66.82	2019-04-23T20:25:44.240689486Z	87.34	841.423	66.88	78117.675	76.08	29.87	kafka-001	29.87	188
73.36	2019-04-23T20:25:51.250183256Z	87.23	1133.461	65.14	70260.491	66.82	29.87	kafka-001	29.87	189
79.62	2019-04-23T20:25:58.261891932Z	87.3	842.168	66.93	78083.731	73.36	29.87	kafka-001	29.87	189
80.39	2019-04-23T20:26:05.27015191Z	87.43	1150.297	68.77	77204.056	79.62	29.87	kafka-001	29.87	190
74.91	2019-04-23T20:26:12.304483244Z	87.6	854.999	73.78	78813.176	80.39	29.87	kafka-001	29.87	191
74.25	2019-04-23T20:26:19.313517881Z	87.26	831.367	75.2	72761.151	74.91	29.87	kafka-001	29.87	192
73.14	2019-04-23T20:26:26.325188998Z	88.01	1162.047	74.89	77705.785	74.25	29.87	kafka-001	29.87	192
70.87	2019-04-23T20:26:33.33431742Z	87.81	845.325	75.94	78478.598	73.14	29.87	kafka-001	29.87	193
75.4	2019-04-23T20:26:40.347706526Z	87.6	1165.876	75.53	77863.746	70.87	29.87	kafka-001	29.87	194
70.78	2019-04-23T20:26:47.356487418Z	87.25	845.501	74.83	72050.168	75.4	29.87	kafka-001	29.87	194
49.83	2019-04-23T20:26:54.364853957Z	88.17	854.867	73.22	77885.495	70.78	29.87	kafka-001	29.87	195
76.59	2019-04-23T20:27:01.372415589Z	88.26	1167.6	69.04	78541.807	49.83	29.87	kafka-001	29.87	196
70.29	2019-04-23T20:27:08.389092239Z	88.33	855.599	69.43	77524.62	76.59	29.87	kafka-001	29.87	197
75.8	2019-04-23T20:27:15.399038766Z	88.06	1167.532	68.96	75558.12	70.29	29.87	kafka-001	29.87	197
60.75	2019-04-23T20:27:22.407091452Z	87.81	854.027	69.78	76008.112	75.8	29.87	kafka-001	29.87	198
48.27	2019-04-23T20:27:29.41519569Z	87.31	840.769	67.34	65144.898	60.75	29.87	kafka-001	29.87	199
72.22	2019-04-23T20:27:36.429723164Z	88.32	1186.862	63.59	77426.781	48.27	29.87	kafka-001	29.87	200
81.2	2019-04-23T20:27:43.441471423Z	88.34	870.585	67.32	79325.829	72.22	29.87	kafka-001	29.87	200
74.53	2019-04-23T20:27:50.452833138Z	88.46	1198.438	68.09	79190.743	81.2	29.87	kafka-001	29.87	201
71.83	2019-04-23T20:27:57.464422972Z	88.16	863.75	68.79	73015.584	74.53	29.87	kafka-001	29.87	201
69.17	2019-04-23T20:28:04.475232804Z	88.15	867.504	68.13	73525.28	71.83	29.88	kafka-001	29.88	202
74.8	2019-04-23T20:28:11.485208648Z	88.34	1206.763	69.54	78726.002	69.17	29.88	kafka-001	29.88	202
67.39	2019-04-23T20:28:18.49571017Z	88.37	876.977	73.96	78924.335	74.8	29.87	kafka-001	29.87	203
77.23	2019-04-23T20:28:25.505986719Z	88.2	1200.003	73.15	74551.272	67.39	29.87	kafka-001	29.87	204
71.93	2019-04-23T20:28:32.515992263Z	88.56	861.68	72.49	69366.102	77.23	29.87	kafka-001	29.87	204
80.25	2019-04-23T20:28:39.526702207Z	88.17	879.314	72.06	78004.017	71.93	29.87	kafka-001	29.87	205
75.42	2019-04-23T20:28:46.537359273Z	88.29	1227.024	73.46	79106.001	80.25	29.87	kafka-001	29.87	205
82.09	2019-04-23T20:28:53.555949486Z	88.43	884.061	74.5	79521.706	75.42	29.87	kafka-001	29.87	206
79.75	2019-04-23T20:29:00.566997474Z	88.03	1224.064	75.72	79389.253	82.09	29.87	kafka-001	29.87	207
78.32	2019-04-23T20:29:07.578501354Z	87.99	883.316	77.78	75771.57	79.75	29.87	kafka-001	29.87	207
70.46	2019-04-23T20:29:14.589829167Z	88.69	886.971	77.96	75882.071	78.32	29.87	kafka-001	29.87	208
80.65	2019-04-23T20:29:21.599504388Z	88.13	1245.24	77.72	81149.136	70.46	29.87	kafka-001	29.87	208
81.7	2019-04-23T20:29:28.611897655Z	88.78	949.781	77.78	97037.258	80.65	29.87	kafka-001	29.87	209
66.96	2019-04-23T20:29:35.620822543Z	88.3	1275.212	78.83	91723.541	81.7	29.88	kafka-001	29.88	209
82.56	2019-04-23T20:29:42.632082955Z	88.12	938.498	76.31	93056.927	66.96	29.88	kafka-001	29.88	210
85.22	2019-04-23T20:29:49.644426532Z	88.39	940.908	76.78	95806.848	82.56	29.88	kafka-001	29.88	211
80.74	2019-04-23T20:29:56.654322247Z	88.07	1293.621	77.93	97675.992	85.22	29.88	kafka-001	29.88	211
72.63	2019-04-23T20:30:03.665437164Z	88.62	951.909	79.64	92345.114	80.74	29.88	kafka-001	29.88	212
83.03	2019-04-23T20:30:10.677814568Z	88.59	1280.7	78.3	95243.32	72.63	29.88	kafka-001	29.88	212
84.41	2019-04-23T20:30:17.692987693Z	88.41	957.51	78.52	96357.721	83.03	29.88	kafka-001	29.88	213
79.0	2019-04-23T20:30:24.7041386Z	88.09	965.172	81.43	97239.536	84.41	29.88	kafka-001	29.88	213
86.55	2019-04-23T20:30:31.713948708Z	88.45	1296.788	80.84	91985.828	79.0	29.88	kafka-001	29.88	214
83.36	2019-04-23T20:30:38.724785759Z	88.27	946.677	81.06	92197.032	86.55	29.88	kafka-001	29.88	214
79.77	2019-04-23T20:30:45.73484735Z	88.16	1312.987	81.5	95451.901	83.36	29.88	kafka-001	29.88	215
80.43	2019-04-23T20:30:52.74600741Z	88.48	968.541	82.69	97047.242	79.77	29.88	kafka-001	29.88	215
83.7	2019-04-23T20:30:59.756437767Z	89.0	945.442	82.25	86445.632	80.43	29.88	kafka-001	29.88	216
78.67	2019-04-23T20:31:06.77116982Z	88.92	1321.157	82.14	95617.523	83.7	29.88	kafka-001	29.88	216
86.68	2019-04-23T20:31:13.783092443Z	88.16	963.835	82.08	96545.296	78.67	29.88	kafka-001	29.88	217
79.98	2019-04-23T20:31:20.792603973Z	88.4	1319.228	82.1	92103.579	86.68	29.88	kafka-001	29.88	218
76.26	2019-04-23T20:31:27.803776833Z	88.99	965.192	81.54	92920.563	79.98	29.88	kafka-001	29.88	218
87.55	2019-04-23T20:31:34.824139666Z	88.39	976.738	80.95	95848.829	76.26	29.88	kafka-001	29.88	219
84.48	2019-04-23T20:31:41.833348765Z	88.41	1329.835	82.14	95998.425	87.55	29.88	kafka-001	29.88	219
83.85	2019-04-23T20:31:48.843921551Z	88.85	1022.395	82.27	108989.354	84.48	29.88	kafka-001	29.88	220
92.67	2019-04-23T20:31:55.854769605Z	88.93	1369.74	83.13	103149.019	83.85	29.88	kafka-001	29.88	220
81.86	2019-04-23T20:32:02.863532821Z	88.82	1020.678	84.13	113016.295	92.67	29.88	kafka-001	29.88	221
94.53	2019-04-23T20:32:09.875781144Z	88.54	1027.755	84.44	111548.422	81.86	29.88	kafka-001	29.88	221
85.0	2019-04-23T20:32:16.889119926Z	88.14	1404.36	87.49	107438.555	94.53	29.88	kafka-001	29.88	222
94.53	2019-04-23T20:32:23.905334661Z	88.95	999.396	87.07	111474.203	85.0	29.88	kafka-001	29.88	222
96.53	2019-04-23T20:32:30.915198272Z	88.59	1391.519	88.74	112691.687	94.53	29.88	kafka-001	29.88	223
71.03	2019-04-23T20:32:37.927330359Z	88.84	1004.695	90.85	99673.097	96.53	29.88	kafka-001	29.88	224
92.46	2019-04-23T20:32:44.937511323Z	88.94	1031.451	87.25	111327.325	71.03	29.88	kafka-001	29.88	224
99.27	2019-04-23T20:32:51.94992316Z	89.22	1396.93	89.01	112167.056	92.46	29.88	kafka-001	29.88	225
92.63	2019-04-23T20:32:58.967395747Z	88.68	1031.687	89.8	110724.361	99.27	29.88	kafka-001	29.88	225
92.78	2019-04-23T20:33:05.978382341Z	88.46	1394.604	91.08	105738.797	92.63	29.88	kafka-001	29.88	226
92.15	2019-04-23T20:33:12.996548538Z	88.93	1037.13	90.78	111424.929	92.78	29.88	kafka-001	29.88	226
68.36	2019-04-23T20:33:20.008880442Z	89.11	1031.589	90.05	107115.646	92.15	29.88	kafka-001	29.88	227
81.51	2019-04-23T20:33:27.018465096Z	88.28	1408.363	89.61	105487.829	68.36	29.88	kafka-001	29.88	227
94.06	2019-04-23T20:33:34.027111901Z	88.68	1032.137	87.78	111457.464	81.51	29.88	kafka-001	29.88	228
88.39	2019-04-23T20:33:41.037176948Z	89.0	1419.247	86.92	111293.312	94.06	29.88	kafka-001	29.88	228
70.72	2019-04-23T20:33:48.050082668Z	88.44	1033.44	86.21	102215.2	88.39	29.88	kafka-001	29.88	229
95.31	2019-04-23T20:33:55.061048084Z	88.59	1057.514	82.53	112754.773	70.72	29.88	kafka-001	29.88	229
94.9	2019-04-23T20:34:02.072286145Z	88.96	1417.134	83.06	110984.976	95.31	29.88	kafka-001	29.88	230
95.61	2019-04-23T20:34:09.084652454Z	88.97	1078.042	87.48	116752.726	94.9	29.89	kafka-001	29.89	230
105.81	2019-04-23T20:34:16.095758433Z	89.12	1464.233	89.83	116508.564	95.61	29.89	kafka-001	29.89	231
93.85	2019-04-23T20:34:23.107176632Z	88.62	1100.999	91.79	125841.21	105.81	29.88	kafka-001	29.88	232
113.25	2019-04-23T20:34:30.119077869Z	88.69	1478.17	92.7	122600.674	93.85	29.88	kafka-001	29.88	232
91.1	2019-04-23T20:34:37.130928143Z	88.67	1078.819	99.79	114412.849	113.25	29.88	kafka-001	29.88	233
98.0	2019-04-23T20:34:44.145035935Z	88.73	1103.546	99.09	124219.073	91.1	29.88	kafka-001	29.88	233
99.61	2019-04-23T20:34:51.155914847Z	89.32	1487.331	99.6	125122.46	98.0	29.89	kafka-001	29.89	234
96.2	2019-04-23T20:34:58.166243864Z	88.73	1080.088	100.27	115397.23	99.61	29.89	kafka-001	29.89	234
102.0	2019-04-23T20:35:05.176347571Z	88.61	1488.913	98.67	124431.458	96.2	29.89	kafka-001	29.89	235
110.93	2019-04-23T20:35:12.188304457Z	88.7	1120.581	100.03	125962.272	102.0	29.89	kafka-001	29.89	235
107.94	2019-04-23T20:35:19.198088226Z	88.42	1094.162	99.64	117372.633	110.93	29.89	kafka-001	29.89	236
100.56	2019-04-23T20:35:26.211132972Z	88.85	1496.778	102.45	124926.964	107.94	29.89	kafka-001	29.89	236
97.66	2019-04-23T20:35:33.222678627Z	88.88	1105.719	102.87	122850.863	100.56	29.89	kafka-001	29.89	237
103.77	2019-04-23T20:35:40.236708126Z	88.89	1484.983	102.55	113164.186	97.66	29.89	kafka-001	29.89	237
95.25	2019-04-23T20:35:47.253506561Z	89.16	1118.639	103.81	125738.001	103.77	29.89	kafka-001	29.89	238
173.94	2019-04-23T20:35:54.263959552Z	88.42	1103.877	102.68	118388.334	95.25	29.89	kafka-001	29.89	238
97.79	2019-04-23T20:36:01.273437055Z	88.91	1496.112	113.19	120298.065	173.94	29.89	kafka-001	29.89	239
105.74	2019-04-23T20:36:08.285923779Z	88.17	1120.95	111.49	124358.218	97.79	29.89	kafka-001	29.89	239
93.02	2019-04-23T20:36:15.297123825Z	88.41	1504.973	112.36	123460.501	105.74	29.89	kafka-001	29.89	240
101.89	2019-04-23T20:36:22.308003041Z	88.91	1103.649	111.58	112092.966	93.02	29.89	kafka-001	29.89	240
95.94	2019-04-23T20:36:29.318107524Z	88.51	1118.582	111.27	122873.951	101.89	29.89	kafka-001	29.89	241
105.03	2019-04-23T20:36:36.331422381Z	89.13	1507.356	111.39	124450.1	95.94	29.89	kafka-001	29.89	241
103.3	2019-04-23T20:36:43.342432644Z	88.63	1144.503	99.9	125604.865	105.03	29.89	kafka-001	29.89	242
106.89	2019-04-23T20:36:50.355312001Z	89.04	1562.21	100.82	138517.055	103.3	29.89	kafka-001	29.89	242
99.86	2019-04-23T20:36:57.367935149Z	88.8	1154.256	101.01	134706.814	106.89	29.89	kafka-001	29.89	242
105.43	2019-04-23T20:37:04.378382822Z	88.33	1158.377	102.15	133571.855	99.86	29.89	kafka-001	29.89	242
99.09	2019-04-23T20:37:11.390844047Z	88.83	1561.476	102.74	137919.899	105.43	29.89	kafka-001	29.89	242
105.96	2019-04-23T20:37:18.403299701Z	88.72	1163.793	103.27	134377.141	99.09	29.89	kafka-001	29.89	242
102.68	2019-04-23T20:37:25.41269507Z	88.42	1547.901	103.42	137717.083	105.96	29.89	kafka-001	29.89	242
110.13	2019-04-23T20:37:32.424639181Z	88.45	1166.418	103.32	138129.656	102.68	29.89	kafka-001	29.89	242
99.06	2019-04-23T20:37:39.436352164Z	88.1	1163.465	103.86	135570.252	110.13	29.89	kafka-001	29.89	242
102.8	2019-04-23T20:37:46.446404979Z	88.98	1552.317	103.72	138355.883	99.06	29.9	kafka-001	29.9	242
94.24	2019-04-23T20:37:53.456634178Z	88.78	1163.823	103.29	135561.659	102.8	29.9	kafka-001	29.9	242
106.76	2019-04-23T20:38:00.46615564Z	89.08	1522.237	102.48	121636.826	94.24	29.91	kafka-001	29.91	242
101.72	2019-04-23T20:38:07.47624351Z	88.96	1170.965	102.61	137188.772	106.76	29.9	kafka-001	29.9	242
