memory_rss%	host_moving_avg_cpu	name	sensor_count	host_cpu	container_cpu%	net_receive	memory%	timestamp	net_send	memory_active_anon%
30.37	nan	kafka-001	2	0	6.6	208501988.817	87.68	2019-04-23T11:01:45.956072363Z	1857463.423	30.37
30.37	nan	kafka-001	6	6.6	4.98	44.869	87.68	2019-04-23T11:01:52.968859943Z	45.893	30.37
30.37	nan	kafka-001	10	4.98	6.47	59.997	87.69	2019-04-23T11:01:59.981576767Z	54.545	30.37
30.37	nan	kafka-001	14	6.47	22.09	8399.318	87.88	2019-04-23T11:02:06.994870708Z	130.093	30.37
30.37	nan	kafka-001	17	22.09	13.78	12614.343	87.3	2019-04-23T11:02:14.005968096Z	113.207	30.37
30.37	8.99	kafka-001	20	13.78	22.43	12309.404	87.59	2019-04-23T11:02:21.018306706Z	159.096	30.37
30.37	12.72	kafka-001	23	22.43	19.12	16669.897	87.98	2019-04-23T11:02:28.031301977Z	146.381	30.37
30.37	14.81	kafka-001	26	19.12	24.1	24347.13	87.67	2019-04-23T11:02:35.044788798Z	183.185	30.37
30.37	18.0	kafka-001	28	24.1	23.06	23558.543	87.34	2019-04-23T11:02:42.05616246Z	225.658	30.37
30.37	20.76	kafka-001	31	23.06	22.3	24483.145	87.92	2019-04-23T11:02:49.068876356Z	196.146	30.37
30.37	20.8	kafka-001	33	22.3	29.68	26648.013	87.66	2019-04-23T11:02:56.08306501Z	268.59	30.37
30.37	23.45	kafka-001	36	29.68	20.19	34755.702	87.61	2019-04-23T11:03:03.099789673Z	241.15	30.37
30.37	23.08	kafka-001	38	20.19	33.64	34297.281	87.53	2019-04-23T11:03:10.112412395Z	317.748	30.37
30.37	25.49	kafka-001	40	33.64	28.52	35636.593	87.49	2019-04-23T11:03:17.146318791Z	258.336	30.37
30.37	26.23	kafka-001	42	28.52	31.77	34560.382	87.42	2019-04-23T11:03:24.160342065Z	253.963	30.37
30.37	27.68	kafka-001	45	31.77	28.85	38370.56	87.45	2019-04-23T11:03:31.175199674Z	350.26	30.37
30.37	28.77	kafka-001	47	28.85	35.93	44381.668	87.61	2019-04-23T11:03:38.188101537Z	301.014	30.37
30.37	29.82	kafka-001	49	35.93	40.97	45127.517	87.8	2019-04-23T11:03:45.200528756Z	397.627	30.37
30.37	33.28	kafka-001	51	40.97	41.86	44847.029	87.36	2019-04-23T11:03:52.212679524Z	317.632	30.37
30.37	34.65	kafka-001	53	41.86	36.34	45189.064	87.27	2019-04-23T11:03:59.229674237Z	322.283	30.37
30.37	35.95	kafka-001	55	36.34	34.97	44220.526	87.43	2019-04-23T11:04:06.240804013Z	420.788	30.37
30.37	36.49	kafka-001	56	34.97	41.19	51867.947	87.67	2019-04-23T11:04:13.25338325Z	359.926	30.37
30.37	38.54	kafka-001	58	41.19	47.03	55162.584	87.1	2019-04-23T11:04:20.26624686Z	465.891	30.37
30.37	40.39	kafka-001	60	47.03	42.94	54629.501	87.41	2019-04-23T11:04:27.278411881Z	379.24	30.37
30.37	40.72	kafka-001	62	42.94	40.78	54714.794	87.6	2019-04-23T11:04:34.290662627Z	378.487	30.37
30.37	40.54	kafka-001	63	40.78	46.78	53823.387	87.78	2019-04-23T11:04:41.31177203Z	489.41	30.37
30.37	42.28	kafka-001	65	46.78	47.34	54779.095	87.29	2019-04-23T11:04:48.328407991Z	393.193	30.37
30.37	44.34	kafka-001	67	47.34	53.15	58086.361	87.69	2019-04-23T11:04:55.34106381Z	515.639	30.37
30.37	46.34	kafka-001	68	53.15	53.28	67193.064	87.39	2019-04-23T11:05:02.353717985Z	436.25	30.37
30.37	47.38	kafka-001	70	53.28	43.71	67958.492	87.13	2019-04-23T11:05:09.37012241Z	442.577	30.37
30.37	47.51	kafka-001	72	43.71	54.03	72251.494	87.97	2019-04-23T11:05:16.388260424Z	589.522	30.37
30.37	49.72	kafka-001	73	54.03	53.66	72958.057	87.82	2019-04-23T11:05:23.402489812Z	471.473	30.37
30.37	50.86	kafka-001	75	53.66	61.7	73711.463	87.81	2019-04-23T11:05:30.414085474Z	599.692	30.37
30.37	53.26	kafka-001	76	61.7	55.12	72552.633	87.75	2019-04-23T11:05:37.426062871Z	476.204	30.37
30.37	53.58	kafka-001	78	55.12	59.83	76722.739	87.64	2019-04-23T11:05:44.439614572Z	498.72	30.37
30.37	54.67	kafka-001	79	59.83	58.63	74579.734	87.64	2019-04-23T11:05:51.453863258Z	625.051	30.37
30.37	57.16	kafka-001	81	58.63	59.89	76938.692	87.68	2019-04-23T11:05:58.474990388Z	505.916	30.37
30.37	58.14	kafka-001	82	59.89	59.33	75639.786	87.7	2019-04-23T11:06:05.489331679Z	643.582	30.37
30.37	59.08	kafka-001	84	59.33	62.7	76834.33	87.65	2019-04-23T11:06:12.503330176Z	510.517	30.37
30.37	59.25	kafka-001	85	62.7	51.33	75747.837	87.4	2019-04-23T11:06:19.511594912Z	515.457	30.37
30.37	58.62	kafka-001	87	51.33	62.72	76644.109	87.44	2019-04-23T11:06:26.527740319Z	664.567	30.37
30.37	59.1	kafka-001	88	62.72	56.12	75135.689	87.38	2019-04-23T11:06:33.541616838Z	525.84	30.37
30.37	58.68	kafka-001	89	56.12	71.67	77639.909	87.45	2019-04-23T11:06:40.587190986Z	679.081	30.37
30.37	60.64	kafka-001	91	71.67	57.52	75707.592	87.15	2019-04-23T11:06:47.599192828Z	537.217	30.37
30.37	60.34	kafka-001	92	57.52	62.62	75943.808	87.17	2019-04-23T11:06:54.61057671Z	529.718	30.37
30.37	60.33	kafka-001	94	62.62	61.06	78225.178	87.92	2019-04-23T11:07:01.619807794Z	698.478	30.37
30.37	61.95	kafka-001	95	61.06	65.18	77958.799	87.99	2019-04-23T11:07:08.634557475Z	549.479	30.37
30.37	62.36	kafka-001	96	65.18	60.15	74777.984	87.99	2019-04-23T11:07:15.649850982Z	707.06	30.37
30.37	63.03	kafka-001	97	60.15	59.58	78016.556	87.16	2019-04-23T11:07:22.668196406Z	563.335	30.37
30.37	61.02	kafka-001	99	59.58	61.96	75584.284	87.18	2019-04-23T11:07:29.680464622Z	559.976	30.37
30.37	61.76	kafka-001	100	61.96	64.11	78019.287	87.26	2019-04-23T11:07:36.692636905Z	731.148	30.37
30.37	62.01	kafka-001	101	64.11	65.4	77060.225	87.31	2019-04-23T11:07:43.703480803Z	562.686	30.37
30.37	62.73	kafka-001	103	65.4	68.71	78185.864	87.38	2019-04-23T11:07:50.717184677Z	742.69	30.37
30.37	63.32	kafka-001	104	68.71	67.32	76483.245	87.42	2019-04-23T11:07:57.72883873Z	587.78	30.37
30.37	64.51	kafka-001	105	67.32	63.49	77911.693	87.34	2019-04-23T11:08:04.743397609Z	571.742	30.37
30.37	65.16	kafka-001	106	63.49	62.75	77465.412	87.3	2019-04-23T11:08:11.752803766Z	760.942	30.37
30.37	65.3	kafka-001	107	62.75	65.44	78892.34	87.39	2019-04-23T11:08:18.763072899Z	593.305	30.37
30.37	65.52	kafka-001	109	65.44	69.1	78484.405	87.48	2019-04-23T11:08:25.773240504Z	779.687	30.37
30.37	66.13	kafka-001	110	69.1	64.37	77248.317	87.53	2019-04-23T11:08:32.784458007Z	595.368	30.37
30.37	65.41	kafka-001	111	64.37	68.5	77860.135	87.59	2019-04-23T11:08:39.804076861Z	592.56	30.37
30.37	65.61	kafka-001	112	68.5	60.0	78561.718	87.64	2019-04-23T11:08:46.81581681Z	792.565	30.37
30.37	65.03	kafka-001	113	60.0	70.43	78788.63	87.75	2019-04-23T11:08:53.824260244Z	606.185	30.37
30.37	66.31	kafka-001	114	70.43	64.42	78810.818	87.84	2019-04-23T11:09:00.836082573Z	796.847	30.37
30.37	66.14	kafka-001	116	64.42	72.27	79068.048	87.83	2019-04-23T11:09:07.856020347Z	614.045	30.37
30.37	66.67	kafka-001	117	72.27	64.08	73183.798	87.57	2019-04-23T11:09:14.86837657Z	602.253	30.37
30.37	66.62	kafka-001	118	64.08	70.06	79676.878	87.57	2019-04-23T11:09:21.876406968Z	813.105	30.37
30.37	66.88	kafka-001	119	70.06	68.45	77870.45	87.63	2019-04-23T11:09:28.888428567Z	622.46	30.37
30.37	68.28	kafka-001	120	68.45	72.07	77944.607	87.71	2019-04-23T11:09:35.897878729Z	824.988	30.37
30.37	68.56	kafka-001	121	72.07	65.7	77524.773	87.76	2019-04-23T11:09:42.909754626Z	626.958	30.37
30.37	68.77	kafka-001	122	65.7	75.15	78851.852	87.86	2019-04-23T11:09:49.923149809Z	631.198	30.37
30.37	69.25	kafka-001	123	75.15	71.29	79038.852	87.96	2019-04-23T11:09:56.937427979Z	834.729	30.37
30.37	70.45	kafka-001	124	71.29	71.6	77001.844	88.0	2019-04-23T11:10:03.949144655Z	646.824	30.37
30.37	70.71	kafka-001	126	71.6	71.02	79032.201	87.88	2019-04-23T11:10:10.963895811Z	860.671	30.37
30.37	71.14	kafka-001	127	71.02	75.71	78878.595	87.91	2019-04-23T11:10:17.976445191Z	648.276	30.37
30.37	71.74	kafka-001	128	75.71	66.3	78181.981	87.99	2019-04-23T11:10:24.988654243Z	646.312	30.37
30.37	71.85	kafka-001	129	66.3	73.95	78629.416	88.08	2019-04-23T11:10:32.002138948Z	867.237	30.37
30.37	71.64	kafka-001	130	73.95	70.31	78746.191	87.26	2019-04-23T11:10:39.016187558Z	661.885	30.37
30.37	71.48	kafka-001	131	70.31	65.98	76817.588	87.3	2019-04-23T11:10:46.03366373Z	909.346	30.37
30.37	70.54	kafka-001	132	65.98	67.23	77600.793	88.02	2019-04-23T11:10:53.048298249Z	687.865	30.37
30.37	69.91	kafka-001	133	67.23	76.05	78292.652	87.99	2019-04-23T11:11:00.060399184Z	667.458	30.37
30.37	69.97	kafka-001	134	76.05	66.33	79709.12	88.09	2019-04-23T11:11:07.072572895Z	888.784	30.37
30.35	69.98	kafka-001	135	66.33	75.92	77287.389	88.13	2019-04-23T11:11:14.085733378Z	673.973	30.35
30.35	70.3	kafka-001	136	75.92	70.86	78152.369	88.18	2019-04-23T11:11:21.10531921Z	892.124	30.35
30.35	70.4	kafka-001	137	70.86	74.33	79243.128	87.38	2019-04-23T11:11:28.116410754Z	676.853	30.35
30.35	71.79	kafka-001	138	74.33	75.87	78599.14	87.39	2019-04-23T11:11:35.131465114Z	913.095	30.35
30.35	73.23	kafka-001	139	75.87	71.81	78416.827	87.47	2019-04-23T11:11:42.144671548Z	685.838	30.35
30.35	72.52	kafka-001	140	71.81	73.16	76908.112	87.51	2019-04-23T11:11:49.158059184Z	684.0	30.35
30.35	73.66	kafka-001	141	73.16	69.4	78815.544	87.59	2019-04-23T11:11:56.172816669Z	919.529	30.35
30.37	72.57	kafka-001	142	69.4	69.52	78054.73	87.5	2019-04-23T11:12:03.189800487Z	691.226	30.37
30.37	72.35	kafka-001	143	69.52	66.15	78308.999	87.58	2019-04-23T11:12:10.20234666Z	932.253	30.37
30.37	70.98	kafka-001	144	66.15	64.52	79080.84	87.62	2019-04-23T11:12:17.216084485Z	701.323	30.37
30.37	69.09	kafka-001	145	64.52	65.09	77708.805	87.68	2019-04-23T11:12:24.226362957Z	708.451	30.37
30.37	67.97	kafka-001	146	65.09	70.72	79254.134	87.78	2019-04-23T11:12:31.240888072Z	945.443	30.37
30.37	67.57	kafka-001	147	70.72	80.19	78957.64	87.77	2019-04-23T11:12:38.256482684Z	709.156	30.37
30.37	69.36	kafka-001	148	80.19	74.19	79427.544	87.85	2019-04-23T11:12:45.270097929Z	960.512	30.37
30.37	70.14	kafka-001	149	74.19	78.47	79150.467	87.84	2019-04-23T11:12:52.285525545Z	709.346	30.37
30.37	72.2	kafka-001	150	78.47	77.27	78044.77	87.9	2019-04-23T11:12:59.300395521Z	717.458	30.37
30.37	74.32	kafka-001	151	77.27	79.31	78379.906	87.98	2019-04-23T11:13:06.313680851Z	963.911	30.37
30.37	76.69	kafka-001	152	79.31	70.72	78753.141	88.07	2019-04-23T11:13:13.326551515Z	722.711	30.37
30.37	76.69	kafka-001	153	70.72	82.7	75844.03	88.03	2019-04-23T11:13:20.339332679Z	986.543	30.37
30.38	77.11	kafka-001	153	82.7	82.27	76998.319	87.87	2019-04-23T11:13:27.354947272Z	732.864	30.38
30.38	78.46	kafka-001	154	82.27	76.78	78699.859	87.95	2019-04-23T11:13:34.370052191Z	722.074	30.38
30.38	78.18	kafka-001	155	76.78	76.28	78340.496	88.02	2019-04-23T11:13:41.381087451Z	975.205	30.38
30.38	78.01	kafka-001	156	76.28	78.58	78495.384	88.1	2019-04-23T11:13:48.392729447Z	733.991	30.38
30.37	77.89	kafka-001	157	78.58	55.98	75986.952	88.11	2019-04-23T11:13:55.405859883Z	976.965	30.37
30.37	75.43	kafka-001	158	55.98	74.75	78706.995	88.2	2019-04-23T11:14:02.416073639Z	750.353	30.37
30.37	74.11	kafka-001	159	74.75	72.1	78802.141	88.13	2019-04-23T11:14:09.427742252Z	747.833	30.37
30.37	72.41	kafka-001	160	72.1	77.49	78302.579	88.2	2019-04-23T11:14:16.439528545Z	1021.702	30.37
30.37	72.53	kafka-001	161	77.49	56.05	77812.502	87.36	2019-04-23T11:14:23.45478372Z	746.233	30.37
30.37	69.16	kafka-001	162	56.05	81.04	78658.832	87.45	2019-04-23T11:14:30.467870596Z	1017.533	30.37
30.37	69.57	kafka-001	163	81.04	68.83	77681.987	87.51	2019-04-23T11:14:37.48047357Z	748.872	30.37
30.37	71.71	kafka-001	163	68.83	77.95	78183.021	87.53	2019-04-23T11:14:44.493415703Z	750.675	30.37
30.37	72.24	kafka-001	164	77.95	67.8	76011.619	87.55	2019-04-23T11:14:51.512356553Z	1029.266	30.37
30.37	71.53	kafka-001	165	67.8	75.54	77702.18	87.61	2019-04-23T11:14:58.521965135Z	771.636	30.37
30.38	71.2	kafka-001	166	75.54	94.47	79574.588	87.71	2019-04-23T11:15:05.535279983Z	1044.284	30.38
30.38	77.6	kafka-001	167	94.47	81.54	78486.201	87.78	2019-04-23T11:15:12.548060249Z	770.85	30.38
30.37	77.69	kafka-001	168	81.54	83.16	77987.727	87.85	2019-04-23T11:15:19.572861085Z	773.891	30.37
30.37	80.08	kafka-001	168	83.16	94.14	77920.169	87.91	2019-04-23T11:15:26.586239304Z	1054.757	30.37
30.37	82.78	kafka-001	169	94.14	70.46	78200.796	87.98	2019-04-23T11:15:33.597828475Z	769.603	30.37
30.37	83.22	kafka-001	170	70.46	89.3	77867.734	87.94	2019-04-23T11:15:40.60935357Z	1059.122	30.37
30.37	85.51	kafka-001	171	89.3	71.18	77785.485	87.89	2019-04-23T11:15:47.624745759Z	788.542	30.37
30.37	81.63	kafka-001	172	71.18	88.76	78714.755	87.97	2019-04-23T11:15:54.637056544Z	796.509	30.37
30.37	82.83	kafka-001	173	88.76	73.65	79099.091	88.05	2019-04-23T11:16:01.649754787Z	1074.727	30.37
30.37	81.25	kafka-001	174	73.65	77.59	76976.044	88.1	2019-04-23T11:16:08.667795105Z	792.536	30.37
30.38	78.49	kafka-001	174	77.59	76.7	78319.712	88.07	2019-04-23T11:16:15.680281363Z	1077.92	30.38
30.38	79.53	kafka-001	175	76.7	76.87	77592.468	88.08	2019-04-23T11:16:22.693376336Z	794.819	30.38
30.38	77.46	kafka-001	176	76.87	74.07	77852.51	88.14	2019-04-23T11:16:29.710402485Z	793.152	30.38
30.38	77.94	kafka-001	177	74.07	78.9	78937.12	88.23	2019-04-23T11:16:36.728585818Z	1091.422	30.38
30.38	76.3	kafka-001	178	78.9	87.25	77375.906	87.84	2019-04-23T11:16:43.747556386Z	814.168	30.38
30.38	78.56	kafka-001	178	87.25	84.62	77738.788	87.88	2019-04-23T11:16:50.760853061Z	1108.967	30.38
30.38	79.74	kafka-001	179	84.62	75.42	76616.207	87.76	2019-04-23T11:16:57.776940426Z	826.929	30.38
30.38	79.52	kafka-001	180	75.42	72.23	79450.085	87.86	2019-04-23T11:17:04.806307749Z	812.865	30.38
30.38	78.75	kafka-001	181	72.23	67.66	76319.345	87.4	2019-04-23T11:17:11.818185452Z	1101.325	30.38
30.38	77.68	kafka-001	182	67.66	79.04	78973.848	87.48	2019-04-23T11:17:18.829635396Z	814.426	30.38
30.38	77.7	kafka-001	182	79.04	80.13	77761.908	87.48	2019-04-23T11:17:25.846185782Z	1102.806	30.38
30.38	76.52	kafka-001	183	80.13	82.74	78713.515	87.56	2019-04-23T11:17:32.856711151Z	823.472	30.38
30.38	76.2	kafka-001	184	82.74	72.4	78865.873	87.65	2019-04-23T11:17:39.870849065Z	826.059	30.38
30.38	75.7	kafka-001	185	72.4	85.36	78766.659	87.73	2019-04-23T11:17:46.883467533Z	1117.799	30.38
30.38	77.89	kafka-001	186	85.36	81.38	78068.607	87.8	2019-04-23T11:17:53.895682284Z	824.812	30.38
30.38	80.18	kafka-001	186	81.38	80.42	76504.596	87.84	2019-04-23T11:18:00.91130838Z	1126.622	30.38
30.38	80.41	kafka-001	187	80.42	67.68	78863.812	87.83	2019-04-23T11:18:07.923027859Z	823.622	30.38
30.38	78.33	kafka-001	188	67.68	88.23	77444.1	87.88	2019-04-23T11:18:14.934149555Z	826.592	30.38
30.38	79.25	kafka-001	189	88.23	86.01	78707.261	87.96	2019-04-23T11:18:21.948108266Z	1123.372	30.38
30.38	81.51	kafka-001	189	86.01	88.25	77740.117	88.02	2019-04-23T11:18:28.961518355Z	826.678	30.38
30.38	82.0	kafka-001	190	88.25	81.62	77495.344	88.07	2019-04-23T11:18:35.972584714Z	1132.179	30.38
30.38	82.04	kafka-001	191	81.62	88.48	79008.385	88.17	2019-04-23T11:18:42.984072971Z	837.695	30.38
30.38	83.38	kafka-001	191	88.48	73.27	76715.822	88.19	2019-04-23T11:18:49.993998492Z	834.295	30.38
30.38	84.31	kafka-001	192	73.27	86.48	78066.205	87.26	2019-04-23T11:18:57.006235566Z	1149.984	30.38
30.38	84.02	kafka-001	193	86.48	85.19	79178.321	87.35	2019-04-23T11:19:04.017257474Z	844.312	30.38
30.39	83.88	kafka-001	194	85.19	84.95	77075.577	87.39	2019-04-23T11:19:11.036058405Z	1153.796	30.39
30.39	83.33	kafka-001	194	84.95	78.05	76076.206	87.41	2019-04-23T11:19:18.050643281Z	856.748	30.39
30.39	82.74	kafka-001	195	78.05	86.73	78873.488	87.29	2019-04-23T11:19:25.06754424Z	1169.005	30.39
30.39	82.45	kafka-001	196	86.73	86.85	78484.483	87.36	2019-04-23T11:19:32.08224307Z	852.407	30.39
30.39	84.71	kafka-001	196	86.85	83.82	77483.106	88.1	2019-04-23T11:19:39.092900956Z	851.621	30.39
30.39	84.27	kafka-001	197	83.82	78.39	77272.134	88.14	2019-04-23T11:19:46.105203562Z	1172.12	30.39
30.39	83.13	kafka-001	198	78.39	80.85	78594.495	87.32	2019-04-23T11:19:53.116716157Z	869.426	30.39
30.38	82.45	kafka-001	198	80.85	89.71	77712.752	87.38	2019-04-23T11:20:00.12727427Z	1185.253	30.38
30.38	84.39	kafka-001	199	89.71	89.11	77899.601	87.44	2019-04-23T11:20:07.139240486Z	858.061	30.38
30.38	84.79	kafka-001	200	89.11	85.27	79561.554	87.54	2019-04-23T11:20:14.150904734Z	872.138	30.38
30.38	84.52	kafka-001	200	85.27	82.92	79926.538	87.65	2019-04-23T11:20:21.163277868Z	1184.111	30.38
30.38	84.37	kafka-001	201	82.92	76.03	77306.54	87.7	2019-04-23T11:20:28.17155548Z	868.389	30.38
30.38	83.98	kafka-001	202	76.03	92.74	80313.202	87.81	2019-04-23T11:20:35.184022249Z	1205.992	30.38
30.38	85.96	kafka-001	202	92.74	91.12	79817.416	87.93	2019-04-23T11:20:42.204540446Z	876.061	30.38
30.38	86.2	kafka-001	203	91.12	88.79	78698.094	88.01	2019-04-23T11:20:49.21652806Z	874.631	30.38
30.38	86.14	kafka-001	203	88.79	85.73	79733.848	88.01	2019-04-23T11:20:56.228476466Z	1214.71	30.38
30.38	86.22	kafka-001	204	85.73	80.61	78649.431	88.07	2019-04-23T11:21:03.248652154Z	880.502	30.38
30.38	85.84	kafka-001	205	80.61	92.24	79828.231	88.19	2019-04-23T11:21:10.256752881Z	1224.507	30.38
30.38	88.54	kafka-001	205	92.24	92.83	79932.923	87.39	2019-04-23T11:21:17.274737823Z	892.252	30.38
30.38	88.55	kafka-001	206	92.83	74.24	78922.072	87.49	2019-04-23T11:21:24.284049296Z	893.686	30.38
30.38	85.74	kafka-001	206	74.24	83.77	78952.49	87.55	2019-04-23T11:21:31.297109994Z	1226.979	30.38
30.38	84.9	kafka-001	207	83.77	87.28	78966.105	87.63	2019-04-23T11:21:38.315665706Z	891.185	30.38
30.38	85.16	kafka-001	207	87.28	68.89	80064.468	87.75	2019-04-23T11:21:45.330702826Z	1233.979	30.38
30.38	83.21	kafka-001	208	68.89	90.65	79669.578	87.85	2019-04-23T11:21:52.339759463Z	898.803	30.38
30.38	82.94	kafka-001	209	90.65	89.97	89037.925	88.18	2019-04-23T11:21:59.362849682Z	931.173	30.38
30.38	82.47	kafka-001	209	89.97	100.36	94532.756	87.74	2019-04-23T11:22:06.374103343Z	1294.233	30.38
30.38	86.82	kafka-001	210	100.36	99.4	97080.789	87.36	2019-04-23T11:22:13.388403429Z	954.271	30.38
30.38	89.42	kafka-001	210	99.4	103.41	96918.979	87.88	2019-04-23T11:22:20.408019967Z	1291.384	30.38
30.38	92.11	kafka-001	211	103.41	68.69	94786.983	87.45	2019-04-23T11:22:27.423945602Z	943.678	30.38
30.38	92.08	kafka-001	212	68.69	106.22	96389.716	87.95	2019-04-23T11:22:34.43583077Z	952.662	30.38
30.38	94.68	kafka-001	212	106.22	99.44	96076.131	87.56	2019-04-23T11:22:41.448101833Z	1297.942	30.38
30.38	96.25	kafka-001	213	99.44	102.63	95633.663	88.05	2019-04-23T11:22:48.4621651Z	961.838	30.38
30.38	96.63	kafka-001	213	102.63	100.43	97769.861	87.69	2019-04-23T11:22:55.477380805Z	1304.913	30.38
30.38	96.8	kafka-001	214	100.43	99.76	96485.425	88.19	2019-04-23T11:23:02.489858434Z	963.691	30.38
30.38	96.2	kafka-001	214	99.76	78.23	96662.086	87.36	2019-04-23T11:23:09.504899576Z	968.233	30.38
30.38	97.79	kafka-001	215	78.23	95.25	96347.732	87.64	2019-04-23T11:23:16.521058579Z	1312.2	30.38
30.38	95.96	kafka-001	215	95.25	92.48	96775.265	88.15	2019-04-23T11:23:23.53906696Z	968.419	30.38
30.38	94.8	kafka-001	216	92.48	97.83	96096.515	87.75	2019-04-23T11:23:30.552329732Z	1322.574	30.38
30.38	94.0	kafka-001	217	97.83	92.78	95986.04	87.39	2019-04-23T11:23:37.567969631Z	968.122	30.38
30.38	92.72	kafka-001	217	92.78	103.03	96487.05	87.85	2019-04-23T11:23:44.579876043Z	973.882	30.38
30.38	93.27	kafka-001	218	103.03	93.96	94617.224	87.41	2019-04-23T11:23:51.594814394Z	1320.107	30.38
30.38	95.89	kafka-001	218	93.96	101.26	96521.675	87.93	2019-04-23T11:23:58.606612885Z	981.087	30.38
30.38	96.89	kafka-001	219	101.26	89.3	96983.302	87.55	2019-04-23T11:24:05.620325023Z	1341.879	30.38
30.38	96.36	kafka-001	219	89.3	103.95	102571.988	88.2	2019-04-23T11:24:12.633512413Z	996.724	30.38
30.38	97.38	kafka-001	220	103.95	107.03	113173.541	88.21	2019-04-23T11:24:19.646409886Z	1020.381	30.38
30.38	99.75	kafka-001	220	107.03	108.94	112766.395	88.21	2019-04-23T11:24:26.658307756Z	1381.844	30.38
30.38	100.74	kafka-001	220	108.94	104.38	110932.179	88.17	2019-04-23T11:24:33.670862679Z	1024.456	30.38
30.38	102.48	kafka-001	220	104.38	115.78	112526.094	88.15	2019-04-23T11:24:40.685415694Z	1389.387	30.38
30.38	104.9	kafka-001	220	115.78	109.67	112215.684	87.69	2019-04-23T11:24:47.698509076Z	1029.451	30.38
30.38	108.29	kafka-001	220	109.67	111.88	111355.256	87.65	2019-04-23T11:24:54.710583038Z	1031.675	30.38
30.38	109.61	kafka-001	220	111.88	100.81	113712.357	87.66	2019-04-23T11:25:01.724087673Z	1384.19	30.38
30.38	108.58	kafka-001	220	100.81	106.32	111933.19	87.65	2019-04-23T11:25:08.73674257Z	1029.152	30.38
30.38	108.14	kafka-001	220	106.32	101.07	113393.244	87.67	2019-04-23T11:25:15.746693285Z	1387.008	30.38
30.38	107.59	kafka-001	220	101.07	102.64	111285.398	87.42	2019-04-23T11:25:22.762296974Z	1028.31	30.38
30.38	105.4	kafka-001	220	102.64	86.51	114078.552	87.43	2019-04-23T11:25:29.77329859Z	1031.721	30.38
30.38	101.54	kafka-001	220	86.51	100.75	112327.93	87.43	2019-04-23T11:25:36.786920283Z	1384.325	30.38
