host_moving_avg_cpu	memory_rss%	name	net_send	timestamp	host_cpu	memory_active_anon%	net_receive	sensor_count	memory%	container_cpu%
nan	11.82	kafka-001	296263.537	2019-04-23T03:40:03.907764084Z	0	11.82	513125.835	2	17.72	1.77
nan	11.82	kafka-001	31.193	2019-04-23T03:40:10.919514968Z	1.77	11.82	8040.802	6	17.82	7.38
nan	11.82	kafka-001	79.256	2019-04-23T03:40:17.930721295Z	7.38	11.82	22652.112	10	18.09	14.82
nan	11.82	kafka-001	105.862	2019-04-23T03:40:24.943230597Z	14.82	11.82	30548.903	13	18.45	17.09
nan	11.82	kafka-001	127.511	2019-04-23T03:40:31.9558186Z	17.09	11.82	37239.939	17	18.9	20.14
10.2	11.82	kafka-001	137.166	2019-04-23T03:40:38.9667413Z	20.14	11.82	38953.835	20	19.36	21.16
13.73	11.82	kafka-001	142.263	2019-04-23T03:40:45.977918025Z	21.16	11.82	39462.951	23	19.83	23.49
17.35	11.82	kafka-001	145.243	2019-04-23T03:40:52.988809942Z	23.49	11.82	39342.878	26	20.3	22.38
19.85	11.82	kafka-001	147.127	2019-04-23T03:41:00.000714043Z	22.38	11.82	39356.5	28	20.77	21.97
21.04	11.82	kafka-001	153.395	2019-04-23T03:41:07.012771313Z	21.97	11.82	39109.42	31	21.23	24.43
22.26	11.82	kafka-001	160.873	2019-04-23T03:41:14.025176426Z	24.43	11.82	39589.297	33	21.71	21.33
22.46	11.82	kafka-001	165.06	2019-04-23T03:41:21.036765444Z	21.33	11.82	40246.555	36	22.18	23.64
22.87	11.82	kafka-001	169.006	2019-04-23T03:41:28.048173987Z	23.64	11.82	40446.5	38	22.66	24.71
23.08	11.82	kafka-001	167.064	2019-04-23T03:41:35.06635245Z	24.71	11.82	39203.732	40	23.13	23.77
23.31	11.82	kafka-001	167.603	2019-04-23T03:41:42.077425234Z	23.77	11.82	38816.714	42	23.59	20.87
23.13	11.82	kafka-001	179.929	2019-04-23T03:41:49.088612822Z	20.87	11.82	40599.113	44	24.08	24.26
23.1	11.82	kafka-001	180.365	2019-04-23T03:41:56.097079024Z	24.26	11.82	39594.218	46	24.55	22.57
23.3	11.82	kafka-001	180.969	2019-04-23T03:42:03.10899749Z	22.57	11.82	39482.629	48	25.01	25.89
23.68	11.82	kafka-001	187.001	2019-04-23T03:42:10.122341446Z	25.89	11.82	40750.433	50	25.5	24.08
23.57	11.82	kafka-001	187.999	2019-04-23T03:42:17.133902457Z	24.08	11.82	39431.277	52	25.97	28.03
24.28	11.82	kafka-001	193.032	2019-04-23T03:42:24.151041609Z	28.03	11.82	40005.261	54	26.44	23.64
24.75	11.82	kafka-001	197.775	2019-04-23T03:42:31.186827335Z	23.64	11.82	40787.355	55	26.93	29.06
25.55	11.82	kafka-001	196.045	2019-04-23T03:42:38.22154029Z	29.06	11.82	39053.375	57	27.39	24.04
25.79	11.82	kafka-001	207.14	2019-04-23T03:42:45.260367999Z	24.04	11.82	41222.025	59	27.88	29.12
26.33	11.82	kafka-001	205.978	2019-04-23T03:42:52.293056747Z	29.12	11.82	39640.85	60	28.35	27.21
26.85	11.82	kafka-001	210.42	2019-04-23T03:42:59.324536994Z	27.21	11.82	40851.538	62	28.84	26.9
26.66	11.82	kafka-001	209.062	2019-04-23T03:43:06.356083052Z	26.9	11.82	38888.391	64	29.3	31.02
27.89	11.82	kafka-001	222.71	2019-04-23T03:43:13.389262509Z	31.02	11.82	41193.443	65	29.79	29.22
27.92	11.82	kafka-001	244.522	2019-04-23T03:43:20.422649758Z	29.22	11.82	40035.099	67	30.26	28.19
28.61	11.82	kafka-001	4509.859	2019-04-23T03:43:27.459199905Z	28.19	11.82	40737.375	68	30.75	30.46
28.83	11.83	kafka-001	4511.173	2019-04-23T03:43:34.507825212Z	30.46	11.83	40319.06	70	31.22	30.13
29.32	11.83	kafka-001	225.629	2019-04-23T03:43:41.539373749Z	30.13	11.83	40002.559	71	31.7	31.79
30.14	11.82	kafka-001	229.076	2019-04-23T03:43:48.57651522Z	31.79	11.82	40467.552	73	32.18	30.86
30.11	11.82	kafka-001	232.451	2019-04-23T03:43:55.612681621Z	30.86	11.82	39971.035	74	32.66	28.02
29.91	11.82	kafka-001	1306.501	2019-04-23T03:44:02.648021616Z	28.02	11.82	40352.43	76	33.13	31.31
30.43	11.82	kafka-001	3441.946	2019-04-23T03:44:09.684175912Z	31.31	11.82	38075.211	77	33.59	32.23
30.72	11.82	kafka-001	246.86	2019-04-23T03:44:16.72302945Z	32.23	11.82	39536.335	78	34.06	34.48
31.45	11.87	kafka-001	1318.928	2019-04-23T03:44:23.76168983Z	34.48	11.87	42060.911	80	34.6	33.0
31.65	11.88	kafka-001	242.418	2019-04-23T03:44:30.801063642Z	33.0	11.88	39634.777	81	35.08	31.59
31.77	11.88	kafka-001	248.245	2019-04-23T03:44:37.838637329Z	31.59	11.88	40748.98	83	35.56	33.36
32.66	11.88	kafka-001	247.342	2019-04-23T03:44:44.875449517Z	33.36	11.88	40255.672	84	36.04	32.14
32.8	11.88	kafka-001	247.32	2019-04-23T03:44:51.909305486Z	32.14	11.88	39421.078	85	36.51	29.0
32.26	11.88	kafka-001	254.936	2019-04-23T03:44:58.942488941Z	29.0	11.88	41033.049	87	37.0	33.0
32.02	11.88	kafka-001	257.356	2019-04-23T03:45:05.975321455Z	33.0	11.88	40514.467	88	37.48	34.33
32.24	11.88	kafka-001	249.756	2019-04-23T03:45:13.01232824Z	34.33	11.88	38664.592	89	37.93	34.44
32.71	11.88	kafka-001	255.984	2019-04-23T03:45:20.052073967Z	34.44	11.88	39732.775	90	38.41	32.66
32.6	11.88	kafka-001	262.978	2019-04-23T03:45:27.088590356Z	32.66	11.88	41175.209	92	38.89	35.83
33.21	12.08	kafka-001	259.783	2019-04-23T03:45:34.121968497Z	35.83	12.08	39828.158	93	39.57	35.31
34.26	12.43	kafka-001	267.196	2019-04-23T03:45:41.163866745Z	35.31	12.43	40038.541	94	40.39	33.31
34.31	12.43	kafka-001	271.962	2019-04-23T03:45:48.201563305Z	33.31	12.43	41433.264	95	40.88	35.41
34.49	12.43	kafka-001	267.377	2019-04-23T03:45:55.237670884Z	35.41	12.43	39997.642	96	41.36	35.88
34.73	12.43	kafka-001	271.806	2019-04-23T03:46:02.273895274Z	35.88	12.43	40809.79	98	41.84	34.57
35.05	12.43	kafka-001	270.76	2019-04-23T03:46:09.310422564Z	34.57	12.43	39883.087	99	42.31	34.97
34.91	12.43	kafka-001	278.916	2019-04-23T03:46:16.34505136Z	34.97	12.43	40186.851	100	42.79	37.89
35.34	12.43	kafka-001	306.857	2019-04-23T03:46:23.383612535Z	37.89	12.43	47653.116	102	43.36	45.28
37.33	12.43	kafka-001	327.216	2019-04-23T03:46:30.417580016Z	45.28	12.43	57204.483	103	44.03	42.05
38.44	12.43	kafka-001	335.514	2019-04-23T03:46:37.450679739Z	42.05	12.43	59074.299	104	44.73	45.3
40.01	12.43	kafka-001	373.562	2019-04-23T03:46:44.485047629Z	45.3	12.43	70979.312	106	45.58	43.48
41.5	12.43	kafka-001	369.875	2019-04-23T03:46:51.516916932Z	43.48	12.43	69617.526	107	46.4	45.91
43.32	12.43	kafka-001	397.06	2019-04-23T03:46:58.550176158Z	45.91	12.43	77180.42	108	47.33	53.19
45.87	12.43	kafka-001	405.735	2019-04-23T03:47:05.585056925Z	53.19	12.43	79492.199	110	48.27	51.75
46.95	12.43	kafka-001	416.175	2019-04-23T03:47:12.622088732Z	51.75	12.43	83805.337	111	49.27	56.08
49.28	12.43	kafka-001	436.161	2019-04-23T03:47:19.657747627Z	56.08	12.43	90703.644	111	50.35	58.36
51.46	12.43	kafka-001	442.275	2019-04-23T03:47:26.692653304Z	58.36	12.43	91639.036	111	51.44	62.22
54.58	12.43	kafka-001	440.529	2019-04-23T03:47:33.728130411Z	62.22	12.43	93116.214	111	52.54	61.04
57.11	12.43	kafka-001	435.173	2019-04-23T03:47:40.76923028Z	61.04	12.43	91481.613	111	53.63	59.75
58.2	12.43	kafka-001	445.071	2019-04-23T03:47:47.807051064Z	59.75	12.43	91774.229	111	54.72	57.61
59.18	12.43	kafka-001	429.359	2019-04-23T03:47:54.841737631Z	57.61	12.43	89146.667	111	55.78	57.07
59.34	12.43	kafka-001	429.307	2019-04-23T03:48:01.876936007Z	57.07	12.43	87091.018	111	56.81	60.77
59.74	12.43	kafka-001	444.482	2019-04-23T03:48:08.913638539Z	60.77	12.43	91742.028	111	57.9	58.6
59.14	12.43	kafka-001	433.452	2019-04-23T03:48:15.950658876Z	58.6	12.43	91033.501	111	58.98	52.04
57.64	12.43	kafka-001	441.563	2019-04-23T03:48:22.986919647Z	52.04	12.43	92315.145	111	60.08	58.82
57.48	12.43	kafka-001	416.655	2019-04-23T03:48:30.022385866Z	58.82	12.43	82820.863	111	61.06	44.02
55.22	12.43	kafka-001	429.187	2019-04-23T03:48:37.060321169Z	44.02	12.43	88258.039	111	62.12	59.46
