net_receive	container_cpu%	memory%	host_moving_avg_cpu	sensor_count	net_send	memory_active_anon%	host_cpu	memory_rss%	name	timestamp
793568.215	3.02	74.82	nan	2	346749.437	38.06	0	38.08	cassandra-001	2018-08-17T02:10:46.115138339Z
4.904	1.2	74.82	nan	7	0.79	38.08	3.02	38.08	cassandra-001	2018-08-17T02:10:53.126304007Z
23.255	4.6	74.83	nan	12	3.291	38.08	1.2	38.08	cassandra-001	2018-08-17T02:11:00.132448623Z
16.219	1.24	74.83	nan	16	1.776	38.08	4.6	38.08	cassandra-001	2018-08-17T02:11:07.138673946Z
20.772	2.78	74.83	nan	19	2.448	38.08	1.24	38.08	cassandra-001	2018-08-17T02:11:14.153428163Z
50.937	1.29	74.83	2.14	23	5.316	38.08	2.78	38.08	cassandra-001	2018-08-17T02:11:21.16157274Z
30.286	1.14	74.83	2.36	26	3.329	38.08	1.29	38.08	cassandra-001	2018-08-17T02:11:28.171161395Z
69.998	6.64	74.83	2.04	29	8.188	38.08	1.14	38.08	cassandra-001	2018-08-17T02:11:35.178022676Z
39.403	1.28	74.83	2.95	32	4.832	38.09	6.64	38.09	cassandra-001	2018-08-17T02:11:42.186256526Z
40.25	1.16	74.83	2.4	34	4.026	38.09	1.28	38.09	cassandra-001	2018-08-17T02:11:49.192882624Z
88.005	1.16	74.83	2.38	37	9.897	38.09	1.16	38.09	cassandra-001	2018-08-17T02:11:56.202459787Z
47.886	1.41	74.84	2.11	39	4.446	38.09	1.16	38.09	cassandra-001	2018-08-17T02:12:03.21061417Z
100.908	6.71	74.83	2.13	42	9.788	38.09	1.41	38.09	cassandra-001	2018-08-17T02:12:10.219416333Z
51.603	1.11	74.84	3.06	44	6.622	38.09	6.71	38.09	cassandra-001	2018-08-17T02:12:17.227285004Z
56.709	1.17	74.83	2.14	46	6.516	38.09	1.11	38.09	cassandra-001	2018-08-17T02:12:24.233771775Z
118.766	1.15	74.84	2.12	48	12.277	38.09	1.17	38.09	cassandra-001	2018-08-17T02:12:31.240889711Z
61.957	1.29	74.84	2.12	50	6.316	38.09	1.15	38.09	cassandra-001	2018-08-17T02:12:38.248525976Z
130.816	7.42	74.84	2.14	53	14.584	38.09	1.29	38.09	cassandra-001	2018-08-17T02:12:45.256308851Z
68.793	1.21	74.84	3.14	55	8.136	38.09	7.42	38.09	cassandra-001	2018-08-17T02:12:52.267043368Z
65.704	1.21	74.84	2.23	57	6.907	38.09	1.21	38.09	cassandra-001	2018-08-17T02:12:59.274387188Z
138.068	1.08	74.84	2.24	59	14.17	38.09	1.21	38.09	cassandra-001	2018-08-17T02:13:06.28250693Z
75.699	1.44	74.84	2.23	61	9.216	38.09	1.08	38.09	cassandra-001	2018-08-17T02:13:13.289916707Z
154.241	8.45	74.84	2.28	63	14.272	38.09	1.44	38.09	cassandra-001	2018-08-17T02:13:20.298298925Z
79.429	1.14	74.84	3.47	64	7.247	38.09	8.45	38.09	cassandra-001	2018-08-17T02:13:27.305802314Z
81.041	1.28	74.84	2.42	66	7.234	38.09	1.14	38.09	cassandra-001	2018-08-17T02:13:34.313853987Z
165.054	1.09	74.84	2.43	68	13.674	38.09	1.28	38.09	cassandra-001	2018-08-17T02:13:41.32336226Z
84.918	1.19	74.84	2.41	70	6.942	38.09	1.09	38.09	cassandra-001	2018-08-17T02:13:48.3322556Z
172.704	11.26	74.84	2.43	71	16.535	38.09	1.19	38.09	cassandra-001	2018-08-17T02:13:55.342416907Z
89.928	1.16	74.84	4.07	73	7.244	38.09	11.26	38.09	cassandra-001	2018-08-17T02:14:02.353995164Z
90.723	1.16	74.84	2.85	75	6.874	38.09	1.16	38.09	cassandra-001	2018-08-17T02:14:09.362114482Z
182.611	1.21	74.84	2.86	76	14.288	38.09	1.16	38.09	cassandra-001	2018-08-17T02:14:16.37009382Z
94.497	1.26	74.84	2.84	78	9.394	38.09	1.21	38.09	cassandra-001	2018-08-17T02:14:23.379952516Z
197.073	9.48	74.84	2.87	79	19.221	38.09	1.26	38.09	cassandra-001	2018-08-17T02:14:30.388323092Z
100.263	1.25	74.84	4.26	81	8.838	38.09	9.48	38.09	cassandra-001	2018-08-17T02:14:37.398220118Z
98.606	3.01	74.84	2.59	82	9.128	38.09	1.25	38.09	cassandra-001	2018-08-17T02:14:44.408534708Z
206.605	1.35	74.84	2.9	84	20.644	38.09	3.01	38.09	cassandra-001	2018-08-17T02:14:51.419501561Z
106.276	1.09	74.84	2.93	85	10.433	38.09	1.35	38.09	cassandra-001	2018-08-17T02:14:58.426121778Z
210.379	13.82	74.85	2.91	87	22.054	38.09	1.09	38.09	cassandra-001	2018-08-17T02:15:05.433714349Z
110.385	1.22	74.85	5.0	88	11.594	38.09	13.82	38.09	cassandra-001	2018-08-17T02:15:12.443000755Z
109.993	1.26	74.85	3.62	90	10.168	38.09	1.22	38.09	cassandra-001	2018-08-17T02:15:19.450299259Z
224.935	1.07	74.85	3.62	91	21.047	38.09	1.26	38.09	cassandra-001	2018-08-17T02:15:26.457909554Z
113.288	1.23	74.85	3.3	93	9.19	38.09	1.07	38.09	cassandra-001	2018-08-17T02:15:33.470501001Z
230.98	11.64	74.85	3.28	94	19.844	38.09	1.23	38.09	cassandra-001	2018-08-17T02:15:40.481592085Z
117.547	1.3	74.85	5.04	95	13.162	38.09	11.64	38.09	cassandra-001	2018-08-17T02:15:47.490023973Z
111.88	1.15	74.85	2.95	97	10.812	38.09	1.3	38.09	cassandra-001	2018-08-17T02:15:54.497827793Z
238.271	1.1	74.85	2.94	98	18.639	38.09	1.15	38.09	cassandra-001	2018-08-17T02:16:01.506260224Z
121.896	1.17	74.85	2.92	100	9.504	38.09	1.1	38.09	cassandra-001	2018-08-17T02:16:08.514903638Z
253.933	11.05	74.86	2.93	101	29.316	38.09	1.17	38.09	cassandra-001	2018-08-17T02:16:15.522025317Z
128.473	1.04	74.86	4.57	102	14.796	38.09	11.05	38.09	cassandra-001	2018-08-17T02:16:22.5285637Z
129.753	1.43	74.85	2.8	103	14.663	38.09	1.04	38.09	cassandra-001	2018-08-17T02:16:29.537479214Z
263.23	1.14	74.86	2.82	105	29.59	38.09	1.43	38.09	cassandra-001	2018-08-17T02:16:36.546728018Z
126.471	1.32	74.86	2.82	106	15.164	38.09	1.14	38.09	cassandra-001	2018-08-17T02:16:43.55568193Z
271.852	11.78	74.86	2.86	107	31.66	38.09	1.32	38.09	cassandra-001	2018-08-17T02:16:50.5640184Z
136.569	1.19	74.86	4.63	109	15.611	38.09	11.78	38.09	cassandra-001	2018-08-17T02:16:57.57621586Z
140.144	1.17	74.86	2.98	110	16.258	38.09	1.19	38.09	cassandra-001	2018-08-17T02:17:04.584946216Z
277.037	1.1	74.86	3.01	111	30.958	38.09	1.17	38.09	cassandra-001	2018-08-17T02:17:11.593114903Z
139.403	1.15	74.86	2.95	112	16.508	38.09	1.1	38.09	cassandra-001	2018-08-17T02:17:18.598880236Z
278.919	33.33	74.87	2.95	113	33.067	38.09	1.15	38.09	cassandra-001	2018-08-17T02:17:25.606047306Z
143.245	1.1	74.86	8.29	115	16.322	38.09	33.33	38.09	cassandra-001	2018-08-17T02:17:32.614101794Z
142.77	1.18	74.86	6.51	116	16.256	38.09	1.1	38.09	cassandra-001	2018-08-17T02:17:39.623027856Z
295.854	1.11	74.87	6.5	117	34.702	38.09	1.18	38.09	cassandra-001	2018-08-17T02:17:46.631411214Z
150.031	1.12	74.87	6.5	118	17.72	38.09	1.11	38.09	cassandra-001	2018-08-17T02:17:53.638904251Z
294.87	13.61	74.87	6.5	119	33.683	38.09	1.12	38.09	cassandra-001	2018-08-17T02:18:00.648447249Z
150.58	1.22	74.87	8.57	120	17.112	38.09	13.61	38.09	cassandra-001	2018-08-17T02:18:07.654842127Z
152.063	2.92	74.87	3.22	121	17.93	38.09	1.22	38.09	cassandra-001	2018-08-17T02:18:14.661301655Z
307.009	1.18	74.87	3.53	122	31.714	38.09	2.92	38.09	cassandra-001	2018-08-17T02:18:21.671500774Z
156.262	1.2	74.87	3.53	124	17.849	38.09	1.18	38.09	cassandra-001	2018-08-17T02:18:28.680455555Z
307.047	16.1	74.87	3.54	125	28.782	38.09	1.2	38.09	cassandra-001	2018-08-17T02:18:35.690414686Z
154.316	1.07	74.87	6.04	126	15.024	38.09	16.1	38.09	cassandra-001	2018-08-17T02:18:42.697270139Z
157.127	1.21	74.87	3.95	127	14.984	38.09	1.07	38.09	cassandra-001	2018-08-17T02:18:49.706828567Z
314.863	1.21	74.87	3.95	128	26.667	38.09	1.21	38.09	cassandra-001	2018-08-17T02:18:56.715153159Z
154.921	1.57	74.87	3.66	129	13.188	38.09	1.21	38.09	cassandra-001	2018-08-17T02:19:03.724843341Z
321.443	13.52	74.88	3.73	130	27.378	38.09	1.57	38.09	cassandra-001	2018-08-17T02:19:10.73368491Z
162.129	1.07	74.88	5.78	131	13.966	38.09	13.52	38.09	cassandra-001	2018-08-17T02:19:17.74137561Z
165.92	1.1	74.88	3.27	132	16.566	38.09	1.07	38.09	cassandra-001	2018-08-17T02:19:24.748394049Z
331.564	1.17	74.88	3.28	133	28.365	38.09	1.1	38.09	cassandra-001	2018-08-17T02:19:31.755913535Z
166.717	1.08	74.88	3.27	134	13.912	38.09	1.17	38.09	cassandra-001	2018-08-17T02:19:38.76634481Z
337.139	14.76	74.88	3.25	136	30.08	38.09	1.08	38.09	cassandra-001	2018-08-17T02:19:45.776458972Z
169.419	1.15	74.88	5.45	137	14.98	38.09	14.76	38.09	cassandra-001	2018-08-17T02:19:52.783147236Z
171.418	1.2	74.88	3.39	138	18.477	38.09	1.15	38.09	cassandra-001	2018-08-17T02:19:59.789688259Z
344.595	1.12	74.88	3.41	139	35.912	38.09	1.2	38.09	cassandra-001	2018-08-17T02:20:06.797212347Z
172.316	1.11	74.88	3.41	140	18.556	38.09	1.12	38.09	cassandra-001	2018-08-17T02:20:13.804057044Z
348.845	13.19	74.89	3.4	141	36.887	38.09	1.11	38.09	cassandra-001	2018-08-17T02:20:20.811516679Z
179.999	1.23	74.89	5.42	142	18.581	38.09	13.19	38.09	cassandra-001	2018-08-17T02:20:27.81849877Z
179.662	1.27	74.89	3.17	143	21.67	38.09	1.23	38.09	cassandra-001	2018-08-17T02:20:34.825230752Z
359.476	1.09	74.89	3.19	144	38.35	38.09	1.27	38.09	cassandra-001	2018-08-17T02:20:41.834111286Z
182.962	1.12	74.89	3.17	145	20.534	38.09	1.09	38.09	cassandra-001	2018-08-17T02:20:48.840567688Z
365.648	17.66	74.89	3.17	146	41.357	38.09	1.12	38.09	cassandra-001	2018-08-17T02:20:55.849314982Z
181.109	1.72	74.89	5.93	147	21.378	38.09	17.66	38.09	cassandra-001	2018-08-17T02:21:02.85716723Z
185.494	1.1	74.89	4.01	148	21.272	38.09	1.72	38.09	cassandra-001	2018-08-17T02:21:09.866512094Z
370.073	1.12	74.9	3.99	149	41.184	38.09	1.1	38.09	cassandra-001	2018-08-17T02:21:16.876644095Z
183.575	1.18	74.89	3.97	150	18.42	38.09	1.12	38.09	cassandra-001	2018-08-17T02:21:23.883513236Z
374.491	17.31	74.9	3.98	151	37.829	38.09	1.18	38.09	cassandra-001	2018-08-17T02:21:30.890075163Z
184.931	1.11	74.9	6.68	152	14.182	38.09	17.31	38.09	cassandra-001	2018-08-17T02:21:37.898717304Z
187.009	3.94	74.9	3.92	153	13.984	38.09	1.11	38.09	cassandra-001	2018-08-17T02:21:44.907919729Z
383.383	1.17	74.9	4.29	154	36.164	38.09	3.94	38.09	cassandra-001	2018-08-17T02:21:51.923478652Z
194.865	1.17	74.9	4.3	155	19.975	38.09	1.17	38.09	cassandra-001	2018-08-17T02:21:58.932088928Z
385.109	15.08	74.9	4.31	155	35.872	38.09	1.17	38.09	cassandra-001	2018-08-17T02:22:05.93917126Z
195.524	1.11	74.9	6.63	156	18.972	38.09	15.08	38.09	cassandra-001	2018-08-17T02:22:12.946387047Z
193.305	1.18	74.9	3.93	157	15.17	38.09	1.11	38.09	cassandra-001	2018-08-17T02:22:19.954881732Z
387.773	1.11	74.91	3.94	158	35.513	38.09	1.18	38.09	cassandra-001	2018-08-17T02:22:26.963880633Z
198.286	1.1	74.9	3.47	159	17.268	38.09	1.11	38.09	cassandra-001	2018-08-17T02:22:33.975237286Z
398.721	16.78	74.91	3.46	160	35.05	38.09	1.1	38.09	cassandra-001	2018-08-17T02:22:40.983421724Z
201.413	1.17	74.91	6.06	161	17.716	38.09	16.78	38.09	cassandra-001	2018-08-17T02:22:47.991948869Z
201.491	1.07	74.91	3.74	162	20.712	38.09	1.17	38.09	cassandra-001	2018-08-17T02:22:55.002603091Z
408.221	1.09	74.91	3.74	163	37.067	38.09	1.07	38.09	cassandra-001	2018-08-17T02:23:02.00912928Z
203.849	1.13	74.91	3.72	164	18.982	38.09	1.09	38.09	cassandra-001	2018-08-17T02:23:09.019398156Z
414.479	17.0	74.91	3.72	165	44.392	38.09	1.13	38.09	cassandra-001	2018-08-17T02:23:16.026606014Z
203.133	1.18	74.91	6.37	165	16.526	38.09	17.0	38.09	cassandra-001	2018-08-17T02:23:23.033340499Z
206.653	1.13	74.91	3.77	166	18.809	38.09	1.18	38.09	cassandra-001	2018-08-17T02:23:30.040516779Z
413.945	1.09	74.92	3.77	167	40.232	38.09	1.13	38.09	cassandra-001	2018-08-17T02:23:37.049508833Z
209.17	1.08	74.91	3.77	168	22.465	38.09	1.09	38.09	cassandra-001	2018-08-17T02:23:44.058040147Z
418.327	18.7	74.92	3.77	169	40.666	38.09	1.08	38.09	cassandra-001	2018-08-17T02:23:51.0679311Z
207.508	1.16	74.92	6.7	170	21.817	38.09	18.7	38.09	cassandra-001	2018-08-17T02:23:58.076058672Z
227.679	2.34	74.92	4.06	170	21.232	38.09	1.16	38.09	cassandra-001	2018-08-17T02:24:05.082586965Z
412.132	1.12	74.92	4.25	171	37.382	38.09	2.34	38.09	cassandra-001	2018-08-17T02:24:12.089056605Z
213.866	1.12	74.92	4.25	172	17.078	38.09	1.12	38.09	cassandra-001	2018-08-17T02:24:19.096795102Z
423.917	12.39	74.92	4.25	173	41.837	38.09	1.12	38.09	cassandra-001	2018-08-17T02:24:26.103710528Z
216.713	1.07	74.92	6.14	174	23.928	38.09	12.39	38.09	cassandra-001	2018-08-17T02:24:33.110564335Z
423.481	14.95	74.93	3.2	175	40.984	38.09	1.07	38.09	cassandra-001	2018-08-17T02:24:40.11692554Z
231.276	1.19	74.93	5.5	175	20.014	38.09	14.95	38.09	cassandra-001	2018-08-17T02:24:47.12467879Z
214.396	1.17	74.93	5.31	176	16.126	38.09	1.19	38.09	cassandra-001	2018-08-17T02:24:54.132373713Z
438.051	5.4	74.93	5.32	177	35.537	38.09	1.17	38.09	cassandra-001	2018-08-17T02:25:01.140464753Z
217.833	1.13	74.93	6.03	178	20.996	38.09	5.4	38.09	cassandra-001	2018-08-17T02:25:08.147511729Z
442.687	18.41	74.93	4.15	179	44.486	38.09	1.13	38.09	cassandra-001	2018-08-17T02:25:15.154754014Z
222.271	1.14	74.93	7.04	180	18.21	38.09	18.41	38.09	cassandra-001	2018-08-17T02:25:22.161856588Z
221.815	1.07	74.94	4.74	180	20.427	38.09	1.14	38.09	cassandra-001	2018-08-17T02:25:29.168446377Z
453.339	1.16	74.94	4.72	181	43.428	38.09	1.07	38.09	cassandra-001	2018-08-17T02:25:36.176689837Z
231.56	1.08	74.94	4.72	182	24.994	38.09	1.16	38.09	cassandra-001	2018-08-17T02:25:43.18648415Z
463.876	19.92	74.94	4.0	183	46.462	38.09	1.08	38.09	cassandra-001	2018-08-17T02:25:50.195393224Z
225.968	1.19	74.94	7.13	184	18.63	38.09	19.92	38.09	cassandra-001	2018-08-17T02:25:57.204804895Z
228.582	1.19	74.94	4.26	184	22.564	38.09	1.19	38.09	cassandra-001	2018-08-17T02:26:04.216234585Z
456.355	1.14	74.94	4.27	185	46.038	38.09	1.19	38.09	cassandra-001	2018-08-17T02:26:11.225457835Z
229.091	1.11	74.94	4.28	186	20.544	38.09	1.14	38.09	cassandra-001	2018-08-17T02:26:18.234386977Z
461.108	21.59	74.95	4.27	187	38.037	38.09	1.11	38.09	cassandra-001	2018-08-17T02:26:25.241517737Z
231.092	1.11	74.94	7.69	188	23.104	38.09	21.59	38.09	cassandra-001	2018-08-17T02:26:32.248573241Z
236.386	1.23	74.95	4.56	188	24.912	38.09	1.11	38.09	cassandra-001	2018-08-17T02:26:39.257312034Z
472.795	1.23	74.95	4.56	189	50.642	38.09	1.23	38.09	cassandra-001	2018-08-17T02:26:46.268502384Z
232.521	1.26	74.95	4.57	190	18.8	38.09	1.23	38.09	cassandra-001	2018-08-17T02:26:53.278090897Z
469.564	17.53	74.95	4.59	191	33.731	38.09	1.26	38.09	cassandra-001	2018-08-17T02:27:00.285489691Z
244.368	1.17	74.95	7.32	192	25.914	38.09	17.53	38.09	cassandra-001	2018-08-17T02:27:07.295372376Z
236.565	3.56	74.95	3.92	192	23.234	38.09	1.17	38.09	cassandra-001	2018-08-17T02:27:14.303832122Z
479.937	1.15	74.95	4.33	193	41.148	38.08	3.56	38.08	cassandra-001	2018-08-17T02:27:21.316598247Z
238.97	1.16	74.95	4.32	194	20.461	38.08	1.15	38.08	cassandra-001	2018-08-17T02:27:28.325985473Z
482.752	20.85	74.95	4.31	195	45.978	38.08	1.16	38.08	cassandra-001	2018-08-17T02:27:35.333856585Z
246.365	1.32	74.95	7.57	196	26.942	38.08	20.85	38.08	cassandra-001	2018-08-17T02:27:42.344805647Z
246.074	1.1	74.95	4.87	196	26.876	38.08	1.32	38.08	cassandra-001	2018-08-17T02:27:49.352840887Z
495.82	1.17	74.96	4.86	197	56.971	38.08	1.1	38.08	cassandra-001	2018-08-17T02:27:56.360411791Z
249.208	1.27	74.95	4.46	198	22.44	38.08	1.17	38.08	cassandra-001	2018-08-17T02:28:03.369749486Z
499.282	19.5	74.96	4.48	199	49.09	38.08	1.27	38.08	cassandra-001	2018-08-17T02:28:10.382225829Z
248.931	1.07	74.96	7.54	199	26.65	38.08	19.5	38.08	cassandra-001	2018-08-17T02:28:17.390473383Z
251.458	1.08	74.96	4.24	200	30.61	38.08	1.07	38.08	cassandra-001	2018-08-17T02:28:24.397350906Z
505.864	1.15	74.96	4.2	201	59.595	38.08	1.08	38.08	cassandra-001	2018-08-17T02:28:31.405173815Z
256.576	1.16	74.96	4.21	202	30.728	38.08	1.15	38.08	cassandra-001	2018-08-17T02:28:38.415358866Z
503.68	23.04	74.97	4.21	202	58.261	38.08	1.16	38.08	cassandra-001	2018-08-17T02:28:45.423035934Z
255.674	1.28	74.96	7.83	203	27.652	38.08	23.04	38.08	cassandra-001	2018-08-17T02:28:52.431991388Z
253.685	1.19	74.97	4.8	204	21.645	38.08	1.28	38.08	cassandra-001	2018-08-17T02:28:59.438788468Z
513.931	1.07	74.97	4.82	204	55.976	38.08	1.19	38.08	cassandra-001	2018-08-17T02:29:06.446636706Z
255.263	1.06	74.97	4.82	205	26.714	38.08	1.07	38.08	cassandra-001	2018-08-17T02:29:13.45485748Z
510.16	21.76	74.97	4.8	206	48.596	38.08	1.06	38.08	cassandra-001	2018-08-17T02:29:20.464043693Z
257.559	1.18	74.97	8.23	207	23.439	38.08	21.76	38.08	cassandra-001	2018-08-17T02:29:27.471413513Z
254.973	1.16	74.97	4.59	207	22.08	38.08	1.18	38.08	cassandra-001	2018-08-17T02:29:34.479093221Z
513.963	1.19	74.97	4.57	208	43.908	38.08	1.16	38.08	cassandra-001	2018-08-17T02:29:41.488357293Z
262.218	1.21	74.98	4.57	209	24.64	38.08	1.19	38.08	cassandra-001	2018-08-17T02:29:48.497150104Z
526.717	40.02	74.98	4.59	210	55.311	38.08	1.21	38.09	cassandra-001	2018-08-17T02:29:55.505796088Z
264.578	1.08	74.98	11.09	210	30.698	38.09	40.02	38.09	cassandra-001	2018-08-17T02:30:02.514007139Z
263.084	1.22	74.98	7.64	211	32.216	38.09	1.08	38.09	cassandra-001	2018-08-17T02:30:09.521681524Z
525.938	1.05	74.99	7.65	212	50.954	38.09	1.22	38.09	cassandra-001	2018-08-17T02:30:16.52930759Z
262.2	1.1	74.99	7.63	212	30.816	38.09	1.05	38.09	cassandra-001	2018-08-17T02:30:23.536272839Z
537.34	19.1	74.99	7.61	213	53.513	38.09	1.1	38.09	cassandra-001	2018-08-17T02:30:30.545549241Z
269.183	1.11	74.99	10.6	214	23.054	38.09	19.1	38.09	cassandra-001	2018-08-17T02:30:37.552102734Z
268.664	2.44	74.99	4.11	215	24.004	38.09	1.11	38.09	cassandra-001	2018-08-17T02:30:44.559922347Z
539.522	1.23	74.99	4.34	215	45.658	38.09	2.44	38.09	cassandra-001	2018-08-17T02:30:51.566623835Z
269.008	1.24	75.0	4.34	216	21.957	38.09	1.23	38.09	cassandra-001	2018-08-17T02:30:58.576203007Z
536.588	21.61	75.0	4.37	217	46.528	38.09	1.24	38.09	cassandra-001	2018-08-17T02:31:05.583001265Z
270.448	1.11	75.0	7.79	217	24.478	38.09	21.61	38.09	cassandra-001	2018-08-17T02:31:12.590598772Z
272.2	1.13	75.0	4.79	218	25.996	38.09	1.11	38.09	cassandra-001	2018-08-17T02:31:19.596299227Z
548.507	1.14	75.0	4.79	219	57.363	38.09	1.13	38.09	cassandra-001	2018-08-17T02:31:26.601826709Z
273.172	1.25	75.0	4.58	220	24.332	38.09	1.14	38.09	cassandra-001	2018-08-17T02:31:33.609243029Z
553.334	22.29	75.0	4.58	220	51.937	38.09	1.25	38.09	cassandra-001	2018-08-17T02:31:40.618242663Z
277.697	1.07	75.01	8.09	221	27.856	38.09	22.29	38.09	cassandra-001	2018-08-17T02:31:47.624866414Z
279.136	1.07	75.0	4.66	222	25.572	38.09	1.07	38.09	cassandra-001	2018-08-17T02:31:54.630967021Z
556.079	1.2	75.01	4.66	222	52.001	38.09	1.07	38.09	cassandra-001	2018-08-17T02:32:01.638123443Z
276.868	1.24	75.01	4.67	223	25.268	38.09	1.2	38.09	cassandra-001	2018-08-17T02:32:08.645838976Z
560.386	40.06	75.01	4.69	224	58.64	38.09	1.24	38.09	cassandra-001	2018-08-17T02:32:15.653862163Z
283.77	1.25	75.0	11.16	224	31.26	38.07	40.06	38.07	cassandra-001	2018-08-17T02:32:22.662272397Z
287.327	1.09	75.0	7.65	225	32.025	38.07	1.25	38.07	cassandra-001	2018-08-17T02:32:29.67009492Z
574.896	1.13	75.0	7.65	226	65.938	38.07	1.09	38.07	cassandra-001	2018-08-17T02:32:36.677570017Z
286.619	1.09	75.0	7.66	226	32.83	38.07	1.13	38.07	cassandra-001	2018-08-17T02:32:43.684857009Z
579.309	20.52	75.0	7.64	227	66.214	38.07	1.09	38.07	cassandra-001	2018-08-17T02:32:50.693016142Z
291.379	1.03	75.01	10.86	228	34.413	38.07	20.52	38.07	cassandra-001	2018-08-17T02:32:57.700672069Z
287.015	1.09	75.0	4.35	228	34.994	38.07	1.03	38.07	cassandra-001	2018-08-17T02:33:04.707717432Z
580.516	1.21	75.01	4.32	229	65.5	38.07	1.09	38.07	cassandra-001	2018-08-17T02:33:11.713762495Z
288.439	1.04	75.01	4.34	230	33.172	38.07	1.21	38.07	cassandra-001	2018-08-17T02:33:18.720141506Z
585.296	22.49	75.01	4.33	230	66.277	38.07	1.04	38.07	cassandra-001	2018-08-17T02:33:25.727525078Z
294.601	1.1	75.01	7.9	231	35.046	38.07	22.49	38.07	cassandra-001	2018-08-17T02:33:32.738606201Z
290.294	1.15	75.02	4.66	232	32.234	38.07	1.1	38.07	cassandra-001	2018-08-17T02:33:39.746167734Z
585.061	1.07	75.02	4.68	232	59.016	38.07	1.15	38.07	cassandra-001	2018-08-17T02:33:46.755453295Z
294.359	1.23	75.02	4.68	233	29.488	38.07	1.07	38.07	cassandra-001	2018-08-17T02:33:53.762667487Z
588.833	22.59	75.02	4.68	234	55.635	38.07	1.23	38.07	cassandra-001	2018-08-17T02:34:00.770737951Z
297.976	1.08	75.02	8.27	234	30.596	38.07	22.59	38.07	cassandra-001	2018-08-17T02:34:07.778755432Z
294.828	2.84	75.02	4.7	235	28.88	38.07	1.08	38.07	cassandra-001	2018-08-17T02:34:14.790253035Z
599.56	1.23	75.02	4.99	236	63.62	38.07	2.84	38.07	cassandra-001	2018-08-17T02:34:21.796745094Z
295.428	1.16	75.02	5.01	236	35.439	38.07	1.23	38.07	cassandra-001	2018-08-17T02:34:28.805634707Z
601.139	42.52	75.03	5.02	237	66.444	38.07	1.16	38.07	cassandra-001	2018-08-17T02:34:35.812392391Z
298.717	1.22	75.03	11.9	238	28.826	38.07	42.52	38.07	cassandra-001	2018-08-17T02:34:42.820683849Z
297.283	1.2	75.03	8.34	238	26.582	38.07	1.22	38.07	cassandra-001	2018-08-17T02:34:49.827681677Z
605.05	1.04	75.03	8.36	239	61.135	38.07	1.2	38.07	cassandra-001	2018-08-17T02:34:56.835054734Z
298.813	5.35	75.04	8.06	240	27.558	38.07	1.04	38.07	cassandra-001	2018-08-17T02:35:03.843016266Z
594.37	22.71	75.04	8.75	240	49.4	38.07	5.35	38.07	cassandra-001	2018-08-17T02:35:10.851072145Z
306.482	1.07	75.04	12.34	241	34.118	38.07	22.71	38.07	cassandra-001	2018-08-17T02:35:17.857630729Z
306.352	1.04	75.04	5.43	241	32.758	38.07	1.07	38.07	cassandra-001	2018-08-17T02:35:24.864723196Z
610.582	1.2	75.04	5.4	242	57.859	38.07	1.04	38.07	cassandra-001	2018-08-17T02:35:31.873693115Z
306.836	1.07	75.04	5.4	243	31.53	38.07	1.2	38.07	cassandra-001	2018-08-17T02:35:38.883824257Z
609.127	21.82	75.05	5.41	243	61.04	38.07	1.07	38.07	cassandra-001	2018-08-17T02:35:45.891426293Z
304.25	0.97	75.04	8.15	244	29.18	38.07	21.82	38.07	cassandra-001	2018-08-17T02:35:52.899657852Z
306.894	1.24	75.05	4.53	245	32.677	38.07	0.97	38.07	cassandra-001	2018-08-17T02:35:59.906173678Z
621.81	1.13	75.05	4.56	245	66.16	38.07	1.24	38.07	cassandra-001	2018-08-17T02:36:06.912670832Z
311.081	1.22	75.05	4.57	246	30.354	38.07	1.13	38.07	cassandra-001	2018-08-17T02:36:13.919178492Z
625.625	21.86	75.05	4.58	246	62.872	38.07	1.22	38.07	cassandra-001	2018-08-17T02:36:20.926696997Z
310.911	1.15	75.05	8.04	247	30.947	38.07	21.86	38.07	cassandra-001	2018-08-17T02:36:27.936588024Z
316.04	1.01	75.05	4.6	248	32.254	38.07	1.15	38.07	cassandra-001	2018-08-17T02:36:34.944772516Z
626.627	1.32	75.06	4.6	248	64.93	38.07	1.01	38.07	cassandra-001	2018-08-17T02:36:41.953553513Z
309.619	1.14	75.06	4.62	249	27.726	38.07	1.32	38.07	cassandra-001	2018-08-17T02:36:48.96223802Z
627.174	24.7	75.06	4.62	250	64.123	38.07	1.14	38.07	cassandra-001	2018-08-17T02:36:55.971164769Z
315.269	1.55	75.06	8.53	250	31.712	38.07	24.7	38.07	cassandra-001	2018-08-17T02:37:02.980361899Z
318.241	1.14	75.06	5.14	251	32.662	38.07	1.55	38.07	cassandra-001	2018-08-17T02:37:09.988270373Z
624.775	1.03	75.07	5.14	251	61.654	38.07	1.14	38.07	cassandra-001	2018-08-17T02:37:17.002168096Z
320.067	1.08	75.06	5.15	252	33.414	38.07	1.03	38.07	cassandra-001	2018-08-17T02:37:24.00964504Z
640.706	22.3	75.07	5.11	253	62.431	38.07	1.08	38.07	cassandra-001	2018-08-17T02:37:31.018738726Z
318.971	1.33	75.07	8.63	253	34.258	38.07	22.3	38.07	cassandra-001	2018-08-17T02:37:38.030447984Z
321.552	3.26	75.07	4.74	254	32.476	38.07	1.33	38.07	cassandra-001	2018-08-17T02:37:45.037760373Z
644.453	1.33	75.07	5.02	254	66.034	38.07	3.26	38.07	cassandra-001	2018-08-17T02:37:52.045234186Z
320.322	1.04	75.07	5.06	255	30.561	38.07	1.33	38.07	cassandra-001	2018-08-17T02:37:59.058771053Z
642.439	24.71	75.08	5.06	256	63.736	38.07	1.04	38.07	cassandra-001	2018-08-17T02:38:06.068297289Z
320.3	1.14	75.08	9.0	256	33.61	38.07	24.71	38.07	cassandra-001	2018-08-17T02:38:13.076638493Z
320.306	1.3	75.08	5.47	257	30.376	38.07	1.14	38.07	cassandra-001	2018-08-17T02:38:20.083497786Z
647.486	1.09	75.08	5.46	258	62.269	38.07	1.3	38.07	cassandra-001	2018-08-17T02:38:27.091345078Z
326.458	1.1	75.08	5.1	258	35.22	38.07	1.09	38.07	cassandra-001	2018-08-17T02:38:34.09692272Z
648.237	17.71	75.09	5.06	259	68.578	38.07	1.1	38.07	cassandra-001	2018-08-17T02:38:41.102956449Z
324.494	1.2	75.09	7.84	259	28.672	38.07	17.71	38.07	cassandra-001	2018-08-17T02:38:48.10929618Z
390.419	5.65	75.09	3.92	260	35.304	38.07	1.2	38.07	cassandra-001	2018-08-17T02:38:55.116247956Z
580.937	1.29	75.09	4.68	261	52.255	38.07	5.65	38.07	cassandra-001	2018-08-17T02:39:02.123152399Z
328.937	0.97	75.09	4.67	261	36.222	38.07	1.29	38.07	cassandra-001	2018-08-17T02:39:09.129105813Z
659.515	12.13	75.09	4.65	262	64.906	38.07	0.97	38.07	cassandra-001	2018-08-17T02:39:16.135176785Z
326.147	1.16	75.09	6.49	262	27.364	38.07	12.13	38.07	cassandra-001	2018-08-17T02:39:23.143791743Z
558.721	18.35	75.1	3.73	263	52.08	38.07	1.16	38.07	cassandra-001	2018-08-17T02:39:30.15290388Z
422.016	1.52	75.1	6.59	264	40.663	38.07	18.35	38.07	cassandra-001	2018-08-17T02:39:37.161614795Z
327.584	1.07	75.1	5.9	264	36.432	38.07	1.52	38.07	cassandra-001	2018-08-17T02:39:44.168558831Z
663.514	4.12	75.1	5.87	265	73.312	38.07	1.07	38.07	cassandra-001	2018-08-17T02:39:51.174646236Z
333.007	1.18	75.11	6.39	265	36.193	38.07	4.12	38.07	cassandra-001	2018-08-17T02:39:58.183061937Z
658.969	24.29	75.11	4.57	266	63.464	38.07	1.18	38.07	cassandra-001	2018-08-17T02:40:05.190272429Z
337.111	1.27	75.11	8.42	266	32.418	38.07	24.29	38.07	cassandra-001	2018-08-17T02:40:12.197129165Z
341.447	1.03	75.11	5.58	267	36.84	38.07	1.27	38.07	cassandra-001	2018-08-17T02:40:19.204984949Z
675.595	88.86	75.19	5.49	268	67.976	38.07	1.03	38.07	cassandra-001	2018-08-17T02:40:26.211925022Z
334.816	1.08	75.19	20.13	268	36.892	38.07	88.86	38.07	cassandra-001	2018-08-17T02:40:33.218777203Z
687.437	24.77	75.2	19.62	269	82.1	38.07	1.08	38.07	cassandra-001	2018-08-17T02:40:40.227001131Z
333.161	1.1	75.2	23.55	269	33.288	38.07	24.77	38.07	cassandra-001	2018-08-17T02:40:47.236080024Z
333.24	1.17	75.2	19.69	270	34.146	38.07	1.1	38.07	cassandra-001	2018-08-17T02:40:54.248141631Z
672.94	2.11	75.2	19.67	270	64.555	38.07	1.17	38.07	cassandra-001	2018-08-17T02:41:01.255729079Z
334.531	1.1	75.2	19.85	271	34.502	38.07	2.11	38.07	cassandra-001	2018-08-17T02:41:08.26699732Z
677.786	28.21	75.21	5.22	272	73.676	38.07	1.1	38.07	cassandra-001	2018-08-17T02:41:15.276528995Z
340.273	1.25	75.2	9.74	272	30.792	38.07	28.21	38.07	cassandra-001	2018-08-17T02:41:22.283622625Z
344.793	1.05	75.19	5.82	273	35.583	38.06	1.25	38.06	cassandra-001	2018-08-17T02:41:29.290281513Z
682.983	1.17	75.2	5.82	273	73.952	38.06	1.05	38.06	cassandra-001	2018-08-17T02:41:36.302301644Z
341.031	1.06	75.19	5.82	274	29.168	38.06	1.17	38.06	cassandra-001	2018-08-17T02:41:43.311114199Z
686.704	29.11	75.2	5.64	274	58.52	38.06	1.06	38.06	cassandra-001	2018-08-17T02:41:50.320788183Z
340.449	1.14	75.2	10.31	275	26.725	38.06	29.11	38.06	cassandra-001	2018-08-17T02:41:57.328457488Z
338.989	1.16	75.2	5.8	276	27.636	38.06	1.14	38.06	cassandra-001	2018-08-17T02:42:04.335980676Z
681.393	1.02	75.21	5.78	276	57.608	38.06	1.16	38.06	cassandra-001	2018-08-17T02:42:11.342601984Z
348.345	1.09	75.21	5.78	277	34.354	38.06	1.02	38.06	cassandra-001	2018-08-17T02:42:18.350216707Z
697.286	24.93	75.21	5.76	277	73.962	38.06	1.09	38.06	cassandra-001	2018-08-17T02:42:25.356202875Z
351.827	1.18	75.21	9.74	278	39.079	38.06	24.93	38.06	cassandra-001	2018-08-17T02:42:32.36390868Z
349.996	1.19	75.21	5.09	278	33.324	38.06	1.18	38.06	cassandra-001	2018-08-17T02:42:39.370869946Z
698.163	1.24	75.21	5.1	279	61.632	38.06	1.19	38.06	cassandra-001	2018-08-17T02:42:46.379253574Z
351.843	1.11	75.21	5.11	279	30.578	38.06	1.24	38.06	cassandra-001	2018-08-17T02:42:53.387040544Z
699.642	24.97	75.22	5.12	280	65.511	38.04	1.11	38.06	cassandra-001	2018-08-17T02:43:00.39379535Z
351.489	1.1	75.22	9.1	281	33.838	38.06	24.97	38.06	cassandra-001	2018-08-17T02:43:07.401705434Z
353.684	3.36	75.22	5.13	281	34.96	38.06	1.1	38.06	cassandra-001	2018-08-17T02:43:14.412273936Z
711.456	8.0	74.84	5.5	282	70.368	38.07	3.36	38.07	cassandra-001	2018-08-17T02:43:21.420736066Z
352.177	0.99	74.84	6.63	282	33.071	38.07	8.0	38.07	cassandra-001	2018-08-17T02:43:28.428943948Z
705.42	26.23	74.84	6.59	283	67.384	38.07	0.99	38.07	cassandra-001	2018-08-17T02:43:35.436604054Z
352.144	1.2	74.84	10.78	283	32.662	38.07	26.23	38.07	cassandra-001	2018-08-17T02:43:42.450434489Z
349.477	1.05	74.84	6.81	284	26.458	38.07	1.2	38.07	cassandra-001	2018-08-17T02:43:49.458090903Z
707.745	1.93	74.84	6.81	284	57.429	38.07	1.05	38.07	cassandra-001	2018-08-17T02:43:56.465767677Z
354.972	1.41	74.84	6.57	285	29.256	38.07	1.93	38.07	cassandra-001	2018-08-17T02:44:03.474769822Z
712.756	25.93	74.85	5.47	286	61.6	38.07	1.41	38.07	cassandra-001	2018-08-17T02:44:10.481901571Z
355.601	1.12	74.85	9.62	286	31.288	38.07	25.93	38.07	cassandra-001	2018-08-17T02:44:17.489430402Z
355.93	1.06	74.84	5.44	287	40.066	38.06	1.12	38.06	cassandra-001	2018-08-17T02:44:24.500136212Z
719.81	1.13	74.84	5.42	287	73.201	38.06	1.06	38.06	cassandra-001	2018-08-17T02:44:31.508692879Z
363.692	1.19	74.85	5.43	288	34.482	38.06	1.13	38.06	cassandra-001	2018-08-17T02:44:38.514595137Z
727.125	26.77	74.85	5.31	288	71.234	38.06	1.19	38.06	cassandra-001	2018-08-17T02:44:45.521470738Z
366.301	1.26	74.85	9.53	289	35.96	38.06	26.77	38.06	cassandra-001	2018-08-17T02:44:52.528216098Z
362.267	1.15	74.85	5.42	289	38.599	38.06	1.26	38.06	cassandra-001	2018-08-17T02:44:59.537336354Z
718.786	1.14	74.85	5.43	290	62.93	38.05	1.15	38.05	cassandra-001	2018-08-17T02:45:06.548991419Z
358.8	1.22	74.85	5.44	290	28.752	38.06	1.14	38.06	cassandra-001	2018-08-17T02:45:13.557345284Z
726.603	36.57	74.85	5.45	291	68.75	38.06	1.22	38.06	cassandra-001	2018-08-17T02:45:20.565842431Z
370.359	1.08	74.86	11.35	292	35.615	38.06	36.57	38.06	cassandra-001	2018-08-17T02:45:27.574378385Z
365.879	1.1	74.85	7.07	292	33.728	38.06	1.08	38.06	cassandra-001	2018-08-17T02:45:34.581431284Z
734.291	1.16	74.86	7.04	293	73.316	38.06	1.1	38.06	cassandra-001	2018-08-17T02:45:41.590371957Z
364.227	1.03	74.86	7.05	293	35.008	38.06	1.16	38.06	cassandra-001	2018-08-17T02:45:48.598027221Z
735.679	27.82	74.86	7.03	294	71.652	38.06	1.03	38.06	cassandra-001	2018-08-17T02:45:55.60413483Z
369.987	1.26	74.86	11.46	294	40.181	38.06	27.82	38.06	cassandra-001	2018-08-17T02:46:02.61056309Z
372.127	1.09	74.87	5.58	295	36.974	38.06	1.26	38.06	cassandra-001	2018-08-17T02:46:09.61908926Z
737.86	1.29	74.88	5.58	295	63.282	38.06	1.09	38.06	cassandra-001	2018-08-17T02:46:16.627153944Z
366.649	1.28	74.87	5.61	296	28.156	38.06	1.29	38.06	cassandra-001	2018-08-17T02:46:23.63353097Z
732.837	29.2	74.88	5.63	296	68.547	38.06	1.28	38.06	cassandra-001	2018-08-17T02:46:30.644234402Z
372.759	1.27	74.88	10.32	297	41.118	38.06	29.2	38.06	cassandra-001	2018-08-17T02:46:37.652048331Z
374.607	2.97	74.88	5.9	297	37.58	38.06	1.27	38.06	cassandra-001	2018-08-17T02:46:44.662216468Z
741.43	1.11	74.9	6.18	298	60.244	38.07	2.97	38.07	cassandra-001	2018-08-17T02:46:51.67298328Z
372.205	1.22	74.9	6.19	298	29.923	38.05	1.11	38.07	cassandra-001	2018-08-17T02:46:58.681454163Z
743.947	28.4	74.9	6.18	299	65.404	38.07	1.22	38.07	cassandra-001	2018-08-17T02:47:05.690524681Z
371.638	1.29	74.9	10.7	299	31.164	38.07	28.4	38.07	cassandra-001	2018-08-17T02:47:12.702664608Z
375.594	1.15	74.9	6.04	300	33.936	38.07	1.29	38.07	cassandra-001	2018-08-17T02:47:19.709131262Z
751.264	2.39	74.9	6.02	301	63.607	38.07	1.15	38.07	cassandra-001	2018-08-17T02:47:26.718513105Z
375.523	1.15	74.9	5.93	301	32.51	38.07	2.39	38.07	cassandra-001	2018-08-17T02:47:33.727850055Z
754.532	28.31	74.91	5.93	302	64.28	38.07	1.15	38.07	cassandra-001	2018-08-17T02:47:40.738634665Z
374.713	1.2	74.92	10.45	302	32.734	38.06	28.31	38.08	cassandra-001	2018-08-17T02:47:47.745053643Z
380.918	1.08	74.92	5.92	303	39.426	38.08	1.2	38.08	cassandra-001	2018-08-17T02:47:54.756868683Z
768.26	1.07	74.93	5.88	303	83.999	38.08	1.08	38.08	cassandra-001	2018-08-17T02:48:01.766122675Z
386.363	1.2	74.93	5.87	304	41.234	38.08	1.07	38.08	cassandra-001	2018-08-17T02:48:08.774482708Z
762.016	27.76	74.93	5.67	304	73.254	38.08	1.2	38.08	cassandra-001	2018-08-17T02:48:15.782367379Z
384.675	1.23	74.93	10.1	305	34.594	38.08	27.76	38.08	cassandra-001	2018-08-17T02:48:22.789670765Z
377.168	1.27	74.93	5.59	305	28.045	38.08	1.23	38.08	cassandra-001	2018-08-17T02:48:29.799108009Z
766.677	1.17	74.94	5.6	306	83.773	38.09	1.27	38.09	cassandra-001	2018-08-17T02:48:36.807408069Z
383.153	1.23	74.94	5.62	306	40.956	38.09	1.17	38.09	cassandra-001	2018-08-17T02:48:43.816077853Z
762.289	31.17	74.94	5.64	306	78.612	38.09	1.23	38.09	cassandra-001	2018-08-17T02:48:50.822453786Z
379.266	1.29	74.95	10.64	306	42.249	38.06	31.17	38.09	cassandra-001	2018-08-17T02:48:57.832523488Z
394.743	1.14	74.95	6.23	306	45.193	38.09	1.29	38.09	cassandra-001	2018-08-17T02:49:04.843268392Z
774.424	1.15	74.95	6.21	306	84.09	38.09	1.14	38.09	cassandra-001	2018-08-17T02:49:11.850642417Z
389.946	1.1	74.95	6.19	306	42.87	38.09	1.15	38.09	cassandra-001	2018-08-17T02:49:18.858577512Z
768.88	28.38	74.95	6.18	306	79.206	38.09	1.1	38.09	cassandra-001	2018-08-17T02:49:25.867796763Z
387.881	1.34	74.95	10.71	306	36.639	38.09	28.38	38.09	cassandra-001	2018-08-17T02:49:32.876633637Z
387.838	1.08	74.96	5.73	306	36.072	38.09	1.34	38.09	cassandra-001	2018-08-17T02:49:39.884413206Z
765.241	1.18	74.96	5.7	306	73.068	38.09	1.08	38.09	cassandra-001	2018-08-17T02:49:46.893069278Z
378.863	1.15	74.96	5.71	306	28.614	38.09	1.18	38.09	cassandra-001	2018-08-17T02:49:53.901154183Z
768.276	26.92	74.97	5.71	306	71.193	38.09	1.15	38.09	cassandra-001	2018-08-17T02:50:00.914324652Z
