net_receive	container_cpu%	memory%	host_moving_avg_cpu	sensor_count	net_send	memory_active_anon%	host_cpu	memory_rss%	name	timestamp
8769107.406	2.96	39.67	nan	2	9537664.447	15.93	0	15.93	kafka-001	2018-08-17T02:10:46.420433466Z
42.451	4.99	39.67	nan	7	39.406	15.93	2.96	15.93	kafka-001	2018-08-17T02:10:53.433182796Z
65.256	5.88	39.67	nan	12	74.41	15.93	4.99	15.93	kafka-001	2018-08-17T02:11:00.443989846Z
82.237	5.85	39.67	nan	16	70.963	15.93	5.88	15.93	kafka-001	2018-08-17T02:11:07.453931097Z
98.631	15.0	39.67	nan	20	83.261	15.93	5.85	15.93	kafka-001	2018-08-17T02:11:14.464257601Z
114.246	7.33	39.67	5.78	23	131.74	15.93	15.0	15.93	kafka-001	2018-08-17T02:11:21.475526337Z
127.151	8.78	39.67	7.0	26	105.646	15.93	7.33	15.93	kafka-001	2018-08-17T02:11:28.485071125Z
143.304	9.06	39.67	7.97	29	168.666	15.93	8.78	15.93	kafka-001	2018-08-17T02:11:35.499979657Z
145.783	9.5	39.67	8.65	32	125.062	15.93	9.06	15.93	kafka-001	2018-08-17T02:11:42.510932273Z
159.271	10.16	39.67	9.25	34	134.706	15.93	9.5	15.93	kafka-001	2018-08-17T02:11:49.521311351Z
177.216	10.46	39.67	9.97	37	212.496	15.93	10.16	15.93	kafka-001	2018-08-17T02:11:56.53126357Z
181.087	12.3	39.67	9.21	39	152.16	15.93	10.46	15.93	kafka-001	2018-08-17T02:12:03.543376892Z
193.227	12.51	39.67	10.04	42	234.451	15.93	12.3	15.93	kafka-001	2018-08-17T02:12:10.556835903Z
199.076	11.59	39.68	10.66	44	163.542	15.93	12.51	15.93	kafka-001	2018-08-17T02:12:17.567746648Z
207.897	11.92	39.68	11.09	46	176.71	15.93	11.59	15.93	kafka-001	2018-08-17T02:12:24.578788036Z
215.68	13.48	39.68	11.49	49	266.717	15.93	11.92	15.93	kafka-001	2018-08-17T02:12:31.59100222Z
213.339	13.37	39.68	12.04	51	188.322	15.93	13.48	15.93	kafka-001	2018-08-17T02:12:38.600815257Z
221.258	14.83	39.68	12.53	53	284.54	15.93	13.37	15.93	kafka-001	2018-08-17T02:12:45.618998408Z
237.377	14.62	39.68	12.95	55	204.931	15.93	14.83	15.93	kafka-001	2018-08-17T02:12:52.63185641Z
247.785	14.97	39.68	13.3	57	212.398	15.93	14.62	15.93	kafka-001	2018-08-17T02:12:59.643703482Z
255.982	15.15	39.69	13.87	59	304.506	15.93	14.97	15.93	kafka-001	2018-08-17T02:13:06.65616962Z
267.403	17.08	39.69	14.4	61	231.076	15.93	15.15	15.93	kafka-001	2018-08-17T02:13:13.667736555Z
279.194	16.82	39.69	15.0	63	346.028	15.93	17.08	15.93	kafka-001	2018-08-17T02:13:20.683692095Z
287.647	16.33	39.69	15.58	65	247.224	15.93	16.82	15.93	kafka-001	2018-08-17T02:13:27.695290203Z
279.21	13.78	39.69	15.83	66	240.496	15.93	16.33	15.93	kafka-001	2018-08-17T02:13:34.705767912Z
304.707	17.58	39.69	15.69	68	374.598	15.93	13.78	15.93	kafka-001	2018-08-17T02:13:41.718288516Z
299.927	17.97	39.7	16.12	70	251.884	15.93	17.58	15.93	kafka-001	2018-08-17T02:13:48.728733287Z
315.854	18.27	39.7	16.59	72	380.422	15.93	17.97	15.93	kafka-001	2018-08-17T02:13:55.742998166Z
318.509	18.5	39.7	16.79	73	264.283	15.93	18.27	15.93	kafka-001	2018-08-17T02:14:02.753154121Z
329.021	19.07	39.7	17.07	75	271.257	15.93	18.5	15.93	kafka-001	2018-08-17T02:14:09.766495795Z
338.25	20.06	39.71	17.53	76	410.242	15.93	19.07	15.93	kafka-001	2018-08-17T02:14:16.778236881Z
338.489	21.27	39.71	18.57	78	277.318	15.93	20.06	15.93	kafka-001	2018-08-17T02:14:23.790141891Z
347.44	21.58	39.71	19.19	80	425.504	15.93	21.27	15.93	kafka-001	2018-08-17T02:14:30.803150023Z
355.905	19.69	39.71	19.79	81	299.108	15.93	21.58	15.93	kafka-001	2018-08-17T02:14:37.81605743Z
358.867	20.74	39.72	20.03	83	297.992	15.93	19.69	15.93	kafka-001	2018-08-17T02:14:44.827116892Z
371.062	21.05	39.72	20.4	84	454.838	15.93	20.74	15.93	kafka-001	2018-08-17T02:14:51.839965168Z
358.817	22.36	39.72	20.73	86	300.549	15.93	21.05	15.93	kafka-001	2018-08-17T02:14:58.849357376Z
378.444	22.23	39.72	21.12	87	465.202	15.93	22.36	15.93	kafka-001	2018-08-17T02:15:05.871390868Z
379.171	21.84	39.72	21.28	89	321.488	15.93	22.23	15.93	kafka-001	2018-08-17T02:15:12.88352811Z
386.849	21.93	39.73	21.32	90	320.222	15.93	21.84	15.93	kafka-001	2018-08-17T02:15:19.895324618Z
398.708	23.18	39.73	21.69	92	497.572	15.93	21.93	15.93	kafka-001	2018-08-17T02:15:26.908040531Z
396.985	21.37	39.73	22.1	93	332.984	15.93	23.18	15.93	kafka-001	2018-08-17T02:15:33.918640595Z
399.88	25.71	39.73	22.15	94	504.794	15.93	21.37	15.93	kafka-001	2018-08-17T02:15:40.929856647Z
389.545	23.89	39.74	22.71	96	334.221	15.93	25.71	15.93	kafka-001	2018-08-17T02:15:47.942374842Z
408.807	24.29	39.74	22.99	97	335.546	15.93	23.89	15.93	kafka-001	2018-08-17T02:15:54.954568759Z
423.986	24.13	39.74	23.39	99	520.283	15.93	24.29	15.93	kafka-001	2018-08-17T02:16:01.965231849Z
427.927	25.06	39.75	23.76	100	358.212	15.93	24.13	15.93	kafka-001	2018-08-17T02:16:08.975993331Z
435.59	24.54	39.75	24.07	101	540.086	15.93	25.06	15.93	kafka-001	2018-08-17T02:16:15.988228754Z
436.165	25.43	39.75	24.6	102	369.256	15.93	24.54	15.93	kafka-001	2018-08-17T02:16:23.000447936Z
443.159	22.26	39.75	24.56	104	370.164	15.93	25.43	15.93	kafka-001	2018-08-17T02:16:30.012215871Z
445.686	23.66	39.76	24.28	105	553.456	15.93	22.26	15.93	kafka-001	2018-08-17T02:16:37.023976245Z
436.893	26.1	39.76	24.18	106	363.122	15.93	23.66	15.93	kafka-001	2018-08-17T02:16:44.035741296Z
457.792	26.9	39.76	24.51	108	568.364	15.93	26.1	15.93	kafka-001	2018-08-17T02:16:51.048651066Z
464.631	26.6	39.77	24.81	109	385.614	15.93	26.9	15.93	kafka-001	2018-08-17T02:16:58.061054835Z
470.446	27.81	39.77	25.16	110	581.31	15.93	26.6	15.93	kafka-001	2018-08-17T02:17:05.072420642Z
476.777	27.27	39.77	25.55	111	394.12	15.93	27.81	15.93	kafka-001	2018-08-17T02:17:12.084060472Z
482.255	27.16	39.78	26.39	112	395.515	15.93	27.27	15.93	kafka-001	2018-08-17T02:17:19.094880193Z
475.017	28.1	39.78	26.97	114	588.311	15.93	27.16	15.93	kafka-001	2018-08-17T02:17:26.105781069Z
494.266	29.16	39.78	27.31	115	405.966	15.93	28.1	15.93	kafka-001	2018-08-17T02:17:33.119114858Z
497.777	28.34	39.79	27.68	116	605.672	15.93	29.16	15.93	kafka-001	2018-08-17T02:17:40.129794832Z
491.932	29.55	39.79	27.97	117	409.613	15.93	28.34	15.93	kafka-001	2018-08-17T02:17:47.141192672Z
507.937	24.27	39.79	28.26	118	415.457	15.93	29.55	15.93	kafka-001	2018-08-17T02:17:54.154284425Z
516.425	30.29	39.8	27.76	119	625.786	15.93	24.27	15.93	kafka-001	2018-08-17T02:18:01.168692352Z
515.716	28.7	39.8	28.28	120	420.8	15.93	30.29	15.93	kafka-001	2018-08-17T02:18:08.179956993Z
524.516	31.81	39.81	28.38	122	643.34	15.93	28.7	15.93	kafka-001	2018-08-17T02:18:15.193157135Z
515.667	28.25	39.81	28.83	123	431.016	15.93	31.81	15.93	kafka-001	2018-08-17T02:18:22.204279904Z
526.007	30.77	39.81	28.81	124	439.215	15.93	28.25	15.93	kafka-001	2018-08-17T02:18:29.218235011Z
539.736	27.97	39.82	29.01	125	665.01	15.93	30.77	15.93	kafka-001	2018-08-17T02:18:36.229675664Z
539.319	31.41	39.82	29.63	126	444.363	15.93	27.97	15.93	kafka-001	2018-08-17T02:18:43.242198053Z
547.436	33.25	39.82	29.82	127	669.664	15.93	31.41	15.93	kafka-001	2018-08-17T02:18:50.255640768Z
554.921	31.98	39.83	30.58	128	453.466	15.93	33.25	15.93	kafka-001	2018-08-17T02:18:57.267091702Z
544.077	28.87	39.83	30.6	129	449.743	15.93	31.98	15.93	kafka-001	2018-08-17T02:19:04.27917027Z
560.646	33.12	39.83	30.71	130	680.51	15.93	28.87	15.93	kafka-001	2018-08-17T02:19:11.291655043Z
564.311	32.59	39.84	31.1	132	460.998	15.93	33.12	15.93	kafka-001	2018-08-17T02:19:18.30473756Z
568.787	33.32	39.84	31.87	133	701.41	15.93	32.59	15.93	kafka-001	2018-08-17T02:19:25.316140014Z
557.269	32.24	39.85	32.19	134	467.291	15.93	33.32	15.93	kafka-001	2018-08-17T02:19:32.329405901Z
579.636	33.26	39.85	32.02	135	475.685	15.93	32.24	15.93	kafka-001	2018-08-17T02:19:39.342961296Z
587.878	32.28	39.85	32.23	136	729.183	15.93	33.26	15.93	kafka-001	2018-08-17T02:19:46.354110588Z
591.223	34.82	39.86	32.8	137	486.113	15.93	32.28	15.93	kafka-001	2018-08-17T02:19:53.366937046Z
599.216	30.86	39.86	33.08	138	728.468	15.93	34.82	15.93	kafka-001	2018-08-17T02:20:00.378563884Z
594.795	34.56	39.87	32.8	139	485.064	15.93	30.86	15.93	kafka-001	2018-08-17T02:20:07.390631912Z
602.634	30.6	39.87	33.0	140	488.52	15.93	34.56	15.93	kafka-001	2018-08-17T02:20:14.40410661Z
607.945	36.15	39.88	32.73	141	739.513	15.93	30.6	15.93	kafka-001	2018-08-17T02:20:21.416780901Z
604.185	33.96	39.88	33.21	142	493.176	15.93	36.15	15.93	kafka-001	2018-08-17T02:20:28.427496056Z
609.716	35.82	39.88	33.49	143	754.95	15.93	33.96	15.93	kafka-001	2018-08-17T02:20:35.439897007Z
617.749	35.6	39.89	33.66	144	506.08	15.93	35.82	15.93	kafka-001	2018-08-17T02:20:42.452353915Z
615.659	35.57	39.89	34.45	145	505.002	15.93	35.6	15.93	kafka-001	2018-08-17T02:20:49.463896479Z
630.21	29.68	39.9	34.62	146	768.98	15.93	35.57	15.93	kafka-001	2018-08-17T02:20:56.475570384Z
628.127	36.86	39.9	34.46	147	511.792	15.93	29.68	15.93	kafka-001	2018-08-17T02:21:03.489153116Z
641.814	39.33	39.9	34.58	148	781.164	15.93	36.86	15.93	kafka-001	2018-08-17T02:21:10.500596359Z
647.251	37.32	39.91	35.48	149	523.822	15.93	39.33	15.93	kafka-001	2018-08-17T02:21:17.513652825Z
638.459	37.73	39.91	35.73	150	517.314	15.93	37.32	15.93	kafka-001	2018-08-17T02:21:24.525170104Z
656.906	45.37	39.92	36.08	151	796.555	15.93	37.73	15.93	kafka-001	2018-08-17T02:21:31.536648286Z
643.425	38.51	39.92	37.71	152	528.818	15.93	45.37	15.93	kafka-001	2018-08-17T02:21:38.548010241Z
665.794	27.96	39.93	39.19	153	806.98	15.93	38.51	15.93	kafka-001	2018-08-17T02:21:45.558451698Z
657.603	34.51	39.93	37.7	154	536.879	15.93	27.96	15.93	kafka-001	2018-08-17T02:21:52.567850943Z
660.857	37.1	39.94	36.9	155	541.661	15.93	34.51	15.93	kafka-001	2018-08-17T02:21:59.580147855Z
671.001	35.47	39.94	36.86	156	817.107	15.93	37.1	15.93	kafka-001	2018-08-17T02:22:06.591197407Z
670.554	39.09	39.94	36.49	157	542.339	15.93	35.47	15.93	kafka-001	2018-08-17T02:22:13.602915508Z
674.398	36.11	39.95	35.44	158	828.726	15.93	39.09	15.93	kafka-001	2018-08-17T02:22:20.614865863Z
672.855	39.82	39.95	35.04	159	544.427	15.93	36.11	15.93	kafka-001	2018-08-17T02:22:27.628801579Z
682.097	39.77	39.96	37.02	159	548.748	15.93	39.82	15.93	kafka-001	2018-08-17T02:22:34.641508867Z
688.271	39.48	39.96	37.89	160	837.702	15.93	39.77	15.93	kafka-001	2018-08-17T02:22:41.651880678Z
694.952	38.16	39.97	38.29	161	560.178	15.93	39.48	15.93	kafka-001	2018-08-17T02:22:48.663339058Z
698.056	40.73	39.97	38.74	162	846.293	15.93	38.16	15.93	kafka-001	2018-08-17T02:22:55.673883292Z
695.255	39.56	39.98	39.01	163	563.409	15.93	40.73	15.93	kafka-001	2018-08-17T02:23:02.685716965Z
703.531	39.81	39.98	39.59	164	568.616	15.93	39.56	15.93	kafka-001	2018-08-17T02:23:09.697132625Z
710.058	36.86	39.99	39.58	165	856.048	15.93	39.81	15.93	kafka-001	2018-08-17T02:23:16.709500317Z
706.077	41.16	39.99	39.1	166	568.922	15.93	36.86	15.93	kafka-001	2018-08-17T02:23:23.721725067Z
716.961	40.5	40.0	39.38	167	868.994	15.93	41.16	15.93	kafka-001	2018-08-17T02:23:30.733538924Z
715.244	42.05	40.0	39.77	167	575.241	15.93	40.5	15.93	kafka-001	2018-08-17T02:23:37.745949647Z
722.791	37.89	40.01	39.99	168	585.627	15.93	42.05	15.93	kafka-001	2018-08-17T02:23:44.758660935Z
726.492	40.86	40.01	39.71	169	880.378	15.93	37.89	15.93	kafka-001	2018-08-17T02:23:51.771342675Z
722.173	36.89	40.02	39.89	170	584.896	15.93	40.86	15.93	kafka-001	2018-08-17T02:23:58.78326438Z
734.876	41.63	40.02	39.89	171	885.017	15.93	36.89	15.93	kafka-001	2018-08-17T02:24:05.794608365Z
729.419	40.94	40.03	39.97	172	593.1	15.93	41.63	15.93	kafka-001	2018-08-17T02:24:12.807133398Z
737.903	40.71	40.03	40.04	172	598.39	15.93	40.94	15.93	kafka-001	2018-08-17T02:24:19.818140501Z
737.726	38.81	40.04	39.82	173	894.322	15.93	40.71	15.93	kafka-001	2018-08-17T02:24:26.829699448Z
735.201	42.54	40.04	39.97	174	600.48	15.93	38.81	15.93	kafka-001	2018-08-17T02:24:33.841280516Z
737.068	42.77	40.05	40.25	175	908.74	15.93	42.54	15.93	kafka-001	2018-08-17T02:24:40.850758569Z
746.437	42.36	40.05	41.23	176	608.461	15.93	42.77	15.93	kafka-001	2018-08-17T02:24:47.863234911Z
734.677	39.18	40.06	41.35	177	598.274	15.93	42.36	15.93	kafka-001	2018-08-17T02:24:54.874746162Z
753.946	41.44	40.06	41.06	177	922.977	15.93	39.18	15.93	kafka-001	2018-08-17T02:25:01.886179869Z
760.155	43.46	40.07	41.18	178	618.145	15.93	41.44	15.93	kafka-001	2018-08-17T02:25:08.896452403Z
749.79	43.6	40.07	41.96	179	923.912	15.93	43.46	15.93	kafka-001	2018-08-17T02:25:15.908632103Z
757.565	43.49	40.08	42.13	180	620.663	15.93	43.6	15.93	kafka-001	2018-08-17T02:25:22.920554489Z
755.299	46.86	40.08	42.25	181	610.454	15.93	43.49	15.93	kafka-001	2018-08-17T02:25:29.93181547Z
769.796	44.86	40.09	43.0	182	948.409	15.93	46.86	15.93	kafka-001	2018-08-17T02:25:36.942753163Z
773.405	45.83	40.09	43.95	182	625.693	15.93	44.86	15.93	kafka-001	2018-08-17T02:25:43.953711268Z
781.09	46.48	40.1	44.68	183	955.547	15.93	45.83	15.93	kafka-001	2018-08-17T02:25:50.966680274Z
775.373	43.55	40.1	45.19	184	635.501	15.93	46.48	15.93	kafka-001	2018-08-17T02:25:57.984465453Z
786.669	38.88	40.11	45.18	185	640.01	15.93	43.55	15.93	kafka-001	2018-08-17T02:26:04.993817009Z
784.558	41.33	40.12	44.41	186	962.843	15.93	38.88	15.93	kafka-001	2018-08-17T02:26:12.003658056Z
791.093	45.91	40.12	43.49	186	642.543	15.93	41.33	15.93	kafka-001	2018-08-17T02:26:19.013894353Z
799.127	44.91	40.12	43.66	187	977.095	15.93	45.91	15.93	kafka-001	2018-08-17T02:26:26.024473337Z
789.036	45.09	40.13	43.51	188	638.551	15.93	44.91	15.93	kafka-001	2018-08-17T02:26:33.035497464Z
804.547	46.69	40.14	43.28	189	982.938	15.93	45.09	15.93	kafka-001	2018-08-17T02:26:40.052119941Z
797.932	45.73	40.14	43.8	190	651.726	15.93	46.69	15.93	kafka-001	2018-08-17T02:26:47.063429235Z
787.733	46.15	40.15	44.94	190	647.214	15.93	45.73	15.93	kafka-001	2018-08-17T02:26:54.075897661Z
805.006	44.84	40.15	45.75	191	990.911	15.93	46.15	15.93	kafka-001	2018-08-17T02:27:01.087602106Z
811.759	42.89	40.16	45.57	192	664.663	15.93	44.84	15.93	kafka-001	2018-08-17T02:27:08.099445232Z
808.384	45.66	40.16	45.23	193	998.606	15.93	42.89	15.93	kafka-001	2018-08-17T02:27:15.112344663Z
804.829	44.37	40.17	45.33	194	659.545	15.93	45.66	15.93	kafka-001	2018-08-17T02:27:22.124795787Z
807.135	46.29	40.18	44.94	194	668.077	15.93	44.37	15.93	kafka-001	2018-08-17T02:27:29.136250371Z
810.856	45.45	40.18	45.03	195	1006.839	15.93	46.29	15.93	kafka-001	2018-08-17T02:27:36.149198725Z
821.023	46.41	40.19	44.92	196	671.86	15.93	45.45	15.93	kafka-001	2018-08-17T02:27:43.159245889Z
834.628	47.71	40.19	45.18	197	1031.203	15.93	46.41	15.93	kafka-001	2018-08-17T02:27:50.170582114Z
832.815	44.42	40.2	45.98	197	679.809	15.93	47.71	15.93	kafka-001	2018-08-17T02:27:57.180397749Z
833.617	45.73	40.2	45.77	198	687.983	15.93	44.42	15.93	kafka-001	2018-08-17T02:28:04.191590705Z
842.158	45.29	40.21	46.0	199	1043.21	15.93	45.73	15.93	kafka-001	2018-08-17T02:28:11.207087312Z
843.327	45.58	40.22	45.83	200	689.708	15.93	45.29	15.93	kafka-001	2018-08-17T02:28:18.217965037Z
848.986	48.75	40.22	45.86	200	1027.053	15.93	45.58	15.93	kafka-001	2018-08-17T02:28:25.228312054Z
835.509	45.47	40.23	46.25	201	688.117	15.93	48.75	15.93	kafka-001	2018-08-17T02:28:32.239515592Z
848.157	47.82	40.23	45.87	202	695.896	15.93	45.47	15.93	kafka-001	2018-08-17T02:28:39.251691154Z
861.913	46.47	40.24	46.44	203	1052.667	15.93	47.82	15.93	kafka-001	2018-08-17T02:28:46.261810003Z
853.618	47.55	40.24	46.56	203	698.233	15.93	46.47	15.93	kafka-001	2018-08-17T02:28:53.270916468Z
859.278	55.57	40.25	46.94	204	1061.089	15.93	47.55	15.93	kafka-001	2018-08-17T02:29:00.282639847Z
872.233	46.82	40.26	48.6	205	711.554	15.93	55.57	15.93	kafka-001	2018-08-17T02:29:07.293323024Z
874.941	47.81	40.26	48.28	206	712.126	15.93	46.82	15.93	kafka-001	2018-08-17T02:29:14.304172328Z
884.846	50.11	40.27	48.67	206	1076.382	15.93	47.81	15.93	kafka-001	2018-08-17T02:29:21.314963568Z
882.848	47.22	40.27	49.05	207	717.736	15.93	50.11	15.93	kafka-001	2018-08-17T02:29:28.326917553Z
884.398	48.71	40.28	49.18	208	1086.288	15.93	47.22	15.93	kafka-001	2018-08-17T02:29:35.337806819Z
886.694	48.53	40.29	49.37	209	714.192	15.93	48.71	15.93	kafka-001	2018-08-17T02:29:42.35043978Z
892.695	50.26	40.3	48.2	209	718.005	15.93	48.53	15.93	kafka-001	2018-08-17T02:29:49.362731931Z
903.37	46.48	40.3	48.77	210	1094.542	15.93	50.26	15.93	kafka-001	2018-08-17T02:29:56.374588627Z
899.465	53.5	40.31	48.55	211	722.778	15.93	46.48	15.93	kafka-001	2018-08-17T02:30:03.387175718Z
899.176	47.78	40.31	49.12	211	1085.857	15.93	53.5	15.93	kafka-001	2018-08-17T02:30:10.401212287Z
898.673	51.49	40.32	49.21	212	723.24	15.93	47.78	15.93	kafka-001	2018-08-17T02:30:17.412430984Z
898.963	49.73	40.33	49.67	213	727.056	15.93	51.49	15.93	kafka-001	2018-08-17T02:30:24.425738115Z
911.842	50.79	40.33	49.87	214	1104.848	15.93	49.73	15.93	kafka-001	2018-08-17T02:30:31.437304772Z
912.101	48.97	40.34	49.96	214	737.299	15.93	50.79	15.93	kafka-001	2018-08-17T02:30:38.448631042Z
907.438	51.28	40.34	50.38	215	1114.024	15.93	48.97	15.93	kafka-001	2018-08-17T02:30:45.465313217Z
910.477	51.14	40.35	50.01	216	737.342	15.93	51.28	15.93	kafka-001	2018-08-17T02:30:52.477694112Z
917.337	52.62	40.35	50.57	216	741.729	15.93	51.14	15.93	kafka-001	2018-08-17T02:30:59.48925172Z
919.866	49.07	40.36	50.75	217	1118.932	15.93	52.62	15.93	kafka-001	2018-08-17T02:31:06.49967097Z
928.789	51.88	40.37	50.64	218	745.989	15.93	49.07	15.93	kafka-001	2018-08-17T02:31:13.511955621Z
938.166	52.5	40.37	50.83	218	1139.653	15.93	51.88	15.93	kafka-001	2018-08-17T02:31:20.525735052Z
929.999	51.24	40.38	51.41	219	749.637	15.93	52.5	15.93	kafka-001	2018-08-17T02:31:27.536653616Z
924.573	52.46	40.39	51.41	220	750.432	15.93	51.24	15.93	kafka-001	2018-08-17T02:31:34.548310759Z
937.876	52.5	40.39	51.63	221	1148.281	15.93	52.46	15.93	kafka-001	2018-08-17T02:31:41.559233939Z
942.197	53.57	40.4	51.61	221	765.528	15.93	52.5	15.93	kafka-001	2018-08-17T02:31:48.571180371Z
950.238	53.5	40.41	52.36	222	1159.814	15.93	53.57	15.93	kafka-001	2018-08-17T02:31:55.585609782Z
944.578	51.74	40.41	52.63	223	763.688	15.93	53.5	15.93	kafka-001	2018-08-17T02:32:02.596836423Z
944.04	52.14	40.42	52.5	223	763.144	15.93	51.74	15.93	kafka-001	2018-08-17T02:32:09.607496833Z
940.954	52.21	40.43	52.65	224	1157.583	15.93	52.14	15.93	kafka-001	2018-08-17T02:32:16.618845627Z
948.083	51.96	40.43	52.61	225	771.166	15.93	52.21	15.93	kafka-001	2018-08-17T02:32:23.630729207Z
947.304	49.47	40.44	52.52	225	1174.762	15.93	51.96	15.93	kafka-001	2018-08-17T02:32:30.646872848Z
956.175	53.48	40.45	51.84	226	777.736	15.93	49.47	15.93	kafka-001	2018-08-17T02:32:37.65886885Z
956.685	51.51	40.45	51.83	227	777.186	15.93	53.48	15.93	kafka-001	2018-08-17T02:32:44.669678224Z
957.007	53.78	40.46	51.79	227	1178.295	15.93	51.51	15.93	kafka-001	2018-08-17T02:32:51.681561343Z
967.116	52.01	40.46	52.07	228	789.684	15.93	53.78	15.93	kafka-001	2018-08-17T02:32:58.692227863Z
972.495	55.36	40.47	52.03	229	1182.18	15.93	52.01	15.93	kafka-001	2018-08-17T02:33:05.703561286Z
969.578	46.69	40.48	52.6	229	783.604	15.93	55.36	15.93	kafka-001	2018-08-17T02:33:12.720673026Z
976.826	53.01	40.48	52.14	230	789.663	15.93	46.69	15.93	kafka-001	2018-08-17T02:33:19.738952587Z
988.397	51.12	40.49	52.06	231	1199.756	15.93	53.01	15.93	kafka-001	2018-08-17T02:33:26.751666399Z
981.723	56.86	40.5	51.99	231	794.728	15.93	51.12	15.93	kafka-001	2018-08-17T02:33:33.762864857Z
993.664	57.09	40.51	52.51	232	1203.099	15.93	56.86	15.93	kafka-001	2018-08-17T02:33:40.775097755Z
998.063	56.22	40.51	53.35	233	802.833	15.93	57.09	15.93	kafka-001	2018-08-17T02:33:47.786822455Z
1001.34	52.62	40.52	53.5	233	802.335	15.93	56.22	15.93	kafka-001	2018-08-17T02:33:54.798139919Z
1001.351	57.45	40.53	54.49	234	1218.332	15.93	52.62	15.93	kafka-001	2018-08-17T02:34:01.809968789Z
1004.685	50.68	40.53	55.23	235	807.912	15.93	57.45	15.93	kafka-001	2018-08-17T02:34:08.820395807Z
1004.7	57.26	40.54	55.15	235	1220.047	15.93	50.68	15.93	kafka-001	2018-08-17T02:34:15.832296063Z
1007.489	55.42	40.55	55.22	236	814.272	15.93	57.26	15.93	kafka-001	2018-08-17T02:34:22.843532034Z
1014.683	55.76	40.55	54.94	237	809.578	15.93	55.42	15.93	kafka-001	2018-08-17T02:34:29.854431741Z
1015.178	52.8	40.56	54.86	237	1231.432	15.93	55.76	15.93	kafka-001	2018-08-17T02:34:36.865689748Z
1014.519	56.6	40.57	54.89	238	813.033	15.93	52.8	15.93	kafka-001	2018-08-17T02:34:43.877564419Z
1023.98	54.48	40.58	54.75	239	1235.895	15.93	56.6	15.93	kafka-001	2018-08-17T02:34:50.893007083Z
1012.841	56.66	40.58	55.39	239	823.655	15.93	54.48	15.93	kafka-001	2018-08-17T02:34:57.902684628Z
1007.938	49.29	40.59	55.29	240	816.766	15.93	56.66	15.93	kafka-001	2018-08-17T02:35:04.912875396Z
1019.843	56.45	40.6	54.26	241	1244.145	15.93	49.29	15.93	kafka-001	2018-08-17T02:35:11.922179861Z
1024.033	55.58	40.6	54.38	241	820.687	15.93	56.45	15.93	kafka-001	2018-08-17T02:35:18.934713542Z
1033.854	56.48	40.61	54.84	242	1254.59	15.93	55.58	15.93	kafka-001	2018-08-17T02:35:25.945716122Z
1025.88	55.9	40.62	54.82	242	823.28	15.93	56.48	15.93	kafka-001	2018-08-17T02:35:32.958590732Z
1021.918	56.88	40.63	55.06	243	829.192	15.93	55.9	15.93	kafka-001	2018-08-17T02:35:39.971059532Z
1038.44	54.62	40.63	55.1	244	1253.368	15.93	56.88	15.93	kafka-001	2018-08-17T02:35:46.983166973Z
1029.369	59.26	40.64	55.98	244	829.468	15.93	54.62	15.93	kafka-001	2018-08-17T02:35:53.996194557Z
1045.75	52.14	40.65	56.45	245	1265.564	15.93	59.26	15.93	kafka-001	2018-08-17T02:36:01.0077775Z
1040.319	59.44	40.65	55.88	246	838.998	15.93	52.14	15.93	kafka-001	2018-08-17T02:36:08.024239456Z
1048.368	58.99	40.66	56.37	246	844.481	15.93	59.44	15.93	kafka-001	2018-08-17T02:36:15.03587222Z
1056.705	58.73	40.67	56.89	247	1281.617	15.93	58.99	15.93	kafka-001	2018-08-17T02:36:22.047345845Z
1055.541	57.32	40.68	57.2	247	847.969	15.93	58.73	15.93	kafka-001	2018-08-17T02:36:29.059081193Z
1053.08	57.43	40.68	57.65	248	1281.442	15.93	57.32	15.93	kafka-001	2018-08-17T02:36:36.069239746Z
1060.676	60.4	40.69	57.34	249	853.032	15.93	57.43	15.93	kafka-001	2018-08-17T02:36:43.083885615Z
1062.854	61.18	40.7	58.72	249	1291.202	15.93	60.4	15.93	kafka-001	2018-08-17T02:36:50.095786317Z
1056.364	56.82	40.71	59.01	250	840.752	15.93	61.18	15.93	kafka-001	2018-08-17T02:36:57.108380496Z
1057.787	57.13	40.71	58.65	251	856.031	15.93	56.82	15.93	kafka-001	2018-08-17T02:37:04.119855354Z
1067.476	56.33	40.72	58.38	251	1289.606	15.93	57.13	15.93	kafka-001	2018-08-17T02:37:11.130858553Z
1072.161	58.58	40.73	58.21	252	853.938	15.93	56.33	15.93	kafka-001	2018-08-17T02:37:18.145069787Z
1066.344	56.32	40.73	58.41	252	1298.226	15.93	58.58	15.93	kafka-001	2018-08-17T02:37:25.15604918Z
1063.581	57.41	40.74	57.73	253	863.749	15.93	56.32	15.93	kafka-001	2018-08-17T02:37:32.166905335Z
1072.441	60.83	40.75	57.1	254	865.275	15.93	57.41	15.93	kafka-001	2018-08-17T02:37:39.177415687Z
1083.318	59.22	40.76	57.77	254	1313.815	15.93	60.83	15.93	kafka-001	2018-08-17T02:37:46.190824427Z
1078.089	61.95	40.76	58.11	255	872.07	15.93	59.22	15.93	kafka-001	2018-08-17T02:37:53.205624003Z
1086.128	60.63	40.77	59.05	255	1331.674	15.93	61.95	15.93	kafka-001	2018-08-17T02:38:00.218248908Z
1085.947	58.93	40.78	59.39	256	866.024	15.93	60.63	15.93	kafka-001	2018-08-17T02:38:07.231537444Z
1078.385	58.75	40.79	59.83	257	873.978	15.93	58.93	15.93	kafka-001	2018-08-17T02:38:14.245425809Z
1078.634	56.65	40.79	60.05	257	1320.685	15.93	58.75	15.93	kafka-001	2018-08-17T02:38:21.257726119Z
1087.691	61.54	40.8	59.35	258	878.627	15.93	56.65	15.93	kafka-001	2018-08-17T02:38:28.269264074Z
1088.813	59.08	40.81	59.74	259	1334.622	15.93	61.54	15.93	kafka-001	2018-08-17T02:38:35.287224044Z
1080.714	60.57	40.82	59.26	259	874.246	15.93	59.08	15.93	kafka-001	2018-08-17T02:38:42.29724623Z
1087.965	57.92	40.82	59.25	260	885.466	15.93	60.57	15.93	kafka-001	2018-08-17T02:38:49.308010162Z
1069.187	60.03	40.83	59.08	260	1337.016	15.93	57.92	15.93	kafka-001	2018-08-17T02:38:56.320448472Z
1089.408	62.33	40.84	59.3	261	889.338	15.93	60.03	15.93	kafka-001	2018-08-17T02:39:03.335663867Z
1103.252	60.98	40.85	60.24	262	1345.978	15.93	62.33	15.93	kafka-001	2018-08-17T02:39:10.346751385Z
1104.479	59.91	40.85	60.15	262	892.957	15.93	60.98	15.93	kafka-001	2018-08-17T02:39:17.357792004Z
1103.277	60.09	40.86	60.29	263	895.755	15.93	59.91	15.93	kafka-001	2018-08-17T02:39:24.368795827Z
1104.984	54.59	40.87	60.21	263	1345.234	15.93	60.09	15.93	kafka-001	2018-08-17T02:39:31.380566204Z
1102.913	60.34	40.88	59.65	264	900.194	15.93	54.59	15.93	kafka-001	2018-08-17T02:39:38.392202788Z
1122.527	60.23	40.88	59.71	264	1364.056	15.93	60.34	15.93	kafka-001	2018-08-17T02:39:45.407224Z
1115.706	61.92	40.89	59.36	265	904.364	15.93	60.23	15.93	kafka-001	2018-08-17T02:39:52.41816957Z
1119.504	59.55	40.9	59.51	266	902.208	15.93	61.92	15.93	kafka-001	2018-08-17T02:39:59.428825076Z
1118.837	46.65	40.91	59.45	266	1363.092	15.93	59.55	15.93	kafka-001	2018-08-17T02:40:06.438137425Z
1122.171	61.0	40.92	57.21	267	911.396	15.93	46.65	15.93	kafka-001	2018-08-17T02:40:13.446855656Z
1131.224	63.66	40.93	58.28	267	1379.948	15.93	61.0	15.93	kafka-001	2018-08-17T02:40:20.460047773Z
1132.563	62.81	40.93	58.83	268	915.914	15.93	63.66	15.93	kafka-001	2018-08-17T02:40:27.470193864Z
1133.111	62.01	40.94	59.26	269	912.525	15.93	62.81	15.93	kafka-001	2018-08-17T02:40:34.480315282Z
1135.422	64.45	40.95	59.28	269	1385.916	15.93	62.01	15.93	kafka-001	2018-08-17T02:40:41.491091101Z
1139.569	65.28	40.96	60.1	270	920.326	15.93	64.45	15.93	kafka-001	2018-08-17T02:40:48.501591294Z
1144.674	59.52	40.96	63.2	270	1387.135	15.93	65.28	15.93	kafka-001	2018-08-17T02:40:55.51213026Z
1147.775	59.49	40.97	62.95	271	922.974	15.93	59.52	15.93	kafka-001	2018-08-17T02:41:02.526989977Z
1151.673	62.71	40.98	62.26	271	920.471	15.93	59.49	15.93	kafka-001	2018-08-17T02:41:09.539001372Z
1148.292	62.55	40.99	62.24	272	1397.777	15.93	62.71	15.93	kafka-001	2018-08-17T02:41:16.550187566Z
1148.209	65.38	40.99	62.33	273	925.268	15.93	62.55	15.93	kafka-001	2018-08-17T02:41:23.560172106Z
1154.658	61.59	41.0	62.49	273	1403.452	15.93	65.38	15.93	kafka-001	2018-08-17T02:41:30.572387693Z
1163.109	61.45	41.01	61.87	274	936.07	15.93	61.59	15.93	kafka-001	2018-08-17T02:41:37.583007705Z
1152.279	61.38	41.02	62.19	274	926.124	15.93	61.45	15.93	kafka-001	2018-08-17T02:41:44.59488753Z
1169.312	63.19	41.03	62.51	275	1420.424	15.93	61.38	15.93	kafka-001	2018-08-17T02:41:51.606970887Z
1160.379	66.62	41.04	62.59	275	939.665	15.93	63.19	15.93	kafka-001	2018-08-17T02:41:58.61916067Z
1162.056	62.13	41.04	63.27	276	1412.798	15.93	66.62	15.93	kafka-001	2018-08-17T02:42:05.62860803Z
1164.681	61.44	41.05	62.73	277	933.341	15.93	62.13	15.93	kafka-001	2018-08-17T02:42:12.642682916Z
1170.569	64.18	41.06	62.7	277	946.22	15.93	61.44	15.93	kafka-001	2018-08-17T02:42:19.651769515Z
1175.318	57.46	41.07	63.16	278	1432.513	15.93	64.18	15.93	kafka-001	2018-08-17T02:42:26.661662062Z
1175.563	63.18	41.08	62.5	278	945.429	15.93	57.46	15.93	kafka-001	2018-08-17T02:42:33.669968642Z
1169.184	65.72	41.08	62.5	279	1431.158	15.93	63.18	15.93	kafka-001	2018-08-17T02:42:40.68115112Z
1174.081	65.58	41.09	62.35	279	945.778	15.93	65.72	15.93	kafka-001	2018-08-17T02:42:47.692131335Z
1185.407	62.56	41.1	62.93	280	954.706	15.93	65.58	15.93	kafka-001	2018-08-17T02:42:54.703804208Z
1181.273	64.67	41.11	63.11	280	1439.99	15.93	62.56	15.93	kafka-001	2018-08-17T02:43:01.715280182Z
1175.748	66.66	41.12	63.19	281	947.245	15.93	64.67	15.93	kafka-001	2018-08-17T02:43:08.72555995Z
1187.08	64.99	41.12	64.73	282	1450.105	15.93	66.66	15.93	kafka-001	2018-08-17T02:43:15.735074171Z
1183.333	62.12	41.13	65.03	282	957.081	15.93	64.99	15.93	kafka-001	2018-08-17T02:43:22.745317465Z
1189.234	66.92	41.14	64.43	283	960.172	15.93	62.12	15.93	kafka-001	2018-08-17T02:43:29.755015291Z
1194.181	61.28	41.15	64.65	283	1453.631	15.93	66.92	15.93	kafka-001	2018-08-17T02:43:36.767831752Z
1202.281	67.85	41.16	64.44	284	964.287	15.93	61.28	15.93	kafka-001	2018-08-17T02:43:43.778229886Z
1200.968	66.53	41.17	64.97	284	1459.145	15.93	67.85	15.93	kafka-001	2018-08-17T02:43:50.792449557Z
1206.951	67.2	41.18	64.95	285	968.063	15.93	66.53	15.93	kafka-001	2018-08-17T02:43:57.805349471Z
1197.727	62.78	41.18	65.32	285	970.534	15.93	67.2	15.93	kafka-001	2018-08-17T02:44:04.817236084Z
1211.622	66.04	41.19	65.43	286	1474.746	15.93	62.78	15.93	kafka-001	2018-08-17T02:44:11.828206227Z
1207.281	62.71	41.2	65.28	287	976.031	15.93	66.04	15.93	kafka-001	2018-08-17T02:44:18.845369493Z
1210.82	69.04	41.21	65.52	287	1475.567	15.93	62.71	15.93	kafka-001	2018-08-17T02:44:25.858204049Z
1203.875	71.66	41.22	65.72	288	974.535	15.93	69.04	15.93	kafka-001	2018-08-17T02:44:32.869721473Z
1210.921	64.07	41.22	66.57	288	981.29	15.93	71.66	15.93	kafka-001	2018-08-17T02:44:39.881834258Z
1227.157	63.14	41.23	66.05	289	1494.306	15.93	64.07	15.93	kafka-001	2018-08-17T02:44:46.893014208Z
1204.046	65.79	41.24	66.11	289	985.171	15.93	63.14	15.93	kafka-001	2018-08-17T02:44:53.905219853Z
1226.392	64.27	41.25	66.07	290	1502.119	15.93	65.79	15.93	kafka-001	2018-08-17T02:45:00.918345764Z
1224.631	68.33	41.26	66.33	290	979.637	15.93	64.27	15.93	kafka-001	2018-08-17T02:45:07.933248552Z
1214.031	66.78	41.27	66.21	291	991.568	15.93	68.33	15.93	kafka-001	2018-08-17T02:45:14.946453611Z
1232.254	67.36	41.27	65.4	291	1500.339	15.93	66.78	15.93	kafka-001	2018-08-17T02:45:21.958167364Z
1230.621	62.8	41.28	65.94	292	995.687	15.93	67.36	15.93	kafka-001	2018-08-17T02:45:28.970731786Z
1233.588	65.8	41.29	65.89	292	1509.013	15.93	62.8	15.93	kafka-001	2018-08-17T02:45:35.981633619Z
1222.689	66.24	41.3	65.89	293	996.09	15.93	65.8	15.93	kafka-001	2018-08-17T02:45:42.991604309Z
1235.438	65.59	41.31	66.22	294	990.24	15.93	66.24	15.93	kafka-001	2018-08-17T02:45:50.00271657Z
1229.747	66.13	41.32	65.76	294	1505.353	15.93	65.59	15.93	kafka-001	2018-08-17T02:45:57.013434581Z
1244.473	63.95	41.33	65.65	295	1000.138	15.93	66.13	15.93	kafka-001	2018-08-17T02:46:04.023671686Z
1248.586	69.51	41.33	65.08	295	1516.785	15.93	63.95	15.93	kafka-001	2018-08-17T02:46:11.036352535Z
1251.645	70.87	41.34	66.2	296	1006.796	15.93	69.51	15.93	kafka-001	2018-08-17T02:46:18.0487706Z
1253.15	65.76	41.35	67.05	296	1524.837	15.93	70.87	15.93	kafka-001	2018-08-17T02:46:25.061513602Z
1242.377	68.88	41.36	66.97	297	1007.54	15.93	65.76	15.93	kafka-001	2018-08-17T02:46:32.072291259Z
1252.741	68.32	41.37	67.52	297	1011.93	15.93	68.88	15.93	kafka-001	2018-08-17T02:46:39.083326361Z
1259.9	68.08	41.38	67.88	298	1540.315	15.93	68.32	15.93	kafka-001	2018-08-17T02:46:46.09550275Z
1253.315	70.47	41.39	68.57	298	1010.303	15.93	68.08	15.93	kafka-001	2018-08-17T02:46:53.105863032Z
1259.554	70.87	41.39	68.73	299	1544.573	15.93	70.47	15.93	kafka-001	2018-08-17T02:47:00.116708203Z
1257.501	66.86	41.4	68.73	299	1026.9	15.93	70.87	15.93	kafka-001	2018-08-17T02:47:07.128115341Z
1260.397	56.71	41.41	68.91	300	998.85	15.93	66.86	15.93	kafka-001	2018-08-17T02:47:14.138200069Z
1265.622	66.94	41.42	66.88	300	1540.686	15.93	56.71	15.93	kafka-001	2018-08-17T02:47:21.149381932Z
1266.407	76.36	41.43	66.65	301	1020.702	15.93	66.94	15.93	kafka-001	2018-08-17T02:47:28.161062879Z
1267.184	67.51	41.44	68.03	301	1548.274	15.93	76.36	15.93	kafka-001	2018-08-17T02:47:35.173266505Z
1276.378	72.32	41.45	67.54	302	1027.991	15.93	67.51	15.93	kafka-001	2018-08-17T02:47:42.183639819Z
1281.874	64.91	41.46	67.78	302	1022.472	15.93	72.32	15.93	kafka-001	2018-08-17T02:47:49.196260423Z
1282.716	70.06	41.47	67.46	303	1557.388	15.93	64.91	15.93	kafka-001	2018-08-17T02:47:56.208239104Z
1277.165	68.66	41.48	69.68	303	1029.818	15.93	70.06	15.93	kafka-001	2018-08-17T02:48:03.224337282Z
1285.094	72.08	41.49	69.97	304	1555.279	15.93	68.66	15.93	kafka-001	2018-08-17T02:48:10.236127039Z
1291.529	69.87	41.49	69.26	305	1034.448	15.93	72.08	15.93	kafka-001	2018-08-17T02:48:17.247957005Z
1279.807	69.49	41.5	69.65	305	1034.983	15.93	69.87	15.93	kafka-001	2018-08-17T02:48:24.259245303Z
1296.426	67.73	41.51	69.18	306	1577.777	15.93	69.49	15.93	kafka-001	2018-08-17T02:48:31.273547644Z
1292.181	72.62	41.52	69.65	306	1039.079	15.93	67.73	15.93	kafka-001	2018-08-17T02:48:38.286526215Z
1300.428	73.33	41.53	70.07	306	1573.662	15.93	72.62	15.93	kafka-001	2018-08-17T02:48:45.297790109Z
1290.369	70.86	41.54	70.85	306	1036.57	15.93	73.33	15.93	kafka-001	2018-08-17T02:48:52.309422019Z
1294.696	63.42	41.55	70.65	306	1037.455	15.93	70.86	15.93	kafka-001	2018-08-17T02:48:59.320623051Z
1299.293	69.86	41.56	69.57	306	1574.605	15.93	63.42	15.93	kafka-001	2018-08-17T02:49:06.333179581Z
1303.201	69.22	41.56	69.64	306	1043.06	15.93	69.86	15.93	kafka-001	2018-08-17T02:49:13.3466187Z
1299.07	73.31	41.57	69.88	306	1572.391	15.93	69.22	15.93	kafka-001	2018-08-17T02:49:20.357375081Z
1299.007	70.04	41.58	70.0	306	1033.942	15.93	73.31	15.93	kafka-001	2018-08-17T02:49:27.369096633Z
1290.493	71.87	41.59	69.45	306	1043.474	15.93	70.04	15.93	kafka-001	2018-08-17T02:49:34.37965365Z
1283.442	66.44	41.6	69.62	306	1579.114	15.93	71.87	15.93	kafka-001	2018-08-17T02:49:41.388981932Z
1277.831	68.48	41.61	70.12	306	1030.919	15.93	66.44	15.93	kafka-001	2018-08-17T02:49:48.404652201Z
1291.816	71.24	41.62	69.89	306	1577.205	15.93	68.48	15.93	kafka-001	2018-08-17T02:49:55.417257732Z
