net_receive	container_cpu%	memory%	host_moving_avg_cpu	sensor_count	net_send	memory_active_anon%	host_cpu	memory_rss%	name	timestamp
9237436.144	3.9	42.88	nan	3	9995988.323	15.93	0	15.93	kafka-001	2018-08-17T03:20:58.331680299Z
48.026	4.47	42.88	nan	8	55.136	15.93	3.9	15.93	kafka-001	2018-08-17T03:21:05.343194412Z
69.081	10.14	42.88	nan	12	66.625	15.93	4.47	15.93	kafka-001	2018-08-17T03:21:12.355906416Z
80.887	5.63	42.89	nan	16	68.539	15.93	10.14	15.93	kafka-001	2018-08-17T03:21:19.368298146Z
100.838	6.81	42.89	nan	19	113.584	15.93	5.63	15.93	kafka-001	2018-08-17T03:21:26.379574277Z
112.041	8.34	42.89	5.16	23	93.93	15.93	6.81	15.93	kafka-001	2018-08-17T03:21:33.39180597Z
128.382	8.21	42.89	6.55	26	149.337	15.93	8.34	15.93	kafka-001	2018-08-17T03:21:40.402132068Z
138.213	8.73	42.89	7.27	28	115.945	15.93	8.21	15.93	kafka-001	2018-08-17T03:21:47.414415541Z
148.027	8.58	42.89	7.98	31	122.493	15.93	8.73	15.93	kafka-001	2018-08-17T03:21:54.427260075Z
164.244	10.29	42.89	7.72	34	192.872	15.93	8.58	15.93	kafka-001	2018-08-17T03:22:01.440459152Z
172.065	11.85	42.89	8.49	37	147.182	15.93	10.29	15.93	kafka-001	2018-08-17T03:22:08.452601918Z
178.938	11.66	42.89	9.33	39	221.158	15.93	11.85	15.93	kafka-001	2018-08-17T03:22:15.464795564Z
182.605	11.24	42.89	9.89	42	158.054	15.93	11.66	15.93	kafka-001	2018-08-17T03:22:22.475990344Z
196.707	12.08	42.89	10.39	44	167.306	15.93	11.24	15.93	kafka-001	2018-08-17T03:22:29.486812403Z
206.868	12.71	42.9	10.95	46	253.948	15.93	12.08	15.93	kafka-001	2018-08-17T03:22:36.499123263Z
215.077	19.33	42.9	11.64	48	183.586	15.93	12.71	15.93	kafka-001	2018-08-17T03:22:43.512695813Z
219.858	14.56	42.9	13.15	50	268.552	15.93	19.33	15.93	kafka-001	2018-08-17T03:22:50.524289383Z
230.355	13.44	42.9	13.6	52	194.293	15.93	14.56	15.93	kafka-001	2018-08-17T03:22:57.535628106Z
237.779	13.96	42.9	13.89	54	201.116	15.93	13.44	15.93	kafka-001	2018-08-17T03:23:04.547078848Z
232.738	14.37	42.9	14.35	56	302.422	15.93	13.96	15.93	kafka-001	2018-08-17T03:23:11.558439318Z
256.195	13.15	42.9	14.73	58	218.344	15.93	14.37	15.93	kafka-001	2018-08-17T03:23:18.571603696Z
268.862	18.55	42.91	14.8	60	337.923	15.93	13.15	15.93	kafka-001	2018-08-17T03:23:25.583466944Z
264.425	15.66	42.91	14.67	62	223.288	15.93	18.55	15.93	kafka-001	2018-08-17T03:23:32.596073202Z
275.875	16.26	42.91	14.86	64	228.422	15.93	15.66	15.93	kafka-001	2018-08-17T03:23:39.608139118Z
294.954	16.75	42.91	15.33	66	361.922	15.93	16.26	15.93	kafka-001	2018-08-17T03:23:46.620031565Z
298.537	19.04	42.91	15.79	67	248.928	15.93	16.75	15.93	kafka-001	2018-08-17T03:23:53.632579128Z
300.18	18.43	42.92	16.57	69	371.794	15.93	19.04	15.93	kafka-001	2018-08-17T03:24:00.643807677Z
308.857	18.63	42.92	17.45	71	252.246	15.93	18.43	15.93	kafka-001	2018-08-17T03:24:07.654639744Z
319.131	16.67	42.92	17.46	72	261.254	15.93	18.63	15.93	kafka-001	2018-08-17T03:24:14.67989917Z
328.51	19.12	42.92	17.63	74	391.768	15.93	16.67	15.93	kafka-001	2018-08-17T03:24:21.692367787Z
332.459	21.13	42.93	18.11	76	271.244	15.93	19.12	15.93	kafka-001	2018-08-17T03:24:28.7057491Z
342.898	21.86	42.93	18.84	77	422.398	15.93	21.13	15.93	kafka-001	2018-08-17T03:24:35.716397693Z
346.123	19.79	42.93	19.31	79	288.438	15.93	21.86	15.93	kafka-001	2018-08-17T03:24:42.730236407Z
354.463	20.45	42.93	19.53	81	294.452	15.93	19.79	15.93	kafka-001	2018-08-17T03:24:49.746197486Z
352.624	19.82	42.93	19.84	82	441.29	15.93	20.45	15.93	kafka-001	2018-08-17T03:24:56.759847816Z
354.25	21.29	42.94	20.36	84	295.09	15.93	19.82	15.93	kafka-001	2018-08-17T03:25:03.776712531Z
371.275	22.48	42.94	20.72	85	450.324	15.93	21.29	15.93	kafka-001	2018-08-17T03:25:10.78779587Z
376.169	17.81	42.94	20.95	87	310.428	15.93	22.48	15.93	kafka-001	2018-08-17T03:25:17.800570458Z
382.259	22.36	42.94	20.27	88	310.897	15.93	17.81	15.93	kafka-001	2018-08-17T03:25:24.813121709Z
387.767	21.23	42.94	20.7	90	474.698	15.93	22.36	15.93	kafka-001	2018-08-17T03:25:31.826479641Z
395.308	23.58	42.95	20.83	91	325.776	15.93	21.23	15.93	kafka-001	2018-08-17T03:25:38.837772298Z
404.28	23.96	42.95	21.46	93	495.16	15.93	23.58	15.93	kafka-001	2018-08-17T03:25:45.848245581Z
405.041	24.71	42.95	21.9	94	334.938	15.93	23.96	15.93	kafka-001	2018-08-17T03:25:52.859176911Z
412.61	22.73	42.96	22.28	96	337.984	15.93	24.71	15.93	kafka-001	2018-08-17T03:25:59.870957457Z
412.947	22.65	42.96	23.1	97	512.352	15.93	22.73	15.93	kafka-001	2018-08-17T03:26:06.885428073Z
424.575	24.76	42.96	23.14	98	349.248	15.93	22.65	15.93	kafka-001	2018-08-17T03:26:13.905747939Z
428.24	25.84	42.97	23.73	100	523.758	15.93	24.76	15.93	kafka-001	2018-08-17T03:26:20.914902779Z
426.751	24.61	42.97	24.11	101	357.406	15.93	25.84	15.93	kafka-001	2018-08-17T03:26:27.925336011Z
432.315	25.41	42.97	24.22	102	355.014	15.93	24.61	15.93	kafka-001	2018-08-17T03:26:34.93729633Z
449.302	26.69	42.97	24.33	104	544.81	15.93	25.41	15.93	kafka-001	2018-08-17T03:26:41.948625266Z
453.988	27.35	42.98	24.99	105	371.55	15.93	26.69	15.93	kafka-001	2018-08-17T03:26:48.967627089Z
455.601	26.93	42.98	25.78	106	562.082	15.93	27.35	15.93	kafka-001	2018-08-17T03:26:55.980482791Z
447.445	25.33	42.98	26.14	107	384.985	15.93	26.93	15.93	kafka-001	2018-08-17T03:27:02.992845964Z
467.616	26.86	42.99	26.05	109	376.712	15.93	25.33	15.93	kafka-001	2018-08-17T03:27:10.005249939Z
473.683	27.29	42.99	26.43	110	582.036	15.93	26.86	15.93	kafka-001	2018-08-17T03:27:17.015937186Z
461.544	25.38	42.99	26.74	111	385.589	15.93	27.29	15.93	kafka-001	2018-08-17T03:27:24.033579088Z
479.243	27.34	42.99	26.52	112	585.62	15.93	25.38	15.93	kafka-001	2018-08-17T03:27:31.043278884Z
486.033	27.15	43.0	26.52	114	401.863	15.93	27.34	15.93	kafka-001	2018-08-17T03:27:38.054505594Z
501.732	30.86	43.0	26.56	115	617.593	15.93	27.15	15.93	kafka-001	2018-08-17T03:27:45.065082174Z
499.595	28.09	43.01	27.48	116	411.156	15.93	30.86	15.93	kafka-001	2018-08-17T03:27:52.076944532Z
493.297	28.29	43.01	27.69	117	408.176	15.93	28.09	15.93	kafka-001	2018-08-17T03:27:59.087680016Z
508.752	29.87	43.01	27.85	118	625.617	15.93	28.29	15.93	kafka-001	2018-08-17T03:28:06.101566193Z
512.189	29.56	43.02	28.6	120	419.934	15.93	29.87	15.93	kafka-001	2018-08-17T03:28:13.113071225Z
523.554	30.82	43.02	28.97	121	647.754	15.93	29.56	15.93	kafka-001	2018-08-17T03:28:20.124067016Z
512.911	29.62	43.02	29.58	122	429.253	15.93	30.82	15.93	kafka-001	2018-08-17T03:28:27.135124635Z
512.743	28.01	43.03	29.38	123	420.298	15.93	29.62	15.93	kafka-001	2018-08-17T03:28:34.147956007Z
519.286	30.55	43.03	29.36	124	652.087	15.93	28.01	15.93	kafka-001	2018-08-17T03:28:41.15761188Z
535.609	27.92	43.03	29.74	125	438.824	15.93	30.55	15.93	kafka-001	2018-08-17T03:28:48.169419662Z
535.011	31.67	43.04	29.41	126	653.773	15.93	27.92	15.93	kafka-001	2018-08-17T03:28:55.181381417Z
541.814	30.34	43.04	29.77	127	444.593	15.93	31.67	15.93	kafka-001	2018-08-17T03:29:02.192928163Z
549.455	32.18	43.04	29.69	129	453.65	15.93	30.34	15.93	kafka-001	2018-08-17T03:29:09.207212117Z
554.318	31.03	43.05	30.11	130	686.995	15.93	32.18	15.93	kafka-001	2018-08-17T03:29:16.217764699Z
551.963	32.08	43.05	30.62	131	454.649	15.93	31.03	15.93	kafka-001	2018-08-17T03:29:23.23046498Z
569.524	34.03	43.06	30.87	132	702.347	15.93	32.08	15.93	kafka-001	2018-08-17T03:29:30.244805669Z
570.905	33.56	43.06	31.89	133	461.598	15.93	34.03	15.93	kafka-001	2018-08-17T03:29:37.25656719Z
567.341	28.8	43.06	32.2	134	466.063	15.93	33.56	15.93	kafka-001	2018-08-17T03:29:44.269051541Z
562.728	32.88	43.07	31.95	135	705.229	15.93	28.8	15.93	kafka-001	2018-08-17T03:29:51.28197265Z
573.119	34.67	43.07	32.06	136	472.515	15.93	32.88	15.93	kafka-001	2018-08-17T03:29:58.293161565Z
584.32	26.89	43.08	32.67	137	721.211	15.93	34.67	15.93	kafka-001	2018-08-17T03:30:05.303818101Z
577.345	31.24	43.08	31.81	138	479.959	15.93	26.89	15.93	kafka-001	2018-08-17T03:30:12.31504054Z
585.549	33.31	43.09	31.34	139	480.373	15.93	31.24	15.93	kafka-001	2018-08-17T03:30:19.326639949Z
591.808	39.25	43.09	31.3	140	723.704	15.93	33.31	15.93	kafka-001	2018-08-17T03:30:26.341753679Z
601.131	34.56	43.09	33.04	141	486.327	15.93	39.25	15.93	kafka-001	2018-08-17T03:30:33.356987924Z
599.902	34.84	43.1	33.32	142	744.256	15.93	34.56	15.93	kafka-001	2018-08-17T03:30:40.369420724Z
594.79	33.9	43.1	33.35	143	496.964	15.93	34.84	15.93	kafka-001	2018-08-17T03:30:47.382260993Z
602.668	38.87	43.1	34.52	144	503.616	15.93	33.9	15.93	kafka-001	2018-08-17T03:30:54.393342141Z
618.235	35.3	43.11	35.79	145	766.707	15.93	38.87	15.93	kafka-001	2018-08-17T03:31:01.404139354Z
620.457	33.63	43.11	36.12	146	508.54	15.93	35.3	15.93	kafka-001	2018-08-17T03:31:08.418210778Z
625.152	37.03	43.12	35.18	147	765.524	15.93	33.63	15.93	kafka-001	2018-08-17T03:31:15.430201716Z
628.979	36.07	43.12	35.6	148	515.462	15.93	37.03	15.93	kafka-001	2018-08-17T03:31:22.440201905Z
621.954	35.57	43.13	35.8	149	507.895	15.93	36.07	15.93	kafka-001	2018-08-17T03:31:29.450726652Z
627.429	36.37	43.13	36.08	150	779.483	15.93	35.57	15.93	kafka-001	2018-08-17T03:31:36.461241427Z
630.969	35.99	43.13	35.66	151	518.194	15.93	36.37	15.93	kafka-001	2018-08-17T03:31:43.473238014Z
642.928	36.57	43.14	35.78	152	795.666	15.93	35.99	15.93	kafka-001	2018-08-17T03:31:50.485215351Z
647.849	36.87	43.14	36.27	153	530.898	15.93	36.57	15.93	kafka-001	2018-08-17T03:31:57.499063077Z
650.479	32.85	43.15	36.24	154	532.648	15.93	36.87	15.93	kafka-001	2018-08-17T03:32:04.511451265Z
648.872	38.04	43.15	35.7	154	797.441	15.93	32.85	15.93	kafka-001	2018-08-17T03:32:11.527629172Z
654.291	38.42	43.15	36.12	155	540.285	15.93	38.04	15.93	kafka-001	2018-08-17T03:32:18.539870005Z
665.656	38.4	43.16	36.46	156	814.059	15.93	38.42	15.93	kafka-001	2018-08-17T03:32:25.550921852Z
657.841	32.93	43.17	36.86	157	546.408	15.93	38.4	15.93	kafka-001	2018-08-17T03:32:32.561673167Z
668.317	39.33	43.17	36.25	158	531.56	15.93	32.93	15.93	kafka-001	2018-08-17T03:32:39.572776652Z
674.11	37.04	43.18	36.66	159	828.1	15.93	39.33	15.93	kafka-001	2018-08-17T03:32:46.585157464Z
661.825	38.57	43.18	37.36	160	550.06	15.93	37.04	15.93	kafka-001	2018-08-17T03:32:53.596314386Z
659.438	37.67	43.19	37.45	161	820.541	15.93	38.57	15.93	kafka-001	2018-08-17T03:33:00.60651518Z
678.535	59.95	43.19	37.32	161	562.648	15.93	37.67	15.93	kafka-001	2018-08-17T03:33:07.618703352Z
686.923	37.49	43.19	40.92	162	562.717	15.93	59.95	15.93	kafka-001	2018-08-17T03:33:14.63383426Z
686.95	37.49	43.2	41.68	163	847.158	15.93	37.49	15.93	kafka-001	2018-08-17T03:33:21.647698914Z
675.083	34.73	43.2	41.37	164	560.065	15.93	37.49	15.93	kafka-001	2018-08-17T03:33:28.661080685Z
706.49	42.8	43.21	40.98	165	861.854	15.93	34.73	15.93	kafka-001	2018-08-17T03:33:35.671857468Z
704.26	35.66	43.21	41.69	166	561.899	15.93	42.8	15.93	kafka-001	2018-08-17T03:33:42.68335718Z
710.992	40.05	43.22	41.35	167	583.668	15.93	35.66	15.93	kafka-001	2018-08-17T03:33:49.694942494Z
718.306	39.74	43.22	38.04	168	875.385	15.93	40.05	15.93	kafka-001	2018-08-17T03:33:56.709755816Z
702.987	45.59	43.23	38.41	169	586.39	15.93	39.74	15.93	kafka-001	2018-08-17T03:34:03.721119815Z
715.052	40.06	43.23	39.76	169	882.393	15.93	45.59	15.93	kafka-001	2018-08-17T03:34:10.73286301Z
709.355	40.96	43.23	40.65	170	585.698	15.93	40.06	15.93	kafka-001	2018-08-17T03:34:17.752852784Z
714.184	41.28	43.24	40.34	171	587.208	15.93	40.96	15.93	kafka-001	2018-08-17T03:34:24.765217577Z
722.057	40.82	43.25	41.28	172	884.339	15.93	41.28	15.93	kafka-001	2018-08-17T03:34:31.778157977Z
731.863	42.02	43.25	41.41	173	594.774	15.93	40.82	15.93	kafka-001	2018-08-17T03:34:38.78922912Z
735.83	42.1	43.26	41.79	174	893.886	15.93	42.02	15.93	kafka-001	2018-08-17T03:34:45.800364611Z
735.233	38.34	43.26	41.21	174	602.635	15.93	42.1	15.93	kafka-001	2018-08-17T03:34:52.810999761Z
735.357	43.37	43.26	40.92	175	603.868	15.93	38.34	15.93	kafka-001	2018-08-17T03:34:59.824094088Z
748.482	40.75	43.27	41.32	176	918.77	15.93	43.37	15.93	kafka-001	2018-08-17T03:35:06.836311096Z
748.817	44.76	43.28	41.23	177	617.755	15.93	40.75	15.93	kafka-001	2018-08-17T03:35:13.848646473Z
754.102	46.11	43.28	41.89	178	931.687	15.93	44.76	15.93	kafka-001	2018-08-17T03:35:20.863942712Z
750.311	42.82	43.29	42.57	179	613.84	15.93	46.11	15.93	kafka-001	2018-08-17T03:35:27.875129724Z
759.453	42.64	43.29	42.69	179	625.734	15.93	42.82	15.93	kafka-001	2018-08-17T03:35:34.886221942Z
763.181	42.78	43.3	43.41	180	932.288	15.93	42.64	15.93	kafka-001	2018-08-17T03:35:41.896299886Z
759.516	43.31	43.3	43.31	181	623.388	15.93	42.78	15.93	kafka-001	2018-08-17T03:35:48.907941717Z
778.974	44.94	43.31	43.74	182	950.122	15.93	43.31	15.93	kafka-001	2018-08-17T03:35:55.920812549Z
770.463	39.92	43.31	43.77	183	632.706	15.93	44.94	15.93	kafka-001	2018-08-17T03:36:02.934020358Z
775.973	43.86	43.32	42.74	184	634.453	15.93	39.92	15.93	kafka-001	2018-08-17T03:36:09.945021346Z
776.574	43.84	43.33	42.91	184	957.966	15.93	43.86	15.93	kafka-001	2018-08-17T03:36:16.958921793Z
779.859	44.66	43.33	43.11	185	636.439	15.93	43.84	15.93	kafka-001	2018-08-17T03:36:23.96992485Z
784.07	44.07	43.33	43.42	186	965.428	15.93	44.66	15.93	kafka-001	2018-08-17T03:36:30.981438213Z
793.869	43.91	43.34	43.55	187	646.74	15.93	44.07	15.93	kafka-001	2018-08-17T03:36:37.993009446Z
799.466	42.99	43.35	43.38	188	654.201	15.93	43.91	15.93	kafka-001	2018-08-17T03:36:45.003733192Z
808.383	45.26	43.35	43.89	188	989.981	15.93	42.99	15.93	kafka-001	2018-08-17T03:36:52.017013604Z
794.461	53.1	43.36	44.12	189	653.055	15.93	45.26	15.93	kafka-001	2018-08-17T03:36:59.03057193Z
793.996	45.41	43.36	45.66	190	975.938	15.93	53.1	15.93	kafka-001	2018-08-17T03:37:06.042716453Z
809.469	39.91	43.37	45.79	191	659.664	15.93	45.41	15.93	kafka-001	2018-08-17T03:37:13.052919155Z
796.752	46.37	43.37	45.1	192	739.7	15.93	39.91	15.93	kafka-001	2018-08-17T03:37:20.064080301Z
813.005	40.65	43.38	45.51	192	912.126	15.93	46.37	15.93	kafka-001	2018-08-17T03:37:27.077201231Z
814.763	45.42	43.39	45.12	193	667.415	15.93	40.65	15.93	kafka-001	2018-08-17T03:37:34.092840422Z
824.93	46.66	43.39	45.14	194	1010.227	15.93	45.42	15.93	kafka-001	2018-08-17T03:37:41.10529675Z
823.715	48.77	43.39	44.07	195	669.355	15.93	46.66	15.93	kafka-001	2018-08-17T03:37:48.116960796Z
833.064	45.29	43.4	44.63	195	1008.626	15.93	48.77	15.93	kafka-001	2018-08-17T03:37:55.129269309Z
825.487	52.02	43.41	45.53	196	675.654	15.93	45.29	15.93	kafka-001	2018-08-17T03:38:02.144917958Z
836.045	44.68	43.42	46.47	197	674.253	15.93	52.02	15.93	kafka-001	2018-08-17T03:38:09.157881316Z
831.874	52.32	43.42	47.14	198	1018.599	15.93	44.68	15.93	kafka-001	2018-08-17T03:38:16.176213815Z
834.067	49.76	43.43	48.29	199	681.378	15.93	52.32	15.93	kafka-001	2018-08-17T03:38:23.187795872Z
847.756	49.48	43.43	48.81	199	1035.63	15.93	49.76	15.93	kafka-001	2018-08-17T03:38:30.199564594Z
846.449	45.03	43.44	48.92	200	688.2	15.93	49.48	15.93	kafka-001	2018-08-17T03:38:37.21300581Z
850.919	48.38	43.44	48.88	201	690.367	15.93	45.03	15.93	kafka-001	2018-08-17T03:38:44.225076118Z
864.488	45.8	43.45	48.27	202	1045.333	15.93	48.38	15.93	kafka-001	2018-08-17T03:38:51.235074626Z
862.827	49.16	43.46	48.46	202	694.705	15.93	45.8	15.93	kafka-001	2018-08-17T03:38:58.246278872Z
868.046	49.56	43.46	47.93	203	1050.649	15.93	49.16	15.93	kafka-001	2018-08-17T03:39:05.256414134Z
871.003	47.83	43.47	47.9	204	704.637	15.93	49.56	15.93	kafka-001	2018-08-17T03:39:12.272571871Z
865.719	47.87	43.47	47.63	205	699.824	15.93	47.83	15.93	kafka-001	2018-08-17T03:39:19.282881346Z
869.457	49.37	43.48	48.1	205	1069.503	15.93	47.87	15.93	kafka-001	2018-08-17T03:39:26.293262885Z
881.97	50.87	43.49	48.26	206	708.46	15.93	49.37	15.93	kafka-001	2018-08-17T03:39:33.30403971Z
892.02	50.46	43.49	49.11	207	1078.753	15.93	50.87	15.93	kafka-001	2018-08-17T03:39:40.315652262Z
882.319	45.66	43.5	49.33	208	711.112	15.93	50.46	15.93	kafka-001	2018-08-17T03:39:47.328659531Z
889.943	48.78	43.5	48.68	208	714.622	15.93	45.66	15.93	kafka-001	2018-08-17T03:39:54.339579267Z
895.102	49.07	43.51	48.83	209	1087.368	15.93	48.78	15.93	kafka-001	2018-08-17T03:40:01.349493471Z
891.123	50.62	43.51	49.03	210	712.632	15.93	49.07	15.93	kafka-001	2018-08-17T03:40:08.360611366Z
891.52	49.8	43.52	49.24	210	1086.736	15.93	50.62	15.93	kafka-001	2018-08-17T03:40:15.386005669Z
888.957	45.46	43.53	49.06	211	717.383	15.93	49.8	15.93	kafka-001	2018-08-17T03:40:22.403159886Z
881.096	49.49	43.53	48.23	212	716.812	15.93	45.46	15.93	kafka-001	2018-08-17T03:40:29.413360449Z
898.528	58.36	43.54	48.87	213	1102.647	15.93	49.49	15.93	kafka-001	2018-08-17T03:40:36.424455691Z
890.228	51.53	43.55	50.47	213	726.829	15.93	58.36	15.93	kafka-001	2018-08-17T03:40:43.434247431Z
917.14	50.32	43.55	50.88	214	1113.109	15.93	51.53	15.93	kafka-001	2018-08-17T03:40:50.445213855Z
912.485	51.4	43.56	50.83	215	736.267	15.93	50.32	15.93	kafka-001	2018-08-17T03:40:57.456233699Z
915.703	49.24	43.57	51.09	215	740.046	15.93	51.4	15.93	kafka-001	2018-08-17T03:41:04.468292378Z
922.558	50.73	43.57	51.72	216	1117.382	15.93	49.24	15.93	kafka-001	2018-08-17T03:41:11.478328133Z
926.483	50.79	43.58	51.93	217	742.669	15.93	50.73	15.93	kafka-001	2018-08-17T03:41:18.488875729Z
929.814	53.48	43.58	50.67	218	1122.693	15.93	50.79	15.93	kafka-001	2018-08-17T03:41:25.500965191Z
928.423	51.89	43.59	50.99	218	748.378	15.93	53.48	15.93	kafka-001	2018-08-17T03:41:32.511843177Z
937.815	51.92	43.6	51.25	219	760.821	15.93	51.89	15.93	kafka-001	2018-08-17T03:41:39.523098541Z
937.053	51.01	43.6	51.34	220	1127.536	15.93	51.92	15.93	kafka-001	2018-08-17T03:41:46.534897971Z
935.688	50.15	43.61	51.64	220	752.511	15.93	51.01	15.93	kafka-001	2018-08-17T03:41:53.545765908Z
949.838	48.96	43.62	51.54	221	1153.29	15.93	50.15	15.93	kafka-001	2018-08-17T03:42:00.557053272Z
945.769	52.92	43.62	51.23	222	761.571	15.93	48.96	15.93	kafka-001	2018-08-17T03:42:07.568845485Z
932.237	52.68	43.63	51.14	222	764.109	15.93	52.92	15.93	kafka-001	2018-08-17T03:42:14.581389361Z
940.46	52.65	43.64	51.27	223	1160.887	15.93	52.68	15.93	kafka-001	2018-08-17T03:42:21.595895684Z
947.633	51.1	43.64	51.39	224	762.959	15.93	52.65	15.93	kafka-001	2018-08-17T03:42:28.609894161Z
955.14	53.86	43.65	51.41	224	1173.279	15.93	51.1	15.93	kafka-001	2018-08-17T03:42:35.622330858Z
945.093	52.2	43.66	52.03	225	773.008	15.93	53.86	15.93	kafka-001	2018-08-17T03:42:42.640765522Z
949.513	50.05	43.66	52.57	226	772.304	15.93	52.2	15.93	kafka-001	2018-08-17T03:42:49.652726927Z
937.582	52.66	43.67	52.09	226	1160.992	15.93	50.05	15.93	kafka-001	2018-08-17T03:42:56.663394734Z
956.887	54.33	43.67	52.09	227	782.107	15.93	52.66	15.93	kafka-001	2018-08-17T03:43:03.674769325Z
971.292	53.17	43.68	52.37	228	1182.816	15.93	54.33	15.93	kafka-001	2018-08-17T03:43:10.685332888Z
963.077	54.71	43.69	52.71	228	773.185	15.93	53.17	15.93	kafka-001	2018-08-17T03:43:17.697805739Z
957.383	53.84	43.7	52.85	229	778.854	15.93	54.71	15.93	kafka-001	2018-08-17T03:43:24.709710237Z
971.866	51.53	43.7	53.13	230	1188.236	15.93	53.84	15.93	kafka-001	2018-08-17T03:43:31.722176741Z
976.211	53.4	43.71	53.37	230	797.186	15.93	51.53	15.93	kafka-001	2018-08-17T03:43:38.733020428Z
980.76	55.54	43.71	53.5	231	1206.727	15.93	53.4	15.93	kafka-001	2018-08-17T03:43:45.744807757Z
963.282	50.36	43.72	53.7	232	792.52	15.93	55.54	15.93	kafka-001	2018-08-17T03:43:52.760320639Z
974.852	53.22	43.73	53.23	232	787.764	15.93	50.36	15.93	kafka-001	2018-08-17T03:43:59.772835251Z
988.472	46.41	43.74	52.98	233	1215.712	15.93	53.22	15.93	kafka-001	2018-08-17T03:44:06.784758335Z
984.741	62.06	43.74	51.74	233	788.668	15.93	46.41	15.93	kafka-001	2018-08-17T03:44:13.797044841Z
983.601	60.67	43.75	53.5	234	1211.41	15.93	62.06	15.93	kafka-001	2018-08-17T03:44:20.809484265Z
994.83	58.14	43.76	54.71	235	804.531	15.93	60.67	15.93	kafka-001	2018-08-17T03:44:27.823554881Z
984.157	48.32	43.76	55.14	235	806.036	15.93	58.14	15.93	kafka-001	2018-08-17T03:44:34.835059011Z
990.09	54.78	43.77	54.8	236	1224.634	15.93	48.32	15.93	kafka-001	2018-08-17T03:44:41.845204819Z
995.723	50.03	43.78	55.06	237	809.938	15.93	54.78	15.93	kafka-001	2018-08-17T03:44:48.858698373Z
1005.182	56.02	43.79	55.67	237	1233.293	15.93	50.03	15.93	kafka-001	2018-08-17T03:44:55.869981133Z
1000.317	45.16	43.79	54.66	238	814.89	15.93	56.02	15.93	kafka-001	2018-08-17T03:45:02.881044975Z
995.295	54.73	43.8	52.07	238	813.376	15.93	45.16	15.93	kafka-001	2018-08-17T03:45:09.89335688Z
1010.456	50.75	43.81	51.51	239	1242.903	15.93	54.73	15.93	kafka-001	2018-08-17T03:45:16.90650738Z
1010.573	56.1	43.81	51.91	240	822.383	15.93	50.75	15.93	kafka-001	2018-08-17T03:45:23.920183939Z
1011.742	58.4	43.82	52.13	240	1246.563	15.93	56.1	15.93	kafka-001	2018-08-17T03:45:30.931733395Z
1017.541	63.81	43.83	53.53	241	821.156	15.93	58.4	15.93	kafka-001	2018-08-17T03:45:37.943142063Z
1014.625	54.24	43.83	54.82	242	828.308	15.93	63.81	15.93	kafka-001	2018-08-17T03:45:44.953963847Z
1025.216	53.28	43.84	56.34	242	1253.457	15.93	54.24	15.93	kafka-001	2018-08-17T03:45:51.967054772Z
1025.817	58.06	43.85	56.1	243	833.122	15.93	53.28	15.93	kafka-001	2018-08-17T03:45:58.978560838Z
1032.354	57.06	43.86	57.31	244	1260.006	15.93	58.06	15.93	kafka-001	2018-08-17T03:46:05.989161782Z
1038.333	52.48	43.86	57.47	244	836.09	15.93	57.06	15.93	kafka-001	2018-08-17T03:46:13.000721164Z
1036.478	57.83	43.87	56.49	245	836.932	15.93	52.48	15.93	kafka-001	2018-08-17T03:46:20.011730886Z
1042.387	48.09	43.87	55.49	245	1268.316	15.93	57.83	15.93	kafka-001	2018-08-17T03:46:27.021801984Z
1044.167	55.84	43.88	54.47	246	842.088	15.93	48.09	15.93	kafka-001	2018-08-17T03:46:34.032346627Z
1041.946	55.39	43.89	54.89	247	1277.337	15.93	55.84	15.93	kafka-001	2018-08-17T03:46:41.044608994Z
1039.933	57.11	43.9	54.45	247	843.27	15.93	55.39	15.93	kafka-001	2018-08-17T03:46:48.058745219Z
1035.763	57.44	43.91	54.46	248	1269.642	15.93	57.11	15.93	kafka-001	2018-08-17T03:46:55.072957216Z
1039.714	58.42	43.91	55.28	248	843.191	15.93	57.44	15.93	kafka-001	2018-08-17T03:47:02.084300381Z
1049.761	56.0	43.92	55.38	249	850.701	15.93	58.42	15.93	kafka-001	2018-08-17T03:47:09.095388469Z
1050.48	57.67	43.93	56.7	250	1283.048	15.93	56.0	15.93	kafka-001	2018-08-17T03:47:16.108636505Z
1061.531	59.64	43.93	57.01	250	858.264	15.93	57.67	15.93	kafka-001	2018-08-17T03:47:23.12242997Z
1058.136	58.29	43.94	57.71	251	1295.122	15.93	59.64	15.93	kafka-001	2018-08-17T03:47:30.133214693Z
1056.381	57.75	43.95	57.91	251	853.076	15.93	58.29	15.93	kafka-001	2018-08-17T03:47:37.14391345Z
1061.133	57.06	43.96	57.96	252	861.222	15.93	57.75	15.93	kafka-001	2018-08-17T03:47:44.154478747Z
1067.132	65.47	43.96	57.74	253	1302.911	15.93	57.06	15.93	kafka-001	2018-08-17T03:47:51.167486811Z
1065.401	59.96	43.97	59.31	253	862.418	15.93	65.47	15.93	kafka-001	2018-08-17T03:47:58.18470632Z
1073.152	54.46	43.98	59.7	254	1306.614	15.93	59.96	15.93	kafka-001	2018-08-17T03:48:05.196036645Z
1057.056	60.78	43.99	58.83	254	862.291	15.93	54.46	15.93	kafka-001	2018-08-17T03:48:12.208319976Z
1065.1	55.02	43.99	59.25	255	867.151	15.93	60.78	15.93	kafka-001	2018-08-17T03:48:19.220024745Z
1060.602	58.67	44.0	58.79	256	1312.916	15.93	55.02	15.93	kafka-001	2018-08-17T03:48:26.231866482Z
1076.403	56.71	44.01	59.06	256	876.998	15.93	58.67	15.93	kafka-001	2018-08-17T03:48:33.244734899Z
1083.786	62.33	44.02	57.6	257	1323.414	15.93	56.71	15.93	kafka-001	2018-08-17T03:48:40.259451095Z
1087.957	57.52	44.02	58.0	257	879.66	15.93	62.33	15.93	kafka-001	2018-08-17T03:48:47.270126304Z
1080.543	59.73	44.03	58.5	258	868.577	15.93	57.52	15.93	kafka-001	2018-08-17T03:48:54.281001964Z
1095.37	60.68	44.04	58.33	259	1334.411	15.93	59.73	15.93	kafka-001	2018-08-17T03:49:01.293256195Z
1082.563	59.29	44.05	59.27	259	882.318	15.93	60.68	15.93	kafka-001	2018-08-17T03:49:08.306855328Z
1104.398	57.74	44.05	59.38	260	1347.962	15.93	59.29	15.93	kafka-001	2018-08-17T03:49:15.317751409Z
1107.301	61.18	44.06	59.55	260	890.211	15.93	57.74	15.93	kafka-001	2018-08-17T03:49:22.331768753Z
1101.765	57.2	44.07	59.36	261	883.082	15.93	61.18	15.93	kafka-001	2018-08-17T03:49:29.345540965Z
1111.762	60.98	44.08	59.3	261	1359.047	15.93	57.2	15.93	kafka-001	2018-08-17T03:49:36.357186497Z
1101.215	61.25	44.08	59.51	262	888.446	15.93	60.98	15.93	kafka-001	2018-08-17T03:49:43.369528239Z
1117.908	62.01	44.09	59.61	263	1358.364	15.93	61.25	15.93	kafka-001	2018-08-17T03:49:50.382676145Z
1113.309	56.87	44.1	60.06	263	892.492	15.93	62.01	15.93	kafka-001	2018-08-17T03:49:57.39651127Z
1126.441	55.46	44.11	59.92	264	908.188	15.93	56.87	15.93	kafka-001	2018-08-17T03:50:04.406690784Z
1128.652	56.93	44.11	58.96	264	1367.148	15.93	55.46	15.93	kafka-001	2018-08-17T03:50:11.417865925Z
1108.105	64.05	44.12	58.92	265	901.845	15.93	56.93	15.93	kafka-001	2018-08-17T03:50:18.431110458Z
1129.536	61.3	44.13	59.43	265	1378.802	15.93	64.05	15.93	kafka-001	2018-08-17T03:50:25.441670442Z
1131.503	62.08	44.14	59.44	266	909.612	15.93	61.3	15.93	kafka-001	2018-08-17T03:50:32.452130137Z
1138.337	62.79	44.14	59.45	267	915.234	15.93	62.08	15.93	kafka-001	2018-08-17T03:50:39.464160676Z
1142.45	55.91	44.15	60.44	267	1385.171	15.93	62.79	15.93	kafka-001	2018-08-17T03:50:46.473377247Z
1133.619	66.48	44.16	60.51	268	917.23	15.93	55.91	15.93	kafka-001	2018-08-17T03:50:53.483371174Z
1140.286	60.3	44.17	62.1	268	1385.276	15.93	66.48	15.93	kafka-001	2018-08-17T03:51:00.495424992Z
1138.903	61.22	44.18	61.48	269	910.599	15.93	60.3	15.93	kafka-001	2018-08-17T03:51:07.509789065Z
1145.694	63.53	44.19	61.46	269	915.179	15.93	61.22	15.93	kafka-001	2018-08-17T03:51:14.521406846Z
1149.355	63.56	44.19	61.71	270	1387.386	15.93	63.53	15.93	kafka-001	2018-08-17T03:51:21.533585017Z
1144.531	60.99	44.2	61.83	271	919.845	15.93	63.56	15.93	kafka-001	2018-08-17T03:51:28.544644291Z
1151.616	63.67	44.21	62.68	271	1399.45	15.93	60.99	15.93	kafka-001	2018-08-17T03:51:35.558416176Z
1154.017	60.93	44.22	62.21	272	929.025	15.93	63.67	15.93	kafka-001	2018-08-17T03:51:42.569884809Z
1149.486	64.02	44.22	62.32	272	925.702	15.93	60.93	15.93	kafka-001	2018-08-17T03:51:49.581467256Z
1140.399	64.49	44.23	62.78	273	1400.789	15.93	64.02	15.93	kafka-001	2018-08-17T03:51:56.592261513Z
1161.171	63.65	44.24	62.94	273	933.712	15.93	64.49	15.93	kafka-001	2018-08-17T03:52:03.602315952Z
1164.076	64.24	44.25	62.96	274	1417.732	15.93	63.65	15.93	kafka-001	2018-08-17T03:52:10.61215312Z
1166.543	62.56	44.26	63.5	275	936.969	15.93	64.24	15.93	kafka-001	2018-08-17T03:52:17.629989065Z
1161.291	64.49	44.27	63.32	275	930.41	15.93	62.56	15.93	kafka-001	2018-08-17T03:52:24.64112412Z
1179.552	63.56	44.27	63.91	276	1430.736	15.93	64.49	15.93	kafka-001	2018-08-17T03:52:31.651856662Z
1174.617	64.68	44.28	63.83	276	945.983	15.93	63.56	15.93	kafka-001	2018-08-17T03:52:38.663850412Z
1184.88	68.43	44.29	63.86	277	1433.577	15.93	64.68	15.93	kafka-001	2018-08-17T03:52:45.680426222Z
1166.411	64.5	44.3	64.66	277	942.536	15.93	68.43	15.93	kafka-001	2018-08-17T03:52:52.692924166Z
1169.268	61.64	44.3	64.7	278	941.01	15.93	64.5	15.93	kafka-001	2018-08-17T03:52:59.702509014Z
1189.359	63.04	44.31	64.55	278	1443.039	15.93	61.64	15.93	kafka-001	2018-08-17T03:53:06.712582159Z
1176.281	71.84	44.32	64.31	279	949.501	15.93	63.04	15.93	kafka-001	2018-08-17T03:53:13.720898732Z
1193.732	68.57	44.33	65.69	279	1447.999	15.93	71.84	15.93	kafka-001	2018-08-17T03:53:20.736215897Z
1189.905	65.97	44.34	66.34	280	954.404	15.93	68.57	15.93	kafka-001	2018-08-17T03:53:27.746626391Z
1198.227	62.56	44.35	65.93	281	954.008	15.93	65.97	15.93	kafka-001	2018-08-17T03:53:34.760279948Z
1198.644	64.16	44.35	65.6	281	1449.871	15.93	62.56	15.93	kafka-001	2018-08-17T03:53:41.769906435Z
1190.223	64.1	44.36	66.02	282	956.291	15.93	64.16	15.93	kafka-001	2018-08-17T03:53:48.782753515Z
1183.258	66.81	44.37	66.2	282	1447.415	15.93	64.1	15.93	kafka-001	2018-08-17T03:53:55.793510462Z
1200.269	62.5	44.38	65.36	283	963.884	15.93	66.81	15.93	kafka-001	2018-08-17T03:54:02.805573376Z
1199.937	65.28	44.39	64.35	283	960.444	15.93	62.5	15.93	kafka-001	2018-08-17T03:54:09.817658193Z
1203.937	59.05	44.4	64.24	284	1465.638	15.93	65.28	15.93	kafka-001	2018-08-17T03:54:16.835202865Z
1196.738	62.03	44.4	63.65	284	963.39	15.93	59.05	15.93	kafka-001	2018-08-17T03:54:23.850588433Z
1203.158	64.61	44.41	63.3	285	1472.487	15.93	62.03	15.93	kafka-001	2018-08-17T03:54:30.864104584Z
1196.074	67.69	44.42	63.38	285	965.678	15.93	64.61	15.93	kafka-001	2018-08-17T03:54:37.87616469Z
1209.506	60.04	44.43	63.53	286	973.11	15.93	67.69	15.93	kafka-001	2018-08-17T03:54:44.889632999Z
1212.018	64.63	44.44	63.12	286	1472.876	15.93	60.04	15.93	kafka-001	2018-08-17T03:54:51.899378859Z
1206.921	66.23	44.45	63.01	287	972.367	15.93	64.63	15.93	kafka-001	2018-08-17T03:54:58.912868528Z
1210.604	64.72	44.46	64.21	287	1483.007	15.93	66.23	15.93	kafka-001	2018-08-17T03:55:05.922159421Z
1211.929	63.13	44.46	64.65	288	986.717	15.93	64.72	15.93	kafka-001	2018-08-17T03:55:12.932113021Z
1223.003	67.0	44.47	64.41	288	981.896	15.93	63.13	15.93	kafka-001	2018-08-17T03:55:19.942681404Z
1215.074	68.05	44.48	64.29	289	1493.124	15.93	67.0	15.93	kafka-001	2018-08-17T03:55:26.956193448Z
1213.328	64.86	44.49	65.63	290	980.66	15.93	68.05	15.93	kafka-001	2018-08-17T03:55:33.965293275Z
1227.757	64.82	44.5	65.67	290	1496.536	15.93	64.86	15.93	kafka-001	2018-08-17T03:55:40.97704548Z
1228.399	65.08	44.5	65.43	291	987.158	15.93	64.82	15.93	kafka-001	2018-08-17T03:55:47.987498059Z
1235.119	67.17	44.52	65.49	291	989.658	15.93	65.08	15.93	kafka-001	2018-08-17T03:55:54.998053491Z
1238.316	63.87	44.52	66.16	292	1504.51	15.93	67.17	15.93	kafka-001	2018-08-17T03:56:02.009514536Z
1226.807	69.25	44.53	65.64	292	985.038	15.93	63.87	15.93	kafka-001	2018-08-17T03:56:09.020453811Z
1235.192	68.24	44.54	65.84	293	1504.743	15.93	69.25	15.93	kafka-001	2018-08-17T03:56:16.03495594Z
1242.661	65.71	44.55	66.41	293	999.632	15.93	68.24	15.93	kafka-001	2018-08-17T03:56:23.045708758Z
1250.58	64.18	44.56	66.55	294	1519.084	15.93	65.71	15.93	kafka-001	2018-08-17T03:56:30.058620587Z
1247.857	64.95	44.56	66.4	294	1001.758	15.93	64.18	15.93	kafka-001	2018-08-17T03:56:37.071981483Z
1252.989	65.29	44.57	66.03	295	1008.46	15.93	64.95	15.93	kafka-001	2018-08-17T03:56:44.083649474Z
1242.828	66.38	44.58	66.27	295	1515.744	15.93	65.29	15.93	kafka-001	2018-08-17T03:56:51.097017996Z
1248.801	76.73	44.59	65.79	296	1010.528	15.93	66.38	15.93	kafka-001	2018-08-17T03:56:58.108952451Z
1257.382	64.56	44.6	67.21	296	1538.516	15.93	76.73	15.93	kafka-001	2018-08-17T03:57:05.122779714Z
1246.141	70.56	44.61	67.02	297	1000.908	15.93	64.56	15.93	kafka-001	2018-08-17T03:57:12.134699866Z
1252.747	74.81	44.62	68.08	297	1011.53	15.93	70.56	15.93	kafka-001	2018-08-17T03:57:19.14656984Z
1255.492	68.5	44.63	69.72	298	1543.208	15.93	74.81	15.93	kafka-001	2018-08-17T03:57:26.160089438Z
1252.949	70.03	44.63	70.26	298	1014.436	15.93	68.5	15.93	kafka-001	2018-08-17T03:57:33.173114256Z
1265.464	72.51	44.64	70.87	299	1551.921	15.93	70.03	15.93	kafka-001	2018-08-17T03:57:40.187815116Z
1261.273	66.2	44.65	70.16	299	1017.738	15.93	72.51	15.93	kafka-001	2018-08-17T03:57:47.200202202Z
1248.611	70.27	44.66	70.44	300	1007.821	15.93	66.2	15.93	kafka-001	2018-08-17T03:57:54.212034068Z
1254.126	69.98	44.67	70.39	301	1547.447	15.93	70.27	15.93	kafka-001	2018-08-17T03:58:01.223215679Z
1266.469	77.4	44.68	69.58	301	1028.52	15.93	69.98	15.93	kafka-001	2018-08-17T03:58:08.239138865Z
1273.934	70.93	44.69	71.06	301	1544.619	15.93	77.4	15.93	kafka-001	2018-08-17T03:58:15.25163847Z
1272.197	71.38	44.7	71.21	302	1016.868	15.93	70.93	15.93	kafka-001	2018-08-17T03:58:22.264353239Z
1268.429	66.8	44.7	71.03	303	1028.171	15.93	71.38	15.93	kafka-001	2018-08-17T03:58:29.276181077Z
1273.621	68.52	44.71	71.13	303	1564.413	15.93	66.8	15.93	kafka-001	2018-08-17T03:58:36.286756751Z
1273.932	72.07	44.72	70.83	304	1024.453	15.93	68.52	15.93	kafka-001	2018-08-17T03:58:43.297851633Z
1290.854	69.54	44.73	71.18	304	1574.373	15.93	72.07	15.93	kafka-001	2018-08-17T03:58:50.30890203Z
1287.279	67.66	44.74	69.87	305	1041.49	15.93	69.54	15.93	kafka-001	2018-08-17T03:58:57.320011903Z
1283.555	71.39	44.75	69.33	305	1041.994	15.93	67.66	15.93	kafka-001	2018-08-17T03:59:04.332163382Z
1290.469	64.3	44.76	69.33	305	1578.123	15.93	71.39	15.93	kafka-001	2018-08-17T03:59:11.344832881Z
1296.206	71.01	44.77	68.91	306	1044.734	15.93	64.3	15.93	kafka-001	2018-08-17T03:59:18.364179905Z
1288.56	71.4	44.78	69.33	306	1564.21	15.93	71.01	15.93	kafka-001	2018-08-17T03:59:25.377475518Z
1290.257	67.17	44.78	69.22	306	1036.34	15.93	71.4	15.93	kafka-001	2018-08-17T03:59:32.388965571Z
1276.706	71.21	44.79	68.82	306	1029.041	15.93	67.17	15.93	kafka-001	2018-08-17T03:59:39.401099436Z
1289.599	66.49	44.8	69.41	306	1584.907	15.93	71.21	15.93	kafka-001	2018-08-17T03:59:46.414579232Z
1287.035	66.06	44.81	68.6	306	1026.066	15.93	66.49	15.93	kafka-001	2018-08-17T03:59:53.425238773Z
1282.518	71.7	44.82	68.89	306	1575.672	15.93	66.06	15.93	kafka-001	2018-08-17T04:00:00.436140554Z
1280.836	63.5	44.83	69.01	306	1034.706	15.93	71.7	15.93	kafka-001	2018-08-17T04:00:07.446295344Z
1270.118	65.17	44.84	67.69	306	1033.532	15.93	63.5	15.93	kafka-001	2018-08-17T04:00:14.457364239Z
1289.104	69.88	44.85	67.36	306	1580.927	15.93	65.17	15.93	kafka-001	2018-08-17T04:00:21.468396983Z
1290.437	68.62	44.86	67.13	306	1040.41	15.93	69.88	15.93	kafka-001	2018-08-17T04:00:28.481023979Z
1291.642	67.87	44.87	67.49	306	1583.355	15.93	68.62	15.93	kafka-001	2018-08-17T04:00:35.494246449Z
1284.358	69.63	44.87	67.79	306	1036.739	15.93	67.87	15.93	kafka-001	2018-08-17T04:00:42.505783245Z
