container_cpu%	net_send	sensor_count	memory_rss%	net_receive	host_cpu	host_moving_avg_cpu	name	memory_active_anon%	timestamp	memory%
3.23	8323.933	2	38.46	66780.525	0	nan	cassandra-001	38.46	2018-08-19T02:43:20.789329618Z	91.35
1.24	0.79	6	38.46	5.036	3.23	nan	cassandra-001	38.43	2018-08-19T02:43:27.798251846Z	91.29
1.64	1.33	10	38.46	9.047	1.24	nan	cassandra-001	38.46	2018-08-19T02:43:34.804656266Z	91.3
1.43	4.451	15	38.46	29.534	1.64	nan	cassandra-001	38.46	2018-08-19T02:43:41.813137673Z	91.3
1.14	2.95	18	38.46	20.75	1.43	nan	cassandra-001	38.46	2018-08-19T02:43:48.820182112Z	91.29
8.44	6.61	22	38.46	50.807	1.14	1.45	cassandra-001	38.46	2018-08-19T02:43:55.827365025Z	91.3
1.12	3.0	25	38.46	29.742	8.44	2.85	cassandra-001	38.46	2018-08-19T02:44:02.834082654Z	91.3
1.17	3.223	28	38.46	32.0	1.12	2.5	cassandra-001	38.46	2018-08-19T02:44:09.840007132Z	91.29
1.16	7.236	31	38.46	73.254	1.17	2.49	cassandra-001	38.46	2018-08-19T02:44:16.847004165Z	91.3
1.09	4.818	34	38.46	40.874	1.16	2.41	cassandra-001	38.46	2018-08-19T02:44:23.854225547Z	91.3
6.17	8.67	37	38.46	87.44	1.09	2.35	cassandra-001	38.46	2018-08-19T02:44:30.861722385Z	91.3
1.27	4.38	39	38.46	47.886	6.17	3.19	cassandra-001	38.46	2018-08-19T02:44:37.87062765Z	91.3
1.25	4.577	41	38.46	49.714	1.27	2.0	cassandra-001	38.46	2018-08-19T02:44:44.87824625Z	91.3
1.3	9.8	43	38.46	101.99	1.25	2.02	cassandra-001	38.46	2018-08-19T02:44:51.885571372Z	91.3
1.2	6.12	46	38.46	55.045	1.3	2.04	cassandra-001	38.46	2018-08-19T02:44:58.892105128Z	91.3
6.97	12.476	48	38.46	116.952	1.2	2.05	cassandra-001	38.46	2018-08-19T02:45:05.899103689Z	91.3
1.27	4.877	50	38.46	60.544	6.97	3.03	cassandra-001	38.46	2018-08-19T02:45:12.909199987Z	91.3
1.19	5.088	52	38.46	62.493	1.27	2.21	cassandra-001	38.46	2018-08-19T02:45:19.915077892Z	91.3
1.23	13.58	54	38.46	132.275	1.19	2.2	cassandra-001	38.46	2018-08-19T02:45:26.926051962Z	91.3
1.33	6.538	56	38.46	69.113	1.23	2.19	cassandra-001	38.46	2018-08-19T02:45:33.932684887Z	91.3
7.81	16.559	58	38.46	139.879	1.33	2.2	cassandra-001	38.46	2018-08-19T02:45:40.940463526Z	91.3
1.23	8.16	60	38.46	73.282	7.81	3.3	cassandra-001	38.46	2018-08-19T02:45:47.947724905Z	91.3
1.27	8.912	62	38.46	75.799	1.23	2.34	cassandra-001	38.46	2018-08-19T02:45:54.953997319Z	91.3
1.3	18.892	63	38.46	157.836	1.27	2.34	cassandra-001	38.46	2018-08-19T02:46:01.960198815Z	91.3
2.76	9.583	65	38.46	81.521	1.3	2.36	cassandra-001	38.46	2018-08-19T02:46:08.968221914Z	91.24
8.3	17.054	67	38.46	162.934	2.76	2.62	cassandra-001	38.46	2018-08-19T02:46:15.974743774Z	91.24
1.28	6.348	69	38.46	80.99	8.3	3.78	cassandra-001	38.46	2018-08-19T02:46:22.982495893Z	91.24
1.27	8.156	70	38.46	86.802	1.28	2.69	cassandra-001	38.46	2018-08-19T02:46:29.989369534Z	91.24
1.27	22.396	72	38.46	179.081	1.27	2.7	cassandra-001	38.46	2018-08-19T02:46:36.995971166Z	91.24
1.17	11.837	74	38.46	92.213	1.27	2.7	cassandra-001	38.46	2018-08-19T02:46:44.00295268Z	91.24
9.49	21.984	75	38.46	184.622	1.17	2.68	cassandra-001	38.46	2018-08-19T02:46:51.015622206Z	91.25
1.14	9.196	77	38.46	92.697	9.49	3.8	cassandra-001	38.46	2018-08-19T02:46:58.023027791Z	91.25
1.33	10.806	79	38.46	96.401	1.14	2.6	cassandra-001	38.46	2018-08-19T02:47:05.030913195Z	91.25
1.23	22.323	80	38.46	197.368	1.33	2.61	cassandra-001	38.46	2018-08-19T02:47:12.037608887Z	91.25
13.55	11.742	82	38.46	102.495	1.23	2.61	cassandra-001	38.46	2018-08-19T02:47:19.045140069Z	91.26
9.57	24.552	83	38.46	207.5	13.55	4.65	cassandra-001	38.46	2018-08-19T02:47:26.052848733Z	91.26
1.24	7.992	84	38.46	103.512	9.57	6.05	cassandra-001	38.46	2018-08-19T02:47:33.060569451Z	91.25
2.42	9.309	86	38.46	114.252	1.24	4.68	cassandra-001	38.46	2018-08-19T02:47:40.067973946Z	91.26
1.3	15.39	87	38.46	198.602	2.42	4.89	cassandra-001	38.46	2018-08-19T02:47:47.079330952Z	91.26
1.21	8.914	89	38.46	104.069	1.3	4.89	cassandra-001	38.46	2018-08-19T02:47:54.086299898Z	91.25
3.0	20.982	90	38.46	224.881	1.21	4.88	cassandra-001	38.46	2018-08-19T02:48:01.092344729Z	91.26
1.13	14.206	92	38.46	116.192	3.0	3.12	cassandra-001	38.46	2018-08-19T02:48:08.097930355Z	91.26
11.11	26.087	93	38.46	231.796	1.13	1.72	cassandra-001	38.46	2018-08-19T02:48:15.105214849Z	91.26
1.37	13.888	94	38.46	119.666	11.11	3.36	cassandra-001	38.46	2018-08-19T02:48:22.112880184Z	91.26
1.27	11.208	96	38.46	118.904	1.37	3.19	cassandra-001	38.46	2018-08-19T02:48:29.11858263Z	91.26
1.26	23.498	97	38.46	239.242	1.27	3.18	cassandra-001	38.46	2018-08-19T02:48:36.125019779Z	91.26
1.18	11.959	99	38.46	118.827	1.26	3.19	cassandra-001	38.46	2018-08-19T02:48:43.131134296Z	91.26
12.53	25.106	100	38.46	247.433	1.18	2.89	cassandra-001	38.46	2018-08-19T02:48:50.137143189Z	91.26
1.29	13.714	101	38.46	122.877	12.53	4.79	cassandra-001	38.46	2018-08-19T02:48:57.143790208Z	91.26
1.13	14.004	102	38.46	126.397	1.29	3.15	cassandra-001	38.46	2018-08-19T02:49:04.150666566Z	91.26
1.22	27.003	104	38.46	255.973	1.13	3.11	cassandra-001	38.46	2018-08-19T02:49:11.156482316Z	91.27
1.14	12.366	105	38.46	129.24	1.22	3.1	cassandra-001	38.46	2018-08-19T02:49:18.163117624Z	91.27
11.77	22.962	106	38.46	257.863	1.14	3.08	cassandra-001	38.46	2018-08-19T02:49:25.16985404Z	91.27
1.21	10.992	107	38.46	133.057	11.77	4.85	cassandra-001	38.46	2018-08-19T02:49:32.175990302Z	91.26
2.01	15.717	109	38.46	136.179	1.21	2.96	cassandra-001	38.46	2018-08-19T02:49:39.186347696Z	91.26
1.29	28.2	110	38.46	274.482	2.01	3.08	cassandra-001	38.46	2018-08-19T02:49:46.19428692Z	91.27
1.31	15.03	111	38.46	138.202	1.29	3.11	cassandra-001	38.46	2018-08-19T02:49:53.201302187Z	91.26
13.23	26.376	112	38.46	276.817	1.31	3.12	cassandra-001	38.46	2018-08-19T02:50:00.208825112Z	91.27
1.25	13.194	113	38.46	141.553	13.23	5.14	cassandra-001	38.46	2018-08-19T02:50:07.215368107Z	91.27
1.07	11.781	115	38.46	140.831	1.25	3.38	cassandra-001	38.46	2018-08-19T02:50:14.223541467Z	91.27
1.29	26.928	116	38.46	284.119	1.07	3.36	cassandra-001	38.46	2018-08-19T02:50:21.231618361Z	91.27
1.18	16.176	117	38.46	146.413	1.29	3.24	cassandra-001	38.46	2018-08-19T02:50:28.238942657Z	91.21
13.19	29.13	118	38.46	290.111	1.18	3.22	cassandra-001	38.46	2018-08-19T02:50:35.24948711Z	91.21
1.09	16.966	119	38.46	148.045	13.19	5.2	cassandra-001	38.46	2018-08-19T02:50:42.256085754Z	91.21
1.18	15.594	120	38.46	150.542	1.09	3.18	cassandra-001	38.46	2018-08-19T02:50:49.263139935Z	91.21
1.3	28.362	122	38.46	303.047	1.18	3.17	cassandra-001	38.46	2018-08-19T02:50:56.27232568Z	91.21
1.08	14.484	123	38.46	152.008	1.3	3.2	cassandra-001	38.46	2018-08-19T02:51:03.2798984Z	91.21
13.63	35.237	124	38.46	309.181	1.08	3.17	cassandra-001	38.46	2018-08-19T02:51:10.288161382Z	91.22
1.22	15.328	125	38.46	157.181	13.63	5.24	cassandra-001	38.46	2018-08-19T02:51:17.294798186Z	91.22
1.18	14.562	126	38.46	156.03	1.22	3.25	cassandra-001	38.46	2018-08-19T02:51:24.301779127Z	91.22
1.13	26.866	127	38.46	312.895	1.18	3.26	cassandra-001	38.46	2018-08-19T02:51:31.308907436Z	91.22
1.2	11.776	128	38.46	156.119	1.13	3.26	cassandra-001	38.46	2018-08-19T02:51:38.317320665Z	91.22
17.45	33.437	129	38.46	323.319	1.2	3.24	cassandra-001	38.46	2018-08-19T02:51:45.324557967Z	91.22
1.29	15.682	130	38.46	164.415	17.45	5.97	cassandra-001	38.46	2018-08-19T02:51:52.332634843Z	91.22
1.18	15.682	131	38.46	164.069	1.29	3.91	cassandra-001	38.46	2018-08-19T02:51:59.339338562Z	91.23
1.19	28.868	132	38.45	328.795	1.18	3.9	cassandra-001	38.45	2018-08-19T02:52:06.355029281Z	91.22
1.22	13.911	134	38.45	164.416	1.19	3.91	cassandra-001	38.45	2018-08-19T02:52:13.364133274Z	91.21
14.79	31.48	135	38.45	336.274	1.22	3.92	cassandra-001	38.45	2018-08-19T02:52:20.374741542Z	91.22
1.2	16.868	136	38.45	169.031	14.79	6.19	cassandra-001	38.45	2018-08-19T02:52:27.38508078Z	91.22
1.16	20.326	137	38.45	167.001	1.2	3.48	cassandra-001	38.45	2018-08-19T02:52:34.391936409Z	91.22
1.27	37.945	138	38.45	344.211	1.16	3.46	cassandra-001	38.45	2018-08-19T02:52:41.398999303Z	91.23
1.26	21.236	139	38.45	174.764	1.27	3.47	cassandra-001	38.45	2018-08-19T02:52:48.409292374Z	91.22
16.3	36.848	140	38.45	349.517	1.26	3.48	cassandra-001	38.45	2018-08-19T02:52:55.416891425Z	91.22
1.27	18.054	141	38.45	176.499	16.3	6.0	cassandra-001	38.45	2018-08-19T02:53:02.42642368Z	91.23
2.26	13.631	142	38.45	175.013	1.27	3.74	cassandra-001	38.45	2018-08-19T02:53:09.434635657Z	91.23
1.3	27.606	143	38.45	353.462	2.26	3.92	cassandra-001	38.45	2018-08-19T02:53:16.441564752Z	91.23
1.3	15.756	144	38.45	179.758	1.3	3.94	cassandra-001	38.45	2018-08-19T02:53:23.448725133Z	91.23
20.53	31.472	145	38.45	362.498	1.3	3.95	cassandra-001	38.45	2018-08-19T02:53:30.455955707Z	91.23
3.13	13.498	146	38.46	179.108	20.53	7.16	cassandra-001	38.46	2018-08-19T02:53:37.462508452Z	91.23
1.24	15.807	147	38.46	182.584	3.13	4.97	cassandra-001	38.46	2018-08-19T02:53:44.471520838Z	91.23
1.27	30.836	148	38.46	363.54	1.24	4.96	cassandra-001	38.46	2018-08-19T02:53:51.479349821Z	91.23
1.32	14.698	149	38.46	183.831	1.27	4.8	cassandra-001	38.44	2018-08-19T02:53:58.48666841Z	91.17
16.83	32.788	150	38.46	367.781	1.32	4.8	cassandra-001	38.46	2018-08-19T02:54:05.493618611Z	91.17
2.47	15.423	151	38.46	183.472	16.83	7.39	cassandra-001	38.46	2018-08-19T02:54:12.500793705Z	91.18
3.93	16.242	152	38.46	184.861	2.47	4.38	cassandra-001	38.46	2018-08-19T02:54:19.507868895Z	91.19
5.4	41.13	153	38.46	378.462	3.93	4.51	cassandra-001	38.46	2018-08-19T02:54:26.516406216Z	91.2
6.86	17.562	154	38.46	187.787	5.4	5.2	cassandra-001	38.46	2018-08-19T02:54:33.523104075Z	91.22
20.52	34.899	155	38.46	375.159	6.86	6.14	cassandra-001	38.46	2018-08-19T02:54:40.530129764Z	91.25
11.11	20.4	155	38.46	190.637	20.52	9.34	cassandra-001	38.46	2018-08-19T02:54:47.539652609Z	91.28
11.63	21.72	156	38.46	187.995	11.11	8.38	cassandra-001	38.46	2018-08-19T02:54:54.548860603Z	91.31
12.1	37.698	157	38.47	372.631	11.63	9.91	cassandra-001	38.47	2018-08-19T02:55:01.555405622Z	91.24
27.67	16.374	158	38.47	183.652	12.1	11.27	cassandra-001	38.47	2018-08-19T02:55:08.563118911Z	91.28
25.72	40.707	159	38.47	370.645	27.67	14.98	cassandra-001	38.47	2018-08-19T02:55:15.570240132Z	91.33
22.6	18.948	160	38.47	185.61	25.72	18.12	cassandra-001	38.47	2018-08-19T02:55:22.576874017Z	91.39
18.84	14.196	161	38.47	184.38	22.6	18.47	cassandra-001	38.47	2018-08-19T02:55:29.582919907Z	91.44
15.62	39.216	162	38.47	377.12	18.84	19.76	cassandra-001	38.47	2018-08-19T02:55:36.589530987Z	91.51
18.35	18.063	163	38.47	187.727	15.62	20.42	cassandra-001	38.47	2018-08-19T02:55:43.595582227Z	91.57
30.77	40.668	164	38.47	381.674	18.35	21.47	cassandra-001	38.47	2018-08-19T02:55:50.601208412Z	91.65
17.34	20.796	165	38.47	189.102	30.77	21.98	cassandra-001	38.47	2018-08-19T02:55:57.611386836Z	91.72
18.15	22.182	165	38.47	194.088	17.34	20.59	cassandra-001	38.47	2018-08-19T02:56:04.619416437Z	91.8
22.42	34.371	166	38.47	374.496	18.15	19.84	cassandra-001	38.47	2018-08-19T02:56:11.626018537Z	91.56
28.84	21.39	167	38.47	188.28	22.42	20.44	cassandra-001	38.47	2018-08-19T02:56:18.633056982Z	91.65
36.05	36.18	168	38.47	377.303	28.84	22.64	cassandra-001	38.47	2018-08-19T02:56:25.639557017Z	78.62
23.92	14.922	169	38.47	185.858	36.05	25.6	cassandra-001	38.47	2018-08-19T02:56:32.64719436Z	78.71
31.28	15.885	170	38.47	186.241	23.92	24.45	cassandra-001	38.47	2018-08-19T02:56:39.653376944Z	78.81
24.11	32.154	171	38.47	374.975	31.28	26.78	cassandra-001	38.47	2018-08-19T02:56:46.661165077Z	78.92
30.0	18.684	171	38.47	186.9	24.11	27.77	cassandra-001	38.47	2018-08-19T02:56:53.667079651Z	79.03
43.21	34.992	172	38.47	375.737	30.0	29.03	cassandra-001	38.47	2018-08-19T02:57:00.675071538Z	79.15
32.48	18.42	173	38.47	187.296	43.21	31.43	cassandra-001	38.47	2018-08-19T02:57:07.681183686Z	79.27
41.58	20.571	174	38.47	190.427	32.48	30.83	cassandra-001	38.47	2018-08-19T02:57:14.689353801Z	79.39
28.34	34.728	175	38.47	371.259	41.58	33.78	cassandra-001	38.47	2018-08-19T02:57:21.696983382Z	79.52
100.07	18.42	175	38.47	187.718	28.34	33.29	cassandra-001	38.47	2018-08-19T02:57:28.707590073Z	81.34
73.66	32.484	176	38.41	369.109	100.07	45.95	cassandra-001	38.41	2018-08-19T02:57:35.715449267Z	82.82
64.12	19.977	177	38.41	188.492	73.66	53.22	cassandra-001	38.41	2018-08-19T02:57:42.723883777Z	84.36
62.05	20.4	178	38.41	190.368	64.12	56.71	cassandra-001	38.41	2018-08-19T02:57:49.730660885Z	81.39
82.13	38.094	179	38.4	376.161	62.05	61.64	cassandra-001	38.4	2018-08-19T02:57:56.739422783Z	83.06
75.0	18.222	179	38.4	185.505	82.13	68.4	cassandra-001	38.4	2018-08-19T02:58:03.745944077Z	84.62
76.61	32.733	180	38.4	369.545	75.0	76.17	cassandra-001	38.4	2018-08-19T02:58:10.753281062Z	86.19
81.75	17.76	181	38.4	187.219	76.61	72.26	cassandra-001	38.4	2018-08-19T02:58:17.762652758Z	87.74
73.83	17.826	182	38.4	186.361	81.75	73.61	cassandra-001	38.4	2018-08-19T02:58:24.772633151Z	89.33
70.22	38.094	183	38.39	372.051	73.83	75.23	cassandra-001	38.39	2018-08-19T02:58:31.781459335Z	90.89
67.27	18.222	183	38.4	186.385	70.22	76.59	cassandra-001	38.4	2018-08-19T02:58:38.790141472Z	91.55
95.68	34.041	184	38.4	377.109	67.27	74.11	cassandra-001	38.4	2018-08-19T02:58:45.797532968Z	91.57
71.3	20.928	185	38.4	190.113	95.68	77.56	cassandra-001	38.4	2018-08-19T02:58:52.805377177Z	91.68
80.4	17.496	186	38.4	189.212	71.3	76.68	cassandra-001	38.4	2018-08-19T02:58:59.811490372Z	91.74
75.03	35.136	186	38.39	375.903	80.4	76.45	cassandra-001	38.39	2018-08-19T02:59:06.817915512Z	78.23
74.31	13.707	187	38.39	186.045	75.03	76.65	cassandra-001	38.39	2018-08-19T02:59:13.824654655Z	80.83
81.36	36.378	188	38.39	372.738	74.31	77.33	cassandra-001	38.39	2018-08-19T02:59:20.83190902Z	83.46
65.45	15.516	188	38.39	183.522	81.36	79.68	cassandra-001	38.39	2018-08-19T02:59:27.841818142Z	86.0
44.24	21.192	189	38.4	191.289	65.45	74.64	cassandra-001	38.4	2018-08-19T02:59:34.849379533Z	87.97
54.45	42.291	190	38.4	376.602	44.24	70.13	cassandra-001	38.4	2018-08-19T02:59:41.857985265Z	89.93
90.58	19.872	191	38.4	186.387	54.45	65.81	cassandra-001	38.4	2018-08-19T02:59:48.871468897Z	91.67
154.93	31.89	191	38.4	375.412	90.58	68.4	cassandra-001	38.4	2018-08-19T02:59:55.878750222Z	91.78
84.61	18.42	192	38.4	189.323	154.93	81.83	cassandra-001	38.4	2018-08-19T03:00:02.887183886Z	91.65
68.84	23.145	193	38.4	186.103	84.61	82.38	cassandra-001	38.4	2018-08-19T03:00:09.895832174Z	91.58
93.09	38.688	194	38.4	372.918	68.84	82.94	cassandra-001	38.4	2018-08-19T03:00:16.903774016Z	91.76
83.05	19.41	194	38.4	185.874	93.09	91.08	cassandra-001	38.4	2018-08-19T03:00:23.910285274Z	91.54
99.82	36.18	195	38.4	373.936	83.05	95.85	cassandra-001	38.4	2018-08-19T03:00:30.917952254Z	91.62
116.06	14.658	196	38.4	184.146	99.82	97.39	cassandra-001	38.4	2018-08-19T03:00:37.928195802Z	91.65
81.62	21.231	196	38.4	189.808	116.06	90.91	cassandra-001	38.4	2018-08-19T03:00:44.938238017Z	91.57
99.16	37.104	197	38.4	373.797	81.62	90.41	cassandra-001	38.4	2018-08-19T03:00:51.946085525Z	91.26
93.74	20.202	198	38.4	189.564	99.16	95.47	cassandra-001	38.4	2018-08-19T03:00:58.952526667Z	91.55
109.28	35.058	198	38.39	375.965	93.74	95.57	cassandra-001	38.39	2018-08-19T03:01:05.959594731Z	91.77
106.62	17.799	199	38.4	188.629	109.28	99.95	cassandra-001	38.4	2018-08-19T03:01:12.966848793Z	91.67
67.63	15.252	200	38.4	186.759	106.62	101.08	cassandra-001	38.4	2018-08-19T03:01:19.974216707Z	91.72
59.05	35.784	200	38.4	377.056	67.63	93.01	cassandra-001	38.4	2018-08-19T03:01:26.982502683Z	91.82
92.57	22.644	201	38.4	190.188	59.05	89.25	cassandra-001	38.4	2018-08-19T03:01:33.989251788Z	91.68
107.24	40.971	202	38.4	378.944	92.57	88.15	cassandra-001	38.4	2018-08-19T03:01:40.997188039Z	91.7
104.56	20.4	203	38.4	187.601	107.24	90.4	cassandra-001	38.4	2018-08-19T03:01:48.00689527Z	91.67
98.37	17.232	203	38.4	188.368	104.56	89.61	cassandra-001	38.4	2018-08-19T03:01:55.017553297Z	91.63
122.23	37.038	204	38.4	375.695	98.37	88.24	cassandra-001	38.4	2018-08-19T03:02:02.024579528Z	91.57
103.46	18.42	205	38.4	187.247	122.23	97.34	cassandra-001	38.4	2018-08-19T03:02:09.031083025Z	91.74
101.12	35.031	205	38.4	374.381	103.46	104.74	cassandra-001	38.4	2018-08-19T03:02:16.038647389Z	91.72
61.25	16.506	206	38.4	187.752	101.12	106.16	cassandra-001	38.4	2018-08-19T03:02:23.046914103Z	91.71
89.26	24.643	207	38.4	219.624	61.25	98.5	cassandra-001	38.4	2018-08-19T03:02:30.054798667Z	91.68
104.76	33.851	208	38.4	347.851	89.26	95.95	cassandra-001	38.4	2018-08-19T03:02:37.063087792Z	90.33
89.27	18.261	208	38.4	185.872	104.76	97.01	cassandra-001	38.4	2018-08-19T03:02:44.071480729Z	91.82
121.73	41.868	209	38.4	380.766	89.27	91.52	cassandra-001	38.4	2018-08-19T03:02:51.079102804Z	91.54
149.12	15.12	210	38.4	184.595	121.73	94.56	cassandra-001	38.4	2018-08-19T03:02:58.088696321Z	91.75
63.3	24.653	210	38.4	267.009	149.12	102.56	cassandra-001	38.4	2018-08-19T03:03:05.094557244Z	90.52
101.65	32.362	211	38.39	295.756	63.3	102.91	cassandra-001	38.39	2018-08-19T03:03:12.100436861Z	91.74
100.61	18.882	212	38.4	188.979	101.65	104.97	cassandra-001	38.4	2018-08-19T03:03:19.114574204Z	91.87
86.04	34.332	212	38.4	374.927	100.61	104.28	cassandra-001	38.4	2018-08-19T03:03:26.12205423Z	91.86
139.14	16.506	213	38.4	187.512	86.04	103.74	cassandra-001	38.4	2018-08-19T03:03:33.134991942Z	91.66
79.97	30.893	214	38.4	317.79	139.14	106.64	cassandra-001	38.4	2018-08-19T03:03:40.145415138Z	91.88
100.17	24.076	214	38.4	242.718	79.97	95.12	cassandra-001	38.4	2018-08-19T03:03:47.1565077Z	91.64
94.38	17.826	215	38.4	189.505	100.17	101.26	cassandra-001	38.4	2018-08-19T03:03:54.1646265Z	91.78
111.54	33.144	216	38.4	373.079	94.38	100.05	cassandra-001	38.4	2018-08-19T03:04:01.171243746Z	91.46
87.94	21.072	216	38.39	190.024	111.54	101.87	cassandra-001	38.39	2018-08-19T03:04:08.17883331Z	91.66
71.06	33.381	217	38.39	374.507	87.94	102.19	cassandra-001	38.39	2018-08-19T03:04:15.188740911Z	91.89
101.38	20.928	218	38.41	190.903	71.06	90.84	cassandra-001	38.41	2018-08-19T03:04:22.198751795Z	91.76
92.15	19.08	218	38.4	186.019	101.38	94.41	cassandra-001	38.4	2018-08-19T03:04:29.209232836Z	91.81
134.09	34.398	219	38.39	374.173	92.15	93.07	cassandra-001	38.39	2018-08-19T03:04:36.216995224Z	91.69
109.26	16.281	220	38.4	188.854	134.09	99.69	cassandra-001	38.4	2018-08-19T03:04:43.223283775Z	91.63
153.11	36.048	220	38.4	376.028	109.26	99.31	cassandra-001	38.4	2018-08-19T03:04:50.229302769Z	91.78
98.39	15.582	221	38.4	186.088	153.11	110.18	cassandra-001	38.4	2018-08-19T03:04:57.237100001Z	91.7
81.8	18.564	221	38.4	186.947	98.39	114.73	cassandra-001	38.4	2018-08-19T03:05:04.244553461Z	89.06
120.53	37.935	222	38.42	375.561	81.8	111.47	cassandra-001	38.42	2018-08-19T03:05:11.252472837Z	91.9
113.63	19.674	223	38.4	189.362	120.53	116.2	cassandra-001	38.4	2018-08-19T03:05:18.261724767Z	91.61
105.73	38.028	223	38.41	378.805	113.63	112.79	cassandra-001	38.41	2018-08-19T03:05:25.26950229Z	91.76
109.53	21.588	224	38.41	189.564	105.73	112.2	cassandra-001	38.41	2018-08-19T03:05:32.275576887Z	91.56
125.15	20.796	225	38.43	190.127	109.53	104.93	cassandra-001	38.43	2018-08-19T03:05:39.282072739Z	91.58
105.82	38.925	225	38.41	375.305	125.15	109.39	cassandra-001	38.41	2018-08-19T03:05:46.289652681Z	91.69
103.92	22.776	225	38.4	188.423	105.82	113.4	cassandra-001	38.4	2018-08-19T03:05:53.29927689Z	91.79
75.18	34.068	225	38.4	377.271	103.92	110.63	cassandra-001	38.4	2018-08-19T03:06:00.305988277Z	91.86
112.64	23.832	225	38.4	190.695	75.18	104.22	cassandra-001	38.4	2018-08-19T03:06:07.312185787Z	91.87
107.24	16.875	225	38.4	188.48	112.64	105.37	cassandra-001	38.4	2018-08-19T03:06:14.32456044Z	91.64
108.2	39.348	225	38.4	371.823	107.24	104.99	cassandra-001	38.4	2018-08-19T03:06:21.331704827Z	91.58
90.65	15.78	225	38.4	186.871	108.2	102.17	cassandra-001	38.4	2018-08-19T03:06:28.339218036Z	91.61
131.0	32.286	225	38.4	369.571	90.65	99.64	cassandra-001	38.4	2018-08-19T03:06:35.346258268Z	91.6
110.26	16.545	225	38.4	185.122	131.0	104.15	cassandra-001	38.4	2018-08-19T03:06:42.35677395Z	91.47
113.04	15.78	225	38.4	184.608	110.26	110.0	cassandra-001	38.4	2018-08-19T03:06:49.365243573Z	88.92
77.91	38.49	225	38.4	373.281	113.04	110.06	cassandra-001	38.4	2018-08-19T03:06:56.371526339Z	91.61
110.88	20.994	225	38.42	187.368	77.91	105.18	cassandra-001	38.42	2018-08-19T03:07:03.379742469Z	91.57
