net_receive	container_cpu%	memory%	host_moving_avg_cpu	sensor_count	net_send	memory_active_anon%	host_cpu	memory_rss%	name	timestamp
209381.011	1.25	74.39	nan	1	288622.679	38.06	0	38.06	cassandra-001	2018-08-16T22:38:42.84352487Z
5.167	1.18	74.37	nan	6	60.303	38.04	1.25	38.04	cassandra-001	2018-08-16T22:38:49.853833947Z
17.964	1.21	74.38	nan	11	2.66	38.06	1.18	38.06	cassandra-001	2018-08-16T22:38:56.860615948Z
15.181	1.22	74.37	nan	15	2.054	38.05	1.21	38.05	cassandra-001	2018-08-16T22:39:03.867457777Z
40.435	4.3	74.37	nan	18	5.504	38.05	1.22	38.05	cassandra-001	2018-08-16T22:39:10.879161835Z
25.015	1.21	74.37	1.53	21	3.397	38.05	4.3	38.05	cassandra-001	2018-08-16T22:39:17.885627411Z
28.331	1.13	74.35	1.73	25	3.436	38.02	1.21	38.02	cassandra-001	2018-08-16T22:39:24.892277726Z
65.353	1.23	74.35	1.71	28	7.886	38.03	1.13	38.03	cassandra-001	2018-08-16T22:39:31.901189843Z
36.137	1.22	74.36	1.72	31	4.133	38.03	1.23	38.03	cassandra-001	2018-08-16T22:39:38.910007283Z
82.057	9.05	74.36	1.72	33	9.689	38.03	1.22	38.03	cassandra-001	2018-08-16T22:39:45.919112667Z
44.405	1.17	74.35	3.02	36	4.804	38.03	9.05	38.03	cassandra-001	2018-08-16T22:39:52.928211755Z
47.05	1.18	74.35	2.5	39	5.846	38.03	1.17	38.03	cassandra-001	2018-08-16T22:39:59.935597648Z
97.46	1.13	74.36	2.5	41	11.465	38.02	1.18	38.02	cassandra-001	2018-08-16T22:40:06.944028183Z
52.684	4.18	74.36	2.5	43	6.834	38.02	1.13	38.02	cassandra-001	2018-08-16T22:40:13.95333375Z
112.994	13.57	74.35	2.99	45	12.055	38.01	4.18	38.01	cassandra-001	2018-08-16T22:40:20.96237067Z
59.498	1.26	74.35	5.05	48	5.987	38.01	13.57	38.01	cassandra-001	2018-08-16T22:40:27.968985913Z
60.493	1.22	74.34	3.75	50	6.422	38.01	1.26	38.01	cassandra-001	2018-08-16T22:40:34.982840209Z
128.02	1.26	74.35	3.76	52	14.202	38.01	1.22	38.01	cassandra-001	2018-08-16T22:40:41.989455086Z
66.749	1.16	74.35	3.77	54	7.753	38.01	1.26	38.01	cassandra-001	2018-08-16T22:40:48.996367958Z
136.155	10.09	74.35	3.78	56	16.231	38.01	1.16	38.01	cassandra-001	2018-08-16T22:40:56.002722112Z
71.156	1.08	74.35	4.76	58	8.544	38.01	10.09	38.01	cassandra-001	2018-08-16T22:41:03.011628077Z
73.207	1.25	74.35	2.68	60	7.276	38.01	1.08	38.01	cassandra-001	2018-08-16T22:41:10.019650108Z
149.708	1.12	74.35	2.68	61	16.055	38.01	1.25	38.01	cassandra-001	2018-08-16T22:41:17.030929114Z
77.617	1.13	74.35	2.66	63	8.502	38.01	1.12	38.01	cassandra-001	2018-08-16T22:41:24.037819568Z
161.934	13.5	74.35	2.64	65	17.478	38.01	1.13	38.01	cassandra-001	2018-08-16T22:41:31.044328036Z
83.859	1.12	74.35	4.69	66	9.504	38.01	13.5	38.01	cassandra-001	2018-08-16T22:41:38.051302807Z
86.458	1.2	74.35	3.2	68	8.012	38.01	1.12	38.01	cassandra-001	2018-08-16T22:41:45.058512878Z
177.54	1.22	74.35	3.22	70	18.543	38.01	1.2	38.01	cassandra-001	2018-08-16T22:41:52.065109494Z
89.291	1.2	74.35	3.22	71	9.436	38.01	1.22	38.01	cassandra-001	2018-08-16T22:41:59.072484923Z
185.16	5.47	74.36	3.23	73	21.854	38.01	1.2	38.01	cassandra-001	2018-08-16T22:42:06.080047685Z
92.437	1.2	74.35	3.95	75	9.316	38.01	5.47	38.01	cassandra-001	2018-08-16T22:42:13.087105807Z
122.511	4.17	74.36	1.9	76	12.686	38.01	1.2	38.01	cassandra-001	2018-08-16T22:42:20.09658764Z
169.208	1.27	74.36	2.41	78	19.773	38.01	4.17	38.01	cassandra-001	2018-08-16T22:42:27.104918316Z
100.399	1.22	74.36	2.42	79	12.152	38.01	1.27	38.01	cassandra-001	2018-08-16T22:42:34.111395827Z
207.154	6.86	74.36	2.42	81	27.022	38.01	1.22	38.01	cassandra-001	2018-08-16T22:42:41.121252421Z
100.038	1.21	74.36	3.36	82	12.533	38.01	6.86	38.01	cassandra-001	2018-08-16T22:42:48.130246936Z
213.631	10.73	74.36	2.66	84	26.584	38.01	1.21	38.01	cassandra-001	2018-08-16T22:42:55.137486306Z
109.144	1.19	74.36	4.24	85	12.44	38.01	10.73	38.01	cassandra-001	2018-08-16T22:43:02.144564688Z
109.356	1.15	74.36	3.75	86	10.618	38.01	1.19	38.01	cassandra-001	2018-08-16T22:43:09.150269542Z
219.916	2.29	74.36	3.73	88	21.221	38.01	1.15	38.01	cassandra-001	2018-08-16T22:43:16.157178544Z
111.977	1.18	73.97	3.91	89	10.102	38.02	2.29	38.02	cassandra-001	2018-08-16T22:43:23.164995675Z
225.791	10.08	73.96	2.96	90	23.186	38.01	1.18	38.01	cassandra-001	2018-08-16T22:43:30.172351404Z
116.378	1.17	73.96	4.44	92	14.734	38.01	10.08	38.01	cassandra-001	2018-08-16T22:43:37.179221557Z
110.035	3.7	73.96	2.84	93	8.82	38.01	1.17	38.01	cassandra-001	2018-08-16T22:43:44.185718978Z
237.931	1.17	73.96	3.26	95	26.139	38.01	3.7	38.01	cassandra-001	2018-08-16T22:43:51.193193828Z
123.003	1.12	73.96	3.27	96	13.518	38.01	1.17	38.01	cassandra-001	2018-08-16T22:43:58.200912359Z
246.148	13.46	73.97	3.07	97	27.695	38.01	1.12	38.01	cassandra-001	2018-08-16T22:44:05.20893573Z
122.868	1.17	73.96	5.12	98	12.844	38.01	13.46	38.01	cassandra-001	2018-08-16T22:44:12.218363257Z
124.923	1.18	73.97	3.63	100	15.285	38.01	1.17	38.01	cassandra-001	2018-08-16T22:44:19.225626939Z
249.106	1.23	73.96	3.63	101	25.422	38.01	1.18	38.01	cassandra-001	2018-08-16T22:44:26.234835763Z
125.34	1.13	73.96	3.22	102	13.278	38.01	1.23	38.01	cassandra-001	2018-08-16T22:44:33.243370941Z
260.705	12.37	73.96	3.22	103	26.7	38.01	1.13	38.01	cassandra-001	2018-08-16T22:44:40.252093992Z
129.361	1.01	73.96	5.09	105	11.019	38.01	12.37	38.01	cassandra-001	2018-08-16T22:44:47.262953532Z
130.881	1.16	73.96	3.02	106	13.778	38.01	1.01	38.01	cassandra-001	2018-08-16T22:44:54.271024677Z
266.626	4.71	73.97	3.01	107	29.562	38.01	1.16	38.01	cassandra-001	2018-08-16T22:45:01.279145218Z
134.369	1.12	73.97	3.6	108	12.048	38.01	4.71	38.01	cassandra-001	2018-08-16T22:45:08.287882186Z
273.996	13.98	73.97	3.58	109	29.388	38.01	1.12	38.01	cassandra-001	2018-08-16T22:45:15.295622559Z
130.338	1.18	73.97	5.72	111	13.683	38.01	13.98	38.01	cassandra-001	2018-08-16T22:45:22.302946437Z
138.589	1.17	73.97	3.86	112	14.66	38.01	1.18	38.01	cassandra-001	2018-08-16T22:45:29.312575535Z
283.359	1.17	73.97	3.89	113	28.448	38.01	1.17	38.01	cassandra-001	2018-08-16T22:45:36.319948394Z
142.185	1.15	73.97	3.89	114	12.336	38.01	1.17	38.01	cassandra-001	2018-08-16T22:45:43.327058337Z
284.291	14.91	73.97	3.3	115	28.353	38.01	1.15	38.01	cassandra-001	2018-08-16T22:45:50.333920048Z
143.843	1.17	73.97	5.59	117	14.592	38.01	14.91	38.01	cassandra-001	2018-08-16T22:45:57.340390065Z
146.241	1.13	73.97	3.46	118	15.014	38.01	1.17	38.01	cassandra-001	2018-08-16T22:46:04.347178587Z
293.529	1.25	73.97	3.45	119	29.328	38.01	1.13	38.01	cassandra-001	2018-08-16T22:46:11.356301768Z
151.891	1.17	73.97	3.46	120	16.293	38.01	1.25	38.01	cassandra-001	2018-08-16T22:46:18.363050239Z
299.133	13.97	73.97	3.46	121	32.454	38.0	1.17	38.0	cassandra-001	2018-08-16T22:46:25.372892033Z
152.305	1.05	73.97	5.6	122	14.722	38.0	13.97	38.0	cassandra-001	2018-08-16T22:46:32.380026998Z
154.557	1.15	73.97	3.29	123	14.88	38.0	1.05	38.0	cassandra-001	2018-08-16T22:46:39.387543879Z
307.104	2.47	73.96	3.29	124	29.217	37.99	1.15	37.99	cassandra-001	2018-08-16T22:46:46.394970092Z
157.897	1.41	73.96	3.51	125	16.318	37.99	2.47	37.99	cassandra-001	2018-08-16T22:46:53.405095334Z
311.981	13.25	73.96	3.54	127	28.424	37.99	1.41	37.99	cassandra-001	2018-08-16T22:47:00.414300548Z
158.419	1.17	73.97	5.55	128	16.132	37.99	13.25	37.99	cassandra-001	2018-08-16T22:47:07.42342165Z
157.907	2.92	73.96	3.42	129	17.412	37.99	1.17	37.99	cassandra-001	2018-08-16T22:47:14.433138973Z
325.938	1.28	73.96	3.73	130	33.107	37.99	2.92	37.99	cassandra-001	2018-08-16T22:47:21.442918525Z
164.793	1.05	73.96	3.75	131	15.286	37.99	1.28	37.99	cassandra-001	2018-08-16T22:47:28.451445266Z
327.94	14.82	73.97	3.51	132	32.076	37.99	1.05	37.99	cassandra-001	2018-08-16T22:47:35.463199984Z
165.675	1.19	73.97	5.75	133	19.1	37.99	14.82	37.99	cassandra-001	2018-08-16T22:47:42.473682275Z
170.3	1.15	73.97	3.74	134	18.505	37.99	1.19	37.99	cassandra-001	2018-08-16T22:47:49.482996774Z
337.169	1.27	73.97	3.74	135	35.73	37.99	1.15	37.99	cassandra-001	2018-08-16T22:47:56.492406406Z
170.54	1.07	73.97	3.46	136	17.726	37.99	1.27	37.99	cassandra-001	2018-08-16T22:48:03.501618678Z
343.512	15.25	73.97	3.43	137	33.682	37.99	1.07	37.99	cassandra-001	2018-08-16T22:48:10.508880092Z
171.396	1.2	73.97	5.79	138	17.619	37.99	15.25	37.99	cassandra-001	2018-08-16T22:48:17.521269272Z
174.847	0.89	73.97	3.52	139	17.276	37.99	1.2	37.99	cassandra-001	2018-08-16T22:48:24.531972311Z
349.964	1.07	73.97	3.47	140	35.0	37.99	0.89	37.99	cassandra-001	2018-08-16T22:48:31.539566129Z
177.285	1.08	73.97	3.46	141	17.064	37.99	1.07	37.99	cassandra-001	2018-08-16T22:48:38.548797764Z
351.305	14.92	73.98	3.43	142	31.368	37.99	1.08	37.99	cassandra-001	2018-08-16T22:48:45.556152362Z
175.231	1.19	73.98	5.74	143	17.089	37.99	14.92	37.99	cassandra-001	2018-08-16T22:48:52.564929955Z
178.462	1.14	73.98	3.39	144	14.502	37.99	1.19	37.99	cassandra-001	2018-08-16T22:48:59.575829634Z
360.91	1.13	73.94	3.38	145	39.114	37.95	1.14	37.95	cassandra-001	2018-08-16T22:49:06.585061018Z
181.273	1.14	73.94	3.42	146	20.626	37.95	1.13	37.95	cassandra-001	2018-08-16T22:49:13.594841028Z
369.468	14.68	73.94	3.43	147	36.023	37.95	1.14	37.95	cassandra-001	2018-08-16T22:49:20.601208984Z
184.384	1.11	73.94	5.7	148	16.916	37.95	14.68	37.95	cassandra-001	2018-08-16T22:49:27.608745761Z
189.938	1.23	73.94	3.4	149	21.694	37.95	1.11	37.95	cassandra-001	2018-08-16T22:49:34.617066313Z
378.223	1.03	73.94	3.41	150	38.754	37.95	1.23	37.95	cassandra-001	2018-08-16T22:49:41.627931346Z
187.554	1.17	73.94	3.39	151	17.759	37.95	1.03	37.95	cassandra-001	2018-08-16T22:49:48.63539849Z
379.712	19.65	73.95	3.39	152	37.96	37.95	1.17	37.95	cassandra-001	2018-08-16T22:49:55.645328029Z
192.263	1.15	73.95	6.48	153	19.224	37.95	19.65	37.95	cassandra-001	2018-08-16T22:50:02.652418453Z
192.23	1.16	73.95	4.22	154	16.544	37.95	1.15	37.95	cassandra-001	2018-08-16T22:50:09.658295228Z
389.871	2.02	73.95	4.23	155	44.333	37.95	1.16	37.95	cassandra-001	2018-08-16T22:50:16.667284736Z
195.406	1.18	73.95	4.36	156	17.652	37.95	2.02	37.95	cassandra-001	2018-08-16T22:50:23.675115463Z
394.52	14.59	73.95	4.39	157	42.484	37.95	1.18	37.95	cassandra-001	2018-08-16T22:50:30.686205956Z
195.902	1.1	73.96	6.62	158	17.836	37.95	14.59	37.95	cassandra-001	2018-08-16T22:50:37.697350944Z
197.766	2.89	73.96	3.53	159	16.74	37.95	1.1	37.95	cassandra-001	2018-08-16T22:50:44.705327783Z
395.823	1.25	73.96	3.82	159	38.297	37.95	2.89	37.95	cassandra-001	2018-08-16T22:50:51.714356536Z
196.766	1.11	73.96	3.84	160	16.396	37.95	1.25	37.95	cassandra-001	2018-08-16T22:50:58.72254123Z
398.608	17.33	73.96	3.69	161	33.874	37.95	1.11	37.95	cassandra-001	2018-08-16T22:51:05.731363256Z
199.116	1.13	73.96	6.38	162	15.63	37.95	17.33	37.95	cassandra-001	2018-08-16T22:51:12.738821606Z
203.047	1.17	73.96	4.14	163	17.609	37.95	1.13	37.95	cassandra-001	2018-08-16T22:51:19.748508097Z
414.954	1.14	73.96	4.15	164	46.676	37.95	1.17	37.95	cassandra-001	2018-08-16T22:51:26.758251478Z
210.493	1.18	73.96	3.86	165	23.298	37.95	1.14	37.95	cassandra-001	2018-08-16T22:51:33.765289885Z
418.133	20.56	73.97	3.84	166	40.84	37.95	1.18	37.95	cassandra-001	2018-08-16T22:51:40.773120908Z
213.49	1.18	73.97	7.09	167	26.293	37.95	20.56	37.95	cassandra-001	2018-08-16T22:51:47.781319209Z
215.04	1.21	73.96	4.39	168	25.224	37.95	1.18	37.95	cassandra-001	2018-08-16T22:51:54.789485855Z
430.016	1.32	73.97	4.41	169	47.174	37.95	1.21	37.95	cassandra-001	2018-08-16T22:52:01.79699448Z
212.814	1.11	73.97	4.43	169	24.194	37.95	1.32	37.95	cassandra-001	2018-08-16T22:52:08.807398288Z
418.442	18.27	73.97	4.43	170	41.668	37.95	1.11	37.95	cassandra-001	2018-08-16T22:52:15.81455913Z
214.671	1.03	73.97	7.28	171	19.797	37.95	18.27	37.95	cassandra-001	2018-08-16T22:52:22.824605986Z
217.734	1.13	73.97	4.02	172	23.414	37.95	1.03	37.95	cassandra-001	2018-08-16T22:52:29.8320451Z
428.547	1.34	73.97	4.01	173	43.118	37.95	1.13	37.95	cassandra-001	2018-08-16T22:52:36.841345398Z
217.341	3.52	73.97	4.03	174	19.572	37.95	1.34	37.95	cassandra-001	2018-08-16T22:52:43.850597228Z
439.151	17.42	73.98	4.4	174	44.423	37.95	3.52	37.95	cassandra-001	2018-08-16T22:52:50.860853048Z
216.039	1.14	73.98	7.12	175	20.086	37.95	17.42	37.95	cassandra-001	2018-08-16T22:52:57.873456121Z
224.633	1.0	73.98	4.26	176	22.528	37.95	1.14	37.95	cassandra-001	2018-08-16T22:53:04.880357054Z
442.052	1.11	73.98	4.26	177	41.148	37.95	1.0	37.95	cassandra-001	2018-08-16T22:53:11.887291143Z
223.354	1.04	73.98	4.26	178	21.497	37.95	1.11	37.95	cassandra-001	2018-08-16T22:53:18.897358593Z
449.739	20.63	73.98	4.21	179	47.324	37.95	1.04	37.95	cassandra-001	2018-08-16T22:53:25.906771176Z
228.337	1.1	73.98	7.06	179	23.556	37.95	20.63	37.95	cassandra-001	2018-08-16T22:53:32.914781752Z
229.194	1.15	73.99	4.34	180	23.094	37.95	1.1	37.95	cassandra-001	2018-08-16T22:53:39.923669259Z
453.911	2.01	73.99	4.34	181	41.395	37.95	1.15	37.95	cassandra-001	2018-08-16T22:53:46.932083322Z
229.318	1.16	73.99	4.51	182	19.912	37.95	2.01	37.95	cassandra-001	2018-08-16T22:53:53.944336437Z
461.091	18.45	73.99	4.52	183	46.146	37.95	1.16	37.95	cassandra-001	2018-08-16T22:54:00.952413115Z
227.502	1.2	73.99	7.42	183	23.198	37.95	18.45	37.95	cassandra-001	2018-08-16T22:54:07.963522089Z
229.083	1.09	73.99	4.18	184	22.604	37.95	1.2	37.95	cassandra-001	2018-08-16T22:54:14.971619026Z
469.123	1.13	73.99	4.18	185	48.203	37.95	1.09	37.95	cassandra-001	2018-08-16T22:54:21.982406595Z
234.812	1.1	73.99	4.17	186	25.494	37.95	1.13	37.95	cassandra-001	2018-08-16T22:54:28.989638955Z
469.688	19.11	74.0	4.02	187	46.486	37.95	1.1	37.95	cassandra-001	2018-08-16T22:54:36.001442633Z
237.743	1.14	74.0	7.01	187	26.734	37.95	19.11	37.95	cassandra-001	2018-08-16T22:54:43.007893864Z
233.359	1.14	74.0	4.13	188	20.569	37.95	1.14	37.95	cassandra-001	2018-08-16T22:54:50.015110056Z
473.851	1.12	74.0	4.12	189	41.772	37.95	1.14	37.95	cassandra-001	2018-08-16T22:54:57.022951298Z
244.613	1.09	74.0	4.12	190	27.842	37.95	1.12	37.95	cassandra-001	2018-08-16T22:55:04.029636341Z
479.686	23.31	74.0	4.12	191	46.1	37.95	1.09	37.95	cassandra-001	2018-08-16T22:55:11.036162417Z
242.219	1.08	74.01	7.82	191	22.455	37.95	23.31	37.95	cassandra-001	2018-08-16T22:55:18.047708956Z
234.672	1.17	74.0	4.81	192	19.116	37.95	1.08	37.95	cassandra-001	2018-08-16T22:55:25.054843101Z
480.282	1.16	74.01	4.82	193	44.686	37.95	1.17	37.95	cassandra-001	2018-08-16T22:55:32.062864284Z
241.515	1.17	74.01	4.82	194	23.656	37.95	1.16	37.95	cassandra-001	2018-08-16T22:55:39.070007287Z
486.578	23.81	74.01	4.83	195	53.647	37.95	1.17	37.95	cassandra-001	2018-08-16T22:55:46.07815908Z
242.537	1.25	74.01	8.62	195	22.56	37.95	23.81	37.95	cassandra-001	2018-08-16T22:55:53.085938797Z
345.826	6.77	74.01	4.94	196	30.912	37.95	1.25	37.95	cassandra-001	2018-08-16T22:56:00.09489894Z
394.878	1.09	74.01	5.89	197	34.984	37.95	6.77	37.95	cassandra-001	2018-08-16T22:56:07.100732528Z
246.747	3.05	74.01	5.88	198	19.998	37.95	1.09	37.95	cassandra-001	2018-08-16T22:56:14.107668612Z
496.534	13.01	74.02	6.19	198	44.549	37.95	3.05	37.95	cassandra-001	2018-08-16T22:56:21.115107231Z
246.576	1.11	74.02	8.16	199	20.882	37.95	13.01	37.95	cassandra-001	2018-08-16T22:56:28.123549883Z
358.449	8.85	74.02	4.38	200	30.22	37.95	1.11	37.95	cassandra-001	2018-08-16T22:56:35.130512264Z
388.246	1.07	74.02	5.65	201	38.602	37.95	8.85	37.95	cassandra-001	2018-08-16T22:56:42.1381306Z
253.056	1.17	74.02	4.7	201	24.035	37.95	1.07	37.95	cassandra-001	2018-08-16T22:56:49.147923401Z
514.185	20.17	74.02	4.71	202	55.146	37.95	1.17	37.95	cassandra-001	2018-08-16T22:56:56.156593837Z
258.844	1.12	74.02	7.56	203	27.784	37.95	20.17	37.95	cassandra-001	2018-08-16T22:57:03.164052764Z
503.364	20.22	74.03	5.58	204	42.09	37.95	1.12	37.95	cassandra-001	2018-08-16T22:57:10.17173501Z
257.41	1.11	74.03	8.77	204	22.991	37.95	20.22	37.95	cassandra-001	2018-08-16T22:57:17.178080914Z
258.906	1.13	74.03	7.48	205	23.15	37.95	1.11	37.95	cassandra-001	2018-08-16T22:57:24.188791376Z
518.521	1.24	74.03	7.49	206	54.8	37.95	1.13	37.95	cassandra-001	2018-08-16T22:57:31.196092412Z
254.277	0.94	74.03	7.5	207	28.812	37.95	1.24	37.95	cassandra-001	2018-08-16T22:57:38.203207943Z
519.06	19.13	74.03	4.29	207	55.142	37.95	0.94	37.95	cassandra-001	2018-08-16T22:57:45.210611075Z
263.726	1.0	74.03	7.3	208	27.095	37.95	19.13	37.95	cassandra-001	2018-08-16T22:57:52.218269159Z
261.981	1.19	74.04	4.09	209	25.168	37.95	1.0	37.95	cassandra-001	2018-08-16T22:57:59.227839982Z
534.668	1.19	74.04	4.11	210	61.252	37.95	1.19	37.95	cassandra-001	2018-08-16T22:58:06.236405602Z
268.532	1.29	74.04	4.12	210	30.672	37.95	1.19	37.95	cassandra-001	2018-08-16T22:58:13.247492604Z
525.999	19.81	74.04	4.12	211	49.093	37.95	1.29	37.95	cassandra-001	2018-08-16T22:58:20.256453473Z
267.461	1.19	74.04	7.27	212	25.642	37.95	19.81	37.95	cassandra-001	2018-08-16T22:58:27.263249562Z
261.868	1.18	74.04	4.28	212	21.378	37.95	1.19	37.95	cassandra-001	2018-08-16T22:58:34.269678655Z
530.791	1.09	74.04	4.31	213	43.772	37.95	1.18	37.95	cassandra-001	2018-08-16T22:58:41.27754015Z
262.492	1.11	74.04	4.29	214	21.773	37.95	1.09	37.95	cassandra-001	2018-08-16T22:58:48.28562973Z
540.794	38.89	74.05	4.28	215	53.75	37.95	1.11	37.95	cassandra-001	2018-08-16T22:58:55.292320198Z
271.558	1.3	74.05	10.54	215	25.482	37.95	38.89	37.95	cassandra-001	2018-08-16T22:59:02.299297451Z
272.976	1.15	74.05	7.46	216	26.934	37.95	1.3	37.95	cassandra-001	2018-08-16T22:59:09.307250605Z
542.749	2.01	74.05	7.45	217	53.431	37.95	1.15	37.95	cassandra-001	2018-08-16T22:59:16.313483526Z
275.03	1.16	74.05	7.59	217	28.372	37.95	2.01	37.95	cassandra-001	2018-08-16T22:59:23.320289447Z
541.74	21.39	74.07	7.6	218	57.404	37.97	1.16	37.97	cassandra-001	2018-08-16T22:59:30.32955492Z
277.533	1.27	74.07	10.98	219	28.926	37.97	21.39	37.97	cassandra-001	2018-08-16T22:59:37.337121967Z
275.49	2.8	74.07	4.71	219	27.408	37.97	1.27	37.97	cassandra-001	2018-08-16T22:59:44.344116218Z
555.95	1.13	74.07	4.96	220	57.349	37.97	2.8	37.97	cassandra-001	2018-08-16T22:59:51.350753444Z
277.987	1.1	74.08	4.96	221	26.206	37.97	1.13	37.97	cassandra-001	2018-08-16T22:59:58.356897811Z
553.324	22.8	74.08	4.81	221	56.662	37.97	1.1	37.97	cassandra-001	2018-08-16T23:00:05.364077737Z
282.796	1.2	74.08	8.41	222	31.974	37.97	22.8	37.97	cassandra-001	2018-08-16T23:00:12.373384559Z
280.654	1.25	74.08	5.05	223	28.739	37.97	1.2	37.97	cassandra-001	2018-08-16T23:00:19.382256333Z
557.037	1.22	74.09	5.05	223	49.044	37.97	1.25	37.97	cassandra-001	2018-08-16T23:00:26.389586319Z
274.159	1.14	74.09	4.78	224	20.542	37.97	1.22	37.97	cassandra-001	2018-08-16T23:00:33.396361243Z
560.638	20.99	74.09	4.78	225	53.742	37.95	1.14	37.97	cassandra-001	2018-08-16T23:00:40.404770082Z
274.765	1.19	74.09	8.1	225	20.699	37.97	20.99	37.97	cassandra-001	2018-08-16T23:00:47.412895225Z
280.621	1.04	74.09	4.5	226	23.432	37.97	1.19	37.97	cassandra-001	2018-08-16T23:00:54.423752556Z
560.854	1.78	74.1	4.47	227	51.14	37.97	1.04	37.97	cassandra-001	2018-08-16T23:01:01.432723566Z
283.902	1.08	74.1	4.56	227	26.52	37.97	1.78	37.97	cassandra-001	2018-08-16T23:01:08.439306562Z
571.218	46.01	74.1	4.54	228	58.676	37.97	1.08	37.97	cassandra-001	2018-08-16T23:01:15.448314129Z
283.169	1.3	74.1	12.01	229	32.261	37.95	46.01	37.97	cassandra-001	2018-08-16T23:01:22.45817133Z
288.015	1.16	74.11	8.73	229	27.826	37.98	1.3	37.98	cassandra-001	2018-08-16T23:01:29.465809643Z
573.245	1.11	74.11	8.73	230	51.758	37.98	1.16	37.98	cassandra-001	2018-08-16T23:01:36.474590515Z
287.155	1.19	74.13	8.74	231	23.76	37.97	1.11	38.0	cassandra-001	2018-08-16T23:01:43.482091834Z
576.853	25.97	74.13	8.64	231	52.337	38.0	1.19	38.0	cassandra-001	2018-08-16T23:01:50.489041836Z
291.824	1.14	74.14	12.79	232	26.294	38.0	25.97	38.0	cassandra-001	2018-08-16T23:01:57.495985061Z
284.814	1.31	74.13	5.31	233	23.02	38.0	1.14	38.0	cassandra-001	2018-08-16T23:02:04.504528613Z
578.939	1.21	74.16	5.31	233	52.138	38.02	1.31	38.02	cassandra-001	2018-08-16T23:02:11.512779687Z
294.733	1.11	74.2	5.32	234	29.949	38.03	1.21	38.06	cassandra-001	2018-08-16T23:02:18.520398468Z
585.342	22.22	74.2	5.32	235	58.882	38.06	1.11	38.06	cassandra-001	2018-08-16T23:02:25.526891618Z
297.877	1.27	74.21	8.83	235	29.764	38.07	22.22	38.07	cassandra-001	2018-08-16T23:02:32.534490999Z
289.165	1.24	74.22	4.71	236	22.702	38.07	1.27	38.07	cassandra-001	2018-08-16T23:02:39.541712589Z
595.78	2.65	74.22	4.73	237	61.111	38.07	1.24	38.07	cassandra-001	2018-08-16T23:02:46.549349226Z
296.221	1.23	74.22	4.95	237	27.018	38.07	2.65	38.07	cassandra-001	2018-08-16T23:02:53.558287211Z
597.1	22.62	74.22	4.95	238	53.626	38.07	1.23	38.07	cassandra-001	2018-08-16T23:03:00.568032889Z
300.138	1.29	74.24	8.54	238	30.172	38.06	22.62	38.09	cassandra-001	2018-08-16T23:03:07.574691059Z
299.394	2.89	74.24	5.05	239	28.06	38.09	1.29	38.09	cassandra-001	2018-08-16T23:03:14.58203887Z
597.498	1.01	74.26	5.32	240	58.983	38.11	2.89	38.11	cassandra-001	2018-08-16T23:03:21.588393575Z
302.228	1.17	74.26	5.28	240	30.29	38.11	1.01	38.11	cassandra-001	2018-08-16T23:03:28.594700013Z
606.183	23.02	74.27	5.04	241	61.702	38.11	1.17	38.11	cassandra-001	2018-08-16T23:03:35.600426398Z
303.03	1.32	74.27	8.67	242	28.6	38.11	23.02	38.11	cassandra-001	2018-08-16T23:03:42.607910935Z
298.65	1.19	74.27	5.12	242	28.243	38.11	1.32	38.11	cassandra-001	2018-08-16T23:03:49.616565969Z
614.364	1.16	74.27	5.1	243	63.39	38.11	1.19	38.11	cassandra-001	2018-08-16T23:03:56.624258958Z
300.765	1.34	74.27	4.81	243	29.114	38.11	1.16	38.11	cassandra-001	2018-08-16T23:04:03.63333392Z
615.316	24.51	74.27	4.87	244	65.91	38.11	1.34	38.11	cassandra-001	2018-08-16T23:04:10.640727412Z
303.313	1.15	74.28	8.76	245	25.813	38.11	24.51	38.11	cassandra-001	2018-08-16T23:04:17.648351122Z
306.498	1.1	74.28	5.11	245	27.094	38.11	1.15	38.11	cassandra-001	2018-08-16T23:04:24.657079989Z
617.87	1.23	74.28	5.08	246	62.82	38.11	1.1	38.11	cassandra-001	2018-08-16T23:04:31.66320825Z
308.385	1.09	74.28	5.08	247	31.172	38.11	1.23	38.11	cassandra-001	2018-08-16T23:04:38.67032439Z
623.839	23.2	74.29	5.07	247	60.588	38.11	1.09	38.11	cassandra-001	2018-08-16T23:04:45.678829246Z
312.924	1.12	74.29	8.71	248	31.435	38.11	23.2	38.11	cassandra-001	2018-08-16T23:04:52.686836297Z
312.728	1.12	74.29	4.81	248	28.452	38.11	1.12	38.11	cassandra-001	2018-08-16T23:04:59.694290927Z
618.549	1.17	74.3	4.81	249	64.428	38.11	1.12	38.11	cassandra-001	2018-08-16T23:05:06.705480077Z
309.98	1.16	74.29	4.82	250	30.788	38.11	1.17	38.11	cassandra-001	2018-08-16T23:05:13.714202025Z
631.768	23.8	74.3	4.81	250	62.763	38.11	1.16	38.11	cassandra-001	2018-08-16T23:05:20.722534193Z
310.47	1.18	74.3	8.59	251	34.378	38.11	23.8	38.11	cassandra-001	2018-08-16T23:05:27.731519055Z
316.928	1.27	74.3	4.92	251	33.216	38.11	1.18	38.11	cassandra-001	2018-08-16T23:05:34.738520607Z
630.768	14.49	74.29	4.95	252	68.676	38.09	1.27	38.09	cassandra-001	2018-08-16T23:05:41.745394207Z
316.259	1.24	74.29	7.18	253	32.489	38.09	14.49	38.09	cassandra-001	2018-08-16T23:05:48.762801927Z
638.266	24.81	74.29	7.19	253	67.302	38.09	1.24	38.09	cassandra-001	2018-08-16T23:05:55.773406392Z
322.721	1.3	74.29	11.13	254	36.238	38.09	24.81	38.09	cassandra-001	2018-08-16T23:06:02.780469988Z
320.162	1.08	74.29	7.38	254	32.502	38.09	1.3	38.09	cassandra-001	2018-08-16T23:06:09.788111284Z
633.125	2.53	74.29	7.36	255	66.957	38.09	1.08	38.09	cassandra-001	2018-08-16T23:06:16.799299708Z
321.942	1.21	74.3	7.57	256	32.924	38.09	2.53	38.09	cassandra-001	2018-08-16T23:06:23.807197177Z
648.788	23.36	74.3	5.36	256	71.616	38.09	1.21	38.09	cassandra-001	2018-08-16T23:06:30.817711473Z
324.607	1.23	74.3	9.05	257	31.498	38.09	23.36	38.09	cassandra-001	2018-08-16T23:06:37.826396605Z
325.886	1.29	74.3	5.12	257	34.89	38.09	1.23	38.09	cassandra-001	2018-08-16T23:06:44.834726141Z
649.184	1.24	74.3	5.12	258	64.473	38.09	1.29	38.09	cassandra-001	2018-08-16T23:06:51.842908969Z
325.208	0.92	74.3	5.14	259	35.048	38.09	1.24	38.09	cassandra-001	2018-08-16T23:06:58.851307658Z
658.598	23.55	74.31	4.87	259	69.924	38.09	0.92	38.09	cassandra-001	2018-08-16T23:07:05.859768955Z
329.197	1.27	74.31	8.6	260	35.932	38.09	23.55	38.09	cassandra-001	2018-08-16T23:07:12.871234937Z
325.536	1.15	74.31	4.92	260	29.001	38.09	1.27	38.09	cassandra-001	2018-08-16T23:07:19.880507837Z
645.81	1.18	74.31	4.9	261	53.766	38.09	1.15	38.09	cassandra-001	2018-08-16T23:07:26.890092766Z
326.221	1.04	74.31	4.88	262	25.622	38.09	1.18	38.09	cassandra-001	2018-08-16T23:07:33.900487723Z
659.091	46.78	74.32	4.85	262	60.246	38.09	1.04	38.1	cassandra-001	2018-08-16T23:07:40.912221874Z
333.347	1.21	74.31	12.49	263	38.755	38.09	46.78	38.09	cassandra-001	2018-08-16T23:07:47.922564662Z
327.79	1.18	74.31	8.77	263	34.782	38.09	1.21	38.09	cassandra-001	2018-08-16T23:07:54.933609167Z
658.55	1.29	74.31	8.76	264	59.928	38.09	1.18	38.09	cassandra-001	2018-08-16T23:08:01.940963453Z
334.02	1.08	74.31	8.78	265	35.27	38.09	1.29	38.09	cassandra-001	2018-08-16T23:08:08.947812127Z
658.607	24.82	74.32	8.76	265	68.916	38.09	1.08	38.09	cassandra-001	2018-08-16T23:08:15.955247628Z
334.122	1.21	74.32	12.73	266	33.751	38.09	24.82	38.09	cassandra-001	2018-08-16T23:08:22.963321954Z
335.064	1.14	74.32	5.13	266	34.834	38.09	1.21	38.09	cassandra-001	2018-08-16T23:08:29.9712829Z
665.688	1.12	74.32	5.12	267	63.846	38.09	1.14	38.09	cassandra-001	2018-08-16T23:08:36.986879013Z
329.468	2.09	74.32	5.11	267	30.332	38.09	1.12	38.09	cassandra-001	2018-08-16T23:08:43.993083579Z
663.09	23.45	74.32	5.24	268	52.651	38.09	2.09	38.09	cassandra-001	2018-08-16T23:08:50.999972733Z
336.356	1.17	74.33	8.97	268	31.018	38.09	23.45	38.09	cassandra-001	2018-08-16T23:08:58.007491324Z
331.142	1.33	74.32	5.03	269	37.354	38.09	1.17	38.09	cassandra-001	2018-08-16T23:09:05.016071164Z
673.508	0.93	74.33	5.05	270	79.063	38.09	1.33	38.09	cassandra-001	2018-08-16T23:09:12.025480503Z
334.136	1.19	74.33	5.01	270	36.627	38.09	0.93	38.09	cassandra-001	2018-08-16T23:09:19.033634867Z
678.908	26.17	74.33	5.03	271	73.36	38.09	1.19	38.09	cassandra-001	2018-08-16T23:09:26.041303643Z
343.147	1.12	74.33	9.04	271	36.244	38.09	26.17	38.09	cassandra-001	2018-08-16T23:09:33.048626762Z
343.202	1.07	74.33	5.32	272	32.284	38.09	1.12	38.09	cassandra-001	2018-08-16T23:09:40.060625015Z
686.497	2.0	74.34	5.3	273	72.909	38.09	1.07	38.09	cassandra-001	2018-08-16T23:09:47.070312208Z
347.651	1.04	74.34	5.41	273	40.164	38.09	2.0	38.09	cassandra-001	2018-08-16T23:09:54.081173649Z
694.761	25.89	74.35	5.43	274	80.248	38.09	1.04	38.09	cassandra-001	2018-08-16T23:10:01.090623335Z
348.517	1.25	74.35	9.55	274	38.698	38.09	25.89	38.09	cassandra-001	2018-08-16T23:10:08.09752795Z
401.816	4.76	74.35	5.39	275	47.145	38.09	1.25	38.09	cassandra-001	2018-08-16T23:10:15.103917641Z
637.078	1.16	74.43	6.0	275	72.974	38.09	4.76	38.09	cassandra-001	2018-08-16T23:10:22.111110593Z
351.624	1.21	74.43	6.02	276	39.318	38.09	1.16	38.09	cassandra-001	2018-08-16T23:10:29.117027017Z
697.866	16.43	74.43	5.88	276	76.576	38.09	1.21	38.09	cassandra-001	2018-08-16T23:10:36.123299416Z
348.675	1.29	74.43	8.45	277	41.324	38.09	16.43	38.09	cassandra-001	2018-08-16T23:10:43.133795899Z
521.249	10.72	74.43	4.35	278	56.305	38.09	1.29	38.09	cassandra-001	2018-08-16T23:10:50.143380561Z
517.594	1.06	74.44	5.93	278	50.914	38.09	10.72	38.09	cassandra-001	2018-08-16T23:10:57.150244472Z
345.155	1.17	74.44	5.31	279	35.172	38.09	1.06	38.09	cassandra-001	2018-08-16T23:11:04.160910027Z
691.072	6.51	74.44	5.31	279	55.718	38.09	1.17	38.09	cassandra-001	2018-08-16T23:11:11.168627206Z
351.811	1.14	74.44	6.2	280	33.191	38.09	6.51	38.09	cassandra-001	2018-08-16T23:11:18.176918473Z
661.204	24.25	74.44	3.65	280	65.869	38.09	1.14	38.09	cassandra-001	2018-08-16T23:11:25.184551504Z
397.872	1.15	74.44	7.47	281	42.97	38.09	24.25	38.09	cassandra-001	2018-08-16T23:11:32.192171431Z
355.796	1.28	74.44	5.88	281	34.326	38.09	1.15	38.09	cassandra-001	2018-08-16T23:11:39.201812665Z
702.794	1.99	74.44	5.92	282	60.098	38.09	1.28	38.09	cassandra-001	2018-08-16T23:11:46.209350002Z
351.726	1.14	74.45	6.05	283	34.127	38.09	1.99	38.09	cassandra-001	2018-08-16T23:11:53.216335644Z
715.358	24.85	74.45	5.16	283	76.254	38.09	1.14	38.09	cassandra-001	2018-08-16T23:12:00.223068814Z
351.436	1.14	74.45	9.11	284	28.24	38.09	24.85	38.09	cassandra-001	2018-08-16T23:12:07.231901187Z
356.5	2.79	74.45	5.26	284	31.104	38.09	1.14	38.09	cassandra-001	2018-08-16T23:12:14.238930391Z
708.836	1.24	74.46	5.53	285	64.887	38.09	2.79	38.09	cassandra-001	2018-08-16T23:12:21.246666957Z
360.717	1.09	74.46	5.52	285	36.212	38.09	1.24	38.09	cassandra-001	2018-08-16T23:12:28.25362324Z
714.21	22.54	74.46	5.37	286	70.708	38.09	1.09	38.09	cassandra-001	2018-08-16T23:12:35.263039793Z
359.678	1.17	74.46	8.94	286	43.036	38.09	22.54	38.09	cassandra-001	2018-08-16T23:12:42.270735017Z
357.897	1.18	74.46	4.99	287	30.469	38.09	1.17	38.09	cassandra-001	2018-08-16T23:12:49.280269514Z
713.365	1.12	74.46	5.0	288	63.882	38.09	1.18	38.09	cassandra-001	2018-08-16T23:12:56.288040366Z
356.78	1.13	74.47	4.72	288	36.33	38.09	1.12	38.09	cassandra-001	2018-08-16T23:13:03.295259894Z
716.517	25.11	74.47	4.7	289	77.2	38.09	1.13	38.09	cassandra-001	2018-08-16T23:13:10.304167273Z
359.842	1.89	74.47	8.71	289	29.359	38.09	25.11	38.09	cassandra-001	2018-08-16T23:13:17.312060631Z
361.433	1.06	74.47	5.27	290	30.046	38.09	1.89	38.09	cassandra-001	2018-08-16T23:13:24.321991651Z
729.497	1.17	74.47	5.25	290	72.526	38.09	1.06	38.09	cassandra-001	2018-08-16T23:13:31.328999621Z
368.249	1.04	74.48	5.25	291	38.322	38.09	1.17	38.09	cassandra-001	2018-08-16T23:13:38.337346015Z
736.357	26.95	74.48	5.23	291	76.208	38.09	1.04	38.09	cassandra-001	2018-08-16T23:13:45.346411927Z
364.934	1.0	74.49	9.54	292	34.031	38.09	26.95	38.09	cassandra-001	2018-08-16T23:13:52.353205941Z
368.974	1.25	74.46	5.52	292	34.942	38.07	1.0	38.07	cassandra-001	2018-08-16T23:13:59.362216476Z
738.514	1.05	74.47	5.41	293	70.61	38.07	1.25	38.07	cassandra-001	2018-08-16T23:14:06.370850091Z
368.219	1.12	74.47	5.41	293	34.308	38.07	1.05	38.07	cassandra-001	2018-08-16T23:14:13.381492703Z
739.632	26.86	74.47	5.4	294	73.803	38.07	1.12	38.07	cassandra-001	2018-08-16T23:14:20.389841389Z
373.239	1.1	74.47	9.7	294	36.446	38.07	26.86	38.07	cassandra-001	2018-08-16T23:14:27.3964287Z
371.233	1.12	74.47	5.4	295	34.73	38.07	1.1	38.07	cassandra-001	2018-08-16T23:14:34.404055251Z
736.632	1.26	74.48	5.42	295	80.072	38.07	1.12	38.07	cassandra-001	2018-08-16T23:14:41.411000498Z
373.054	1.16	74.48	5.42	296	37.039	38.07	1.26	38.07	cassandra-001	2018-08-16T23:14:48.420326755Z
745.53	27.63	74.48	5.44	297	77.352	38.07	1.16	38.07	cassandra-001	2018-08-16T23:14:55.428007431Z
375.383	1.06	74.49	9.85	297	37.026	38.07	27.63	38.07	cassandra-001	2018-08-16T23:15:02.435989123Z
376.749	1.2	74.49	5.55	298	37.844	38.07	1.06	38.07	cassandra-001	2018-08-16T23:15:09.444639672Z
740.484	1.26	74.48	5.57	298	78.948	38.06	1.2	38.06	cassandra-001	2018-08-16T23:15:16.453420559Z
376.736	1.2	74.45	5.59	299	38.912	38.03	1.26	38.03	cassandra-001	2018-08-16T23:15:23.46064359Z
755.18	23.55	74.45	5.58	299	74.512	38.03	1.2	38.03	cassandra-001	2018-08-16T23:15:30.468057912Z
373.411	1.17	74.46	9.32	300	31.362	38.03	23.55	38.03	cassandra-001	2018-08-16T23:15:37.478544576Z
374.292	2.85	74.46	4.91	300	37.104	38.04	1.17	38.04	cassandra-001	2018-08-16T23:15:44.48720675Z
760.955	1.3	74.46	5.2	301	74.695	38.04	2.85	38.04	cassandra-001	2018-08-16T23:15:51.49570876Z
377.902	1.06	74.47	5.22	301	29.896	38.04	1.3	38.04	cassandra-001	2018-08-16T23:15:58.504908752Z
751.273	29.0	74.47	5.19	302	70.682	38.04	1.06	38.04	cassandra-001	2018-08-16T23:16:05.515101251Z
377.347	1.22	74.47	9.82	302	39.03	38.04	29.0	38.04	cassandra-001	2018-08-16T23:16:12.521144022Z
378.564	1.28	74.47	6.1	303	37.551	38.04	1.22	38.04	cassandra-001	2018-08-16T23:16:19.531410226Z
760.364	1.28	74.47	6.12	303	73.994	38.04	1.28	38.04	cassandra-001	2018-08-16T23:16:26.538353306Z
382.146	1.15	74.47	5.86	304	41.234	38.04	1.28	38.04	cassandra-001	2018-08-16T23:16:33.547635413Z
760.135	29.66	74.48	5.83	304	74.442	38.04	1.15	38.04	cassandra-001	2018-08-16T23:16:40.554731521Z
380.462	2.55	74.48	10.6	305	43.345	38.04	29.66	38.04	cassandra-001	2018-08-16T23:16:47.563805776Z
381.288	1.08	74.48	6.19	305	43.728	38.04	2.55	38.04	cassandra-001	2018-08-16T23:16:54.572459572Z
764.027	1.53	74.48	6.17	306	76.038	38.04	1.08	38.04	cassandra-001	2018-08-16T23:17:01.586210066Z
381.563	1.08	74.48	6.21	306	32.112	38.04	1.53	38.04	cassandra-001	2018-08-16T23:17:08.592566086Z
758.232	30.75	74.49	6.17	306	57.162	38.04	1.08	38.04	cassandra-001	2018-08-16T23:17:15.600351078Z
382.044	1.05	74.49	11.11	306	33.009	38.04	30.75	38.04	cassandra-001	2018-08-16T23:17:22.606576703Z
384.071	1.08	74.49	6.34	306	35.478	38.04	1.05	38.04	cassandra-001	2018-08-16T23:17:29.612055159Z
761.909	1.36	74.5	6.09	306	64.356	38.04	1.08	38.04	cassandra-001	2018-08-16T23:17:36.619445195Z
377.1	1.2	74.49	6.14	306	30.462	38.04	1.36	38.04	cassandra-001	2018-08-16T23:17:43.626656505Z
763.225	26.71	74.5	6.09	306	64.791	38.04	1.2	38.04	cassandra-001	2018-08-16T23:17:50.633424833Z
381.359	1.26	74.5	10.36	306	32.574	38.04	26.71	38.04	cassandra-001	2018-08-16T23:17:57.640192237Z
382.448	1.21	74.5	5.44	306	34.29	38.04	1.26	38.04	cassandra-001	2018-08-16T23:18:04.647807473Z
758.702	1.39	74.5	5.47	306	68.712	38.04	1.21	38.04	cassandra-001	2018-08-16T23:18:11.655315549Z
379.017	1.26	74.51	5.52	306	29.115	38.04	1.39	38.04	cassandra-001	2018-08-16T23:18:18.664030327Z
