net_receive	container_cpu%	memory%	host_moving_avg_cpu	sensor_count	net_send	memory_active_anon%	host_cpu	memory_rss%	name	timestamp
599486.298	1.16	74.67	nan	2	327521.652	38.11	0	38.11	cassandra-001	2018-08-17T01:00:17.702924721Z
3.95	1.05	74.67	nan	7	0.737	38.11	1.16	38.11	cassandra-001	2018-08-17T01:00:24.710158338Z
21.863	1.22	74.67	nan	12	3.53	38.11	1.05	38.11	cassandra-001	2018-08-17T01:00:31.71774591Z
15.587	1.21	74.67	nan	15	1.222	38.11	1.22	38.11	cassandra-001	2018-08-17T01:00:38.727197297Z
40.93	6.98	74.67	nan	19	4.21	38.11	1.21	38.11	cassandra-001	2018-08-17T01:00:45.73674596Z
25.673	1.32	74.67	1.94	22	2.763	38.11	6.98	38.11	cassandra-001	2018-08-17T01:00:52.743313708Z
28.881	1.07	74.67	2.16	25	3.132	38.11	1.32	38.11	cassandra-001	2018-08-17T01:00:59.75191104Z
64.739	1.1	74.67	2.14	28	6.684	38.11	1.07	38.11	cassandra-001	2018-08-17T01:01:06.76210172Z
36.582	1.15	74.67	2.15	31	3.882	38.11	1.1	38.11	cassandra-001	2018-08-17T01:01:13.774903775Z
81.312	5.96	74.67	2.14	34	8.052	38.11	1.15	38.11	cassandra-001	2018-08-17T01:01:20.781992768Z
45.03	1.03	74.67	2.93	37	4.737	38.11	5.96	38.11	cassandra-001	2018-08-17T01:01:27.790071328Z
46.465	1.08	74.67	1.94	39	5.146	38.11	1.03	38.11	cassandra-001	2018-08-17T01:01:34.797801953Z
97.913	1.15	74.68	1.9	42	8.508	38.11	1.08	38.11	cassandra-001	2018-08-17T01:01:41.806354689Z
51.249	1.14	74.67	1.91	44	4.814	38.11	1.15	38.11	cassandra-001	2018-08-17T01:01:48.813217027Z
112.114	7.43	74.68	1.92	46	10.853	38.11	1.14	38.11	cassandra-001	2018-08-17T01:01:55.820298761Z
59.334	1.32	74.68	2.96	48	7.056	38.11	7.43	38.11	cassandra-001	2018-08-17T01:02:02.826929513Z
61.96	1.11	74.68	2.19	50	7.148	38.11	1.32	38.11	cassandra-001	2018-08-17T01:02:09.836583848Z
128.599	1.03	74.68	2.2	52	14.096	38.11	1.11	38.11	cassandra-001	2018-08-17T01:02:16.84314091Z
66.912	1.03	74.68	2.2	54	5.865	38.11	1.03	38.11	cassandra-001	2018-08-17T01:02:23.850141465Z
138.208	7.67	74.68	2.18	56	13.974	38.11	1.03	38.11	cassandra-001	2018-08-17T01:02:30.856764724Z
71.004	1.16	74.68	3.26	58	7.052	38.11	7.67	38.11	cassandra-001	2018-08-17T01:02:37.864946252Z
72.301	2.81	74.68	2.22	60	6.55	38.11	1.16	38.11	cassandra-001	2018-08-17T01:02:44.871936465Z
144.856	2.0	74.68	2.47	62	13.639	38.11	2.81	38.11	cassandra-001	2018-08-17T01:02:51.878894892Z
77.151	1.11	74.68	2.62	63	7.182	38.11	2.0	38.11	cassandra-001	2018-08-17T01:02:58.886114166Z
158.954	7.94	74.68	2.63	65	12.99	38.11	1.11	38.11	cassandra-001	2018-08-17T01:03:05.893170573Z
83.883	1.18	74.68	3.78	67	9.53	38.11	7.94	38.11	cassandra-001	2018-08-17T01:03:12.900081793Z
83.51	1.22	74.68	2.7	69	6.652	38.11	1.18	38.11	cassandra-001	2018-08-17T01:03:19.908388272Z
172.984	1.13	74.68	2.71	70	15.071	38.11	1.22	38.11	cassandra-001	2018-08-17T01:03:26.915439247Z
87.33	1.18	74.68	2.43	72	8.076	38.11	1.13	38.11	cassandra-001	2018-08-17T01:03:33.92476926Z
178.565	8.63	74.68	2.29	74	15.966	38.11	1.18	38.11	cassandra-001	2018-08-17T01:03:40.931728438Z
90.212	1.17	74.68	3.55	75	7.56	38.11	8.63	38.11	cassandra-001	2018-08-17T01:03:47.939270148Z
92.2	1.04	74.68	2.42	77	8.219	38.11	1.17	38.11	cassandra-001	2018-08-17T01:03:54.948930171Z
194.447	1.08	74.68	2.39	79	19.064	38.11	1.04	38.11	cassandra-001	2018-08-17T01:04:01.959780639Z
98.842	1.22	74.68	2.37	80	8.35	38.11	1.08	38.11	cassandra-001	2018-08-17T01:04:08.96584781Z
202.53	10.43	74.69	2.39	82	19.88	38.11	1.22	38.11	cassandra-001	2018-08-17T01:04:15.973753042Z
99.896	1.13	74.68	3.93	83	11.305	38.11	10.43	38.11	cassandra-001	2018-08-17T01:04:22.982056027Z
101.991	1.12	74.68	2.68	85	9.114	38.11	1.13	38.11	cassandra-001	2018-08-17T01:04:29.990261437Z
215.475	1.26	74.69	2.67	86	23.256	38.11	1.12	38.11	cassandra-001	2018-08-17T01:04:37.000374141Z
107.963	1.1	74.69	2.71	87	10.512	38.11	1.26	38.11	cassandra-001	2018-08-17T01:04:44.007202347Z
213.651	11.74	74.69	2.71	89	19.782	38.11	1.1	38.11	cassandra-001	2018-08-17T01:04:51.014499649Z
111.987	1.25	74.69	4.46	90	10.563	38.11	11.74	38.11	cassandra-001	2018-08-17T01:04:58.02326559Z
112.701	1.09	74.69	2.93	92	10.286	38.11	1.25	38.11	cassandra-001	2018-08-17T01:05:05.03008659Z
228.143	1.1	74.69	2.93	93	27.184	38.11	1.09	38.11	cassandra-001	2018-08-17T01:05:12.036906984Z
113.16	1.33	74.69	2.92	94	10.826	38.11	1.1	38.11	cassandra-001	2018-08-17T01:05:19.045364569Z
234.691	11.76	74.7	2.94	96	23.947	38.11	1.33	38.11	cassandra-001	2018-08-17T01:05:26.055770148Z
121.639	1.37	74.69	4.71	97	12.818	38.11	11.76	38.11	cassandra-001	2018-08-17T01:05:33.064563637Z
190.005	5.44	74.7	2.98	98	15.066	38.11	1.37	38.11	cassandra-001	2018-08-17T01:05:40.076082751Z
173.905	1.12	74.7	3.68	100	13.446	38.11	5.44	38.11	cassandra-001	2018-08-17T01:05:47.083471559Z
119.262	1.11	74.7	3.69	101	11.971	38.11	1.12	38.11	cassandra-001	2018-08-17T01:05:54.090297364Z
246.395	8.01	74.7	3.69	102	20.972	38.11	1.11	38.11	cassandra-001	2018-08-17T01:06:01.098135619Z
127.674	1.2	74.7	4.8	104	11.284	38.11	8.01	38.11	cassandra-001	2018-08-17T01:06:08.104289703Z
259.232	11.08	74.7	3.04	105	21.036	38.11	1.2	38.11	cassandra-001	2018-08-17T01:06:15.113673927Z
132.057	1.85	74.7	4.66	106	13.553	38.11	11.08	38.11	cassandra-001	2018-08-17T01:06:22.120063941Z
132.282	1.03	74.7	4.06	107	11.362	38.11	1.85	38.11	cassandra-001	2018-08-17T01:06:29.126602819Z
263.162	1.27	74.7	4.05	109	24.98	38.11	1.03	38.11	cassandra-001	2018-08-17T01:06:36.136021262Z
130.844	1.2	74.7	4.07	110	9.79	38.11	1.27	38.11	cassandra-001	2018-08-17T01:06:43.147752072Z
271.707	11.42	74.7	2.94	111	25.862	38.11	1.2	38.11	cassandra-001	2018-08-17T01:06:50.157407119Z
138.217	1.08	74.7	4.64	112	11.161	38.11	11.42	38.11	cassandra-001	2018-08-17T01:06:57.167425014Z
140.476	1.13	74.7	2.98	114	12.442	38.11	1.08	38.11	cassandra-001	2018-08-17T01:07:04.176897173Z
280.926	1.11	74.71	2.86	115	24.104	38.11	1.13	38.11	cassandra-001	2018-08-17T01:07:11.187400793Z
144.448	1.16	74.71	2.87	116	12.652	38.11	1.11	38.11	cassandra-001	2018-08-17T01:07:18.194808089Z
294.558	12.79	74.71	2.85	117	28.721	38.11	1.16	38.11	cassandra-001	2018-08-17T01:07:25.204039624Z
146.524	1.13	74.71	4.78	118	12.704	38.11	12.79	38.11	cassandra-001	2018-08-17T01:07:32.214217235Z
150.14	1.19	74.7	3.07	119	15.436	38.11	1.13	38.11	cassandra-001	2018-08-17T01:07:39.220560383Z
294.78	1.09	74.71	3.09	120	28.178	38.11	1.19	38.11	cassandra-001	2018-08-17T01:07:46.227318472Z
151.615	1.17	74.71	3.08	122	17.863	38.11	1.09	38.11	cassandra-001	2018-08-17T01:07:53.237187198Z
303.444	13.62	74.71	3.09	123	33.496	38.11	1.17	38.11	cassandra-001	2018-08-17T01:08:00.2456039Z
152.606	1.13	74.71	5.17	124	17.018	38.11	13.62	38.11	cassandra-001	2018-08-17T01:08:07.255020044Z
156.778	3.14	74.71	3.22	125	17.044	38.11	1.13	38.11	cassandra-001	2018-08-17T01:08:14.264915483Z
313.407	1.14	74.71	3.56	126	33.744	38.11	3.14	38.11	cassandra-001	2018-08-17T01:08:21.273335112Z
154.234	1.33	74.71	3.55	127	14.495	38.11	1.14	38.11	cassandra-001	2018-08-17T01:08:28.280834349Z
319.76	14.26	74.71	3.59	128	31.696	38.11	1.33	38.11	cassandra-001	2018-08-17T01:08:35.288510677Z
161.415	1.16	74.71	5.77	130	17.438	38.11	14.26	38.11	cassandra-001	2018-08-17T01:08:42.300786003Z
160.904	1.21	74.71	3.69	131	17.134	38.11	1.16	38.11	cassandra-001	2018-08-17T01:08:49.307594647Z
331.175	1.12	74.72	3.71	132	33.079	38.11	1.21	38.11	cassandra-001	2018-08-17T01:08:56.318747836Z
164.619	1.1	74.72	3.37	133	15.272	38.11	1.12	38.11	cassandra-001	2018-08-17T01:09:03.328395352Z
327.395	14.94	74.72	3.36	134	26.504	38.11	1.1	38.11	cassandra-001	2018-08-17T01:09:10.336929336Z
167.97	1.25	74.72	5.63	135	15.06	38.11	14.94	38.11	cassandra-001	2018-08-17T01:09:17.345993327Z
167.965	1.12	74.72	3.46	136	16.841	38.11	1.25	38.11	cassandra-001	2018-08-17T01:09:24.35338338Z
341.94	1.12	74.72	3.46	137	36.164	38.11	1.12	38.11	cassandra-001	2018-08-17T01:09:31.361983105Z
172.873	1.12	74.72	3.44	138	16.92	38.11	1.12	38.11	cassandra-001	2018-08-17T01:09:38.372948077Z
345.719	13.41	74.72	3.44	139	32.4	38.11	1.12	38.11	cassandra-001	2018-08-17T01:09:45.38222503Z
173.16	2.03	74.72	5.49	140	13.975	38.11	13.41	38.11	cassandra-001	2018-08-17T01:09:52.391870292Z
174.163	1.2	74.72	3.34	141	19.77	38.11	2.03	38.11	cassandra-001	2018-08-17T01:09:59.399062744Z
356.631	1.25	74.72	3.33	142	36.952	38.11	1.2	38.11	cassandra-001	2018-08-17T01:10:06.406291939Z
177.644	1.22	74.72	3.36	143	18.238	38.11	1.25	38.11	cassandra-001	2018-08-17T01:10:13.414755578Z
351.518	15.51	74.72	3.37	144	37.214	38.11	1.22	38.11	cassandra-001	2018-08-17T01:10:20.424221108Z
181.643	1.1	74.73	5.77	145	19.913	38.11	15.51	38.11	cassandra-001	2018-08-17T01:10:27.43085355Z
183.254	1.16	74.73	3.72	146	19.504	38.11	1.1	38.11	cassandra-001	2018-08-17T01:10:34.437193673Z
367.75	1.19	74.73	3.57	147	41.04	38.11	1.16	38.11	cassandra-001	2018-08-17T01:10:41.446305545Z
186.05	1.1	74.73	3.57	148	19.16	38.11	1.19	38.11	cassandra-001	2018-08-17T01:10:48.455786195Z
368.914	16.37	74.73	3.55	149	38.041	38.11	1.1	38.11	cassandra-001	2018-08-17T01:10:55.463298928Z
185.194	1.4	74.73	6.07	150	16.44	38.11	16.37	38.11	cassandra-001	2018-08-17T01:11:02.471895719Z
186.157	1.2	74.73	3.72	151	15.476	38.11	1.4	38.11	cassandra-001	2018-08-17T01:11:09.479248877Z
378.998	1.14	74.73	3.74	152	36.284	38.11	1.2	38.11	cassandra-001	2018-08-17T01:11:16.488256749Z
189.129	1.18	74.73	3.73	153	19.593	38.11	1.14	38.11	cassandra-001	2018-08-17T01:11:23.497556683Z
380.843	18.6	74.73	3.73	154	38.936	38.11	1.18	38.11	cassandra-001	2018-08-17T01:11:30.505709599Z
195.325	1.12	74.73	6.65	155	23.368	38.11	18.6	38.11	cassandra-001	2018-08-17T01:11:37.517385347Z
194.769	4.04	74.73	4.11	156	22.668	38.11	1.12	38.11	cassandra-001	2018-08-17T01:11:44.526002097Z
394.56	1.15	74.74	4.55	157	38.564	38.11	4.04	38.11	cassandra-001	2018-08-17T01:11:51.532892245Z
197.932	1.12	74.74	4.54	157	18.601	38.11	1.15	38.11	cassandra-001	2018-08-17T01:11:58.540575662Z
392.692	17.62	74.74	4.54	158	36.49	38.11	1.12	38.11	cassandra-001	2018-08-17T01:12:05.547905136Z
194.999	1.14	74.74	7.28	159	16.106	38.11	17.62	38.11	cassandra-001	2018-08-17T01:12:12.555780349Z
201.066	1.33	74.74	4.37	160	19.538	38.11	1.14	38.11	cassandra-001	2018-08-17T01:12:19.562539379Z
396.042	1.06	74.75	4.4	161	37.899	38.11	1.33	38.11	cassandra-001	2018-08-17T01:12:26.570492473Z
200.583	0.99	74.74	3.9	162	18.93	38.11	1.06	38.11	cassandra-001	2018-08-17T01:12:33.576794953Z
402.826	17.11	74.74	3.88	163	38.968	38.11	0.99	38.11	cassandra-001	2018-08-17T01:12:40.585754551Z
201.732	1.13	74.75	6.54	164	18.586	38.11	17.11	38.11	cassandra-001	2018-08-17T01:12:47.592920091Z
204.556	1.09	74.74	3.79	165	18.519	38.11	1.13	38.11	cassandra-001	2018-08-17T01:12:54.598112111Z
415.597	1.14	74.75	3.79	166	38.9	38.11	1.09	38.11	cassandra-001	2018-08-17T01:13:01.603207454Z
205.834	1.13	74.75	3.75	166	24.274	38.11	1.14	38.11	cassandra-001	2018-08-17T01:13:08.613140071Z
416.595	17.34	74.75	3.77	167	47.056	38.11	1.13	38.11	cassandra-001	2018-08-17T01:13:15.619605975Z
206.771	1.85	74.75	6.49	168	15.561	38.11	17.34	38.11	cassandra-001	2018-08-17T01:13:22.626688532Z
207.356	1.21	74.75	3.95	169	17.858	38.11	1.85	38.11	cassandra-001	2018-08-17T01:13:29.63323672Z
428.205	1.22	74.76	3.96	170	44.678	38.11	1.21	38.11	cassandra-001	2018-08-17T01:13:36.639621526Z
216.694	1.22	74.75	3.98	171	21.606	38.11	1.22	38.11	cassandra-001	2018-08-17T01:13:43.646777789Z
430.644	19.88	74.75	4.0	172	40.228	38.11	1.22	38.11	cassandra-001	2018-08-17T01:13:50.66166447Z
214.461	1.16	74.76	7.12	173	20.047	38.11	19.88	38.11	cassandra-001	2018-08-17T01:13:57.668136553Z
217.268	1.1	74.76	4.42	173	21.856	38.11	1.16	38.11	cassandra-001	2018-08-17T01:14:04.675399743Z
432.791	1.15	74.76	4.3	174	37.322	38.11	1.1	38.11	cassandra-001	2018-08-17T01:14:11.683592851Z
217.829	1.13	74.84	4.29	175	18.278	38.12	1.15	38.12	cassandra-001	2018-08-17T01:14:18.691341462Z
436.593	17.63	74.84	4.27	176	44.435	38.11	1.13	38.11	cassandra-001	2018-08-17T01:14:25.69872222Z
220.58	1.18	74.84	7.01	177	18.726	38.11	17.63	38.11	cassandra-001	2018-08-17T01:14:32.710741353Z
216.466	1.15	74.84	3.89	178	17.498	38.11	1.18	38.11	cassandra-001	2018-08-17T01:14:39.71736077Z
439.255	1.08	74.84	3.89	178	38.652	38.11	1.15	38.11	cassandra-001	2018-08-17T01:14:46.726796508Z
224.808	1.1	74.84	3.89	179	24.361	38.11	1.08	38.11	cassandra-001	2018-08-17T01:14:53.736437951Z
450.896	19.33	74.84	3.88	180	45.62	38.11	1.1	38.11	cassandra-001	2018-08-17T01:15:00.745792887Z
226.12	1.06	74.85	6.91	181	24.11	38.11	19.33	38.11	cassandra-001	2018-08-17T01:15:07.752524234Z
226.999	3.49	74.84	4.15	182	22.882	38.11	1.06	38.11	cassandra-001	2018-08-17T01:15:14.762009373Z
453.686	1.06	74.84	4.54	182	47.44	38.11	3.49	38.11	cassandra-001	2018-08-17T01:15:21.768538293Z
230.337	1.17	74.85	4.52	183	23.739	38.11	1.06	38.11	cassandra-001	2018-08-17T01:15:28.775719727Z
460.31	19.42	74.85	4.54	184	47.544	38.11	1.17	38.11	cassandra-001	2018-08-17T01:15:35.783426617Z
231.303	1.05	74.85	7.59	185	21.904	38.11	19.42	38.11	cassandra-001	2018-08-17T01:15:42.793109318Z
237.284	1.18	74.85	4.54	186	26.088	38.11	1.05	38.11	cassandra-001	2018-08-17T01:15:49.800769613Z
459.936	1.21	74.85	4.56	186	34.685	38.11	1.18	38.11	cassandra-001	2018-08-17T01:15:56.808120382Z
235.055	1.32	74.85	4.18	187	25.586	38.11	1.21	38.11	cassandra-001	2018-08-17T01:16:03.815108156Z
474.458	18.95	74.85	4.23	188	50.458	38.11	1.32	38.11	cassandra-001	2018-08-17T01:16:10.822637413Z
234.223	1.12	74.86	7.19	189	20.358	38.11	18.95	38.11	cassandra-001	2018-08-17T01:16:17.830369432Z
236.299	1.06	74.86	4.14	190	28.805	38.11	1.12	38.11	cassandra-001	2018-08-17T01:16:24.837329478Z
477.315	1.27	74.86	4.14	191	52.278	38.11	1.06	38.11	cassandra-001	2018-08-17T01:16:31.843790545Z
236.871	1.22	74.86	4.16	191	23.182	38.11	1.27	38.11	cassandra-001	2018-08-17T01:16:38.851600687Z
470.391	19.59	74.86	4.16	192	39.182	38.11	1.22	38.11	cassandra-001	2018-08-17T01:16:45.858830158Z
236.637	2.34	74.86	7.2	193	16.871	38.11	19.59	38.11	cassandra-001	2018-08-17T01:16:52.867695701Z
239.624	1.15	74.86	4.43	194	19.432	38.11	2.34	38.11	cassandra-001	2018-08-17T01:16:59.874690667Z
489.832	1.1	74.87	4.44	194	43.972	38.11	1.15	38.11	cassandra-001	2018-08-17T01:17:06.884855497Z
242.806	1.14	74.86	4.44	195	19.392	38.11	1.1	38.11	cassandra-001	2018-08-17T01:17:13.891903213Z
490.157	22.64	74.87	4.42	196	51.574	38.11	1.14	38.11	cassandra-001	2018-08-17T01:17:20.902271123Z
244.713	1.22	74.87	7.99	197	26.175	38.11	22.64	38.11	cassandra-001	2018-08-17T01:17:27.909471624Z
246.713	1.21	74.87	4.93	197	24.024	38.11	1.22	38.11	cassandra-001	2018-08-17T01:17:34.920190519Z
491.884	1.05	74.87	4.74	198	44.312	38.11	1.21	38.11	cassandra-001	2018-08-17T01:17:41.928705412Z
246.649	1.11	74.87	4.73	199	22.73	38.11	1.05	38.11	cassandra-001	2018-08-17T01:17:48.936375676Z
496.456	18.94	74.88	4.73	200	46.013	38.11	1.11	38.11	cassandra-001	2018-08-17T01:17:55.943339018Z
249.795	1.42	74.87	7.7	200	21.33	38.11	18.94	38.11	cassandra-001	2018-08-17T01:18:02.957300382Z
248.165	1.12	74.88	4.16	201	20.538	38.11	1.42	38.11	cassandra-001	2018-08-17T01:18:09.964133896Z
499.844	1.13	74.88	4.14	202	50.566	38.11	1.12	38.11	cassandra-001	2018-08-17T01:18:16.973184562Z
251.259	1.18	74.88	4.13	203	28.087	38.11	1.13	38.11	cassandra-001	2018-08-17T01:18:23.981269841Z
510.808	20.03	74.88	4.15	203	57.97	38.11	1.18	38.11	cassandra-001	2018-08-17T01:18:30.989295157Z
258.466	1.25	74.88	7.3	204	30.45	38.11	20.03	38.11	cassandra-001	2018-08-17T01:18:37.997663281Z
259.809	2.68	74.88	4.36	204	31.242	38.11	1.25	38.11	cassandra-001	2018-08-17T01:18:45.006382823Z
514.659	1.06	74.88	4.57	205	58.866	38.11	2.68	38.11	cassandra-001	2018-08-17T01:18:52.013665639Z
255.694	1.19	74.89	4.56	206	30.607	38.11	1.06	38.11	cassandra-001	2018-08-17T01:18:59.02156483Z
519.333	21.8	74.89	4.57	207	59.802	38.11	1.19	38.11	cassandra-001	2018-08-17T01:19:06.02847745Z
260.807	1.16	74.89	8.0	207	29.762	38.11	21.8	38.11	cassandra-001	2018-08-17T01:19:13.035831372Z
263.695	1.19	74.89	4.86	208	28.508	38.11	1.16	38.11	cassandra-001	2018-08-17T01:19:20.044253085Z
524.874	1.11	74.89	4.85	209	51.035	38.11	1.19	38.11	cassandra-001	2018-08-17T01:19:27.055570902Z
260.544	1.18	74.89	4.59	210	23.94	38.11	1.11	38.11	cassandra-001	2018-08-17T01:19:34.063514142Z
530.103	17.51	74.89	4.61	210	53.912	38.11	1.18	38.11	cassandra-001	2018-08-17T01:19:41.06996688Z
260.669	1.05	74.9	7.33	211	19.544	38.11	17.51	38.11	cassandra-001	2018-08-17T01:19:48.076246335Z
325.035	4.7	74.9	3.87	212	27.431	38.11	1.05	38.11	cassandra-001	2018-08-17T01:19:55.083595637Z
465.653	1.0	74.9	4.46	212	41.257	38.11	4.7	38.11	cassandra-001	2018-08-17T01:20:02.090658347Z
262.218	1.14	74.9	4.43	213	22.368	38.11	1.0	38.11	cassandra-001	2018-08-17T01:20:09.097794797Z
531.951	14.75	74.91	4.43	214	45.091	38.11	1.14	38.11	cassandra-001	2018-08-17T01:20:16.103395944Z
268.167	1.78	74.9	6.69	215	24.439	38.11	14.75	38.11	cassandra-001	2018-08-17T01:20:23.109256474Z
462.858	13.01	74.91	4.07	215	40.153	38.11	1.78	38.11	cassandra-001	2018-08-17T01:20:30.117341486Z
342.849	1.15	74.91	6.06	216	33.099	38.11	13.01	38.11	cassandra-001	2018-08-17T01:20:37.126905153Z
274.281	2.96	74.91	5.47	217	25.442	38.11	1.15	38.11	cassandra-001	2018-08-17T01:20:44.135777451Z
540.255	7.49	74.91	5.8	217	60.612	38.11	2.96	38.11	cassandra-001	2018-08-17T01:20:51.143748711Z
272.447	1.11	74.91	6.86	218	24.979	38.11	7.49	38.11	cassandra-001	2018-08-17T01:20:58.151749728Z
549.39	22.21	74.92	4.58	219	61.548	38.11	1.11	38.11	cassandra-001	2018-08-17T01:21:05.158837671Z
277.694	1.09	74.91	7.99	219	29.282	38.11	22.21	38.11	cassandra-001	2018-08-17T01:21:12.165148755Z
278.537	1.21	74.92	6.0	220	28.292	38.11	1.09	38.11	cassandra-001	2018-08-17T01:21:19.174333013Z
556.681	1.15	74.92	6.01	221	53.243	38.11	1.21	38.11	cassandra-001	2018-08-17T01:21:26.183169808Z
280.311	0.97	74.92	5.71	222	27.42	38.11	1.15	38.11	cassandra-001	2018-08-17T01:21:33.189573222Z
557.751	20.53	74.92	4.62	222	56.516	38.11	0.97	38.11	cassandra-001	2018-08-17T01:21:40.199326683Z
281.088	1.1	74.92	7.86	223	26.139	38.11	20.53	38.11	cassandra-001	2018-08-17T01:21:47.20761572Z
278.569	1.07	74.92	4.34	224	30.151	38.11	1.1	38.11	cassandra-001	2018-08-17T01:21:54.216096579Z
562.623	1.16	74.92	4.34	224	59.92	38.1	1.07	38.1	cassandra-001	2018-08-17T01:22:01.223496599Z
282.55	1.18	74.92	4.33	225	27.63	38.1	1.16	38.1	cassandra-001	2018-08-17T01:22:08.231665955Z
487.082	12.54	74.92	4.34	226	49.889	38.1	1.18	38.1	cassandra-001	2018-08-17T01:22:15.240336049Z
364.054	1.13	74.92	6.26	226	35.415	38.1	12.54	38.1	cassandra-001	2018-08-17T01:22:22.249226011Z
285.055	1.08	74.93	3.03	227	33.859	38.1	1.13	38.1	cassandra-001	2018-08-17T01:22:29.257651261Z
579.392	1.1	74.93	3.03	228	63.864	38.1	1.08	38.1	cassandra-001	2018-08-17T01:22:36.265540467Z
289.72	1.27	74.93	3.03	228	29.12	38.1	1.1	38.1	cassandra-001	2018-08-17T01:22:43.274619303Z
575.686	21.96	74.93	3.05	229	57.342	38.1	1.27	38.1	cassandra-001	2018-08-17T01:22:50.283795327Z
291.845	0.96	74.93	6.51	230	29.581	38.1	21.96	38.1	cassandra-001	2018-08-17T01:22:57.291058487Z
287.07	1.08	74.93	4.58	230	29.476	38.1	0.96	38.1	cassandra-001	2018-08-17T01:23:04.299939323Z
581.831	1.21	74.93	4.58	231	54.318	38.1	1.08	38.1	cassandra-001	2018-08-17T01:23:11.309081349Z
287.767	1.31	74.94	4.6	232	24.116	38.1	1.21	38.1	cassandra-001	2018-08-17T01:23:18.316471304Z
577.059	22.87	74.94	4.63	232	48.297	38.1	1.31	38.1	cassandra-001	2018-08-17T01:23:25.325220657Z
288.003	1.2	74.94	8.23	233	25.396	38.1	22.87	38.1	cassandra-001	2018-08-17T01:23:32.33304272Z
289.779	1.12	74.94	4.77	234	22.98	38.1	1.2	38.1	cassandra-001	2018-08-17T01:23:39.341605379Z
578.592	1.12	74.94	4.8	234	48.098	38.1	1.12	38.1	cassandra-001	2018-08-17T01:23:46.349702242Z
293.164	1.99	74.94	4.81	235	25.487	38.1	1.12	38.1	cassandra-001	2018-08-17T01:23:53.356813627Z
586.575	19.49	74.95	4.94	236	50.75	38.1	1.99	38.1	cassandra-001	2018-08-17T01:24:00.364412867Z
293.132	1.16	74.95	7.97	236	26.424	38.1	19.49	38.1	cassandra-001	2018-08-17T01:24:07.373575851Z
297.432	2.88	74.95	4.35	237	26.622	38.1	1.16	38.1	cassandra-001	2018-08-17T01:24:14.384191937Z
593.022	1.25	74.95	4.63	238	59.104	38.1	2.88	38.1	cassandra-001	2018-08-17T01:24:21.392115639Z
297.997	1.12	74.95	4.65	238	30.581	38.1	1.25	38.1	cassandra-001	2018-08-17T01:24:28.400011471Z
593.27	24.76	74.96	4.65	239	53.942	38.1	1.12	38.1	cassandra-001	2018-08-17T01:24:35.407143441Z
298.918	1.23	74.96	8.44	239	27.492	38.1	24.76	38.1	cassandra-001	2018-08-17T01:24:42.416163047Z
293.581	1.17	74.96	5.4	240	23.268	38.1	1.23	38.1	cassandra-001	2018-08-17T01:24:49.422758175Z
596.835	1.45	74.96	5.4	241	59.959	38.1	1.17	38.1	cassandra-001	2018-08-17T01:24:56.43160714Z
305.411	1.14	74.97	5.16	241	31.108	38.1	1.45	38.1	cassandra-001	2018-08-17T01:25:03.442098423Z
614.916	23.37	74.97	5.15	242	68.05	38.1	1.14	38.1	cassandra-001	2018-08-17T01:25:10.454611195Z
305.267	1.26	74.97	8.85	243	27.174	38.1	23.37	38.1	cassandra-001	2018-08-17T01:25:17.464558471Z
304.936	1.19	74.97	4.94	243	33.879	38.1	1.26	38.1	cassandra-001	2018-08-17T01:25:24.472591907Z
610.491	1.08	74.97	4.93	244	60.604	38.1	1.19	38.1	cassandra-001	2018-08-17T01:25:31.480179999Z
299.837	1.22	74.97	4.92	245	30.064	38.1	1.08	38.1	cassandra-001	2018-08-17T01:25:38.490304363Z
614.238	23.72	74.97	4.88	245	58.768	38.1	1.22	38.1	cassandra-001	2018-08-17T01:25:45.502380886Z
307.73	1.46	74.97	8.64	246	28.506	38.1	23.72	38.1	cassandra-001	2018-08-17T01:25:52.514293492Z
306.941	1.12	74.98	4.99	246	26.855	38.1	1.46	38.1	cassandra-001	2018-08-17T01:25:59.52365151Z
617.483	1.24	74.98	4.97	247	60.826	38.1	1.12	38.1	cassandra-001	2018-08-17T01:26:06.531436999Z
312.124	1.09	74.98	4.97	248	30.208	38.1	1.24	38.1	cassandra-001	2018-08-17T01:26:13.53862941Z
619.581	22.71	74.99	4.98	248	69.352	38.11	1.09	38.11	cassandra-001	2018-08-17T01:26:20.546515045Z
315.71	1.28	74.99	8.56	249	35.619	38.11	22.71	38.11	cassandra-001	2018-08-17T01:26:27.556289188Z
316.591	1.15	74.98	4.82	249	32.768	38.11	1.28	38.11	cassandra-001	2018-08-17T01:26:34.567523486Z
629.276	1.28	74.99	4.77	250	60.784	38.11	1.15	38.11	cassandra-001	2018-08-17T01:26:41.575154831Z
310.277	1.05	74.99	4.79	251	26.128	38.11	1.28	38.11	cassandra-001	2018-08-17T01:26:48.583132542Z
625.641	21.5	74.99	4.76	251	63.739	38.11	1.05	38.11	cassandra-001	2018-08-17T01:26:55.590375695Z
318.928	1.58	74.99	8.16	252	31.764	38.11	21.5	38.11	cassandra-001	2018-08-17T01:27:02.599698812Z
315.841	1.22	74.99	4.64	252	29.084	38.11	1.58	38.11	cassandra-001	2018-08-17T01:27:09.606673905Z
633.253	1.26	75.0	4.63	253	65.058	38.11	1.22	38.11	cassandra-001	2018-08-17T01:27:16.613550967Z
319.72	2.64	75.0	4.65	254	30.865	38.11	1.26	38.11	cassandra-001	2018-08-17T01:27:23.623500674Z
632.303	28.91	75.0	4.87	254	58.51	38.11	2.64	38.11	cassandra-001	2018-08-17T01:27:30.630593163Z
322.296	1.13	75.0	9.52	255	30.654	38.11	28.91	38.11	cassandra-001	2018-08-17T01:27:37.637776396Z
323.842	2.32	75.0	6.12	255	32.013	38.11	1.13	38.11	cassandra-001	2018-08-17T01:27:44.644665224Z
644.64	1.05	75.01	6.25	256	59.168	38.11	2.32	38.11	cassandra-001	2018-08-17T01:27:51.653280725Z
322.491	1.16	75.01	6.22	257	27.577	38.11	1.05	38.11	cassandra-001	2018-08-17T01:27:58.665052582Z
647.559	23.65	75.01	6.2	257	63.088	38.11	1.16	38.11	cassandra-001	2018-08-17T01:28:05.673683195Z
321.396	1.39	75.01	9.7	258	29.214	38.11	23.65	38.11	cassandra-001	2018-08-17T01:28:12.683770402Z
326.052	0.92	75.01	5.12	259	34.388	38.11	1.39	38.11	cassandra-001	2018-08-17T01:28:19.692425139Z
658.468	1.23	75.02	5.08	259	74.583	38.11	0.92	38.11	cassandra-001	2018-08-17T01:28:26.699550821Z
327.038	1.13	75.01	4.9	260	37.516	38.11	1.23	38.11	cassandra-001	2018-08-17T01:28:33.708800079Z
659.562	23.03	75.02	4.91	260	74.992	38.11	1.13	38.11	cassandra-001	2018-08-17T01:28:40.72124134Z
332.658	1.21	75.02	8.56	261	38.928	38.11	23.03	38.11	cassandra-001	2018-08-17T01:28:47.733204349Z
333.077	1.17	75.02	4.82	261	36.353	38.11	1.21	38.11	cassandra-001	2018-08-17T01:28:54.739642049Z
665.68	1.24	75.02	4.78	262	77.868	38.11	1.17	38.11	cassandra-001	2018-08-17T01:29:01.746747611Z
334.745	1.12	75.02	4.84	263	39.574	38.11	1.24	38.11	cassandra-001	2018-08-17T01:29:08.758074836Z
671.769	23.97	75.03	4.82	263	75.94	38.11	1.12	38.11	cassandra-001	2018-08-17T01:29:15.768837226Z
338.424	1.42	75.03	8.62	264	38.412	38.11	23.97	38.11	cassandra-001	2018-08-17T01:29:22.778764302Z
329.864	1.24	75.03	5.02	264	38.873	38.11	1.42	38.11	cassandra-001	2018-08-17T01:29:29.787078505Z
670.082	1.25	75.03	5.03	265	78.46	38.11	1.24	38.11	cassandra-001	2018-08-17T01:29:36.795158234Z
332.464	0.98	75.03	5.04	266	31.666	38.11	1.25	38.11	cassandra-001	2018-08-17T01:29:43.807121704Z
658.898	24.7	75.03	5.0	266	70.367	38.11	0.98	38.11	cassandra-001	2018-08-17T01:29:50.815861986Z
333.103	1.15	75.04	8.93	267	34.107	38.11	24.7	38.11	cassandra-001	2018-08-17T01:29:57.826660173Z
333.248	1.14	75.04	5.12	267	33.936	38.11	1.15	38.11	cassandra-001	2018-08-17T01:30:04.837358461Z
665.857	1.13	75.04	5.08	268	59.146	38.11	1.14	38.11	cassandra-001	2018-08-17T01:30:11.844752162Z
336.039	1.24	75.05	5.06	268	31.414	38.11	1.13	38.11	cassandra-001	2018-08-17T01:30:18.853537584Z
679.428	23.13	75.05	5.06	269	63.487	38.11	1.24	38.11	cassandra-001	2018-08-17T01:30:25.859587771Z
340.522	1.12	75.04	8.75	270	30.186	38.11	23.13	38.11	cassandra-001	2018-08-17T01:30:32.866867084Z
337.78	1.19	75.05	4.82	270	28.602	38.11	1.12	38.11	cassandra-001	2018-08-17T01:30:39.873476936Z
678.568	1.05	75.05	4.83	271	60.688	38.11	1.19	38.11	cassandra-001	2018-08-17T01:30:46.882642497Z
336.313	2.43	75.05	4.81	271	37.801	38.11	1.05	38.11	cassandra-001	2018-08-17T01:30:53.891814757Z
686.84	24.14	75.06	5.03	272	68.99	38.11	2.43	38.11	cassandra-001	2018-08-17T01:31:00.898490609Z
340.841	1.12	75.06	8.84	272	33.498	38.11	24.14	38.11	cassandra-001	2018-08-17T01:31:07.906366094Z
345.874	2.8	75.05	5.18	273	34.752	38.11	1.12	38.11	cassandra-001	2018-08-17T01:31:14.915213878Z
682.57	1.27	75.07	5.46	274	71.14	38.09	2.8	38.11	cassandra-001	2018-08-17T01:31:21.924347706Z
339.89	1.29	75.07	5.47	274	29.405	38.11	1.27	38.11	cassandra-001	2018-08-17T01:31:28.936520189Z
687.143	29.77	75.07	5.51	275	62.81	38.11	1.29	38.11	cassandra-001	2018-08-17T01:31:35.944799217Z
340.01	3.39	75.07	10.07	275	35.49	38.11	29.77	38.11	cassandra-001	2018-08-17T01:31:42.953683569Z
350.136	1.15	75.07	6.61	276	43.41	38.11	3.39	38.11	cassandra-001	2018-08-17T01:31:49.960515861Z
694.362	1.18	75.07	6.61	276	82.595	38.11	1.15	38.11	cassandra-001	2018-08-17T01:31:56.970052029Z
348.114	1.1	75.08	6.34	277	37.166	38.11	1.18	38.11	cassandra-001	2018-08-17T01:32:03.980228915Z
705.812	48.13	75.08	6.31	277	79.268	38.11	1.1	38.11	cassandra-001	2018-08-17T01:32:10.989324596Z
354.812	1.17	75.08	14.12	278	40.822	38.11	48.13	38.11	cassandra-001	2018-08-17T01:32:17.996542039Z
354.947	1.14	75.08	9.35	279	42.537	38.11	1.17	38.11	cassandra-001	2018-08-17T01:32:25.003365753Z
705.039	1.25	75.08	8.98	279	80.508	38.11	1.14	38.11	cassandra-001	2018-08-17T01:32:32.011530589Z
359.406	1.21	75.09	9.0	280	43.316	38.11	1.25	38.11	cassandra-001	2018-08-17T01:32:39.019117492Z
716.401	29.5	75.09	9.0	280	79.992	38.11	1.21	38.11	cassandra-001	2018-08-17T01:32:46.031698532Z
349.112	2.06	75.09	13.73	281	36.517	38.11	29.5	38.11	cassandra-001	2018-08-17T01:32:53.041412568Z
351.005	1.06	75.09	6.06	281	39.712	38.11	2.06	38.11	cassandra-001	2018-08-17T01:33:00.048181012Z
704.672	1.15	75.09	6.04	282	77.166	38.11	1.06	38.11	cassandra-001	2018-08-17T01:33:07.055085405Z
357.229	1.79	75.09	6.04	282	41.414	38.11	1.15	38.11	cassandra-001	2018-08-17T01:33:14.062112812Z
707.698	31.3	75.1	6.13	283	71.278	38.11	1.79	38.11	cassandra-001	2018-08-17T01:33:21.069217182Z
354.051	1.25	75.1	11.14	283	41.413	38.11	31.3	38.11	cassandra-001	2018-08-17T01:33:28.076808433Z
416.164	4.04	75.1	6.44	284	51.246	38.11	1.25	38.11	cassandra-001	2018-08-17T01:33:35.083315115Z
670.669	1.16	75.1	6.77	285	78.472	38.11	4.04	38.11	cassandra-001	2018-08-17T01:33:42.093356968Z
357.362	1.18	75.1	6.78	285	39.09	38.11	1.16	38.11	cassandra-001	2018-08-17T01:33:49.100926152Z
719.704	19.92	75.11	6.79	286	80.647	38.11	1.18	38.11	cassandra-001	2018-08-17T01:33:56.107402589Z
359.242	1.67	75.11	9.81	286	37.624	38.11	19.92	38.11	cassandra-001	2018-08-17T01:34:03.114793983Z
507.6	10.61	75.11	4.87	287	49.497	38.11	1.67	38.11	cassandra-001	2018-08-17T01:34:10.120863096Z
561.92	1.3	75.11	6.43	287	62.543	38.11	10.61	38.11	cassandra-001	2018-08-17T01:34:17.126789834Z
357.348	1.14	75.11	5.97	288	37.623	38.11	1.3	38.11	cassandra-001	2018-08-17T01:34:24.133360823Z
722.938	21.37	75.12	5.97	288	74.732	38.11	1.14	38.11	cassandra-001	2018-08-17T01:34:31.140885493Z
357.49	1.15	75.12	9.34	289	30.495	38.11	21.37	38.11	cassandra-001	2018-08-17T01:34:38.15043915Z
619.49	17.24	75.12	6.21	289	57.396	38.11	1.15	38.11	cassandra-001	2018-08-17T01:34:45.158263373Z
474.335	1.09	75.12	8.8	290	42.906	38.11	17.24	38.11	cassandra-001	2018-08-17T01:34:52.168075979Z
365.032	1.1	75.13	7.22	291	38.823	38.11	1.09	38.11	cassandra-001	2018-08-17T01:34:59.175541812Z
732.58	4.96	75.13	7.18	291	69.278	38.11	1.1	38.11	cassandra-001	2018-08-17T01:35:06.183638895Z
366.785	1.32	75.13	7.82	292	34.718	38.11	4.96	38.11	cassandra-001	2018-08-17T01:35:13.190607681Z
652.373	19.39	75.14	4.48	292	60.765	38.11	1.32	38.11	cassandra-001	2018-08-17T01:35:20.19786076Z
449.574	1.21	75.14	7.52	293	44.866	38.11	19.39	38.11	cassandra-001	2018-08-17T01:35:27.204876767Z
369.054	1.19	75.14	4.85	293	36.328	38.11	1.21	38.11	cassandra-001	2018-08-17T01:35:34.214473019Z
737.658	1.75	75.14	4.86	294	70.86	38.11	1.19	38.11	cassandra-001	2018-08-17T01:35:41.223540892Z
371.393	1.23	75.14	4.97	294	40.406	38.11	1.75	38.11	cassandra-001	2018-08-17T01:35:48.232618569Z
743.774	26.04	75.14	4.35	295	70.291	38.11	1.23	38.11	cassandra-001	2018-08-17T01:35:55.239486404Z
373.721	1.14	75.14	8.47	295	37.198	38.11	26.04	38.11	cassandra-001	2018-08-17T01:36:02.246811018Z
371.985	1.11	75.14	5.43	296	37.594	38.11	1.14	38.11	cassandra-001	2018-08-17T01:36:09.254538218Z
747.735	1.22	75.15	5.41	296	78.976	38.11	1.11	38.11	cassandra-001	2018-08-17T01:36:16.262875125Z
367.533	2.08	75.14	5.42	297	31.719	38.11	1.22	38.11	cassandra-001	2018-08-17T01:36:23.269678769Z
739.51	27.18	75.15	5.47	297	67.372	38.11	2.08	38.11	cassandra-001	2018-08-17T01:36:30.276326922Z
372.513	1.17	75.15	9.8	298	31.178	38.11	27.18	38.11	cassandra-001	2018-08-17T01:36:37.28333699Z
368.989	3.73	75.15	5.65	298	34.504	38.11	1.17	38.11	cassandra-001	2018-08-17T01:36:44.292338241Z
749.588	88.91	75.23	6.08	299	71.912	38.11	3.73	38.11	cassandra-001	2018-08-17T01:36:51.299089327Z
375.792	1.35	75.24	20.72	299	37.935	38.11	88.91	38.11	cassandra-001	2018-08-17T01:36:58.305949689Z
750.679	28.13	75.24	20.74	300	81.098	38.11	1.35	38.11	cassandra-001	2018-08-17T01:37:05.317193408Z
373.786	1.04	75.24	25.08	301	34.49	38.11	28.13	38.11	cassandra-001	2018-08-17T01:37:12.323963385Z
377.625	1.18	75.24	20.72	301	36.008	38.11	1.04	38.11	cassandra-001	2018-08-17T01:37:19.330209854Z
753.98	1.15	75.25	20.72	302	73.77	38.11	1.18	38.11	cassandra-001	2018-08-17T01:37:26.337370826Z
379.242	1.15	75.24	20.29	302	36.892	38.11	1.15	38.11	cassandra-001	2018-08-17T01:37:33.347467436Z
762.262	28.4	75.25	5.67	303	76.278	38.11	1.15	38.11	cassandra-001	2018-08-17T01:37:40.354561054Z
383.982	1.13	75.25	10.18	303	37.208	38.11	28.4	38.11	cassandra-001	2018-08-17T01:37:47.367040343Z
378.347	1.09	75.24	5.68	304	30.119	38.11	1.13	38.11	cassandra-001	2018-08-17T01:37:54.374326514Z
758.562	1.12	75.25	5.68	304	65.796	38.11	1.09	38.11	cassandra-001	2018-08-17T01:38:01.384014418Z
383.424	1.2	75.25	5.67	305	37.234	38.11	1.12	38.11	cassandra-001	2018-08-17T01:38:08.390549916Z
766.669	25.3	75.25	5.68	305	77.2	38.11	1.2	38.11	cassandra-001	2018-08-17T01:38:15.39879148Z
381.281	1.11	75.25	9.71	306	34.224	38.11	25.3	38.11	cassandra-001	2018-08-17T01:38:22.405497426Z
384.873	1.12	75.26	5.16	306	38.355	38.11	1.11	38.11	cassandra-001	2018-08-17T01:38:29.413254118Z
757.18	1.17	75.26	5.16	306	74.124	38.11	1.12	38.11	cassandra-001	2018-08-17T01:38:36.421698265Z
380.324	1.35	75.26	5.17	306	36.006	38.11	1.17	38.11	cassandra-001	2018-08-17T01:38:43.429851273Z
763.654	31.25	75.26	5.21	306	71.22	38.11	1.35	38.11	cassandra-001	2018-08-17T01:38:50.43783432Z
376.251	1.17	75.26	10.22	306	32.415	38.11	31.25	38.11	cassandra-001	2018-08-17T01:38:57.44482461Z
384.145	1.21	75.26	6.2	306	32.046	38.11	1.17	38.11	cassandra-001	2018-08-17T01:39:04.45283051Z
750.918	1.21	75.27	6.21	306	63.696	38.11	1.21	38.11	cassandra-001	2018-08-17T01:39:11.463328167Z
384.801	1.12	75.27	6.23	306	37.062	38.11	1.21	38.11	cassandra-001	2018-08-17T01:39:18.472953217Z
769.293	27.61	75.27	6.22	306	81.687	38.11	1.12	38.11	cassandra-001	2018-08-17T01:39:25.482783562Z
387.274	1.21	75.28	10.6	306	38.646	38.11	27.61	38.11	cassandra-001	2018-08-17T01:39:32.491766606Z
383.733	1.13	75.27	5.59	306	38.91	38.11	1.21	38.11	cassandra-001	2018-08-17T01:39:39.499921469Z
768.878	1.09	75.28	5.58	306	77.16	38.11	1.13	38.11	cassandra-001	2018-08-17T01:39:46.510582397Z
