net_receive	container_cpu%	memory%	host_moving_avg_cpu	sensor_count	net_send	memory_active_anon%	host_cpu	memory_rss%	name	timestamp
404295.789	2.66	74.55	nan	2	308082.396	38.11	0	38.11	cassandra-001	2018-08-16T23:49:30.27271847Z
6.172	1.15	74.55	nan	7	0.816	38.11	2.66	38.11	cassandra-001	2018-08-16T23:49:37.28029322Z
9.878	3.36	74.55	nan	11	1.092	38.11	1.15	38.11	cassandra-001	2018-08-16T23:49:44.289952473Z
31.821	1.2	74.55	nan	15	4.437	38.11	3.36	38.11	cassandra-001	2018-08-16T23:49:51.29930678Z
22.278	0.91	74.55	nan	19	2.976	38.11	1.2	38.11	cassandra-001	2018-08-16T23:49:58.306293319Z
50.782	5.32	74.56	1.55	22	5.316	38.11	0.91	38.11	cassandra-001	2018-08-16T23:50:05.312889274Z
28.469	1.25	74.55	2.43	25	2.96	38.11	5.32	38.11	cassandra-001	2018-08-16T23:50:12.319413551Z
34.305	2.06	74.56	2.2	28	4.437	38.11	1.25	38.11	cassandra-001	2018-08-16T23:50:19.330475675Z
73.362	1.2	74.56	2.35	31	7.434	38.11	2.06	38.11	cassandra-001	2018-08-16T23:50:26.338733295Z
40.188	1.22	74.56	1.99	34	3.366	38.11	1.2	38.11	cassandra-001	2018-08-16T23:50:33.348869898Z
88.587	6.51	74.55	1.99	37	9.462	38.11	1.22	38.11	cassandra-001	2018-08-16T23:50:40.356561649Z
46.039	1.17	74.56	2.93	39	4.05	38.11	6.51	38.11	cassandra-001	2018-08-16T23:50:47.363521072Z
49.65	1.19	74.55	2.23	41	5.171	38.11	1.17	38.11	cassandra-001	2018-08-16T23:50:54.371788098Z
105.87	1.11	74.56	2.22	44	10.618	38.11	1.19	38.11	cassandra-001	2018-08-16T23:51:01.378323919Z
55.428	1.23	74.56	2.07	46	4.47	38.11	1.11	38.11	cassandra-001	2018-08-16T23:51:08.385057915Z
112.453	10.01	74.56	2.07	48	10.06	38.11	1.23	38.11	cassandra-001	2018-08-16T23:51:15.393325841Z
60.196	1.34	74.56	3.54	50	4.639	38.11	10.01	38.11	cassandra-001	2018-08-16T23:51:22.402236769Z
63.207	1.06	74.56	2.67	52	5.946	38.11	1.34	38.11	cassandra-001	2018-08-16T23:51:29.412494677Z
134.419	1.08	74.56	2.66	54	14.068	38.11	1.06	38.11	cassandra-001	2018-08-16T23:51:36.423793623Z
68.178	1.17	74.56	2.64	56	7.528	38.11	1.08	38.11	cassandra-001	2018-08-16T23:51:43.431671304Z
144.046	8.09	74.56	2.65	58	15.107	38.11	1.17	38.11	cassandra-001	2018-08-16T23:51:50.439485911Z
72.764	1.07	74.56	3.79	60	7.566	38.11	8.09	38.11	cassandra-001	2018-08-16T23:51:57.449120888Z
78.295	1.14	74.56	2.3	62	10.298	38.11	1.07	38.11	cassandra-001	2018-08-16T23:52:04.456524339Z
154.284	1.16	74.56	2.27	64	16.106	38.11	1.14	38.11	cassandra-001	2018-08-16T23:52:11.465047198Z
80.723	1.13	74.56	2.28	66	7.168	38.11	1.16	38.11	cassandra-001	2018-08-16T23:52:18.472778054Z
165.979	12.38	74.56	2.29	67	16.261	38.11	1.13	38.11	cassandra-001	2018-08-16T23:52:25.483497484Z
86.67	1.42	74.56	4.16	69	10.77	38.11	12.38	38.11	cassandra-001	2018-08-16T23:52:32.492928828Z
86.062	1.24	74.56	3.05	71	7.1	38.11	1.42	38.11	cassandra-001	2018-08-16T23:52:39.502539025Z
177.764	1.12	74.56	3.08	72	16.456	38.11	1.24	38.11	cassandra-001	2018-08-16T23:52:46.51061745Z
92.537	1.05	74.56	3.08	74	9.421	38.11	1.12	38.11	cassandra-001	2018-08-16T23:52:53.518687907Z
187.23	10.89	74.57	3.06	75	20.492	38.11	1.05	38.11	cassandra-001	2018-08-16T23:53:00.52612131Z
92.606	1.06	74.57	4.68	77	8.998	38.11	10.89	38.11	cassandra-001	2018-08-16T23:53:07.532665066Z
98.571	2.84	74.56	2.8	78	11.598	38.11	1.06	38.11	cassandra-001	2018-08-16T23:53:14.539225958Z
195.076	1.13	74.57	3.03	80	19.617	38.11	2.84	38.11	cassandra-001	2018-08-16T23:53:21.547392006Z
97.613	1.11	74.57	3.02	81	7.386	38.11	1.13	38.11	cassandra-001	2018-08-16T23:53:28.556895033Z
205.561	10.97	74.57	3.01	83	18.48	38.11	1.11	38.11	cassandra-001	2018-08-16T23:53:35.566346599Z
105.507	1.04	74.57	4.67	84	11.094	38.11	10.97	38.11	cassandra-001	2018-08-16T23:53:42.574268333Z
105.235	1.92	74.57	3.03	86	8.387	38.11	1.04	38.11	cassandra-001	2018-08-16T23:53:49.581905975Z
215.153	1.18	74.57	3.17	87	17.764	38.11	1.92	38.11	cassandra-001	2018-08-16T23:53:56.588746391Z
107.073	1.08	74.57	2.89	89	8.69	38.11	1.18	38.11	cassandra-001	2018-08-16T23:54:03.599122423Z
217.285	11.08	74.57	2.88	90	17.392	38.11	1.08	38.11	cassandra-001	2018-08-16T23:54:10.60759742Z
114.446	1.07	74.57	4.55	91	11.54	38.11	11.08	38.11	cassandra-001	2018-08-16T23:54:17.615682843Z
112.582	1.26	74.57	2.9	93	12.793	38.11	1.07	38.11	cassandra-001	2018-08-16T23:54:24.624302034Z
234.368	1.18	74.57	2.93	94	26.246	38.11	1.26	38.11	cassandra-001	2018-08-16T23:54:31.632443165Z
118.666	1.1	74.57	2.81	95	10.852	38.11	1.18	38.11	cassandra-001	2018-08-16T23:54:38.639310059Z
243.123	10.11	74.57	2.8	97	24.158	38.11	1.1	38.11	cassandra-001	2018-08-16T23:54:45.645269402Z
122.625	1.17	74.57	4.3	98	11.563	38.11	10.11	38.11	cassandra-001	2018-08-16T23:54:52.654736992Z
121.094	1.08	74.57	2.65	99	12.21	38.11	1.17	38.11	cassandra-001	2018-08-16T23:54:59.664303354Z
248.89	1.16	74.58	2.65	101	22.782	38.11	1.08	38.11	cassandra-001	2018-08-16T23:55:06.672128445Z
127.611	1.1	74.58	2.63	102	12.222	38.11	1.16	38.11	cassandra-001	2018-08-16T23:55:13.681366041Z
252.131	13.51	74.58	2.62	103	24.957	38.11	1.1	38.11	cassandra-001	2018-08-16T23:55:20.691387608Z
128.372	1.08	74.58	4.69	104	11.508	38.11	13.51	38.11	cassandra-001	2018-08-16T23:55:27.698676219Z
131.859	1.14	74.58	3.18	106	15.006	38.11	1.08	38.11	cassandra-001	2018-08-16T23:55:34.705650562Z
264.886	1.09	74.58	3.18	107	25.998	38.11	1.14	38.11	cassandra-001	2018-08-16T23:55:41.713209146Z
133.339	1.12	74.58	3.18	108	13.566	38.11	1.09	38.11	cassandra-001	2018-08-16T23:55:48.723355372Z
271.798	11.89	74.58	3.17	110	29.097	38.11	1.12	38.11	cassandra-001	2018-08-16T23:55:55.730467358Z
136.337	1.12	74.58	4.97	111	12.522	38.11	11.89	38.11	cassandra-001	2018-08-16T23:56:02.737375259Z
139.611	1.13	74.58	2.91	112	14.99	38.1	1.12	38.1	cassandra-001	2018-08-16T23:56:09.744168668Z
282.429	1.3	74.58	2.92	113	30.19	38.1	1.13	38.1	cassandra-001	2018-08-16T23:56:16.753768618Z
144.162	1.2	74.58	2.94	114	15.543	38.1	1.3	38.1	cassandra-001	2018-08-16T23:56:23.760792324Z
285.83	13.47	74.58	2.96	116	26.598	38.1	1.2	38.1	cassandra-001	2018-08-16T23:56:30.768268738Z
143.542	1.11	74.58	5.02	117	14.196	38.1	13.47	38.1	cassandra-001	2018-08-16T23:56:37.775135436Z
146.581	2.81	74.58	3.22	118	13.166	38.1	1.11	38.1	cassandra-001	2018-08-16T23:56:44.783527896Z
296.182	1.38	74.58	3.5	119	30.053	38.1	2.81	38.1	cassandra-001	2018-08-16T23:56:51.790608902Z
148.821	1.07	74.58	3.54	120	12.822	38.1	1.38	38.1	cassandra-001	2018-08-16T23:56:58.800544434Z
300.489	12.49	74.58	3.51	122	24.93	38.1	1.07	38.1	cassandra-001	2018-08-16T23:57:05.807900108Z
150.683	1.24	74.58	5.39	123	15.738	38.1	12.49	38.1	cassandra-001	2018-08-16T23:57:12.815249998Z
153.324	2.23	74.58	3.35	124	12.767	38.1	1.24	38.1	cassandra-001	2018-08-16T23:57:19.821994058Z
313.369	1.16	74.59	3.54	125	29.508	38.1	2.23	38.1	cassandra-001	2018-08-16T23:57:26.829753788Z
156.864	1.24	74.58	3.26	126	14.232	38.1	1.16	38.1	cassandra-001	2018-08-16T23:57:33.838453113Z
313.364	20.34	74.59	3.24	127	31.42	38.1	1.24	38.1	cassandra-001	2018-08-16T23:57:40.84624177Z
158.58	1.21	74.59	6.45	128	14.35	38.1	20.34	38.1	cassandra-001	2018-08-16T23:57:47.853538637Z
160.058	1.16	74.59	4.57	129	15.339	38.1	1.21	38.1	cassandra-001	2018-08-16T23:57:54.861791753Z
315.595	1.44	74.59	4.56	130	27.576	38.1	1.16	38.1	cassandra-001	2018-08-16T23:58:01.870057841Z
164.839	1.13	74.59	4.43	131	15.748	38.1	1.44	38.1	cassandra-001	2018-08-16T23:58:08.876902938Z
326.275	14.08	74.59	4.42	132	31.376	38.1	1.13	38.1	cassandra-001	2018-08-16T23:58:15.884120048Z
169.491	1.19	74.59	6.56	134	18.373	38.1	14.08	38.1	cassandra-001	2018-08-16T23:58:22.896248699Z
171.364	1.22	74.59	3.37	135	19.588	38.1	1.19	38.1	cassandra-001	2018-08-16T23:58:29.906390117Z
338.173	1.2	74.59	3.37	136	28.958	38.1	1.22	38.1	cassandra-001	2018-08-16T23:58:36.914229947Z
173.867	2.57	74.59	3.38	137	18.346	38.1	1.2	38.1	cassandra-001	2018-08-16T23:58:43.922050925Z
344.368	14.55	74.6	3.56	138	30.883	38.1	2.57	38.1	cassandra-001	2018-08-16T23:58:50.93062327Z
170.891	0.99	74.6	5.8	139	18.53	38.1	14.55	38.1	cassandra-001	2018-08-16T23:58:57.936903363Z
171.196	1.22	74.6	3.62	140	17.21	38.1	0.99	38.1	cassandra-001	2018-08-16T23:59:04.949301677Z
353.401	1.14	74.6	3.62	141	39.25	38.1	1.22	38.1	cassandra-001	2018-08-16T23:59:11.957350552Z
174.326	1.14	74.6	3.61	142	18.212	38.1	1.14	38.1	cassandra-001	2018-08-16T23:59:18.964536975Z
357.658	14.98	74.6	3.6	143	40.119	38.1	1.14	38.1	cassandra-001	2018-08-16T23:59:25.971316822Z
180.395	1.12	74.6	5.67	144	20.574	38.1	14.98	38.1	cassandra-001	2018-08-16T23:59:32.979636117Z
176.989	1.28	74.6	3.43	145	14.858	38.1	1.12	38.1	cassandra-001	2018-08-16T23:59:39.988892059Z
363.409	1.13	74.6	3.48	146	39.84	38.1	1.28	38.1	cassandra-001	2018-08-16T23:59:46.99782565Z
183.576	1.3	74.6	3.47	147	19.239	38.1	1.13	38.1	cassandra-001	2018-08-16T23:59:54.007726981Z
370.24	15.09	74.61	3.49	148	39.944	38.1	1.3	38.1	cassandra-001	2018-08-17T00:00:01.017588578Z
184.688	1.07	74.61	5.82	149	21.337	38.1	15.09	38.1	cassandra-001	2018-08-17T00:00:08.024872465Z
187.606	1.21	74.6	3.5	150	20.506	38.1	1.07	38.1	cassandra-001	2018-08-17T00:00:15.032833844Z
376.931	1.42	74.61	3.51	150	39.809	38.1	1.21	38.1	cassandra-001	2018-08-17T00:00:22.040247211Z
187.635	1.04	74.61	3.54	151	15.278	38.1	1.42	38.1	cassandra-001	2018-08-17T00:00:29.046448961Z
380.962	14.56	74.61	3.52	152	32.878	38.1	1.04	38.1	cassandra-001	2018-08-17T00:00:36.054359736Z
191.573	1.39	74.61	5.73	153	18.788	38.1	14.56	38.1	cassandra-001	2018-08-17T00:00:43.063476167Z
189.404	2.21	74.61	3.45	154	16.319	38.1	1.39	38.1	cassandra-001	2018-08-17T00:00:50.073291496Z
383.507	1.16	74.61	3.64	155	33.364	38.1	2.21	38.1	cassandra-001	2018-08-17T00:00:57.081415047Z
192.735	0.96	74.61	3.63	156	16.002	38.1	1.16	38.1	cassandra-001	2018-08-17T00:01:04.090118636Z
388.425	8.09	74.61	3.55	157	34.59	38.1	0.96	38.1	cassandra-001	2018-08-17T00:01:11.096012092Z
194.245	1.2	74.61	4.73	158	14.8	38.1	8.09	38.1	cassandra-001	2018-08-17T00:01:18.102568483Z
386.821	12.48	74.61	2.5	159	42.012	38.1	1.2	38.1	cassandra-001	2018-08-17T00:01:25.109996365Z
210.851	1.15	74.62	4.35	160	18.397	38.1	12.48	38.1	cassandra-001	2018-08-17T00:01:32.115622553Z
204.391	1.11	74.62	4.17	161	21.808	38.1	1.15	38.1	cassandra-001	2018-08-17T00:01:39.122686945Z
402.487	2.17	74.62	4.17	162	38.718	38.1	1.11	38.1	cassandra-001	2018-08-17T00:01:46.13292719Z
203.784	1.2	74.62	4.37	163	21.305	38.1	2.17	38.1	cassandra-001	2018-08-17T00:01:53.140871596Z
407.329	15.8	74.62	3.22	164	41.898	38.1	1.2	38.1	cassandra-001	2018-08-17T00:02:00.150136295Z
203.015	1.14	74.62	5.65	164	18.48	38.1	15.8	38.1	cassandra-001	2018-08-17T00:02:07.15768207Z
207.975	3.54	74.62	3.76	165	18.546	38.1	1.14	38.1	cassandra-001	2018-08-17T00:02:14.164585937Z
411.024	1.07	74.63	4.16	166	40.113	38.1	3.54	38.1	cassandra-001	2018-08-17T00:02:21.171313756Z
207.245	1.12	74.63	4.15	167	22.624	38.1	1.07	38.1	cassandra-001	2018-08-17T00:02:28.180129538Z
422.891	16.35	74.63	3.98	168	41.934	38.1	1.12	38.1	cassandra-001	2018-08-17T00:02:35.186272254Z
212.25	1.25	74.63	6.5	169	20.96	38.1	16.35	38.1	cassandra-001	2018-08-17T00:02:42.192672466Z
210.988	1.95	74.63	4.08	170	20.497	38.1	1.25	38.1	cassandra-001	2018-08-17T00:02:49.199394547Z
418.201	1.15	74.63	4.21	170	41.8	38.1	1.95	38.1	cassandra-001	2018-08-17T00:02:56.207879764Z
213.122	1.12	74.63	3.81	171	21.87	38.1	1.15	38.1	cassandra-001	2018-08-17T00:03:03.215298834Z
434.184	17.01	74.63	3.82	172	41.838	38.1	1.12	38.1	cassandra-001	2018-08-17T00:03:10.222625018Z
216.443	1.18	74.63	6.47	173	22.846	38.1	17.01	38.1	cassandra-001	2018-08-17T00:03:17.229822738Z
216.582	1.19	74.64	3.94	174	20.601	38.1	1.18	38.1	cassandra-001	2018-08-17T00:03:24.240677314Z
430.391	1.18	74.64	3.93	175	35.342	38.1	1.19	38.1	cassandra-001	2018-08-17T00:03:31.249148824Z
215.364	1.32	74.64	3.8	175	19.096	38.1	1.18	38.1	cassandra-001	2018-08-17T00:03:38.257036389Z
435.915	17.19	74.64	3.83	176	44.752	38.1	1.32	38.1	cassandra-001	2018-08-17T00:03:45.265556897Z
222.65	1.23	74.64	6.51	177	24.573	38.1	17.19	38.1	cassandra-001	2018-08-17T00:03:52.2764134Z
223.676	1.19	74.64	3.88	178	21.656	38.1	1.23	38.1	cassandra-001	2018-08-17T00:03:59.282941874Z
451.328	1.18	74.65	3.88	179	49.304	38.1	1.19	38.1	cassandra-001	2018-08-17T00:04:06.292818042Z
224.863	1.19	74.64	3.88	180	21.906	38.1	1.18	38.1	cassandra-001	2018-08-17T00:04:13.303934683Z
456.061	19.33	74.65	3.88	180	51.269	38.1	1.19	38.1	cassandra-001	2018-08-17T00:04:20.311629833Z
224.925	1.15	74.65	6.88	181	22.328	38.1	19.33	38.1	cassandra-001	2018-08-17T00:04:27.318369223Z
227.946	1.1	74.65	4.21	182	25.35	38.1	1.15	38.1	cassandra-001	2018-08-17T00:04:34.327216302Z
461.247	1.2	74.65	4.19	183	50.726	38.1	1.1	38.1	cassandra-001	2018-08-17T00:04:41.334671823Z
227.854	1.15	74.65	4.19	184	23.198	38.1	1.2	38.1	cassandra-001	2018-08-17T00:04:48.341004014Z
456.693	19.23	74.65	4.19	184	47.385	38.1	1.15	38.1	cassandra-001	2018-08-17T00:04:55.34853502Z
230.238	4.88	74.66	7.19	185	23.884	38.1	19.23	38.1	cassandra-001	2018-08-17T00:05:02.356278006Z
234.436	1.1	74.66	4.78	186	25.428	38.1	4.88	38.1	cassandra-001	2018-08-17T00:05:09.364355376Z
466.813	1.22	74.66	4.78	187	44.11	38.1	1.1	38.1	cassandra-001	2018-08-17T00:05:16.374083777Z
233.658	1.24	74.66	4.8	188	21.427	38.1	1.22	38.1	cassandra-001	2018-08-17T00:05:23.38306321Z
470.736	16.35	74.66	4.8	188	45.244	38.1	1.24	38.1	cassandra-001	2018-08-17T00:05:30.391146108Z
235.76	1.19	74.66	7.34	189	23.592	38.1	16.35	38.1	cassandra-001	2018-08-17T00:05:37.399860168Z
237.537	3.99	74.66	4.33	190	27.182	38.1	1.19	38.1	cassandra-001	2018-08-17T00:05:44.407452118Z
477.999	1.08	74.67	4.18	191	53.267	38.1	3.99	38.1	cassandra-001	2018-08-17T00:05:51.414784822Z
241.466	1.2	74.67	4.18	192	26.574	38.1	1.08	38.1	cassandra-001	2018-08-17T00:05:58.42421939Z
480.227	17.99	74.67	4.18	192	53.438	38.1	1.2	38.1	cassandra-001	2018-08-17T00:06:05.431141388Z
244.68	1.39	74.67	6.97	193	25.28	38.1	17.99	38.1	cassandra-001	2018-08-17T00:06:12.438089037Z
245.124	2.06	74.68	4.47	194	25.477	38.1	1.39	38.1	cassandra-001	2018-08-17T00:06:19.447106824Z
492.05	1.21	74.68	4.62	195	47.562	38.1	2.06	38.1	cassandra-001	2018-08-17T00:06:26.45686625Z
246.004	1.26	74.68	4.15	195	23.18	38.1	1.21	38.1	cassandra-001	2018-08-17T00:06:33.467590049Z
494.073	19.42	74.68	4.18	196	47.244	38.1	1.26	38.1	cassandra-001	2018-08-17T00:06:40.478717032Z
247.719	1.23	74.68	7.22	197	24.526	38.1	19.42	38.1	cassandra-001	2018-08-17T00:06:47.487248494Z
242.965	1.32	74.68	4.43	198	25.317	38.1	1.23	38.1	cassandra-001	2018-08-17T00:06:54.495978538Z
497.124	1.18	74.68	4.42	198	50.846	38.1	1.32	38.1	cassandra-001	2018-08-17T00:07:01.503649898Z
250.059	1.18	74.68	4.27	199	24.116	38.1	1.18	38.1	cassandra-001	2018-08-17T00:07:08.51182038Z
499.256	19.27	74.69	4.26	200	46.436	38.1	1.18	38.1	cassandra-001	2018-08-17T00:07:15.519030535Z
248.204	1.16	74.69	7.27	201	24.273	38.1	19.27	38.1	cassandra-001	2018-08-17T00:07:22.52975209Z
245.959	1.02	74.69	4.22	201	19.772	38.1	1.16	38.1	cassandra-001	2018-08-17T00:07:29.537099747Z
502.509	1.26	74.69	4.19	202	48.216	38.1	1.02	38.1	cassandra-001	2018-08-17T00:07:36.548927234Z
252.422	1.23	74.69	4.18	203	20.92	38.1	1.26	38.1	cassandra-001	2018-08-17T00:07:43.558784737Z
507.911	20.63	74.69	4.19	204	46.089	38.1	1.23	38.1	cassandra-001	2018-08-17T00:07:50.567454995Z
254.886	1.24	74.69	7.43	204	24.074	38.1	20.63	38.1	cassandra-001	2018-08-17T00:07:57.576566061Z
252.006	1.19	74.69	4.42	205	23.546	38.1	1.24	38.1	cassandra-001	2018-08-17T00:08:04.585348664Z
513.36	1.13	74.7	4.43	206	52.49	38.1	1.19	38.1	cassandra-001	2018-08-17T00:08:11.592659792Z
261.647	1.0	74.7	4.45	207	27.756	38.1	1.13	38.1	cassandra-001	2018-08-17T00:08:18.598834989Z
526.145	22.85	74.7	4.4	207	54.336	38.1	1.0	38.1	cassandra-001	2018-08-17T00:08:25.605604264Z
263.162	1.13	74.7	8.01	208	28.31	38.1	22.85	38.1	cassandra-001	2018-08-17T00:08:32.613136314Z
261.154	1.17	74.7	4.76	209	24.706	38.1	1.13	38.1	cassandra-001	2018-08-17T00:08:39.6214857Z
527.785	1.25	74.7	4.74	210	53.596	38.1	1.17	38.1	cassandra-001	2018-08-17T00:08:46.629525393Z
260.733	1.43	74.7	4.75	210	25.827	38.1	1.25	38.1	cassandra-001	2018-08-17T00:08:53.636142679Z
527.808	19.91	74.71	4.8	211	52.618	38.1	1.43	38.1	cassandra-001	2018-08-17T00:09:00.642708703Z
266.245	1.18	74.71	7.96	212	26.83	38.1	19.91	38.1	cassandra-001	2018-08-17T00:09:07.650823076Z
268.219	3.06	74.71	4.34	212	28.044	38.1	1.18	38.1	cassandra-001	2018-08-17T00:09:14.661848405Z
531.524	1.04	74.71	4.67	213	54.767	38.1	3.06	38.1	cassandra-001	2018-08-17T00:09:21.671239241Z
265.917	1.31	74.71	4.64	214	30.842	38.1	1.04	38.1	cassandra-001	2018-08-17T00:09:28.680936378Z
537.581	22.51	74.72	4.65	215	59.426	38.1	1.31	38.1	cassandra-001	2018-08-17T00:09:35.692912437Z
265.688	1.14	74.72	8.17	215	23.568	38.1	22.51	38.1	cassandra-001	2018-08-17T00:09:42.70114215Z
271.424	2.03	74.72	5.04	216	27.237	38.1	1.14	38.1	cassandra-001	2018-08-17T00:09:49.708973475Z
542.3	1.24	74.72	5.18	217	47.848	38.1	2.03	38.1	cassandra-001	2018-08-17T00:09:56.716380235Z
270.769	1.35	74.72	4.88	217	24.557	38.1	1.24	38.1	cassandra-001	2018-08-17T00:10:03.723143117Z
550.153	21.14	74.72	4.93	218	54.46	38.1	1.35	38.1	cassandra-001	2018-08-17T00:10:10.732488121Z
272.825	1.27	74.73	8.24	219	23.58	38.1	21.14	38.1	cassandra-001	2018-08-17T00:10:17.740547457Z
273.57	1.12	74.72	4.69	219	25.097	38.1	1.27	38.1	cassandra-001	2018-08-17T00:10:24.750262761Z
544.534	1.17	74.73	4.69	220	39.978	38.1	1.12	38.1	cassandra-001	2018-08-17T00:10:31.756357651Z
270.229	1.11	74.73	4.55	221	19.738	38.1	1.17	38.1	cassandra-001	2018-08-17T00:10:38.764973055Z
556.337	18.73	74.73	4.53	221	52.662	38.1	1.11	38.1	cassandra-001	2018-08-17T00:10:45.772420512Z
279.566	1.09	74.73	7.42	222	25.677	38.1	18.73	38.1	cassandra-001	2018-08-17T00:10:52.784277639Z
278.436	1.09	74.73	4.08	223	23.882	38.1	1.09	38.1	cassandra-001	2018-08-17T00:10:59.791094124Z
551.528	1.19	74.74	4.05	224	55.974	38.1	1.09	38.1	cassandra-001	2018-08-17T00:11:06.798232101Z
280.493	1.12	74.74	4.06	224	28.792	38.1	1.19	38.1	cassandra-001	2018-08-17T00:11:13.805466302Z
561.797	19.69	74.74	4.06	225	58.071	38.1	1.12	38.1	cassandra-001	2018-08-17T00:11:20.814317947Z
281.18	1.1	74.74	7.15	226	34.388	38.1	19.69	38.1	cassandra-001	2018-08-17T00:11:27.821117201Z
282.984	1.15	74.74	4.21	226	32.738	38.1	1.1	38.1	cassandra-001	2018-08-17T00:11:34.829997209Z
577.599	1.23	74.74	4.22	227	61.832	38.1	1.15	38.1	cassandra-001	2018-08-17T00:11:41.838334689Z
290.142	1.18	74.75	4.25	228	32.658	38.1	1.23	38.1	cassandra-001	2018-08-17T00:11:48.849938948Z
579.007	21.29	74.75	4.25	228	59.375	38.1	1.18	38.1	cassandra-001	2018-08-17T00:11:55.857246597Z
292.862	1.17	74.75	7.61	229	33.806	38.1	21.29	38.1	cassandra-001	2018-08-17T00:12:02.865617674Z
292.48	1.03	74.75	4.52	230	31.324	38.1	1.17	38.1	cassandra-001	2018-08-17T00:12:09.872057736Z
581.602	1.32	74.75	4.51	230	70.0	38.1	1.03	38.1	cassandra-001	2018-08-17T00:12:16.882030611Z
289.593	1.2	74.75	4.54	231	34.161	38.1	1.32	38.1	cassandra-001	2018-08-17T00:12:23.889515782Z
581.559	23.05	74.75	4.53	232	71.332	38.1	1.2	38.1	cassandra-001	2018-08-17T00:12:30.907097461Z
293.475	1.05	74.76	8.18	232	34.702	38.1	23.05	38.1	cassandra-001	2018-08-17T00:12:37.913910041Z
296.763	2.15	74.75	4.8	233	33.778	38.1	1.05	38.1	cassandra-001	2018-08-17T00:12:44.92010702Z
583.372	1.09	74.76	4.97	234	59.635	38.1	2.15	38.1	cassandra-001	2018-08-17T00:12:51.927745126Z
289.617	1.11	74.76	4.98	234	31.692	38.1	1.09	38.1	cassandra-001	2018-08-17T00:12:58.934745898Z
586.51	23.2	74.76	4.94	235	57.628	38.1	1.11	38.1	cassandra-001	2018-08-17T00:13:05.941004035Z
294.537	1.13	74.76	8.61	235	26.002	38.1	23.2	38.1	cassandra-001	2018-08-17T00:13:12.950872117Z
297.942	2.05	74.85	4.96	236	31.981	38.09	1.13	38.11	cassandra-001	2018-08-17T00:13:19.957799507Z
606.686	1.21	74.85	5.12	237	73.506	38.11	2.05	38.11	cassandra-001	2018-08-17T00:13:26.96594083Z
298.254	1.28	74.85	4.97	237	28.628	38.11	1.21	38.11	cassandra-001	2018-08-17T00:13:33.973259231Z
600.737	23.98	74.85	5.0	238	57.81	38.11	1.28	38.11	cassandra-001	2018-08-17T00:13:40.981168644Z
299.633	1.19	74.85	8.81	239	28.654	38.11	23.98	38.11	cassandra-001	2018-08-17T00:13:47.991842135Z
299.808	1.16	74.85	5.14	239	28.165	38.11	1.19	38.11	cassandra-001	2018-08-17T00:13:54.998894248Z
602.781	1.4	74.85	5.15	240	61.254	38.11	1.16	38.11	cassandra-001	2018-08-17T00:14:02.007995798Z
301.756	1.2	74.86	5.04	241	30.62	38.11	1.4	38.11	cassandra-001	2018-08-17T00:14:09.014892764Z
604.989	22.59	74.86	5.04	241	58.23	38.11	1.2	38.11	cassandra-001	2018-08-17T00:14:16.022091097Z
307.313	1.18	74.86	8.59	242	31.081	38.11	22.59	38.11	cassandra-001	2018-08-17T00:14:23.029996Z
303.56	1.2	74.86	4.79	242	27.966	38.11	1.18	38.11	cassandra-001	2018-08-17T00:14:30.038464888Z
612.27	1.31	74.86	4.79	243	64.776	38.11	1.2	38.11	cassandra-001	2018-08-17T00:14:37.046913795Z
306.121	3.68	74.86	4.81	244	30.698	38.11	1.31	38.11	cassandra-001	2018-08-17T00:14:44.054922506Z
615.66	20.72	74.86	5.19	244	59.019	38.11	3.68	38.11	cassandra-001	2018-08-17T00:14:51.063434118Z
296.56	1.09	74.86	8.45	245	35.608	38.11	20.72	38.11	cassandra-001	2018-08-17T00:14:58.070398889Z
309.541	1.16	74.86	4.86	246	29.826	38.11	1.09	38.11	cassandra-001	2018-08-17T00:15:05.082243111Z
618.52	1.24	74.87	4.86	246	67.268	38.11	1.16	38.11	cassandra-001	2018-08-17T00:15:12.091056156Z
313.673	1.22	74.87	4.87	247	32.228	38.11	1.24	38.11	cassandra-001	2018-08-17T00:15:19.09809389Z
620.851	16.24	74.88	4.85	247	55.149	38.11	1.22	38.11	cassandra-001	2018-08-17T00:15:26.105474235Z
308.442	1.24	74.87	6.95	248	27.238	38.11	16.24	38.11	cassandra-001	2018-08-17T00:15:33.111934737Z
410.599	7.21	74.88	3.7	249	33.886	38.11	1.24	38.11	cassandra-001	2018-08-17T00:15:40.118026067Z
517.001	1.14	74.88	4.72	249	44.764	38.11	7.21	38.11	cassandra-001	2018-08-17T00:15:47.126376729Z
308.351	1.3	74.88	4.72	250	29.309	38.11	1.14	38.11	cassandra-001	2018-08-17T00:15:54.133350013Z
617.041	16.05	74.88	4.73	250	54.434	38.11	1.3	38.11	cassandra-001	2018-08-17T00:16:01.141464039Z
310.384	0.93	74.88	7.2	251	29.89	38.11	16.05	38.11	cassandra-001	2018-08-17T00:16:08.147871638Z
598.383	20.13	74.88	4.65	252	69.794	38.1	0.93	38.1	cassandra-001	2018-08-17T00:16:15.155856568Z
339.271	1.11	74.88	7.79	252	43.581	38.1	20.13	38.1	cassandra-001	2018-08-17T00:16:22.163845477Z
321.63	1.19	74.88	6.78	253	38.654	38.1	1.11	38.1	cassandra-001	2018-08-17T00:16:29.169516252Z
637.308	4.4	74.89	6.79	253	63.539	38.1	1.19	38.1	cassandra-001	2018-08-17T00:16:36.177782857Z
310.378	1.2	74.89	7.3	254	27.394	38.1	4.4	38.1	cassandra-001	2018-08-17T00:16:43.186981427Z
638.903	22.74	74.89	4.83	255	72.105	38.1	1.2	38.1	cassandra-001	2018-08-17T00:16:50.195764157Z
313.48	1.13	74.89	8.46	255	34.442	38.1	22.74	38.1	cassandra-001	2018-08-17T00:16:57.202786196Z
322.431	1.14	74.89	5.3	256	36.224	38.1	1.13	38.1	cassandra-001	2018-08-17T00:17:04.212302683Z
636.465	1.12	74.89	5.3	257	49.994	38.1	1.14	38.1	cassandra-001	2018-08-17T00:17:11.219890819Z
323.014	1.06	74.9	5.29	257	29.452	38.1	1.12	38.1	cassandra-001	2018-08-17T00:17:18.227538138Z
636.221	24.86	74.9	4.73	258	53.055	38.1	1.06	38.1	cassandra-001	2018-08-17T00:17:25.234917984Z
320.265	1.12	74.9	8.68	258	32.804	38.1	24.86	38.1	cassandra-001	2018-08-17T00:17:32.244980058Z
317.655	1.11	74.9	5.07	259	30.098	38.1	1.12	38.1	cassandra-001	2018-08-17T00:17:39.252603077Z
645.582	1.29	74.9	5.07	259	62.558	38.1	1.11	38.1	cassandra-001	2018-08-17T00:17:46.259181727Z
324.479	1.13	74.9	5.09	260	37.489	38.1	1.29	38.1	cassandra-001	2018-08-17T00:17:53.267251221Z
649.865	24.56	74.91	5.1	261	69.474	38.1	1.13	38.1	cassandra-001	2018-08-17T00:18:00.274900294Z
325.538	1.09	74.91	9.01	261	31.496	38.08	24.56	38.11	cassandra-001	2018-08-17T00:18:07.28221888Z
329.971	3.53	74.91	5.05	262	32.486	38.1	1.09	38.1	cassandra-001	2018-08-17T00:18:14.290287892Z
661.289	1.03	74.91	5.45	262	69.168	38.1	3.53	38.1	cassandra-001	2018-08-17T00:18:21.297237652Z
329.452	1.22	74.91	5.44	263	37.99	38.1	1.03	38.1	cassandra-001	2018-08-17T00:18:28.304374839Z
664.562	24.56	74.91	5.43	264	72.534	38.1	1.22	38.1	cassandra-001	2018-08-17T00:18:35.313677779Z
329.519	1.24	74.92	9.33	264	29.198	38.1	24.56	38.1	cassandra-001	2018-08-17T00:18:42.320024367Z
336.335	1.13	74.92	5.45	265	36.062	38.1	1.24	38.1	cassandra-001	2018-08-17T00:18:49.326891135Z
666.441	1.14	74.92	5.45	265	79.581	38.1	1.13	38.1	cassandra-001	2018-08-17T00:18:56.333994594Z
341.248	1.17	74.92	5.05	266	37.144	38.1	1.14	38.1	cassandra-001	2018-08-17T00:19:03.343053629Z
671.079	24.51	74.92	5.08	266	68.73	38.1	1.17	38.1	cassandra-001	2018-08-17T00:19:10.358728604Z
331.296	1.49	74.93	8.96	267	31.494	38.09	24.51	38.11	cassandra-001	2018-08-17T00:19:17.372979844Z
336.427	1.23	74.93	5.11	268	33.473	38.11	1.49	38.11	cassandra-001	2018-08-17T00:19:24.379710109Z
669.493	1.23	74.93	5.11	268	69.204	38.11	1.23	38.11	cassandra-001	2018-08-17T00:19:31.38725874Z
341.557	1.13	74.94	5.13	269	33.262	38.11	1.23	38.11	cassandra-001	2018-08-17T00:19:38.395409095Z
670.469	25.67	74.94	5.13	269	67.276	38.11	1.13	38.11	cassandra-001	2018-08-17T00:19:45.402341145Z
340.318	1.14	74.94	9.21	270	34.581	38.11	25.67	38.11	cassandra-001	2018-08-17T00:19:52.411294635Z
334.217	1.14	74.94	5.32	270	34.7	38.11	1.14	38.11	cassandra-001	2018-08-17T00:19:59.422523766Z
677.475	1.14	74.94	5.26	271	65.532	38.11	1.14	38.11	cassandra-001	2018-08-17T00:20:06.430184066Z
339.252	1.19	74.95	5.24	272	30.964	38.11	1.14	38.11	cassandra-001	2018-08-17T00:20:13.43849044Z
672.124	25.69	74.94	5.24	272	49.717	38.1	1.19	38.1	cassandra-001	2018-08-17T00:20:20.445675099Z
340.094	1.28	74.94	9.33	273	27.756	38.1	25.69	38.1	cassandra-001	2018-08-17T00:20:27.458281289Z
337.109	1.23	74.94	5.26	273	31.082	38.1	1.28	38.1	cassandra-001	2018-08-17T00:20:34.466382645Z
689.29	1.21	74.95	5.28	274	64.672	38.1	1.23	38.1	cassandra-001	2018-08-17T00:20:41.474733523Z
344.976	1.05	74.95	5.29	274	33.55	38.1	1.21	38.1	cassandra-001	2018-08-17T00:20:48.482356054Z
691.252	24.4	74.95	5.28	275	66.281	38.1	1.05	38.1	cassandra-001	2018-08-17T00:20:55.490851177Z
349.668	1.39	74.96	9.14	276	35.688	38.1	24.4	38.1	cassandra-001	2018-08-17T00:21:02.498713176Z
345.17	1.09	74.96	5.09	276	40.77	38.1	1.39	38.1	cassandra-001	2018-08-17T00:21:09.506834714Z
689.641	1.11	74.96	5.06	277	70.042	38.1	1.09	38.1	cassandra-001	2018-08-17T00:21:16.513695203Z
343.252	1.15	74.96	5.04	277	36.809	38.1	1.11	38.1	cassandra-001	2018-08-17T00:21:23.522064771Z
692.214	27.66	74.96	5.03	278	77.552	38.1	1.15	38.1	cassandra-001	2018-08-17T00:21:30.528246015Z
350.123	1.2	74.96	9.47	278	33.588	38.1	27.66	38.1	cassandra-001	2018-08-17T00:21:37.537350504Z
350.185	2.44	74.96	5.6	279	31.74	38.1	1.2	38.1	cassandra-001	2018-08-17T00:21:44.544510471Z
700.782	1.11	74.97	5.78	279	66.911	38.1	2.44	38.1	cassandra-001	2018-08-17T00:21:51.552630233Z
351.292	1.17	74.97	5.78	280	31.04	38.1	1.11	38.1	cassandra-001	2018-08-17T00:21:58.560595008Z
707.708	26.55	74.97	5.79	280	72.362	38.1	1.17	38.1	cassandra-001	2018-08-17T00:22:05.568737368Z
346.221	1.2	74.98	10.02	281	32.742	38.11	26.55	38.11	cassandra-001	2018-08-17T00:22:12.580256857Z
349.822	1.23	74.98	5.61	282	27.0	38.11	1.2	38.11	cassandra-001	2018-08-17T00:22:19.587830836Z
704.434	1.18	74.98	5.62	282	75.581	38.11	1.23	38.11	cassandra-001	2018-08-17T00:22:26.594190237Z
357.082	1.14	74.98	5.41	283	35.738	38.11	1.18	38.11	cassandra-001	2018-08-17T00:22:33.60033637Z
713.234	27.08	74.98	5.41	283	70.644	38.11	1.14	38.11	cassandra-001	2018-08-17T00:22:40.606468779Z
358.848	1.21	74.99	9.73	284	36.16	38.11	27.08	38.11	cassandra-001	2018-08-17T00:22:47.615275214Z
358.916	1.27	74.98	5.51	284	35.433	38.11	1.21	38.11	cassandra-001	2018-08-17T00:22:54.62182771Z
721.279	1.11	74.99	5.52	285	71.25	38.11	1.27	38.11	cassandra-001	2018-08-17T00:23:01.629303717Z
358.876	0.95	74.99	5.5	285	34.232	38.11	1.11	38.11	cassandra-001	2018-08-17T00:23:08.637777833Z
722.216	25.85	74.99	5.46	286	72.952	38.11	0.95	38.11	cassandra-001	2018-08-17T00:23:15.643927771Z
359.754	1.12	74.99	9.58	286	32.977	38.11	25.85	38.11	cassandra-001	2018-08-17T00:23:22.651901417Z
364.914	1.09	75.0	5.25	287	41.122	38.11	1.12	38.11	cassandra-001	2018-08-17T00:23:29.660927414Z
723.668	1.18	75.0	5.23	288	68.396	38.11	1.09	38.11	cassandra-001	2018-08-17T00:23:36.669185753Z
359.791	1.08	75.0	5.22	288	31.71	38.11	1.18	38.11	cassandra-001	2018-08-17T00:23:43.676719196Z
715.69	27.22	75.0	5.21	289	77.437	38.11	1.08	38.11	cassandra-001	2018-08-17T00:23:50.683758495Z
362.669	1.25	75.0	9.59	289	38.164	38.11	27.22	38.11	cassandra-001	2018-08-17T00:23:57.69233676Z
364.584	1.16	75.0	5.49	290	32.158	38.1	1.25	38.1	cassandra-001	2018-08-17T00:24:04.702944387Z
728.376	1.13	75.0	5.5	290	69.754	38.1	1.16	38.1	cassandra-001	2018-08-17T00:24:11.712466996Z
362.608	1.03	75.01	5.5	291	29.808	38.1	1.13	38.1	cassandra-001	2018-08-17T00:24:18.720324263Z
719.227	28.87	75.01	5.48	291	60.341	38.1	1.03	38.1	cassandra-001	2018-08-17T00:24:25.72733552Z
359.503	1.1	75.01	10.11	292	31.88	38.1	28.87	38.1	cassandra-001	2018-08-17T00:24:32.734427334Z
363.559	1.01	75.01	5.76	292	31.022	38.1	1.1	38.1	cassandra-001	2018-08-17T00:24:39.741987279Z
733.133	1.12	75.01	5.72	293	69.422	38.1	1.01	38.1	cassandra-001	2018-08-17T00:24:46.751240339Z
362.598	1.1	75.01	5.71	293	38.967	38.1	1.12	38.1	cassandra-001	2018-08-17T00:24:53.760621321Z
733.185	24.57	75.02	5.7	294	81.024	38.1	1.1	38.1	cassandra-001	2018-08-17T00:25:00.770535081Z
369.64	1.14	75.02	9.63	294	42.65	38.1	24.57	38.1	cassandra-001	2018-08-17T00:25:07.783815809Z
371.901	4.38	75.02	5.01	295	35.588	38.1	1.14	38.1	cassandra-001	2018-08-17T00:25:14.793656671Z
745.258	1.24	75.03	5.55	295	77.801	38.1	4.38	38.1	cassandra-001	2018-08-17T00:25:21.803044992Z
369.272	1.21	75.03	5.59	296	38.848	38.1	1.24	38.1	cassandra-001	2018-08-17T00:25:28.813514856Z
747.611	23.76	75.03	5.61	297	74.448	38.1	1.21	38.1	cassandra-001	2018-08-17T00:25:35.820657708Z
377.597	1.03	75.03	9.38	297	41.184	38.1	23.76	38.1	cassandra-001	2018-08-17T00:25:42.828294935Z
373.622	1.1	75.04	5.46	298	35.864	38.1	1.03	38.1	cassandra-001	2018-08-17T00:25:49.835461504Z
753.286	1.15	75.04	5.45	298	84.267	38.1	1.1	38.1	cassandra-001	2018-08-17T00:25:56.842856417Z
376.355	1.07	75.04	4.92	299	41.962	38.1	1.15	38.1	cassandra-001	2018-08-17T00:26:03.850310891Z
747.105	29.88	75.04	4.89	299	83.158	38.1	1.07	38.1	cassandra-001	2018-08-17T00:26:10.857578702Z
376.236	1.13	75.04	9.67	300	36.246	38.1	29.88	38.1	cassandra-001	2018-08-17T00:26:17.866979375Z
375.768	1.16	75.05	5.89	300	40.245	38.1	1.13	38.1	cassandra-001	2018-08-17T00:26:24.874328319Z
755.598	1.22	75.05	5.91	301	79.804	38.1	1.16	38.1	cassandra-001	2018-08-17T00:26:31.883693921Z
382.068	0.86	75.05	5.93	301	39.044	38.1	1.22	38.1	cassandra-001	2018-08-17T00:26:38.8909262Z
764.051	28.45	75.05	5.89	302	89.162	38.1	0.86	38.1	cassandra-001	2018-08-17T00:26:45.899524005Z
387.665	1.11	75.05	10.45	302	47.293	38.1	28.45	38.1	cassandra-001	2018-08-17T00:26:52.908629571Z
387.496	1.18	75.05	5.65	303	47.148	38.1	1.11	38.1	cassandra-001	2018-08-17T00:26:59.921796293Z
780.182	1.14	75.06	5.66	303	93.596	38.1	1.18	38.1	cassandra-001	2018-08-17T00:27:06.928979114Z
390.164	1.04	75.06	5.66	304	47.768	38.1	1.14	38.1	cassandra-001	2018-08-17T00:27:13.938680975Z
769.277	29.44	75.06	5.63	304	82.005	38.1	1.04	38.1	cassandra-001	2018-08-17T00:27:20.948786994Z
376.94	1.09	75.06	10.39	305	39.544	38.1	29.44	38.1	cassandra-001	2018-08-17T00:27:27.9577792Z
383.944	1.23	75.06	5.83	305	42.118	38.1	1.09	38.1	cassandra-001	2018-08-17T00:27:34.96737611Z
774.607	1.13	75.07	5.85	306	80.196	38.11	1.23	38.11	cassandra-001	2018-08-17T00:27:41.974274092Z
385.021	1.15	75.07	5.84	306	36.072	38.11	1.13	38.11	cassandra-001	2018-08-17T00:27:48.981138696Z
763.363	28.6	75.07	5.85	306	65.451	38.11	1.15	38.11	cassandra-001	2018-08-17T00:27:55.988298554Z
382.2	1.19	75.08	10.44	306	31.452	38.11	28.6	38.11	cassandra-001	2018-08-17T00:28:02.995534985Z
378.783	1.27	75.07	5.73	306	33.102	38.11	1.19	38.11	cassandra-001	2018-08-17T00:28:10.006385567Z
763.586	1.21	75.08	5.76	306	75.708	38.11	1.27	38.11	cassandra-001	2018-08-17T00:28:17.016732966Z
382.674	1.14	75.08	5.76	306	42.909	38.11	1.21	38.11	cassandra-001	2018-08-17T00:28:24.028497548Z
774.363	28.81	75.08	5.76	306	89.106	38.11	1.14	38.11	cassandra-001	2018-08-17T00:28:31.036354421Z
388.916	1.22	75.08	10.37	306	42.078	38.11	28.81	38.11	cassandra-001	2018-08-17T00:28:38.04333998Z
387.651	1.24	75.09	5.81	306	41.022	38.11	1.22	38.11	cassandra-001	2018-08-17T00:28:45.050745844Z
771.891	1.19	75.09	5.82	306	86.175	38.11	1.24	38.11	cassandra-001	2018-08-17T00:28:52.059743605Z
387.73	1.13	75.09	5.8	306	42.936	38.11	1.19	38.11	cassandra-001	2018-08-17T00:28:59.067691404Z
770.878	26.87	75.09	5.79	306	71.418	38.11	1.13	38.11	cassandra-001	2018-08-17T00:29:06.075622066Z
