net_receive	container_cpu%	memory%	host_moving_avg_cpu	sensor_count	net_send	memory_active_anon%	host_cpu	memory_rss%	name	timestamp
7826247.398	4.86	33.19	nan	3	8615184.501	15.93	0	15.93	kafka-001	2018-08-16T23:49:30.62645818Z
43.675	3.59	33.19	nan	7	45.153	15.93	4.86	15.93	kafka-001	2018-08-16T23:49:37.638597659Z
64.751	4.99	33.19	nan	12	56.855	15.93	3.59	15.93	kafka-001	2018-08-16T23:49:44.650151685Z
88.266	5.78	33.19	nan	16	101.135	15.93	4.99	15.93	kafka-001	2018-08-16T23:49:51.66234614Z
94.511	7.31	33.19	nan	19	81.316	15.93	5.78	15.93	kafka-001	2018-08-16T23:49:58.681517514Z
118.806	8.61	33.19	4.42	22	143.602	15.93	7.31	15.93	kafka-001	2018-08-16T23:50:05.692807099Z
126.423	8.05	33.19	5.86	26	109.804	15.93	8.61	15.93	kafka-001	2018-08-16T23:50:12.708109532Z
138.673	8.3	33.19	6.39	29	116.451	15.93	8.05	15.93	kafka-001	2018-08-16T23:50:19.722819021Z
149.234	8.88	33.2	7.17	32	179.917	15.93	8.3	15.93	kafka-001	2018-08-16T23:50:26.736012743Z
163.619	10.83	33.2	7.82	34	143.221	15.93	8.88	15.93	kafka-001	2018-08-16T23:50:33.748112843Z
177.228	11.74	33.2	8.66	37	212.861	15.93	10.83	15.93	kafka-001	2018-08-16T23:50:40.760633056Z
181.599	10.95	33.2	9.4	39	156.346	15.93	11.74	15.93	kafka-001	2018-08-16T23:50:47.771324818Z
190.891	11.63	33.2	9.79	42	162.61	15.93	10.95	15.93	kafka-001	2018-08-16T23:50:54.784267552Z
190.064	11.35	33.2	10.39	44	240.457	15.93	11.63	15.93	kafka-001	2018-08-16T23:51:01.795960477Z
210.789	13.62	33.2	10.9	46	183.696	15.93	11.35	15.93	kafka-001	2018-08-16T23:51:08.807830656Z
218.276	13.52	33.2	11.69	48	266.395	15.93	13.62	15.93	kafka-001	2018-08-16T23:51:15.820277672Z
222.915	14.17	33.2	12.13	51	193.631	15.93	13.52	15.93	kafka-001	2018-08-16T23:51:22.835257859Z
237.533	12.73	33.21	12.54	53	203.733	15.93	14.17	15.93	kafka-001	2018-08-16T23:51:29.847142701Z
246.232	15.08	33.21	12.84	55	302.636	15.93	12.73	15.93	kafka-001	2018-08-16T23:51:36.859230837Z
243.691	16.2	33.21	13.41	56	210.089	15.93	15.08	15.93	kafka-001	2018-08-16T23:51:43.870211809Z
262.486	15.9	33.21	14.22	58	325.506	15.93	16.2	15.93	kafka-001	2018-08-16T23:51:50.882522478Z
257.155	14.5	33.21	14.6	60	218.068	15.93	15.9	15.93	kafka-001	2018-08-16T23:51:57.895457354Z
275.713	16.33	33.22	14.76	62	231.49	15.93	14.5	15.93	kafka-001	2018-08-16T23:52:04.907590892Z
292.228	14.11	33.22	15.12	64	348.828	15.93	16.33	15.93	kafka-001	2018-08-16T23:52:11.920473561Z
294.025	18.23	33.22	15.35	66	244.882	15.93	14.11	15.93	kafka-001	2018-08-16T23:52:18.931223103Z
303.214	18.41	33.22	15.88	68	369.902	15.93	18.23	15.93	kafka-001	2018-08-16T23:52:25.942646071Z
308.125	18.1	33.22	16.25	69	253.199	15.93	18.41	15.93	kafka-001	2018-08-16T23:52:32.953233113Z
316.943	16.56	33.22	16.61	71	263.988	15.93	18.1	15.93	kafka-001	2018-08-16T23:52:39.964267749Z
325.562	18.44	33.23	16.96	73	395.57	15.93	16.56	15.93	kafka-001	2018-08-16T23:52:46.97691027Z
323.619	20.17	33.23	17.31	74	271.838	15.93	18.44	15.93	kafka-001	2018-08-16T23:52:53.989078191Z
338.908	21.43	33.23	18.32	76	410.684	15.93	20.17	15.93	kafka-001	2018-08-16T23:53:00.999269356Z
333.715	18.98	33.23	18.85	77	274.418	15.93	21.43	15.93	kafka-001	2018-08-16T23:53:08.008562038Z
347.196	21.15	33.24	18.95	79	290.222	15.93	18.98	15.93	kafka-001	2018-08-16T23:53:15.019218824Z
350.467	25.37	33.24	19.46	80	432.108	15.93	21.15	15.93	kafka-001	2018-08-16T23:53:22.031897477Z
353.225	21.97	33.24	20.92	82	287.916	15.93	25.37	15.93	kafka-001	2018-08-16T23:53:29.043696902Z
367.074	19.15	33.24	21.51	83	447.982	15.93	21.97	15.93	kafka-001	2018-08-16T23:53:36.05424392Z
371.223	21.48	33.25	21.34	85	308.288	15.93	19.15	15.93	kafka-001	2018-08-16T23:53:43.066617642Z
380.962	22.4	33.25	21.35	86	466.384	15.93	21.48	15.93	kafka-001	2018-08-16T23:53:50.078331688Z
384.199	21.89	33.25	21.92	88	321.692	15.93	22.4	15.93	kafka-001	2018-08-16T23:53:57.091525466Z
384.097	22.02	33.25	22.04	89	318.058	15.93	21.89	15.93	kafka-001	2018-08-16T23:54:04.102876748Z
395.776	22.43	33.26	21.49	90	485.266	15.93	22.02	15.93	kafka-001	2018-08-16T23:54:11.114947926Z
392.845	21.89	33.26	21.56	92	328.133	15.93	22.43	15.93	kafka-001	2018-08-16T23:54:18.126556554Z
407.644	30.3	33.26	22.02	93	497.706	15.93	21.89	15.93	kafka-001	2018-08-16T23:54:25.139019343Z
399.681	23.45	33.26	23.49	94	336.65	15.93	30.3	15.93	kafka-001	2018-08-16T23:54:32.151628944Z
415.867	23.18	33.27	23.66	96	341.822	15.93	23.45	15.93	kafka-001	2018-08-16T23:54:39.164966717Z
423.908	24.58	33.27	23.88	97	525.174	15.93	23.18	15.93	kafka-001	2018-08-16T23:54:46.176211512Z
424.763	24.74	33.27	24.31	98	354.364	15.93	24.58	15.93	kafka-001	2018-08-16T23:54:53.191022279Z
432.803	25.94	33.27	24.69	100	529.902	15.93	24.74	15.93	kafka-001	2018-08-16T23:55:00.200934179Z
436.05	25.78	33.28	25.36	101	363.195	15.93	25.94	15.93	kafka-001	2018-08-16T23:55:07.212002546Z
430.671	23.92	33.28	24.61	102	364.334	15.93	25.78	15.93	kafka-001	2018-08-16T23:55:14.226533602Z
448.668	25.37	33.28	24.69	104	547.184	15.93	23.92	15.93	kafka-001	2018-08-16T23:55:21.236918397Z
445.861	25.06	33.29	25.05	105	373.094	15.93	25.37	15.93	kafka-001	2018-08-16T23:55:28.249557205Z
457.732	27.96	33.29	25.14	106	563.824	15.93	25.06	15.93	kafka-001	2018-08-16T23:55:35.262598418Z
462.273	25.61	33.29	25.67	107	383.082	15.93	27.96	15.93	kafka-001	2018-08-16T23:55:42.27720483Z
469.33	27.11	33.3	25.62	109	385.646	15.93	25.61	15.93	kafka-001	2018-08-16T23:55:49.288755327Z
471.441	23.8	33.3	25.84	110	581.288	15.93	27.11	15.93	kafka-001	2018-08-16T23:55:56.299461552Z
474.861	29.33	33.3	25.82	111	394.95	15.93	23.8	15.93	kafka-001	2018-08-16T23:56:03.312555245Z
489.238	27.72	33.31	26.48	112	596.331	15.93	29.33	15.93	kafka-001	2018-08-16T23:56:10.322873065Z
487.813	28.91	33.31	26.92	114	399.314	15.93	27.72	15.93	kafka-001	2018-08-16T23:56:17.335086412Z
499.321	27.51	33.31	27.08	115	409.19	15.93	28.91	15.93	kafka-001	2018-08-16T23:56:24.345606398Z
495.56	26.7	33.32	27.4	116	616.323	15.93	27.51	15.93	kafka-001	2018-08-16T23:56:31.358358393Z
499.555	27.61	33.32	27.33	117	404.246	15.93	26.7	15.93	kafka-001	2018-08-16T23:56:38.370911756Z
510.472	29.43	33.32	27.96	118	633.866	15.93	27.61	15.93	kafka-001	2018-08-16T23:56:45.381913924Z
514.631	27.94	33.33	27.98	120	420.733	15.93	29.43	15.93	kafka-001	2018-08-16T23:56:52.392426304Z
518.025	29.48	33.33	28.02	121	426.644	15.93	27.94	15.93	kafka-001	2018-08-16T23:56:59.402701231Z
526.393	28.32	33.33	28.11	122	647.52	15.93	29.48	15.93	kafka-001	2018-08-16T23:57:06.41160582Z
517.33	31.12	33.34	28.25	123	420.29	15.93	28.32	15.93	kafka-001	2018-08-16T23:57:13.424665652Z
537.524	32.31	33.34	28.98	124	662.665	15.93	31.12	15.93	kafka-001	2018-08-16T23:57:20.434982712Z
533.405	31.98	33.34	29.77	125	440.401	15.93	32.31	15.93	kafka-001	2018-08-16T23:57:27.445982244Z
541.937	35.45	33.35	30.19	126	443.873	15.93	31.98	15.93	kafka-001	2018-08-16T23:57:34.456971466Z
547.93	30.38	33.35	31.44	127	667.839	15.93	35.45	15.93	kafka-001	2018-08-16T23:57:41.470474123Z
551.079	32.71	33.36	31.59	128	447.141	15.93	30.38	15.93	kafka-001	2018-08-16T23:57:48.488483764Z
555.364	33.29	33.36	32.33	130	676.47	15.93	32.71	15.93	kafka-001	2018-08-16T23:57:55.5006003Z
561.181	31.15	33.36	32.69	131	449.551	15.93	33.29	15.93	kafka-001	2018-08-16T23:58:02.511871096Z
567.203	33.31	33.37	32.49	132	461.378	15.93	31.15	15.93	kafka-001	2018-08-16T23:58:09.523119603Z
572.973	32.3	33.37	32.72	133	693.206	15.93	33.31	15.93	kafka-001	2018-08-16T23:58:16.535760496Z
568.497	33.08	33.37	32.19	134	462.963	15.93	32.3	15.93	kafka-001	2018-08-16T23:58:23.552583331Z
580.953	33.68	33.38	32.64	135	710.169	15.93	33.08	15.93	kafka-001	2018-08-16T23:58:30.562866346Z
580.573	33.66	33.38	32.8	136	474.453	15.93	33.68	15.93	kafka-001	2018-08-16T23:58:37.573934091Z
590.221	34.35	33.39	32.86	137	480.032	15.93	33.66	15.93	kafka-001	2018-08-16T23:58:44.584080363Z
586.488	32.02	33.39	33.4	138	721.61	15.93	34.35	15.93	kafka-001	2018-08-16T23:58:51.594925241Z
598.089	34.26	33.39	33.18	139	485.816	15.93	32.02	15.93	kafka-001	2018-08-16T23:58:58.606783323Z
596.734	34.81	33.4	33.51	140	728.738	15.93	34.26	15.93	kafka-001	2018-08-16T23:59:05.618533195Z
596.279	33.67	33.4	33.8	141	492.839	15.93	34.81	15.93	kafka-001	2018-08-16T23:59:12.62968414Z
602.597	32.73	33.4	33.8	142	488.352	15.93	33.67	15.93	kafka-001	2018-08-16T23:59:19.643120094Z
602.875	33.14	33.41	33.64	143	746.154	15.93	32.73	15.93	kafka-001	2018-08-16T23:59:26.651095224Z
612.614	36.06	33.42	33.44	144	502.146	15.93	33.14	15.93	kafka-001	2018-08-16T23:59:33.662125929Z
616.258	35.33	33.42	34.11	145	756.783	15.93	36.06	15.93	kafka-001	2018-08-16T23:59:40.674617042Z
611.313	34.3	33.42	34.29	146	503.897	15.93	35.33	15.93	kafka-001	2018-08-16T23:59:47.686012116Z
624.791	34.87	33.43	34.21	147	511.753	15.93	34.3	15.93	kafka-001	2018-08-16T23:59:54.697769421Z
627.093	34.99	33.43	34.4	148	774.03	15.93	34.87	15.93	kafka-001	2018-08-17T00:00:01.707959899Z
623.646	36.91	33.44	34.78	149	506.832	15.93	34.99	15.93	kafka-001	2018-08-17T00:00:08.716476595Z
641.104	37.27	33.44	35.41	150	783.34	15.93	36.91	15.93	kafka-001	2018-08-17T00:00:15.726768996Z
641.685	37.55	33.45	35.61	151	525.938	15.93	37.27	15.93	kafka-001	2018-08-17T00:00:22.736699787Z
645.233	33.22	33.45	35.98	152	523.085	15.93	37.55	15.93	kafka-001	2018-08-17T00:00:29.746841629Z
653.294	38.11	33.45	35.8	153	797.318	15.93	33.22	15.93	kafka-001	2018-08-17T00:00:36.757244666Z
653.532	34.42	33.46	36.34	154	535.151	15.93	38.11	15.93	kafka-001	2018-08-17T00:00:43.770520511Z
654.922	36.87	33.46	36.25	155	803.267	15.93	34.42	15.93	kafka-001	2018-08-17T00:00:50.782808291Z
656.693	36.03	33.47	36.24	156	538.118	15.93	36.87	15.93	kafka-001	2018-08-17T00:00:57.802575954Z
662.366	37.11	33.47	36.03	157	543.506	15.93	36.03	15.93	kafka-001	2018-08-17T00:01:04.815545084Z
655.37	36.72	33.47	35.96	157	811.101	15.93	37.11	15.93	kafka-001	2018-08-17T00:01:11.826969373Z
668.869	39.33	33.48	36.54	158	547.927	15.93	36.72	15.93	kafka-001	2018-08-17T00:01:18.839100013Z
681.352	37.17	33.49	36.75	159	835.652	15.93	39.33	15.93	kafka-001	2018-08-17T00:01:25.850818703Z
671.441	38.63	33.49	37.21	160	555.05	15.93	37.17	15.93	kafka-001	2018-08-17T00:01:32.862367585Z
678.015	36.09	33.5	37.5	161	559.708	15.93	38.63	15.93	kafka-001	2018-08-17T00:01:39.874428606Z
688.62	39.76	33.5	37.51	162	853.449	15.93	36.09	15.93	kafka-001	2018-08-17T00:01:46.886940293Z
689.479	36.45	33.5	37.95	163	562.974	15.93	39.76	15.93	kafka-001	2018-08-17T00:01:53.900504023Z
694.528	39.66	33.51	37.91	164	855.463	15.93	36.45	15.93	kafka-001	2018-08-17T00:02:00.918536988Z
692.095	37.9	33.51	37.96	165	564.401	15.93	39.66	15.93	kafka-001	2018-08-17T00:02:07.931617414Z
694.923	39.52	33.52	38.08	166	570.536	15.93	37.9	15.93	kafka-001	2018-08-17T00:02:14.943191409Z
708.888	40.4	33.52	38.23	166	859.365	15.93	39.52	15.93	kafka-001	2018-08-17T00:02:21.954454006Z
707.217	42.16	33.53	38.95	167	577.194	15.93	40.4	15.93	kafka-001	2018-08-17T00:02:28.965234238Z
720.702	37.83	33.53	39.35	168	877.294	15.93	42.16	15.93	kafka-001	2018-08-17T00:02:35.977589143Z
710.763	40.66	33.54	39.58	169	584.354	15.93	37.83	15.93	kafka-001	2018-08-17T00:02:42.992339994Z
717.952	39.54	33.54	39.74	170	586.417	15.93	40.66	15.93	kafka-001	2018-08-17T00:02:50.004565925Z
706.543	40.78	33.55	40.02	171	874.084	15.93	39.54	15.93	kafka-001	2018-08-17T00:02:57.016876527Z
724.795	41.69	33.55	40.23	172	585.15	15.93	40.78	15.93	kafka-001	2018-08-17T00:03:04.02905295Z
737.084	42.03	33.56	40.44	172	902.725	15.93	41.69	15.93	kafka-001	2018-08-17T00:03:11.04081613Z
738.547	43.03	33.56	40.42	173	600.502	15.93	42.03	15.93	kafka-001	2018-08-17T00:03:18.052362327Z
747.16	44.32	33.57	41.29	174	908.722	15.93	43.03	15.93	kafka-001	2018-08-17T00:03:25.068465461Z
746.927	42.45	33.57	41.9	175	604.372	15.93	44.32	15.93	kafka-001	2018-08-17T00:03:32.08017072Z
753.356	44.09	33.58	42.38	176	608.348	15.93	42.45	15.93	kafka-001	2018-08-17T00:03:39.091992256Z
751.965	44.3	33.58	42.94	177	910.932	15.93	44.09	15.93	kafka-001	2018-08-17T00:03:46.105640504Z
745.329	42.79	33.59	43.37	177	604.418	15.93	44.3	15.93	kafka-001	2018-08-17T00:03:53.116871958Z
760.606	39.5	33.59	43.5	178	922.915	15.93	42.79	15.93	kafka-001	2018-08-17T00:04:00.135260361Z
766.309	41.75	33.6	42.91	179	617.193	15.93	39.5	15.93	kafka-001	2018-08-17T00:04:07.145594642Z
773.583	43.04	33.61	42.48	180	619.692	15.93	41.75	15.93	kafka-001	2018-08-17T00:04:14.157151507Z
774.048	43.24	33.61	42.58	181	945.737	15.93	43.04	15.93	kafka-001	2018-08-17T00:04:21.169882984Z
769.801	39.86	33.61	42.44	182	629.518	15.93	43.24	15.93	kafka-001	2018-08-17T00:04:28.181912535Z
778.71	45.88	33.62	41.7	182	957.103	15.93	39.86	15.93	kafka-001	2018-08-17T00:04:35.200997523Z
780.517	44.27	33.62	42.21	183	637.533	15.93	45.88	15.93	kafka-001	2018-08-17T00:04:42.214092041Z
779.763	45.23	33.63	43.01	184	635.871	15.93	44.27	15.93	kafka-001	2018-08-17T00:04:49.226325131Z
787.008	41.9	33.64	43.59	185	957.409	15.93	45.23	15.93	kafka-001	2018-08-17T00:04:56.238383431Z
780.769	31.25	33.64	43.4	186	632.592	15.93	41.9	15.93	kafka-001	2018-08-17T00:05:03.248589096Z
771.385	41.99	33.65	41.4	186	958.092	15.93	31.25	15.93	kafka-001	2018-08-17T00:05:10.260731402Z
766.846	44.81	33.65	41.75	187	638.933	15.93	41.99	15.93	kafka-001	2018-08-17T00:05:17.271208308Z
791.171	44.72	33.66	41.58	188	642.219	15.93	44.81	15.93	kafka-001	2018-08-17T00:05:24.281794958Z
790.088	44.69	33.66	41.65	189	979.776	15.93	44.72	15.93	kafka-001	2018-08-17T00:05:31.292640083Z
789.667	45.34	33.67	41.56	189	645.178	15.93	44.69	15.93	kafka-001	2018-08-17T00:05:38.303905471Z
798.926	46.82	33.67	42.13	190	986.135	15.93	45.34	15.93	kafka-001	2018-08-17T00:05:45.317462391Z
806.497	45.44	33.68	44.73	191	655.558	15.93	46.82	15.93	kafka-001	2018-08-17T00:05:52.327932828Z
813.277	45.9	33.69	45.3	192	658.262	15.93	45.44	15.93	kafka-001	2018-08-17T00:05:59.33915627Z
814.978	45.78	33.69	45.49	193	999.62	15.93	45.9	15.93	kafka-001	2018-08-17T00:06:06.349465487Z
815.987	45.94	33.7	45.66	194	665.593	15.93	45.78	15.93	kafka-001	2018-08-17T00:06:13.360188619Z
830.4	42.67	33.7	45.87	194	1010.549	15.93	45.94	15.93	kafka-001	2018-08-17T00:06:20.375745437Z
829.403	46.35	33.71	45.43	195	672.364	15.93	42.67	15.93	kafka-001	2018-08-17T00:06:27.386807989Z
834.629	43.54	33.71	45.35	196	674.155	15.93	46.35	15.93	kafka-001	2018-08-17T00:06:34.399107542Z
842.612	44.98	33.72	45.03	197	1026.421	15.93	43.54	15.93	kafka-001	2018-08-17T00:06:41.410833521Z
846.725	49.17	33.72	44.88	197	682.847	15.93	44.98	15.93	kafka-001	2018-08-17T00:06:48.42069488Z
853.19	48.73	33.73	45.44	198	1022.19	15.93	49.17	15.93	kafka-001	2018-08-17T00:06:55.431685465Z
851.42	47.86	33.74	45.91	199	683.305	15.93	48.73	15.93	kafka-001	2018-08-17T00:07:02.442620214Z
849.708	48.34	33.74	46.77	200	684.66	15.93	47.86	15.93	kafka-001	2018-08-17T00:07:09.454824951Z
852.852	46.18	33.75	47.1	200	1043.195	15.93	48.34	15.93	kafka-001	2018-08-17T00:07:16.465747836Z
852.045	47.57	33.76	47.54	201	697.744	15.93	46.18	15.93	kafka-001	2018-08-17T00:07:23.476073192Z
858.184	47.33	33.76	47.98	202	1047.314	15.93	47.57	15.93	kafka-001	2018-08-17T00:07:30.492556769Z
846.441	48.99	33.77	47.67	203	693.209	15.93	47.33	15.93	kafka-001	2018-08-17T00:07:37.5057966Z
854.416	46.46	33.77	47.71	203	693.417	15.93	48.99	15.93	kafka-001	2018-08-17T00:07:44.515635035Z
862.144	47.82	33.78	47.48	204	1057.142	15.93	46.46	15.93	kafka-001	2018-08-17T00:07:51.527492485Z
862.887	47.6	33.78	47.39	205	704.544	15.93	47.82	15.93	kafka-001	2018-08-17T00:07:58.540976673Z
874.557	50.36	33.79	47.63	206	1059.275	15.93	47.6	15.93	kafka-001	2018-08-17T00:08:05.551270563Z
875.425	48.37	33.8	48.09	206	707.174	15.93	50.36	15.93	kafka-001	2018-08-17T00:08:12.561385667Z
870.351	47.06	33.8	48.27	207	708.132	15.93	48.37	15.93	kafka-001	2018-08-17T00:08:19.572609054Z
869.132	46.26	33.81	47.95	208	1072.037	15.93	47.06	15.93	kafka-001	2018-08-17T00:08:26.584152319Z
878.801	48.59	33.81	47.91	209	716.185	15.93	46.26	15.93	kafka-001	2018-08-17T00:08:33.596304345Z
884.402	45.1	33.82	48.04	209	1088.476	15.93	48.59	15.93	kafka-001	2018-08-17T00:08:40.608982998Z
871.412	48.15	33.83	47.62	210	713.89	15.93	45.1	15.93	kafka-001	2018-08-17T00:08:47.619354911Z
878.252	49.99	33.83	47.26	211	724.819	15.93	48.15	15.93	kafka-001	2018-08-17T00:08:54.635141841Z
902.116	49.58	33.84	47.53	211	1101.22	15.93	49.99	15.93	kafka-001	2018-08-17T00:09:01.647020384Z
900.607	50.37	33.84	47.95	212	725.038	15.93	49.58	15.93	kafka-001	2018-08-17T00:09:08.658506853Z
905.868	53.36	33.85	48.63	213	1107.704	15.93	50.37	15.93	kafka-001	2018-08-17T00:09:15.675515832Z
896.915	51.15	33.85	49.43	213	727.339	15.93	53.36	15.93	kafka-001	2018-08-17T00:09:22.686303547Z
913.909	50.05	33.86	50.43	214	743.902	15.93	51.15	15.93	kafka-001	2018-08-17T00:09:29.696987255Z
913.17	50.0	33.87	50.75	215	1125.443	15.93	50.05	15.93	kafka-001	2018-08-17T00:09:36.708503486Z
908.977	50.44	33.88	50.75	216	729.022	15.93	50.0	15.93	kafka-001	2018-08-17T00:09:43.721303467Z
926.682	52.16	33.88	50.9	216	1128.401	15.93	50.44	15.93	kafka-001	2018-08-17T00:09:50.732953877Z
921.72	51.14	33.89	51.19	217	740.497	15.93	52.16	15.93	kafka-001	2018-08-17T00:09:57.744517198Z
932.025	42.4	33.89	50.82	218	752.882	15.93	51.14	15.93	kafka-001	2018-08-17T00:10:04.755662639Z
940.042	51.99	33.9	49.37	218	1137.704	15.93	42.4	15.93	kafka-001	2018-08-17T00:10:11.766769801Z
934.146	54.02	33.91	49.69	219	748.492	15.93	51.99	15.93	kafka-001	2018-08-17T00:10:18.777510561Z
948.502	52.55	33.91	50.36	220	1147.443	15.93	54.02	15.93	kafka-001	2018-08-17T00:10:25.788864543Z
942.425	51.1	33.92	50.71	221	759.847	15.93	52.55	15.93	kafka-001	2018-08-17T00:10:32.798818876Z
942.461	52.51	33.93	50.53	221	755.52	15.93	51.1	15.93	kafka-001	2018-08-17T00:10:39.811306229Z
955.671	51.84	33.93	50.76	222	1159.552	15.93	52.51	15.93	kafka-001	2018-08-17T00:10:46.820453834Z
951.157	50.78	33.94	52.34	223	766.04	15.93	51.84	15.93	kafka-001	2018-08-17T00:10:53.831695416Z
947.141	54.67	33.95	52.13	223	1162.197	15.93	50.78	15.93	kafka-001	2018-08-17T00:11:00.843401119Z
942.643	48.28	33.95	52.24	224	768.827	15.93	54.67	15.93	kafka-001	2018-08-17T00:11:07.855265519Z
931.349	51.36	33.96	51.53	225	762.724	15.93	48.28	15.93	kafka-001	2018-08-17T00:11:14.865824466Z
954.278	53.16	33.97	51.57	225	1158.681	15.93	51.36	15.93	kafka-001	2018-08-17T00:11:21.877293269Z
964.335	50.41	33.97	51.68	226	779.246	15.93	53.16	15.93	kafka-001	2018-08-17T00:11:28.888914227Z
974.062	55.62	33.98	51.44	227	1177.419	15.93	50.41	15.93	kafka-001	2018-08-17T00:11:35.901394428Z
965.79	51.2	33.99	52.25	227	781.5	15.93	55.62	15.93	kafka-001	2018-08-17T00:11:42.913049234Z
974.542	53.67	33.99	51.67	228	784.807	15.93	51.2	15.93	kafka-001	2018-08-17T00:11:49.924465844Z
977.144	53.52	34.0	52.57	229	1186.935	15.93	53.67	15.93	kafka-001	2018-08-17T00:11:56.93616685Z
973.403	54.83	34.01	52.93	229	787.436	15.93	53.52	15.93	kafka-001	2018-08-17T00:12:03.947990985Z
981.324	55.33	34.02	53.21	230	1202.804	15.93	54.83	15.93	kafka-001	2018-08-17T00:12:10.961736245Z
975.467	54.39	34.02	54.03	231	793.558	15.93	55.33	15.93	kafka-001	2018-08-17T00:12:17.972712276Z
978.567	54.23	34.03	53.82	231	791.657	15.93	54.39	15.93	kafka-001	2018-08-17T00:12:24.98465049Z
989.088	49.19	34.03	54.33	232	1203.545	15.93	54.23	15.93	kafka-001	2018-08-17T00:12:31.99550823Z
988.041	55.46	34.04	53.58	233	793.375	15.93	49.19	15.93	kafka-001	2018-08-17T00:12:39.007077827Z
990.348	55.0	34.05	53.91	233	1215.091	15.93	55.46	15.93	kafka-001	2018-08-17T00:12:46.01856685Z
991.673	55.15	34.05	53.93	234	800.438	15.93	55.0	15.93	kafka-001	2018-08-17T00:12:53.02961836Z
995.314	56.95	34.06	53.9	235	1214.966	15.93	55.15	15.93	kafka-001	2018-08-17T00:13:00.042011947Z
984.405	56.45	34.07	54.33	235	798.61	15.93	56.95	15.93	kafka-001	2018-08-17T00:13:07.053214032Z
997.949	56.45	34.08	54.7	236	813.856	15.93	56.45	15.93	kafka-001	2018-08-17T00:13:14.064055966Z
999.534	56.1	34.08	55.91	236	1223.243	15.93	56.45	15.93	kafka-001	2018-08-17T00:13:21.077822916Z
998.202	52.91	34.09	56.02	237	813.967	15.93	56.1	15.93	kafka-001	2018-08-17T00:13:28.088267507Z
1013.897	58.46	34.1	55.67	238	1238.498	15.93	52.91	15.93	kafka-001	2018-08-17T00:13:35.101102305Z
1007.297	56.53	34.1	56.22	238	818.636	15.93	58.46	15.93	kafka-001	2018-08-17T00:13:42.114283092Z
1010.721	56.48	34.11	56.15	239	817.996	15.93	56.53	15.93	kafka-001	2018-08-17T00:13:49.125568718Z
1018.164	57.15	34.12	56.16	240	1241.69	15.93	56.48	15.93	kafka-001	2018-08-17T00:13:56.145151693Z
1013.115	57.45	34.13	56.27	240	811.359	15.93	57.15	15.93	kafka-001	2018-08-17T00:14:03.158100006Z
1013.624	57.3	34.13	56.5	241	1245.815	15.93	57.45	15.93	kafka-001	2018-08-17T00:14:10.169182533Z
1015.453	46.78	34.14	57.23	242	825.322	15.93	57.3	15.93	kafka-001	2018-08-17T00:14:17.179250562Z
1015.805	56.64	34.14	55.28	242	823.572	15.93	46.78	15.93	kafka-001	2018-08-17T00:14:24.190798842Z
1021.44	55.73	34.15	55.3	243	1256.447	15.93	56.64	15.93	kafka-001	2018-08-17T00:14:31.204431152Z
1022.437	57.58	34.16	55.18	243	830.654	15.93	55.73	15.93	kafka-001	2018-08-17T00:14:38.21600688Z
1028.574	53.85	34.17	55.25	244	1258.872	15.93	57.58	15.93	kafka-001	2018-08-17T00:14:45.226608977Z
1036.719	54.04	34.17	54.65	245	840.678	15.93	53.85	15.93	kafka-001	2018-08-17T00:14:52.238010141Z
1025.147	57.65	34.18	54.1	245	824.024	15.93	54.04	15.93	kafka-001	2018-08-17T00:14:59.249013313Z
1040.184	49.11	34.19	55.92	246	1270.656	15.93	57.65	15.93	kafka-001	2018-08-17T00:15:06.260672588Z
1029.399	57.41	34.2	54.66	247	839.657	15.93	49.11	15.93	kafka-001	2018-08-17T00:15:13.274317158Z
1050.064	54.92	34.2	54.94	247	1278.261	15.93	57.41	15.93	kafka-001	2018-08-17T00:15:20.285501398Z
1044.277	58.06	34.21	54.5	248	847.038	15.93	54.92	15.93	kafka-001	2018-08-17T00:15:27.299157892Z
1054.637	59.23	34.22	55.2	248	844.472	15.93	58.06	15.93	kafka-001	2018-08-17T00:15:34.310999639Z
1060.536	56.85	34.22	56.06	249	1281.285	15.93	59.23	15.93	kafka-001	2018-08-17T00:15:41.32164Z
1053.849	54.34	34.23	55.93	250	847.503	15.93	56.85	15.93	kafka-001	2018-08-17T00:15:48.333044265Z
1063.004	60.83	34.24	56.8	250	1290.997	15.93	54.34	15.93	kafka-001	2018-08-17T00:15:55.343802867Z
1050.015	58.48	34.25	57.37	251	854.818	15.93	60.83	15.93	kafka-001	2018-08-17T00:16:02.35707388Z
1064.209	58.28	34.25	57.97	251	858.92	15.93	58.48	15.93	kafka-001	2018-08-17T00:16:09.369907439Z
1058.697	51.14	34.26	58.0	252	1289.547	15.93	58.28	15.93	kafka-001	2018-08-17T00:16:16.381494328Z
1062.742	58.23	34.27	56.65	253	855.479	15.93	51.14	15.93	kafka-001	2018-08-17T00:16:23.392585511Z
1066.664	57.06	34.28	56.88	253	1311.134	15.93	58.23	15.93	kafka-001	2018-08-17T00:16:30.404208048Z
1057.685	60.15	34.28	57.34	254	863.701	15.93	57.06	15.93	kafka-001	2018-08-17T00:16:37.416154682Z
1061.175	58.92	34.29	57.22	255	862.271	15.93	60.15	15.93	kafka-001	2018-08-17T00:16:44.426306126Z
1068.452	54.7	34.3	57.3	255	1323.276	15.93	58.92	15.93	kafka-001	2018-08-17T00:16:51.437936157Z
1066.774	62.12	34.3	56.7	256	866.671	15.93	54.7	15.93	kafka-001	2018-08-17T00:16:58.450256451Z
1078.115	60.73	34.31	58.53	256	1330.568	15.93	62.12	15.93	kafka-001	2018-08-17T00:17:05.461481172Z
1078.219	58.08	34.32	58.95	257	883.856	15.93	60.73	15.93	kafka-001	2018-08-17T00:17:12.475772336Z
1067.179	60.93	34.33	59.12	258	875.566	15.93	58.08	15.93	kafka-001	2018-08-17T00:17:19.488631891Z
1089.05	60.38	34.33	59.25	258	1337.138	15.93	60.93	15.93	kafka-001	2018-08-17T00:17:26.500147522Z
1092.281	58.51	34.34	59.49	259	881.556	15.93	60.38	15.93	kafka-001	2018-08-17T00:17:33.514966768Z
1096.174	58.57	34.35	60.13	259	1340.377	15.93	58.51	15.93	kafka-001	2018-08-17T00:17:40.526908875Z
1100.637	58.79	34.36	59.53	260	885.653	15.93	58.57	15.93	kafka-001	2018-08-17T00:17:47.538678061Z
1101.611	54.34	34.37	59.21	260	886.277	15.93	58.79	15.93	kafka-001	2018-08-17T00:17:54.551137731Z
1102.9	56.47	34.37	58.59	261	1346.444	15.93	54.34	15.93	kafka-001	2018-08-17T00:18:01.56210926Z
1099.023	56.03	34.38	57.84	262	886.81	15.93	56.47	15.93	kafka-001	2018-08-17T00:18:08.571049036Z
1113.608	62.67	34.39	57.12	262	1360.667	15.93	56.03	15.93	kafka-001	2018-08-17T00:18:15.583654592Z
1104.013	61.98	34.4	57.81	263	892.11	15.93	62.67	15.93	kafka-001	2018-08-17T00:18:22.594990875Z
1115.365	58.37	34.4	58.38	263	898.566	15.93	61.98	15.93	kafka-001	2018-08-17T00:18:29.60612727Z
1124.974	57.5	34.41	58.31	264	1363.705	15.93	58.37	15.93	kafka-001	2018-08-17T00:18:36.616888323Z
1129.103	62.88	34.42	58.84	265	909.812	15.93	57.5	15.93	kafka-001	2018-08-17T00:18:43.629264676Z
1129.602	61.2	34.43	59.91	265	1373.89	15.93	62.88	15.93	kafka-001	2018-08-17T00:18:50.642905681Z
1122.493	62.72	34.43	60.77	266	900.744	15.93	61.2	15.93	kafka-001	2018-08-17T00:18:57.654340334Z
1133.119	59.39	34.44	60.78	266	911.926	15.93	62.72	15.93	kafka-001	2018-08-17T00:19:04.66666653Z
1143.356	56.73	34.45	60.34	267	1385.478	15.93	59.39	15.93	kafka-001	2018-08-17T00:19:11.677665589Z
1128.003	61.06	34.46	60.07	267	909.7	15.93	56.73	15.93	kafka-001	2018-08-17T00:19:18.690941844Z
1143.792	60.89	34.47	60.66	268	1394.894	15.93	61.06	15.93	kafka-001	2018-08-17T00:19:25.708287945Z
1126.713	61.24	34.47	60.33	269	908.135	15.93	60.89	15.93	kafka-001	2018-08-17T00:19:32.723099632Z
1138.537	59.62	34.48	60.34	269	916.922	15.93	61.24	15.93	kafka-001	2018-08-17T00:19:39.736061933Z
1139.846	63.71	34.49	59.82	270	1393.65	15.93	59.62	15.93	kafka-001	2018-08-17T00:19:46.747404483Z
1151.815	62.75	34.5	60.54	270	927.376	15.93	63.71	15.93	kafka-001	2018-08-17T00:19:53.757916229Z
1160.976	60.88	34.51	61.55	271	1398.314	15.93	62.75	15.93	kafka-001	2018-08-17T00:20:00.771434389Z
1159.202	63.28	34.51	61.52	271	928.252	15.93	60.88	15.93	kafka-001	2018-08-17T00:20:07.783269457Z
1160.028	62.54	34.52	61.91	272	928.813	15.93	63.28	15.93	kafka-001	2018-08-17T00:20:14.794872358Z
1168.536	65.02	34.53	62.13	273	1411.967	15.93	62.54	15.93	kafka-001	2018-08-17T00:20:21.806926652Z
1154.793	63.43	34.54	63.03	273	929.577	15.93	65.02	15.93	kafka-001	2018-08-17T00:20:28.818131514Z
1159.749	64.88	34.55	62.98	274	1420.411	15.93	63.43	15.93	kafka-001	2018-08-17T00:20:35.833280087Z
1161.452	62.42	34.55	63.34	274	935.136	15.93	64.88	15.93	kafka-001	2018-08-17T00:20:42.844701962Z
1159.436	63.13	34.56	63.6	275	939.572	15.93	62.42	15.93	kafka-001	2018-08-17T00:20:49.855921217Z
1161.379	54.75	34.57	63.57	275	1413.974	15.93	63.13	15.93	kafka-001	2018-08-17T00:20:56.866963386Z
1169.579	67.06	34.58	62.27	276	944.146	15.93	54.75	15.93	kafka-001	2018-08-17T00:21:03.87940702Z
1171.134	69.39	34.59	62.61	276	1430.261	15.93	67.06	15.93	kafka-001	2018-08-17T00:21:10.891463541Z
1163.437	64.8	34.59	63.61	277	942.317	15.93	69.39	15.93	kafka-001	2018-08-17T00:21:17.905405823Z
1172.269	62.3	34.6	63.59	278	944.583	15.93	64.8	15.93	kafka-001	2018-08-17T00:21:24.91715346Z
1175.756	59.97	34.61	63.57	278	1440.1	15.93	62.3	15.93	kafka-001	2018-08-17T00:21:31.927899511Z
1180.947	55.02	34.62	63.05	279	949.9	15.93	59.97	15.93	kafka-001	2018-08-17T00:21:38.938103818Z
1170.215	64.04	34.63	63.09	279	1444.793	15.93	55.02	15.93	kafka-001	2018-08-17T00:21:45.950743736Z
1171.814	65.8	34.63	62.59	280	954.428	15.93	64.04	15.93	kafka-001	2018-08-17T00:21:52.966092108Z
1181.921	67.12	34.64	61.99	280	953.669	15.93	65.8	15.93	kafka-001	2018-08-17T00:21:59.97734284Z
1190.496	57.61	34.65	62.38	281	1453.528	15.93	67.12	15.93	kafka-001	2018-08-17T00:22:06.990487072Z
1180.793	64.03	34.66	61.59	281	962.908	15.93	57.61	15.93	kafka-001	2018-08-17T00:22:14.001683461Z
1194.381	64.08	34.67	62.27	282	1455.422	15.93	64.03	15.93	kafka-001	2018-08-17T00:22:21.012726722Z
1182.264	67.66	34.67	63.78	283	956.324	15.93	64.08	15.93	kafka-001	2018-08-17T00:22:28.024102323Z
1204.4	62.17	34.68	64.38	283	1454.39	15.93	67.66	15.93	kafka-001	2018-08-17T00:22:35.036240462Z
1201.017	64.66	34.69	63.78	284	969.224	15.93	62.17	15.93	kafka-001	2018-08-17T00:22:42.04977573Z
1207.301	67.23	34.7	63.37	284	972.485	15.93	64.66	15.93	kafka-001	2018-08-17T00:22:49.062481349Z
1217.498	66.7	34.71	64.97	285	1479.54	15.93	67.23	15.93	kafka-001	2018-08-17T00:22:56.073102345Z
1207.757	63.29	34.72	65.42	285	970.568	15.93	66.7	15.93	kafka-001	2018-08-17T00:23:03.085108128Z
1220.924	68.16	34.72	65.29	286	1485.823	15.93	63.29	15.93	kafka-001	2018-08-17T00:23:10.095308646Z
1205.726	64.77	34.73	65.37	286	967.532	15.93	68.16	15.93	kafka-001	2018-08-17T00:23:17.106600554Z
1214.26	68.36	34.74	65.8	287	978.667	15.93	64.77	15.93	kafka-001	2018-08-17T00:23:24.116669777Z
1222.756	65.03	34.75	66.42	287	1487.859	15.93	68.36	15.93	kafka-001	2018-08-17T00:23:31.127892299Z
1218.387	66.9	34.76	66.05	288	981.312	15.93	65.03	15.93	kafka-001	2018-08-17T00:23:38.139008925Z
1229.29	68.65	34.77	66.09	288	1490.62	15.93	66.9	15.93	kafka-001	2018-08-17T00:23:45.149713781Z
1206.836	67.9	34.77	66.98	289	976.945	15.93	68.65	15.93	kafka-001	2018-08-17T00:23:52.161256741Z
1217.854	58.75	34.78	66.94	290	980.563	15.93	67.9	15.93	kafka-001	2018-08-17T00:23:59.17201283Z
1228.822	65.48	34.79	65.93	290	1501.577	15.93	58.75	15.93	kafka-001	2018-08-17T00:24:06.183651157Z
1235.881	62.61	34.8	65.45	291	997.425	15.93	65.48	15.93	kafka-001	2018-08-17T00:24:13.193286599Z
1240.78	67.18	34.81	65.05	291	1506.653	15.93	62.61	15.93	kafka-001	2018-08-17T00:24:20.204087856Z
1236.203	67.15	34.82	65.1	292	993.522	15.93	67.18	15.93	kafka-001	2018-08-17T00:24:27.214568067Z
1234.535	66.69	34.83	64.85	292	991.062	15.93	67.15	15.93	kafka-001	2018-08-17T00:24:34.226298404Z
1247.27	69.16	34.84	64.64	293	1513.687	15.93	66.69	15.93	kafka-001	2018-08-17T00:24:41.238207949Z
1242.321	70.27	34.84	66.38	293	996.943	15.93	69.16	15.93	kafka-001	2018-08-17T00:24:48.251097697Z
1257.636	69.88	34.85	67.18	294	1515.383	15.93	70.27	15.93	kafka-001	2018-08-17T00:24:55.26088783Z
1234.657	66.66	34.86	68.39	294	997.006	15.93	69.88	15.93	kafka-001	2018-08-17T00:25:02.273119493Z
1250.935	67.45	34.87	68.3	295	1007.12	15.93	66.66	15.93	kafka-001	2018-08-17T00:25:09.281626456Z
1250.821	63.07	34.88	68.35	295	1528.135	15.93	67.45	15.93	kafka-001	2018-08-17T00:25:16.292610665Z
1238.988	69.14	34.89	67.75	296	1004.019	15.93	63.07	15.93	kafka-001	2018-08-17T00:25:23.303075244Z
1244.506	68.46	34.9	67.74	296	1527.517	15.93	69.14	15.93	kafka-001	2018-08-17T00:25:30.317027131Z
1226.207	66.52	34.9	67.44	297	1003.813	15.93	68.46	15.93	kafka-001	2018-08-17T00:25:37.327628506Z
1245.099	64.49	34.91	66.88	297	1012.664	15.93	66.52	15.93	kafka-001	2018-08-17T00:25:44.339397397Z
1260.57	65.23	34.92	66.52	298	1542.82	15.93	64.49	15.93	kafka-001	2018-08-17T00:25:51.349985464Z
1248.393	69.66	34.93	66.15	298	1009.709	15.93	65.23	15.93	kafka-001	2018-08-17T00:25:58.36054159Z
1266.898	70.85	34.94	67.25	299	1556.162	15.93	69.66	15.93	kafka-001	2018-08-17T00:26:05.371551664Z
1264.245	68.38	34.95	67.54	299	1019.07	15.93	70.85	15.93	kafka-001	2018-08-17T00:26:12.381795948Z
1267.667	69.96	34.96	67.52	300	1021.251	15.93	68.38	15.93	kafka-001	2018-08-17T00:26:19.393738944Z
1280.794	67.44	34.96	68.1	300	1545.986	15.93	69.96	15.93	kafka-001	2018-08-17T00:26:26.403374596Z
1274.095	70.55	34.98	68.59	301	1025.744	15.93	67.44	15.93	kafka-001	2018-08-17T00:26:33.419334499Z
1284.83	71.79	34.98	69.47	301	1559.853	15.93	70.55	15.93	kafka-001	2018-08-17T00:26:40.433444883Z
1278.824	71.3	34.99	69.83	302	1025.704	15.93	71.79	15.93	kafka-001	2018-08-17T00:26:47.44440306Z
1295.3	68.46	35.0	69.9	302	1029.712	15.93	71.3	15.93	kafka-001	2018-08-17T00:26:54.455495576Z
1288.008	62.73	35.01	69.92	303	1559.073	15.93	68.46	15.93	kafka-001	2018-08-17T00:27:01.464324261Z
1286.529	71.9	35.02	68.71	304	1028.354	15.93	62.73	15.93	kafka-001	2018-08-17T00:27:08.486483459Z
1296.78	70.38	35.03	69.46	304	1564.713	15.93	71.9	15.93	kafka-001	2018-08-17T00:27:15.497930755Z
1293.097	66.65	35.04	69.43	305	1036.522	15.93	70.38	15.93	kafka-001	2018-08-17T00:27:22.508828674Z
1295.075	69.02	35.05	68.57	305	1030.964	15.93	66.65	15.93	kafka-001	2018-08-17T00:27:29.517669428Z
1295.749	66.54	35.06	68.19	306	1575.617	15.93	69.02	15.93	kafka-001	2018-08-17T00:27:36.528303095Z
1278.384	70.8	35.06	67.87	306	1028.716	15.93	66.54	15.93	kafka-001	2018-08-17T00:27:43.540198381Z
1293.318	66.96	35.07	69.22	306	1579.164	15.93	70.8	15.93	kafka-001	2018-08-17T00:27:50.554214592Z
1287.247	71.05	35.08	68.39	306	1040.001	15.93	66.96	15.93	kafka-001	2018-08-17T00:27:57.563665836Z
1289.949	60.17	35.09	68.5	306	1039.884	15.93	71.05	15.93	kafka-001	2018-08-17T00:28:04.575264708Z
1297.458	72.71	35.1	67.42	306	1573.513	15.93	60.17	15.93	kafka-001	2018-08-17T00:28:11.584876539Z
1285.015	68.34	35.11	68.04	306	1032.01	15.93	72.71	15.93	kafka-001	2018-08-17T00:28:18.599652197Z
1294.526	71.89	35.11	68.34	306	1578.048	15.93	68.34	15.93	kafka-001	2018-08-17T00:28:25.60907364Z
1298.659	70.63	35.13	68.52	306	1040.205	15.93	71.89	15.93	kafka-001	2018-08-17T00:28:32.621299143Z
1293.559	71.88	35.14	69.13	306	1033.378	15.93	70.63	15.93	kafka-001	2018-08-17T00:28:39.632915652Z
1295.136	66.76	35.14	69.27	306	1571.216	15.93	71.88	15.93	kafka-001	2018-08-17T00:28:46.644707856Z
1295.027	71.4	35.15	70.37	306	1039.668	15.93	66.76	15.93	kafka-001	2018-08-17T00:28:53.661474118Z
1291.47	71.43	35.16	70.15	306	1569.095	15.93	71.4	15.93	kafka-001	2018-08-17T00:29:00.6717226Z
