memory%	memory_active_anon%	host_moving_avg_cpu	memory_rss%	sensor_count	timestamp	net_send	host_cpu	net_receive	container_cpu%	name
92.37	38.0	nan	38.0	1	2018-08-08T20:48:32.742573899Z	23024.406	0	1210.529	45.83	cassandra-001
92.57	38.0	nan	38.0	4	2018-08-08T20:48:39.750918842Z	0.0	45.83	0.0	18.0	cassandra-001
92.31	38.0	nan	38.0	9	2018-08-08T20:48:46.758348074Z	0.0	18.0	0.0	50.36	cassandra-001
92.4	38.0	nan	38.0	13	2018-08-08T20:48:53.766877185Z	59.497	50.36	2.965	63.01	cassandra-001
92.68	38.0	nan	38.0	17	2018-08-08T20:49:00.776942894Z	0.0	63.01	0.0	68.21	cassandra-001
92.64	38.0	40.9	38.0	21	2018-08-08T20:49:07.784111273Z	0.0	68.21	0.0	61.68	cassandra-001
92.5	38.0	51.18	38.0	24	2018-08-08T20:49:14.790873359Z	0.0	61.68	0.0	64.37	cassandra-001
92.51	38.0	54.27	38.0	28	2018-08-08T20:49:21.798200449Z	59.629	64.37	2.965	44.26	cassandra-001
92.52	38.0	58.65	38.0	31	2018-08-08T20:49:28.804468307Z	0.0	44.26	0.0	75.95	cassandra-001
92.68	38.0	62.91	38.0	33	2018-08-08T20:49:35.813277017Z	59.761	75.95	2.899	60.65	cassandra-001
92.37	38.0	62.52	38.0	36	2018-08-08T20:49:42.820210088Z	0.0	60.65	0.0	80.38	cassandra-001
92.54	38.0	64.55	38.0	39	2018-08-08T20:49:49.829069113Z	0.0	80.38	0.0	81.01	cassandra-001
92.5	38.0	67.77	38.0	42	2018-08-08T20:49:56.838444718Z	0.0	81.01	0.0	51.51	cassandra-001
92.44	38.0	65.63	38.0	44	2018-08-08T20:50:03.846285842Z	0.0	51.51	0.0	112.25	cassandra-001
92.37	38.01	76.96	38.01	46	2018-08-08T20:50:10.853652702Z	59.563	112.25	2.899	87.51	cassandra-001
92.5	38.02	78.89	38.02	49	2018-08-08T20:50:17.860400261Z	0.0	87.51	0.0	105.86	cassandra-001
92.41	38.02	86.42	38.02	51	2018-08-08T20:50:24.870349634Z	0.0	105.86	0.0	97.58	cassandra-001
92.51	38.02	89.29	38.02	53	2018-08-08T20:50:31.876538716Z	59.563	97.58	2.767	100.28	cassandra-001
92.54	38.02	92.5	38.02	55	2018-08-08T20:50:38.885239701Z	0.0	100.28	0.0	72.56	cassandra-001
62.96	38.02	96.01	38.02	58	2018-08-08T20:50:45.892037257Z	0.0	72.56	0.0	89.98	cassandra-001
65.62	38.02	92.3	38.02	60	2018-08-08T20:50:52.900330525Z	59.497	89.98	2.833	96.77	cassandra-001
68.74	38.04	93.84	38.04	62	2018-08-08T20:50:59.908799951Z	0.0	96.77	0.0	114.51	cassandra-001
71.43	38.02	95.28	38.02	64	2018-08-08T20:51:06.915862476Z	0.0	114.51	0.0	104.04	cassandra-001
73.45	38.02	96.36	38.02	66	2018-08-08T20:51:13.9230804Z	0.0	104.04	0.0	70.72	cassandra-001
74.89	38.02	91.43	38.02	67	2018-08-08T20:51:20.929314383Z	59.497	70.72	3.097	100.38	cassandra-001
77.68	38.02	96.07	38.02	69	2018-08-08T20:51:27.935865915Z	0.0	100.38	0.0	88.46	cassandra-001
80.48	38.02	95.81	38.02	71	2018-08-08T20:51:34.943364697Z	0.0	88.46	0.0	108.23	cassandra-001
82.81	38.02	97.72	38.02	72	2018-08-08T20:51:41.953530621Z	0.0	108.23	0.0	108.08	cassandra-001
84.45	38.02	96.65	38.02	74	2018-08-08T20:51:48.960527015Z	59.431	108.08	2.767	74.98	cassandra-001
87.43	38.03	91.81	38.03	76	2018-08-08T20:51:55.966963444Z	0.0	74.98	0.0	96.23	cassandra-001
90.2	38.02	96.06	38.02	77	2018-08-08T20:52:02.974483814Z	0.0	96.23	0.0	102.97	cassandra-001
92.62	38.02	96.49	38.02	79	2018-08-08T20:52:09.984146131Z	0.0	102.97	0.0	104.95	cassandra-001
92.61	38.02	99.24	38.02	80	2018-08-08T20:52:16.991173564Z	0.342	104.95	0.282	95.79	cassandra-001
92.49	38.02	97.17	38.02	82	2018-08-08T20:52:24.001819466Z	0.0	95.79	0.0	64.07	cassandra-001
92.52	38.02	89.83	38.02	83	2018-08-08T20:52:31.009499812Z	0.0	64.07	0.0	123.09	cassandra-001
92.65	38.03	97.85	38.03	85	2018-08-08T20:52:38.017485105Z	0.0	123.09	0.0	112.33	cassandra-001
71.97	38.0	100.53	38.0	85	2018-08-08T20:52:45.028011523Z	0.0	112.33	0.0	100.3	cassandra-001
72.91	38.01	100.09	38.01	85	2018-08-08T20:52:52.034755378Z	0.342	100.3	0.282	79.71	cassandra-001
74.93	38.01	95.88	38.01	85	2018-08-08T20:52:59.055119Z	0.0	79.71	0.0	104.19	cassandra-001
76.76	38.01	97.28	38.01	85	2018-08-08T20:53:06.062125266Z	59.563	104.19	3.163	122.37	cassandra-001
78.59	38.01	107.0	38.01	85	2018-08-08T20:53:13.068503172Z	0.0	122.37	0.0	111.68	cassandra-001
79.78	38.0	105.1	38.0	85	2018-08-08T20:53:20.074476258Z	0.0	111.68	0.0	72.48	cassandra-001
74.72	38.0	98.45	38.0	85	2018-08-08T20:53:27.081676203Z	59.497	72.48	2.965	80.15	cassandra-001
75.15	38.0	95.1	38.0	85	2018-08-08T20:53:34.088378811Z	0.0	80.15	0.0	76.82	cassandra-001
75.53	38.0	94.61	38.0	85	2018-08-08T20:53:41.098785106Z	0.0	76.82	0.0	85.14	cassandra-001
75.97	38.01	91.44	38.01	87	2018-08-08T20:53:48.104755772Z	0.0	85.14	0.0	66.6	cassandra-001
76.58	38.01	82.14	38.01	88	2018-08-08T20:53:55.111919387Z	0.342	66.6	0.282	102.5	cassandra-001
76.53	38.01	80.61	38.01	90	2018-08-08T20:54:02.117953347Z	0.0	102.5	0.0	72.28	cassandra-001
76.99	38.01	80.58	38.01	91	2018-08-08T20:54:09.12463037Z	0.0	72.28	0.0	90.34	cassandra-001
77.41	38.01	82.28	38.01	92	2018-08-08T20:54:16.130914977Z	59.563	90.34	2.767	86.34	cassandra-001
77.87	38.01	83.87	38.01	94	2018-08-08T20:54:23.137378383Z	0.0	86.34	0.0	82.31	cassandra-001
78.81	38.01	83.4	38.01	95	2018-08-08T20:54:30.143931393Z	0.0	82.31	0.0	87.34	cassandra-001
79.28	38.01	86.85	38.01	96	2018-08-08T20:54:37.150502611Z	0.0	87.34	0.0	80.34	cassandra-001
79.76	38.01	83.16	38.01	97	2018-08-08T20:54:44.157668947Z	59.761	80.34	3.031	91.48	cassandra-001
80.16	38.01	86.36	38.01	99	2018-08-08T20:54:51.164660758Z	0.0	91.48	0.0	25.47	cassandra-001
81.27	38.01	75.55	38.01	100	2018-08-08T20:54:58.172278965Z	0.0	25.47	0.0	146.55	cassandra-001
81.98	38.01	85.58	38.01	102	2018-08-08T20:55:05.182369302Z	59.497	146.55	2.833	119.79	cassandra-001
83.9	38.01	91.83	38.01	103	2018-08-08T20:55:12.188408003Z	0.0	119.79	0.0	134.36	cassandra-001
85.86	38.01	99.66	38.01	105	2018-08-08T20:55:19.194529077Z	0.0	134.36	0.0	132.97	cassandra-001
88.86	38.01	108.44	38.01	105	2018-08-08T20:55:26.20122461Z	0.0	132.97	0.0	145.49	cassandra-001
89.41	38.01	117.44	38.01	105	2018-08-08T20:55:33.209803224Z	59.761	145.49	2.833	102.63	cassandra-001
83.15	38.01	130.3	38.01	105	2018-08-08T20:55:40.216639195Z	0.0	102.63	0.0	65.16	cassandra-001
83.67	38.0	116.73	38.0	105	2018-08-08T20:55:47.22634709Z	59.497	65.16	2.965	98.79	cassandra-001
83.89	38.0	113.23	38.0	105	2018-08-08T20:55:54.233749599Z	0.0	98.79	0.0	95.59	cassandra-001
84.43	38.0	106.77	38.0	105	2018-08-08T20:56:01.241484069Z	0.0	95.59	0.0	97.02	cassandra-001
84.95	38.0	100.78	38.0	105	2018-08-08T20:56:08.249223901Z	0.0	97.02	0.0	73.52	cassandra-001
85.46	38.0	88.78	38.0	105	2018-08-08T20:56:15.260392696Z	0.342	73.52	0.282	101.06	cassandra-001
85.7	38.0	88.52	38.0	106	2018-08-08T20:56:22.269563633Z	0.042	101.06	0.042	109.99	cassandra-001
86.24	38.0	95.99	38.0	107	2018-08-08T20:56:29.278413181Z	0.0	109.99	0.0	94.18	cassandra-001
86.67	38.0	95.23	38.0	109	2018-08-08T20:56:36.28672401Z	0.0	94.18	0.0	16.67	cassandra-001
86.89	38.0	82.07	38.0	110	2018-08-08T20:56:43.29424255Z	59.563	16.67	2.833	31.08	cassandra-001
88.54	38.0	71.08	38.0	112	2018-08-08T20:56:50.302061162Z	0.0	31.08	0.0	165.4	cassandra-001
89.24	38.0	86.4	38.0	114	2018-08-08T20:56:57.308950778Z	0.0	165.4	0.0	106.7	cassandra-001
91.22	38.0	87.34	38.0	115	2018-08-08T20:57:04.317040302Z	0.0	106.7	0.0	125.08	cassandra-001
92.56	38.0	89.85	38.0	117	2018-08-08T20:57:11.323400584Z	65.617	125.08	3.565	124.72	cassandra-001
92.56	38.0	94.94	38.0	118	2018-08-08T20:57:18.329281481Z	0.0	124.72	0.0	96.78	cassandra-001
86.05	38.0	108.29	38.0	119	2018-08-08T20:57:25.337262012Z	0.0	96.78	0.0	96.36	cassandra-001
86.64	38.0	119.17	38.0	120	2018-08-08T20:57:32.344048271Z	59.761	96.36	3.031	99.23	cassandra-001
87.45	38.0	108.15	38.0	120	2018-08-08T20:57:39.3524207Z	0.0	99.23	0.0	94.82	cassandra-001
87.92	38.0	106.16	38.0	122	2018-08-08T20:57:46.359434065Z	0.0	94.82	0.0	108.09	cassandra-001
88.54	38.0	103.33	38.0	122	2018-08-08T20:57:53.36669507Z	59.629	108.09	2.899	102.72	cassandra-001
89.17	38.0	99.67	38.0	123	2018-08-08T20:58:00.373460744Z	0.0	102.72	0.0	112.85	cassandra-001
89.5	38.01	102.35	38.01	124	2018-08-08T20:58:07.380236996Z	0.0	112.85	0.0	103.52	cassandra-001
90.12	37.99	103.54	37.99	125	2018-08-08T20:58:14.386885828Z	0.0	103.52	0.0	114.64	cassandra-001
90.75	38.0	106.11	38.0	127	2018-08-08T20:58:21.393234709Z	0.342	114.64	0.282	95.83	cassandra-001
91.47	38.0	106.28	38.0	128	2018-08-08T20:58:28.400821305Z	0.0	95.83	0.0	182.09	cassandra-001
92.52	38.0	118.61	38.0	130	2018-08-08T20:58:35.40768948Z	0.0	182.09	0.0	144.84	cassandra-001
92.69	38.02	125.63	38.02	130	2018-08-08T20:58:42.414383927Z	0.0	144.84	0.0	137.23	cassandra-001
92.58	37.99	129.69	37.99	130	2018-08-08T20:58:49.421960725Z	0.0	137.23	0.0	131.85	cassandra-001
91.86	37.99	134.41	37.99	130	2018-08-08T20:58:56.428748512Z	0.342	131.85	0.282	84.16	cassandra-001
88.59	37.99	129.33	37.99	130	2018-08-08T20:59:03.436641366Z	0.0	84.16	0.0	159.09	cassandra-001
91.15	37.99	139.88	37.99	130	2018-08-08T20:59:10.446792618Z	59.629	159.09	3.097	139.41	cassandra-001
92.58	37.99	132.76	37.99	130	2018-08-08T20:59:17.455252588Z	0.0	139.41	0.0	144.21	cassandra-001
92.75	37.99	132.66	37.99	130	2018-08-08T20:59:24.463453384Z	0.0	144.21	0.0	144.48	cassandra-001
92.62	37.99	133.87	37.99	130	2018-08-08T20:59:31.470964664Z	0.0	144.48	0.0	132.99	cassandra-001
91.65	37.99	134.06	37.99	130	2018-08-08T20:59:38.478559525Z	0.0	132.99	0.0	155.92	cassandra-001
92.22	37.99	146.02	37.99	130	2018-08-08T20:59:45.485612522Z	0.342	155.92	0.282	137.32	cassandra-001
92.51	37.99	142.39	37.99	130	2018-08-08T20:59:52.494031645Z	59.497	137.32	2.701	190.09	cassandra-001
92.21	38.0	150.84	38.0	130	2018-08-08T20:59:59.501792808Z	0.0	190.09	0.0	131.47	cassandra-001
