net_receive	host_cpu	sensor_count	timestamp	memory%	net_send	memory_active_anon%	container_cpu%	host_moving_avg_cpu	name	memory_rss%
3878242.229	0	2	2018-08-17T19:50:57.699865196Z	77.26	654193.11	38.12	1.17	nan	cassandra-001	38.12
3.033	1.17	7	2018-08-17T19:51:04.709147914Z	77.26	0.5	38.12	1.2	nan	cassandra-001	38.12
18.408	1.2	11	2018-08-17T19:51:11.717489966Z	77.25	2.131	38.11	1.5	nan	cassandra-001	38.11
14.866	1.5	15	2018-08-17T19:51:18.724352695Z	77.25	1.13	38.11	1.23	nan	cassandra-001	38.11
39.442	1.23	18	2018-08-17T19:51:25.733215046Z	77.25	3.986	38.11	4.6	nan	cassandra-001	38.11
25.461	4.6	22	2018-08-17T19:51:32.740785472Z	77.25	3.054	38.11	1.09	1.62	cassandra-001	38.11
28.658	1.09	25	2018-08-17T19:51:39.747769073Z	77.25	3.673	38.11	1.09	1.8	cassandra-001	38.11
64.135	1.09	28	2018-08-17T19:51:46.755051685Z	77.25	6.856	38.11	3.01	1.78	cassandra-001	38.11
36.159	3.01	31	2018-08-17T19:51:53.761797892Z	77.25	3.75	38.11	1.17	2.09	cassandra-001	38.11
81.891	1.17	34	2018-08-17T19:52:00.770225073Z	77.25	8.58	38.11	6.19	2.03	cassandra-001	38.11
43.935	6.19	36	2018-08-17T19:52:07.779209225Z	77.25	4.632	38.11	1.04	2.86	cassandra-001	38.11
47.396	1.04	39	2018-08-17T19:52:14.792774013Z	77.25	5.713	38.11	1.01	2.26	cassandra-001	38.11
99.78	1.01	41	2018-08-17T19:52:21.802642704Z	77.25	11.716	38.11	1.16	2.25	cassandra-001	38.11
52.207	1.16	43	2018-08-17T19:52:28.809293954Z	77.25	5.58	38.11	1.14	2.26	cassandra-001	38.11
111.094	1.14	46	2018-08-17T19:52:35.815378114Z	77.25	10.986	38.11	7.32	1.95	cassandra-001	38.11
58.928	7.32	48	2018-08-17T19:52:42.82202794Z	77.25	6.079	38.11	1.13	2.98	cassandra-001	38.11
60.388	1.13	50	2018-08-17T19:52:49.828552808Z	77.25	5.96	38.11	1.11	2.13	cassandra-001	38.11
126.306	1.11	52	2018-08-17T19:52:56.837152782Z	77.25	12.42	38.11	1.08	2.14	cassandra-001	38.11
65.612	1.08	54	2018-08-17T19:53:03.84554294Z	77.25	7.846	38.11	1.11	2.16	cassandra-001	38.11
128.695	1.11	56	2018-08-17T19:53:10.853563159Z	77.25	12.073	38.11	8.01	2.15	cassandra-001	38.11
71.961	8.01	57	2018-08-17T19:53:17.862827698Z	77.25	8.016	38.11	1.03	3.29	cassandra-001	38.11
71.995	1.03	59	2018-08-17T19:53:24.869816903Z	77.25	7.316	38.11	1.09	2.24	cassandra-001	38.11
144.548	1.09	61	2018-08-17T19:53:31.878246143Z	77.25	14.894	38.11	1.04	2.24	cassandra-001	38.11
77.114	1.04	63	2018-08-17T19:53:38.884645775Z	77.26	7.327	38.11	1.77	2.23	cassandra-001	38.11
161.685	1.77	65	2018-08-17T19:53:45.891834865Z	77.26	17.61	38.11	9.1	2.34	cassandra-001	38.11
82.595	9.1	67	2018-08-17T19:53:52.898398982Z	77.26	8.316	38.11	1.09	3.67	cassandra-001	38.11
83.258	1.09	68	2018-08-17T19:53:59.905519475Z	77.26	8.962	38.11	1.13	2.52	cassandra-001	38.11
166.495	1.13	70	2018-08-17T19:54:06.912199865Z	77.26	18.134	38.11	1.28	2.54	cassandra-001	38.11
88.96	1.28	72	2018-08-17T19:54:13.919435053Z	77.26	9.607	38.11	1.05	2.57	cassandra-001	38.11
182.318	1.05	73	2018-08-17T19:54:20.926019958Z	77.26	17.722	38.11	9.22	2.57	cassandra-001	38.11
93.462	9.22	75	2018-08-17T19:54:27.932156185Z	77.26	8.814	38.11	1.07	3.81	cassandra-001	38.11
95.32	1.07	77	2018-08-17T19:54:34.938902118Z	77.26	9.83	38.11	1.01	2.47	cassandra-001	38.11
195.152	1.01	78	2018-08-17T19:54:41.947710919Z	77.26	20.041	38.11	1.35	2.46	cassandra-001	38.11
98.491	1.35	80	2018-08-17T19:54:48.956783241Z	77.26	8.522	38.11	1.3	2.5	cassandra-001	38.11
194.03	1.3	81	2018-08-17T19:54:55.96361667Z	77.26	19.55	38.11	9.15	2.5	cassandra-001	38.11
102.764	9.15	83	2018-08-17T19:55:02.971316436Z	77.26	10.276	38.11	1.26	3.85	cassandra-001	38.11
106.716	1.26	84	2018-08-17T19:55:09.977757596Z	77.26	12.255	38.11	1.09	2.52	cassandra-001	38.11
214.088	1.09	86	2018-08-17T19:55:16.983625373Z	77.27	21.474	38.11	1.05	2.53	cassandra-001	38.11
108.506	1.05	87	2018-08-17T19:55:23.990621212Z	77.27	10.512	38.11	1.14	2.53	cassandra-001	38.11
218.113	1.14	89	2018-08-17T19:55:30.997998727Z	77.24	18.924	38.08	11.44	2.5	cassandra-001	38.08
106.366	11.44	90	2018-08-17T19:55:38.007170504Z	77.24	8.478	38.08	1.11	4.19	cassandra-001	38.08
109.981	1.11	92	2018-08-17T19:55:45.018211671Z	77.24	9.467	38.08	1.07	2.85	cassandra-001	38.08
228.398	1.07	93	2018-08-17T19:55:52.02454127Z	77.24	20.98	38.08	1.11	2.82	cassandra-001	38.08
116.491	1.11	94	2018-08-17T19:55:59.034378653Z	77.25	9.374	38.08	1.07	2.82	cassandra-001	38.08
234.827	1.07	96	2018-08-17T19:56:06.040890448Z	77.25	19.486	38.08	11.32	2.82	cassandra-001	38.08
118.553	11.32	97	2018-08-17T19:56:13.048122884Z	77.25	10.415	38.08	1.11	4.52	cassandra-001	38.08
162.236	1.11	98	2018-08-17T19:56:20.059580552Z	77.25	13.914	38.08	3.17	2.8	cassandra-001	38.08
206.843	3.17	100	2018-08-17T19:56:27.069957907Z	77.25	22.056	38.08	1.08	3.14	cassandra-001	38.08
121.612	1.08	101	2018-08-17T19:56:34.079582894Z	77.25	11.8	38.08	1.08	3.14	cassandra-001	38.08
251.341	1.08	102	2018-08-17T19:56:41.086615677Z	77.25	25.908	38.08	6.56	3.14	cassandra-001	38.08
124.031	6.56	104	2018-08-17T19:56:48.094396606Z	77.25	10.888	38.08	1.15	4.05	cassandra-001	38.08
244.717	1.15	105	2018-08-17T19:56:55.100713863Z	77.25	22.996	38.08	9.13	2.36	cassandra-001	38.08
149.035	9.13	106	2018-08-17T19:57:02.109038309Z	77.25	14.458	38.08	1.17	3.69	cassandra-001	38.08
134.335	1.17	107	2018-08-17T19:57:09.116345371Z	77.25	14.173	38.08	1.98	3.36	cassandra-001	38.08
273.652	1.98	109	2018-08-17T19:57:16.123769101Z	77.25	28.478	38.08	2.78	3.51	cassandra-001	38.08
137.731	2.78	110	2018-08-17T19:57:23.130684221Z	77.25	16.852	38.08	1.09	3.79	cassandra-001	38.08
273.823	1.09	111	2018-08-17T19:57:30.136476182Z	77.25	28.278	38.08	11.8	2.88	cassandra-001	38.08
141.083	11.8	112	2018-08-17T19:57:37.145660706Z	77.26	15.188	38.08	1.21	4.66	cassandra-001	38.08
137.41	1.21	113	2018-08-17T19:57:44.153462788Z	77.25	13.669	38.08	1.07	3.34	cassandra-001	38.08
282.003	1.07	115	2018-08-17T19:57:51.160684171Z	77.26	24.5	38.08	1.09	3.32	cassandra-001	38.08
141.512	1.09	116	2018-08-17T19:57:58.166824472Z	77.26	11.332	38.08	1.1	3.17	cassandra-001	38.08
288.863	1.1	117	2018-08-17T19:58:05.173940532Z	77.26	22.478	38.08	13.75	2.89	cassandra-001	38.08
145.783	13.75	118	2018-08-17T19:58:12.180165501Z	77.26	12.809	38.08	1.35	5.0	cassandra-001	38.08
147.791	1.35	119	2018-08-17T19:58:19.186590469Z	77.26	11.212	38.08	1.26	3.26	cassandra-001	38.08
300.812	1.26	120	2018-08-17T19:58:26.194871141Z	77.26	31.214	38.08	1.01	3.27	cassandra-001	38.08
151.607	1.01	122	2018-08-17T19:58:33.20220652Z	77.26	15.184	38.08	1.15	3.26	cassandra-001	38.08
301.772	1.15	123	2018-08-17T19:58:40.210972118Z	77.26	31.555	38.08	13.58	3.27	cassandra-001	38.08
157.121	13.58	124	2018-08-17T19:58:47.217728103Z	77.26	17.678	38.08	1.09	5.35	cassandra-001	38.08
158.177	1.09	125	2018-08-17T19:58:54.225740759Z	77.26	16.186	38.08	1.09	3.24	cassandra-001	38.08
316.253	1.09	126	2018-08-17T19:59:01.2347799Z	77.27	30.114	38.08	0.98	3.2	cassandra-001	38.08
158.651	0.98	127	2018-08-17T19:59:08.243721576Z	77.26	15.05	38.08	1.22	3.15	cassandra-001	38.08
326.123	1.22	128	2018-08-17T19:59:15.253905694Z	77.26	37.477	38.07	13.55	3.18	cassandra-001	38.07
164.502	13.55	129	2018-08-17T19:59:22.261745661Z	77.25	19.352	38.07	1.1	5.25	cassandra-001	38.07
165.176	1.1	131	2018-08-17T19:59:29.273334956Z	77.26	18.626	38.07	1.21	3.17	cassandra-001	38.07
329.891	1.21	132	2018-08-17T19:59:36.280149514Z	77.26	32.182	38.07	1.13	3.19	cassandra-001	38.07
163.137	1.13	133	2018-08-17T19:59:43.287402976Z	77.26	14.849	38.07	1.22	3.2	cassandra-001	38.07
334.395	1.22	134	2018-08-17T19:59:50.29531424Z	77.26	33.104	38.07	12.62	3.24	cassandra-001	38.07
166.26	12.62	135	2018-08-17T19:59:57.307367534Z	77.26	12.684	38.07	1.25	5.14	cassandra-001	38.07
166.498	1.25	136	2018-08-17T20:00:04.316541892Z	77.26	11.852	38.07	1.07	3.09	cassandra-001	38.07
334.476	1.07	137	2018-08-17T20:00:11.323620228Z	77.26	25.775	38.07	1.12	3.08	cassandra-001	38.07
170.261	1.12	138	2018-08-17T20:00:18.331330269Z	77.27	15.072	38.07	0.96	3.07	cassandra-001	38.07
344.626	0.96	139	2018-08-17T20:00:25.338755649Z	77.27	31.674	38.07	13.22	3.04	cassandra-001	38.07
173.705	13.22	140	2018-08-17T20:00:32.346084865Z	77.27	14.662	38.07	1.07	5.04	cassandra-001	38.07
174.204	1.07	141	2018-08-17T20:00:39.354392409Z	77.27	13.803	38.07	2.21	3.12	cassandra-001	38.07
352.958	2.21	142	2018-08-17T20:00:46.362600231Z	77.27	30.84	38.07	2.86	3.28	cassandra-001	38.07
176.854	2.86	143	2018-08-17T20:00:53.370604595Z	77.27	15.07	38.07	1.26	3.57	cassandra-001	38.07
360.104	1.26	144	2018-08-17T20:01:00.388064957Z	77.27	34.64	38.07	14.82	3.6	cassandra-001	38.07
181.343	14.82	145	2018-08-17T20:01:07.396026591Z	77.27	18.356	38.07	1.18	5.91	cassandra-001	38.07
184.431	1.18	146	2018-08-17T20:01:14.407397636Z	77.27	20.665	38.07	1.18	3.9	cassandra-001	38.07
367.428	1.18	147	2018-08-17T20:01:21.416632937Z	77.28	40.802	38.07	1.09	3.92	cassandra-001	38.07
183.152	1.09	148	2018-08-17T20:01:28.425146112Z	77.27	18.104	38.07	1.16	3.73	cassandra-001	38.07
375.165	1.16	149	2018-08-17T20:01:35.435357875Z	77.28	38.252	38.07	14.85	3.45	cassandra-001	38.07
187.693	14.85	150	2018-08-17T20:01:42.442202853Z	77.28	19.713	38.07	1.06	5.71	cassandra-001	38.07
190.151	1.06	151	2018-08-17T20:01:49.448977858Z	77.28	18.248	38.07	1.22	3.42	cassandra-001	38.07
372.339	1.22	152	2018-08-17T20:01:56.456507103Z	77.28	41.63	38.07	1.07	3.43	cassandra-001	38.07
194.783	1.07	153	2018-08-17T20:02:03.466700521Z	77.28	22.326	38.07	1.08	3.41	cassandra-001	38.07
383.619	1.08	154	2018-08-17T20:02:10.473219047Z	77.28	39.067	38.07	16.91	3.41	cassandra-001	38.07
187.669	16.91	155	2018-08-17T20:02:17.479798012Z	77.28	15.976	38.07	1.08	6.03	cassandra-001	38.07
197.665	1.08	156	2018-08-17T20:02:24.486027778Z	77.28	22.14	38.07	1.07	3.74	cassandra-001	38.07
391.861	1.07	157	2018-08-17T20:02:31.492765008Z	77.29	36.65	38.07	1.12	3.74	cassandra-001	38.07
196.029	1.12	158	2018-08-17T20:02:38.500528096Z	77.29	19.354	38.07	1.07	3.72	cassandra-001	38.07
397.183	1.07	159	2018-08-17T20:02:45.506908208Z	77.29	40.515	38.07	15.49	3.72	cassandra-001	38.07
199.329	15.49	160	2018-08-17T20:02:52.513554428Z	77.29	18.284	38.07	1.27	6.12	cassandra-001	38.07
198.117	1.27	161	2018-08-17T20:02:59.522380346Z	77.29	15.71	38.07	1.0	3.52	cassandra-001	38.07
403.532	1.0	161	2018-08-17T20:03:06.530392613Z	77.29	39.616	38.07	1.11	3.5	cassandra-001	38.07
202.191	1.11	162	2018-08-17T20:03:13.538042477Z	77.29	18.837	38.07	1.02	3.51	cassandra-001	38.07
407.798	1.02	163	2018-08-17T20:03:20.547192768Z	77.29	42.624	38.07	16.16	3.49	cassandra-001	38.07
205.582	16.16	164	2018-08-17T20:03:27.554637597Z	77.3	20.962	38.07	1.16	6.01	cassandra-001	38.07
208.692	1.16	165	2018-08-17T20:03:34.562017829Z	77.29	21.714	38.07	1.04	3.62	cassandra-001	38.07
416.68	1.04	166	2018-08-17T20:03:41.56859319Z	77.3	43.149	38.07	1.05	3.58	cassandra-001	38.07
207.697	1.05	167	2018-08-17T20:03:48.575825203Z	77.3	22.294	38.07	1.14	3.59	cassandra-001	38.07
421.465	1.14	168	2018-08-17T20:03:55.582488907Z	77.3	41.076	38.07	17.03	3.6	cassandra-001	38.07
211.248	17.03	168	2018-08-17T20:04:02.589153053Z	77.3	19.97	38.07	1.1	6.26	cassandra-001	38.07
215.16	1.1	169	2018-08-17T20:04:09.594416222Z	77.3	22.583	38.07	2.46	3.75	cassandra-001	38.07
420.023	2.46	170	2018-08-17T20:04:16.600594055Z	77.3	41.906	38.07	2.57	3.97	cassandra-001	38.07
213.37	2.57	171	2018-08-17T20:04:23.608347062Z	77.3	23.916	38.07	1.23	4.23	cassandra-001	38.07
434.052	1.23	172	2018-08-17T20:04:30.614414825Z	77.3	50.986	38.07	16.87	4.26	cassandra-001	38.07
221.492	16.87	173	2018-08-17T20:04:37.622982575Z	77.31	26.41	38.07	1.26	6.88	cassandra-001	38.07
220.33	1.26	173	2018-08-17T20:04:44.628805592Z	77.3	25.987	38.07	1.07	4.25	cassandra-001	38.07
439.406	1.07	174	2018-08-17T20:04:51.635665074Z	77.31	49.796	38.07	1.18	4.24	cassandra-001	38.07
218.221	1.18	175	2018-08-17T20:04:58.645229397Z	77.31	21.908	38.07	1.08	4.03	cassandra-001	38.07
446.159	1.08	176	2018-08-17T20:05:05.654174629Z	77.31	48.026	38.07	18.38	3.78	cassandra-001	38.07
221.341	18.38	177	2018-08-17T20:05:12.662351456Z	77.31	23.583	38.07	1.26	6.64	cassandra-001	38.07
222.965	1.26	178	2018-08-17T20:05:19.669123583Z	77.32	20.93	38.07	1.1	4.04	cassandra-001	38.07
450.09	1.1	178	2018-08-17T20:05:26.677993399Z	77.32	47.496	38.07	1.03	4.01	cassandra-001	38.07
221.694	1.03	179	2018-08-17T20:05:33.685292919Z	77.31	21.682	38.07	1.06	4.01	cassandra-001	38.07
452.056	1.06	180	2018-08-17T20:05:40.691852066Z	77.32	48.827	38.07	20.43	3.99	cassandra-001	38.07
223.156	20.43	181	2018-08-17T20:05:47.699166813Z	77.32	21.14	38.07	1.15	7.21	cassandra-001	38.07
229.62	1.15	182	2018-08-17T20:05:54.707938152Z	77.32	26.38	38.07	1.14	4.34	cassandra-001	38.07
459.769	1.14	183	2018-08-17T20:06:01.714649741Z	77.32	45.262	38.07	2.12	4.32	cassandra-001	38.07
230.457	2.12	183	2018-08-17T20:06:08.724700811Z	77.32	23.198	38.07	1.01	4.49	cassandra-001	38.07
463.934	1.01	184	2018-08-17T20:06:15.731007899Z	77.33	52.203	38.07	19.02	4.49	cassandra-001	38.07
231.076	19.02	185	2018-08-17T20:06:22.740839506Z	77.32	27.184	38.07	1.15	7.48	cassandra-001	38.07
231.094	1.15	186	2018-08-17T20:06:29.747123171Z	77.33	25.626	38.07	1.19	4.27	cassandra-001	38.07
471.662	1.19	187	2018-08-17T20:06:36.756550065Z	77.33	48.902	38.07	1.21	4.27	cassandra-001	38.07
234.976	1.21	187	2018-08-17T20:06:43.765834017Z	77.33	24.133	38.07	1.2	4.28	cassandra-001	38.07
469.812	1.2	188	2018-08-17T20:06:50.773569436Z	77.33	47.303	38.07	19.52	4.13	cassandra-001	38.07
238.636	19.52	189	2018-08-17T20:06:57.782024958Z	77.33	23.394	38.07	1.09	7.22	cassandra-001	38.07
235.418	1.09	190	2018-08-17T20:07:04.790017159Z	77.33	24.806	38.07	1.09	4.23	cassandra-001	38.07
486.848	1.09	191	2018-08-17T20:07:11.797196796Z	77.33	55.089	38.07	1.47	4.22	cassandra-001	38.07
243.256	1.47	191	2018-08-17T20:07:18.805404018Z	77.34	27.036	38.07	1.09	4.26	cassandra-001	38.07
483.935	1.09	192	2018-08-17T20:07:25.813769059Z	77.34	50.6	38.07	18.33	4.24	cassandra-001	38.07
243.786	18.33	193	2018-08-17T20:07:32.820985888Z	77.34	22.376	38.07	1.24	7.1	cassandra-001	38.07
246.069	1.24	194	2018-08-17T20:07:39.829425189Z	77.34	24.025	38.07	2.56	4.05	cassandra-001	38.07
486.994	2.56	195	2018-08-17T20:07:46.83812085Z	77.34	50.11	38.07	3.07	4.3	cassandra-001	38.07
245.322	3.07	195	2018-08-17T20:07:53.847548992Z	77.34	24.606	38.07	1.21	4.63	cassandra-001	38.07
485.729	1.21	196	2018-08-17T20:08:00.854373412Z	77.34	51.534	38.07	18.33	4.58	cassandra-001	38.07
249.937	18.33	197	2018-08-17T20:08:07.862027632Z	77.34	24.46	38.07	1.17	7.46	cassandra-001	38.07
245.132	1.17	198	2018-08-17T20:08:14.870197337Z	77.34	25.449	38.07	1.02	4.6	cassandra-001	38.07
496.095	1.02	198	2018-08-17T20:08:21.878718743Z	77.35	45.566	38.07	1.2	4.56	cassandra-001	38.07
254.9	1.2	199	2018-08-17T20:08:28.886598073Z	77.35	27.482	38.07	1.07	4.33	cassandra-001	38.07
501.877	1.07	200	2018-08-17T20:08:35.892786768Z	77.35	48.812	38.07	17.71	4.0	cassandra-001	38.07
254.48	17.71	201	2018-08-17T20:08:42.900048468Z	77.35	25.395	38.07	1.14	6.75	cassandra-001	38.07
250.906	1.14	201	2018-08-17T20:08:49.909263155Z	77.35	20.63	38.07	1.34	3.89	cassandra-001	38.07
502.216	1.34	202	2018-08-17T20:08:56.916617644Z	77.35	41.616	38.07	1.1	3.91	cassandra-001	38.07
252.393	1.1	203	2018-08-17T20:09:03.924477101Z	77.35	27.85	38.07	1.07	3.93	cassandra-001	38.07
507.594	1.07	204	2018-08-17T20:09:10.936322299Z	77.36	47.29	38.07	21.8	3.91	cassandra-001	38.07
256.971	21.8	204	2018-08-17T20:09:17.945441036Z	77.36	25.064	38.07	1.18	7.36	cassandra-001	38.07
256.927	1.18	205	2018-08-17T20:09:24.952700761Z	77.36	23.348	38.07	1.02	4.61	cassandra-001	38.07
522.759	1.02	206	2018-08-17T20:09:31.961846932Z	77.36	61.73	38.07	1.32	4.59	cassandra-001	38.07
262.819	1.32	207	2018-08-17T20:09:38.971810566Z	77.36	30.924	38.07	1.07	4.58	cassandra-001	38.07
525.326	1.07	207	2018-08-17T20:09:45.978925907Z	77.36	63.167	38.07	19.89	4.58	cassandra-001	38.07
261.84	19.89	208	2018-08-17T20:09:52.990642001Z	77.36	31.148	38.07	1.1	7.71	cassandra-001	38.07
269.003	1.1	209	2018-08-17T20:09:59.998604456Z	77.37	32.098	38.07	1.18	4.26	cassandra-001	38.07
522.173	1.18	210	2018-08-17T20:10:07.007221164Z	77.37	63.034	38.07	1.14	4.26	cassandra-001	38.07
262.404	1.14	210	2018-08-17T20:10:14.015428442Z	77.37	32.295	38.07	1.14	4.28	cassandra-001	38.07
533.012	1.14	211	2018-08-17T20:10:21.024315733Z	77.37	63.468	38.07	19.61	4.25	cassandra-001	38.07
269.399	19.61	212	2018-08-17T20:10:28.033136252Z	77.38	31.912	38.07	1.18	7.34	cassandra-001	38.07
268.226	1.18	212	2018-08-17T20:10:35.041313926Z	77.37	33.007	38.07	1.17	4.23	cassandra-001	38.07
540.268	1.17	213	2018-08-17T20:10:42.04766826Z	77.38	58.753	38.05	1.17	4.24	cassandra-001	38.08
268.485	1.17	214	2018-08-17T20:10:49.055234841Z	77.38	25.364	38.08	1.13	4.24	cassandra-001	38.08
537.286	1.13	215	2018-08-17T20:10:56.06391195Z	77.36	50.912	38.06	22.4	4.23	cassandra-001	38.06
269.748	22.4	215	2018-08-17T20:11:03.073365926Z	77.36	23.766	38.06	1.14	7.78	cassandra-001	38.06
265.684	1.14	216	2018-08-17T20:11:10.084124373Z	77.37	19.911	38.06	2.12	4.7	cassandra-001	38.06
542.099	2.12	217	2018-08-17T20:11:17.091887512Z	77.37	59.596	38.06	1.09	4.86	cassandra-001	38.06
270.825	1.09	217	2018-08-17T20:11:24.099087265Z	77.37	30.286	38.06	1.0	4.84	cassandra-001	38.06
549.197	1.0	218	2018-08-17T20:11:31.105553363Z	77.37	57.667	38.06	12.08	4.81	cassandra-001	38.06
276.001	12.08	219	2018-08-17T20:11:38.115649161Z	77.37	29.995	38.06	1.07	6.64	cassandra-001	38.06
410.898	1.07	220	2018-08-17T20:11:45.125150684Z	77.39	37.119	38.08	10.3	3.08	cassandra-001	38.08
400.783	10.3	220	2018-08-17T20:11:52.131476187Z	77.4	37.024	38.08	1.11	4.61	cassandra-001	38.08
273.168	1.11	221	2018-08-17T20:11:59.139876369Z	77.4	25.744	38.08	1.19	4.44	cassandra-001	38.08
547.278	1.19	222	2018-08-17T20:12:06.146888358Z	77.4	50.814	38.08	8.4	4.46	cassandra-001	38.08
277.512	8.4	222	2018-08-17T20:12:13.154064455Z	77.4	29.069	38.08	1.14	5.69	cassandra-001	38.08
556.045	1.14	223	2018-08-17T20:12:20.160664474Z	77.4	52.398	38.08	20.7	3.87	cassandra-001	38.08
274.447	20.7	224	2018-08-17T20:12:27.167205536Z	77.4	21.676	38.08	1.1	7.14	cassandra-001	38.08
275.362	1.1	224	2018-08-17T20:12:34.17600149Z	77.4	22.152	38.08	1.22	5.61	cassandra-001	38.08
568.467	1.22	225	2018-08-17T20:12:41.187435049Z	77.41	56.183	38.08	0.95	5.63	cassandra-001	38.08
284.057	0.95	226	2018-08-17T20:12:48.194172187Z	77.41	28.58	38.08	1.09	5.59	cassandra-001	38.08
568.217	1.09	226	2018-08-17T20:12:55.203521171Z	77.41	52.526	38.08	20.44	4.37	cassandra-001	38.08
288.491	20.44	227	2018-08-17T20:13:02.212514066Z	77.41	29.49	38.08	0.93	7.58	cassandra-001	38.08
288.451	0.93	228	2018-08-17T20:13:09.218634999Z	77.41	26.982	38.08	1.05	4.29	cassandra-001	38.08
573.162	1.05	229	2018-08-17T20:13:16.22699162Z	77.41	54.227	38.07	2.7	4.28	cassandra-001	38.07
285.436	2.7	229	2018-08-17T20:13:23.236366044Z	77.41	29.12	38.07	1.13	4.53	cassandra-001	38.07
572.986	1.13	230	2018-08-17T20:13:30.243046084Z	77.41	62.12	38.07	23.16	4.56	cassandra-001	38.07
291.221	23.16	231	2018-08-17T20:13:37.249779475Z	77.41	32.274	38.07	1.28	8.24	cassandra-001	38.07
290.651	1.28	231	2018-08-17T20:13:44.257098187Z	77.42	28.881	38.08	1.2	5.04	cassandra-001	38.08
583.114	1.2	232	2018-08-17T20:13:51.263381415Z	77.43	57.802	38.06	1.08	5.09	cassandra-001	38.09
290.961	1.08	232	2018-08-17T20:13:58.270840955Z	77.43	30.029	38.09	1.09	5.09	cassandra-001	38.09
589.686	1.09	233	2018-08-17T20:14:05.279633912Z	77.43	60.124	38.09	27.53	4.82	cassandra-001	38.09
292.832	27.53	234	2018-08-17T20:14:12.287092665Z	77.44	29.817	38.09	1.45	9.22	cassandra-001	38.09
294.446	1.45	234	2018-08-17T20:14:19.296565922Z	77.44	28.286	38.09	1.03	5.61	cassandra-001	38.09
590.892	1.03	235	2018-08-17T20:14:26.303296233Z	77.44	56.73	38.09	1.02	5.56	cassandra-001	38.09
298.605	1.02	236	2018-08-17T20:14:33.313189172Z	77.47	29.038	38.12	1.19	5.53	cassandra-001	38.12
590.989	1.19	236	2018-08-17T20:14:40.321235178Z	77.48	54.379	38.1	22.23	5.55	cassandra-001	38.12
294.848	22.23	237	2018-08-17T20:14:47.330762708Z	77.48	28.074	38.12	1.07	9.08	cassandra-001	38.12
301.61	1.07	238	2018-08-17T20:14:54.339716946Z	77.48	31.136	38.12	1.18	4.67	cassandra-001	38.12
594.168	1.18	238	2018-08-17T20:15:01.34776105Z	77.48	63.156	38.12	1.05	4.62	cassandra-001	38.12
298.127	1.05	239	2018-08-17T20:15:08.356019076Z	77.48	35.32	38.12	1.01	4.62	cassandra-001	38.12
595.93	1.01	240	2018-08-17T20:15:15.363600525Z	77.49	67.893	38.12	22.97	4.62	cassandra-001	38.12
300.268	22.97	240	2018-08-17T20:15:22.36995775Z	77.51	34.25	38.14	1.03	8.25	cassandra-001	38.14
305.959	1.03	241	2018-08-17T20:15:29.37985199Z	77.51	31.148	38.12	1.05	4.72	cassandra-001	38.14
610.122	1.05	242	2018-08-17T20:15:36.38957159Z	77.51	62.282	38.14	1.08	4.72	cassandra-001	38.14
301.986	1.08	242	2018-08-17T20:15:43.397062309Z	77.51	36.031	38.14	1.13	4.7	cassandra-001	38.14
609.507	1.13	243	2018-08-17T20:15:50.403948507Z	77.51	57.516	38.14	22.08	4.71	cassandra-001	38.14
302.14	22.08	243	2018-08-17T20:15:57.410319129Z	77.52	23.966	38.14	1.07	8.22	cassandra-001	38.14
304.352	1.07	244	2018-08-17T20:16:04.418001858Z	77.51	27.332	38.14	1.12	4.57	cassandra-001	38.14
605.84	1.12	245	2018-08-17T20:16:11.424743228Z	77.52	61.025	38.14	1.08	4.59	cassandra-001	38.14
303.829	1.08	245	2018-08-17T20:16:18.431075164Z	77.52	25.404	38.14	1.17	4.59	cassandra-001	38.14
615.565	1.17	246	2018-08-17T20:16:25.438165116Z	77.52	67.506	38.14	23.65	4.61	cassandra-001	38.14
308.788	23.65	247	2018-08-17T20:16:32.446896405Z	77.52	27.014	38.14	1.12	8.36	cassandra-001	38.14
305.364	1.12	247	2018-08-17T20:16:39.454168672Z	77.53	34.643	38.12	1.22	4.87	cassandra-001	38.15
619.965	1.22	248	2018-08-17T20:16:46.461799217Z	77.53	67.016	38.15	4.02	4.89	cassandra-001	38.15
313.257	4.02	248	2018-08-17T20:16:53.473329022Z	77.53	32.61	38.15	1.18	5.38	cassandra-001	38.15
627.367	1.18	249	2018-08-17T20:17:00.480839326Z	77.54	60.494	38.15	26.93	5.39	cassandra-001	38.15
306.911	26.93	250	2018-08-17T20:17:07.487652077Z	77.54	24.848	38.15	1.06	9.69	cassandra-001	38.15
310.212	1.06	250	2018-08-17T20:17:14.494551198Z	77.54	24.953	38.15	1.2	5.92	cassandra-001	38.15
631.764	1.2	251	2018-08-17T20:17:21.50141934Z	77.54	61.76	38.15	1.03	5.94	cassandra-001	38.15
314.271	1.03	251	2018-08-17T20:17:28.51108158Z	77.54	30.642	38.15	1.19	5.9	cassandra-001	38.15
631.063	1.19	252	2018-08-17T20:17:35.521447753Z	77.55	60.056	38.15	25.42	5.43	cassandra-001	38.15
315.682	25.42	253	2018-08-17T20:17:42.528018809Z	77.55	27.209	38.15	1.18	9.47	cassandra-001	38.15
316.466	1.18	253	2018-08-17T20:17:49.534540995Z	77.55	31.658	38.15	1.13	5.18	cassandra-001	38.15
636.939	1.13	254	2018-08-17T20:17:56.542094785Z	77.55	57.56	38.15	1.2	5.19	cassandra-001	38.15
318.118	1.2	254	2018-08-17T20:18:03.549256323Z	77.55	30.984	38.15	1.16	5.19	cassandra-001	38.15
638.736	1.16	255	2018-08-17T20:18:10.558638309Z	77.55	61.439	38.15	24.49	5.21	cassandra-001	38.15
319.426	24.49	256	2018-08-17T20:18:17.566915689Z	77.56	31.868	38.15	1.16	9.1	cassandra-001	38.15
316.456	1.16	256	2018-08-17T20:18:24.576136332Z	77.55	25.994	38.15	1.22	5.05	cassandra-001	38.15
633.798	1.22	257	2018-08-17T20:18:31.582840253Z	77.56	65.042	38.15	1.05	5.06	cassandra-001	38.15
320.215	1.05	257	2018-08-17T20:18:38.591646429Z	77.56	28.158	38.15	1.25	5.05	cassandra-001	38.15
645.181	1.25	258	2018-08-17T20:18:45.600826583Z	77.56	57.767	38.15	27.32	5.06	cassandra-001	38.15
323.586	27.32	259	2018-08-17T20:18:52.607065186Z	77.56	31.748	38.15	1.13	9.42	cassandra-001	38.15
325.512	1.13	259	2018-08-17T20:18:59.618841769Z	77.57	30.164	38.15	1.18	5.52	cassandra-001	38.15
660.406	1.18	260	2018-08-17T20:19:06.627342945Z	77.57	68.102	38.15	1.21	5.53	cassandra-001	38.15
329.857	1.21	260	2018-08-17T20:19:13.634003862Z	77.57	35.733	38.15	1.29	5.52	cassandra-001	38.15
655.848	1.29	261	2018-08-17T20:19:20.642189211Z	77.57	76.998	38.15	27.9	5.56	cassandra-001	38.15
330.851	27.9	262	2018-08-17T20:19:27.649274961Z	77.57	36.512	38.15	1.06	10.01	cassandra-001	38.15
326.593	1.06	262	2018-08-17T20:19:34.656559311Z	77.57	35.522	38.15	1.31	5.63	cassandra-001	38.15
660.769	1.31	263	2018-08-17T20:19:41.669641242Z	77.58	70.343	38.15	1.14	5.66	cassandra-001	38.15
332.07	1.14	263	2018-08-17T20:19:48.676468744Z	77.58	32.868	38.15	1.16	5.65	cassandra-001	38.15
661.765	1.16	264	2018-08-17T20:19:55.682216025Z	77.58	74.316	38.15	25.48	5.64	cassandra-001	38.15
337.468	25.48	264	2018-08-17T20:20:02.690506429Z	77.58	39.692	38.15	1.13	9.68	cassandra-001	38.15
334.069	1.13	265	2018-08-17T20:20:09.69670163Z	77.58	36.563	38.15	2.27	5.21	cassandra-001	38.15
670.151	2.27	266	2018-08-17T20:20:16.702638555Z	77.59	62.276	38.15	3.29	5.42	cassandra-001	38.15
331.242	3.29	266	2018-08-17T20:20:23.710181849Z	77.59	37.302	38.15	1.25	5.75	cassandra-001	38.15
673.261	1.25	267	2018-08-17T20:20:30.716345834Z	77.59	78.036	38.15	25.37	5.76	cassandra-001	38.15
340.495	25.37	267	2018-08-17T20:20:37.723746015Z	77.59	38.45	38.15	1.21	9.8	cassandra-001	38.15
337.746	1.21	268	2018-08-17T20:20:44.730214151Z	77.59	37.103	38.15	1.28	5.75	cassandra-001	38.15
679.911	1.28	269	2018-08-17T20:20:51.73673316Z	77.6	79.922	38.15	1.0	5.78	cassandra-001	38.15
344.555	1.0	269	2018-08-17T20:20:58.742926609Z	77.6	38.74	38.15	1.17	5.57	cassandra-001	38.15
686.311	1.17	270	2018-08-17T20:21:05.752637463Z	77.6	77.004	38.15	24.07	5.21	cassandra-001	38.15
345.477	24.07	270	2018-08-17T20:21:12.760778801Z	77.6	41.339	38.15	1.15	9.02	cassandra-001	38.15
340.547	1.15	271	2018-08-17T20:21:19.766998618Z	77.6	37.406	38.15	1.21	4.98	cassandra-001	38.15
684.534	1.21	271	2018-08-17T20:21:26.775582228Z	77.61	72.264	38.15	1.31	4.98	cassandra-001	38.15
337.544	1.31	272	2018-08-17T20:21:33.782554811Z	77.61	29.578	38.15	1.16	4.99	cassandra-001	38.15
679.624	1.16	273	2018-08-17T20:21:40.791104831Z	77.61	60.303	38.15	24.55	5.01	cassandra-001	38.15
342.648	24.55	273	2018-08-17T20:21:47.799425985Z	77.61	30.462	38.15	1.12	8.91	cassandra-001	38.15
340.486	1.12	274	2018-08-17T20:21:54.80750422Z	77.61	27.386	38.15	1.33	5.08	cassandra-001	38.15
686.607	1.33	274	2018-08-17T20:22:01.813963023Z	77.61	69.054	38.15	1.11	5.11	cassandra-001	38.15
345.339	1.11	275	2018-08-17T20:22:08.820642193Z	77.69	33.418	38.15	1.07	5.1	cassandra-001	38.15
690.753	1.07	275	2018-08-17T20:22:15.827162582Z	77.69	66.637	38.15	26.95	5.06	cassandra-001	38.15
346.674	26.95	276	2018-08-17T20:22:22.833835128Z	77.7	35.424	38.15	1.18	9.36	cassandra-001	38.15
346.208	1.18	276	2018-08-17T20:22:29.840903599Z	77.7	34.394	38.15	1.17	5.46	cassandra-001	38.15
690.107	1.17	277	2018-08-17T20:22:36.851350092Z	77.7	65.752	38.15	1.15	5.47	cassandra-001	38.15
347.443	1.15	278	2018-08-17T20:22:43.860115487Z	77.7	34.195	38.15	1.09	5.44	cassandra-001	38.15
697.285	1.09	278	2018-08-17T20:22:50.868476553Z	77.7	73.024	38.15	31.6	5.44	cassandra-001	38.15
347.182	31.6	279	2018-08-17T20:22:57.878425278Z	77.7	30.42	38.15	1.18	10.52	cassandra-001	38.15
347.007	1.18	279	2018-08-17T20:23:04.887483152Z	77.7	40.716	38.15	1.31	6.23	cassandra-001	38.15
707.559	1.31	280	2018-08-17T20:23:11.899053663Z	77.7	83.701	38.15	1.6	6.25	cassandra-001	38.15
357.267	1.6	280	2018-08-17T20:23:18.910178678Z	77.71	38.788	38.15	1.16	6.32	cassandra-001	38.15
713.915	1.16	281	2018-08-17T20:23:25.918863315Z	77.71	70.316	38.15	30.11	6.32	cassandra-001	38.15
355.972	30.11	281	2018-08-17T20:23:32.928140102Z	77.71	35.382	38.15	1.11	11.16	cassandra-001	38.15
357.282	1.11	282	2018-08-17T20:23:39.934710317Z	77.71	38.655	38.15	2.02	6.08	cassandra-001	38.15
720.382	2.02	282	2018-08-17T20:23:46.946410607Z	77.72	76.756	38.15	4.15	6.22	cassandra-001	38.15
355.074	4.15	283	2018-08-17T20:23:53.956835527Z	77.72	32.504	38.15	1.17	6.69	cassandra-001	38.15
707.226	1.17	284	2018-08-17T20:24:00.967166098Z	77.72	63.41	38.15	27.12	6.62	cassandra-001	38.15
352.434	27.12	284	2018-08-17T20:24:07.974725522Z	77.72	34.444	38.15	1.04	10.95	cassandra-001	38.15
350.99	1.04	285	2018-08-17T20:24:14.983836666Z	77.72	33.519	38.15	1.14	6.1	cassandra-001	38.15
716.294	1.14	285	2018-08-17T20:24:21.991409724Z	77.72	64.412	38.15	1.09	6.11	cassandra-001	38.15
355.434	1.09	286	2018-08-17T20:24:29.001330039Z	77.72	36.014	38.15	0.99	5.95	cassandra-001	38.15
708.096	0.99	286	2018-08-17T20:24:36.012980864Z	77.73	63.012	38.15	30.45	5.43	cassandra-001	38.15
357.109	30.45	287	2018-08-17T20:24:43.023542271Z	77.73	31.855	38.15	1.21	10.31	cassandra-001	38.15
356.433	1.21	287	2018-08-17T20:24:50.033266674Z	77.73	27.882	38.15	1.27	5.99	cassandra-001	38.15
713.067	1.27	288	2018-08-17T20:24:57.039550929Z	77.73	55.896	38.15	1.16	6.03	cassandra-001	38.15
359.063	1.16	288	2018-08-17T20:25:04.048302463Z	77.73	30.284	38.15	1.13	6.03	cassandra-001	38.15
723.776	1.13	289	2018-08-17T20:25:11.055567046Z	77.74	64.659	38.15	24.5	6.04	cassandra-001	38.15
357.329	24.5	290	2018-08-17T20:25:18.062731707Z	77.74	31.234	38.15	1.13	9.95	cassandra-001	38.15
359.963	1.13	290	2018-08-17T20:25:25.069652906Z	77.74	30.706	38.15	1.28	5.07	cassandra-001	38.15
728.511	1.28	291	2018-08-17T20:25:32.076342138Z	77.75	71.68	38.15	1.33	5.08	cassandra-001	38.15
364.757	1.33	291	2018-08-17T20:25:39.083116406Z	77.75	35.616	38.15	1.06	5.09	cassandra-001	38.15
737.498	1.06	292	2018-08-17T20:25:46.092648733Z	77.75	72.643	38.15	30.04	5.07	cassandra-001	38.15
370.412	30.04	292	2018-08-17T20:25:53.099559638Z	77.75	41.621	38.15	1.19	9.89	cassandra-001	38.15
433.332	1.19	293	2018-08-17T20:26:00.109132998Z	77.75	41.853	38.15	5.33	6.01	cassandra-001	38.15
669.066	5.33	293	2018-08-17T20:26:07.119072319Z	77.75	62.801	38.15	1.35	6.71	cassandra-001	38.15
371.727	1.35	294	2018-08-17T20:26:14.125145925Z	77.76	40.815	38.15	1.15	6.72	cassandra-001	38.15
735.816	1.15	294	2018-08-17T20:26:21.132742126Z	77.76	68.708	38.15	24.44	6.69	cassandra-001	38.15
377.183	24.44	295	2018-08-17T20:26:28.14001878Z	77.76	44.366	38.15	1.23	10.58	cassandra-001	38.15
552.332	1.23	295	2018-08-17T20:26:35.150755026Z	77.76	62.739	38.15	11.79	5.78	cassandra-001	38.15
562.842	11.79	296	2018-08-17T20:26:42.160680102Z	77.77	64.404	38.15	1.33	7.55	cassandra-001	38.15
370.715	1.33	296	2018-08-17T20:26:49.169661649Z	77.76	43.824	38.15	1.17	6.88	cassandra-001	38.15
757.59	1.17	297	2018-08-17T20:26:56.177919459Z	77.77	85.734	38.15	10.23	6.85	cassandra-001	38.15
379.718	10.23	297	2018-08-17T20:27:03.188848562Z	77.77	43.718	38.15	1.23	8.37	cassandra-001	38.15
704.019	1.23	298	2018-08-17T20:27:10.198488826Z	77.77	81.382	38.15	20.71	4.5	cassandra-001	38.15
431.158	20.71	299	2018-08-17T20:27:17.206254791Z	77.77	46.167	38.15	1.21	7.74	cassandra-001	38.15
381.477	1.21	299	2018-08-17T20:27:24.215279112Z	77.78	43.216	38.15	1.28	5.98	cassandra-001	38.15
759.112	1.28	300	2018-08-17T20:27:31.222027815Z	77.78	86.484	38.15	1.21	5.97	cassandra-001	38.15
384.361	1.21	300	2018-08-17T20:27:38.231424895Z	77.78	47.664	38.15	1.18	5.98	cassandra-001	38.15
757.832	1.18	301	2018-08-17T20:27:45.238661975Z	77.78	83.011	38.15	27.3	4.47	cassandra-001	38.15
384.013	27.3	301	2018-08-17T20:27:52.24869398Z	77.78	47.782	38.15	1.52	8.82	cassandra-001	38.15
375.75	1.52	302	2018-08-17T20:27:59.257567746Z	77.78	42.964	38.15	1.14	5.62	cassandra-001	38.15
758.288	1.14	302	2018-08-17T20:28:06.26523869Z	77.79	76.74	38.15	1.28	5.61	cassandra-001	38.15
383.17	1.28	303	2018-08-17T20:28:13.275488738Z	77.79	40.719	38.15	1.19	5.61	cassandra-001	38.15
769.753	1.19	303	2018-08-17T20:28:20.283635525Z	77.79	87.128	38.15	25.6	5.6	cassandra-001	38.15
376.309	25.6	304	2018-08-17T20:28:27.294242732Z	77.79	39.452	38.15	1.08	9.67	cassandra-001	38.15
379.839	1.08	304	2018-08-17T20:28:34.303801913Z	77.8	36.046	38.15	1.13	5.3	cassandra-001	38.15
761.196	1.13	305	2018-08-17T20:28:41.316075418Z	77.8	67.643	38.15	10.61	5.24	cassandra-001	38.15
383.33	10.61	305	2018-08-17T20:28:48.32372398Z	77.8	40.032	38.15	1.1	6.82	cassandra-001	38.15
767.223	1.1	306	2018-08-17T20:28:55.331021564Z	77.8	82.044	38.15	29.43	6.79	cassandra-001	38.15
384.259	29.43	306	2018-08-17T20:29:02.339665515Z	77.81	36.692	38.15	1.14	11.49	cassandra-001	38.15
381.985	1.14	307	2018-08-17T20:29:09.34655054Z	77.8	33.92	38.15	1.04	7.42	cassandra-001	38.15
768.281	1.04	307	2018-08-17T20:29:16.352775206Z	77.81	73.515	38.15	3.48	7.41	cassandra-001	38.15
382.331	3.48	308	2018-08-17T20:29:23.361666832Z	77.81	31.306	38.15	1.24	7.8	cassandra-001	38.15
769.467	1.24	308	2018-08-17T20:29:30.370496558Z	77.81	69.0	38.15	29.48	6.24	cassandra-001	38.15
388.451	29.48	309	2018-08-17T20:29:37.377279804Z	77.81	35.556	38.15	1.2	10.97	cassandra-001	38.15
380.854	1.2	309	2018-08-17T20:29:44.383997324Z	77.82	32.73	38.15	1.13	6.26	cassandra-001	38.15
774.023	1.13	310	2018-08-17T20:29:51.392892464Z	77.82	68.326	38.15	1.06	6.26	cassandra-001	38.15
390.936	1.06	310	2018-08-17T20:29:58.399273239Z	77.82	38.116	38.15	1.17	6.27	cassandra-001	38.15
784.317	1.17	311	2018-08-17T20:30:05.40541716Z	77.82	77.42	38.15	26.69	5.88	cassandra-001	38.15
396.112	26.69	311	2018-08-17T20:30:12.41173572Z	77.83	43.197	38.15	5.64	10.12	cassandra-001	38.15
392.301	5.64	312	2018-08-17T20:30:19.42039062Z	77.83	38.076	38.15	1.09	6.15	cassandra-001	38.15
790.844	1.09	312	2018-08-17T20:30:26.428329515Z	77.83	77.3	38.15	1.22	6.13	cassandra-001	38.15
394.152	1.22	313	2018-08-17T20:30:33.436254419Z	77.83	37.64	38.15	1.1	6.15	cassandra-001	38.15
781.728	1.1	313	2018-08-17T20:30:40.444090166Z	77.84	75.503	38.15	30.14	6.15	cassandra-001	38.15
393.802	30.14	314	2018-08-17T20:30:47.452912784Z	77.83	39.118	38.15	1.06	10.98	cassandra-001	38.15
391.078	1.06	314	2018-08-17T20:30:54.46146404Z	77.84	32.28	38.15	1.25	6.71	cassandra-001	38.15
791.173	1.25	315	2018-08-17T20:31:01.471694467Z	77.84	74.724	38.15	0.96	5.98	cassandra-001	38.15
397.7	0.96	315	2018-08-17T20:31:08.479374732Z	77.84	38.84	38.15	1.18	5.96	cassandra-001	38.15
785.145	1.18	316	2018-08-17T20:31:15.48703685Z	77.85	68.941	38.15	36.44	5.95	cassandra-001	38.15
393.805	36.44	316	2018-08-17T20:31:22.494277397Z	77.85	40.978	38.15	1.01	11.84	cassandra-001	38.15
393.676	1.01	317	2018-08-17T20:31:29.502579178Z	77.85	35.5	38.15	1.02	6.98	cassandra-001	38.15
798.634	1.02	317	2018-08-17T20:31:36.510161887Z	77.85	94.654	38.15	1.17	6.98	cassandra-001	38.15
403.638	1.17	318	2018-08-17T20:31:43.517661414Z	77.85	38.271	38.15	1.11	6.96	cassandra-001	38.15
794.912	1.11	318	2018-08-17T20:31:50.525443123Z	77.86	72.596	38.15	29.25	6.99	cassandra-001	38.15
393.77	29.25	319	2018-08-17T20:31:57.534179237Z	77.86	33.176	38.15	1.06	11.67	cassandra-001	38.15
394.384	1.06	319	2018-08-17T20:32:04.542883094Z	77.86	43.01	38.15	1.09	5.77	cassandra-001	38.15
808.426	1.09	320	2018-08-17T20:32:11.549224272Z	77.86	78.257	38.15	1.16	5.78	cassandra-001	38.15
407.479	1.16	320	2018-08-17T20:32:18.556774358Z	77.86	42.508	38.15	1.2	5.81	cassandra-001	38.15
812.769	1.2	321	2018-08-17T20:32:25.563521802Z	77.87	84.078	38.15	51.21	5.81	cassandra-001	38.15
408.793	51.21	321	2018-08-17T20:32:32.569447372Z	77.87	40.092	38.14	1.1	14.16	cassandra-001	38.14
402.323	1.1	321	2018-08-17T20:32:39.578570946Z	77.86	35.036	38.14	1.14	9.47	cassandra-001	38.14
807.376	1.14	322	2018-08-17T20:32:46.587577054Z	77.87	75.457	38.14	2.95	9.48	cassandra-001	38.14
399.992	2.95	322	2018-08-17T20:32:53.598743681Z	77.87	34.27	38.14	1.05	9.79	cassandra-001	38.14
799.156	1.05	323	2018-08-17T20:33:00.60817338Z	77.87	74.48	38.14	27.6	9.78	cassandra-001	38.14
402.309	27.6	323	2018-08-17T20:33:07.614562194Z	77.87	34.824	38.14	1.1	14.18	cassandra-001	38.14
402.534	1.1	324	2018-08-17T20:33:14.621572775Z	77.88	37.173	38.14	1.13	5.82	cassandra-001	38.14
823.965	1.13	324	2018-08-17T20:33:21.628187383Z	77.88	83.388	38.14	1.08	5.83	cassandra-001	38.14
416.075	1.08	325	2018-08-17T20:33:28.635423832Z	77.88	46.466	38.14	1.07	5.82	cassandra-001	38.14
826.499	1.07	325	2018-08-17T20:33:35.642471036Z	77.88	87.242	38.14	30.86	5.51	cassandra-001	38.14
410.688	30.86	326	2018-08-17T20:33:42.649585943Z	77.89	41.251	38.14	1.01	10.47	cassandra-001	38.14
410.671	1.01	326	2018-08-17T20:33:49.656150992Z	77.89	45.99	38.14	1.27	6.04	cassandra-001	38.14
826.087	1.27	327	2018-08-17T20:33:56.664974611Z	77.89	81.816	38.14	1.22	6.07	cassandra-001	38.14
416.186	1.22	327	2018-08-17T20:34:03.673375406Z	77.89	46.61	38.14	1.11	6.09	cassandra-001	38.14
833.955	1.11	328	2018-08-17T20:34:10.681450705Z	77.9	83.029	38.14	29.27	6.09	cassandra-001	38.14
412.997	29.27	328	2018-08-17T20:34:17.688287594Z	77.9	43.468	38.14	1.02	10.79	cassandra-001	38.14
409.727	1.02	329	2018-08-17T20:34:24.694679665Z	77.9	36.34	38.14	1.1	5.82	cassandra-001	38.14
826.959	1.1	329	2018-08-17T20:34:31.701333922Z	77.9	78.58	38.14	1.06	5.83	cassandra-001	38.14
415.96	1.06	330	2018-08-17T20:34:38.71059196Z	77.9	40.26	38.14	1.14	5.8	cassandra-001	38.14
832.055	1.14	330	2018-08-17T20:34:45.718196132Z	77.91	81.641	38.14	30.05	5.78	cassandra-001	38.14
415.809	30.05	331	2018-08-17T20:34:52.725136038Z	77.91	48.932	38.14	1.05	10.61	cassandra-001	38.14
408.153	1.05	331	2018-08-17T20:34:59.732410278Z	77.91	47.546	38.14	1.08	5.9	cassandra-001	38.14
832.3	1.08	331	2018-08-17T20:35:06.738929193Z	77.91	84.003	38.14	1.27	5.91	cassandra-001	38.14
417.655	1.27	332	2018-08-17T20:35:13.746088448Z	77.92	39.031	38.14	1.08	5.94	cassandra-001	38.14
826.762	1.08	332	2018-08-17T20:35:20.755319701Z	77.92	76.716	38.14	29.79	5.95	cassandra-001	38.14
412.999	29.79	333	2018-08-17T20:35:27.762694707Z	77.92	34.2	38.14	1.09	10.72	cassandra-001	38.14
416.97	1.09	333	2018-08-17T20:35:34.769727175Z	77.92	36.14	38.14	1.09	5.89	cassandra-001	38.14
835.992	1.09	334	2018-08-17T20:35:41.779498137Z	77.93	75.619	38.14	1.11	5.9	cassandra-001	38.14
424.282	1.11	334	2018-08-17T20:35:48.788335838Z	77.93	40.39	38.14	1.12	5.91	cassandra-001	38.14
842.417	1.12	335	2018-08-17T20:35:55.79745074Z	77.93	78.8	38.14	33.99	5.88	cassandra-001	38.14
418.995	33.99	335	2018-08-17T20:36:02.808870658Z	77.93	35.004	38.14	1.04	11.37	cassandra-001	38.14
418.275	1.04	336	2018-08-17T20:36:09.816354307Z	77.93	35.136	38.14	1.15	6.57	cassandra-001	38.14
833.694	1.15	336	2018-08-17T20:36:16.823115995Z	77.93	73.439	38.14	3.39	6.58	cassandra-001	38.14
418.797	3.39	337	2018-08-17T20:36:23.829943274Z	77.94	31.334	38.14	1.17	6.97	cassandra-001	38.14
834.639	1.17	337	2018-08-17T20:36:30.836678478Z	77.94	63.882	38.14	30.93	6.98	cassandra-001	38.14
419.997	30.93	337	2018-08-17T20:36:37.843850621Z	77.94	37.102	38.14	1.06	11.95	cassandra-001	38.14
421.792	1.06	338	2018-08-17T20:36:44.852633866Z	77.94	37.405	38.14	1.09	6.46	cassandra-001	38.14
848.746	1.09	338	2018-08-17T20:36:51.859357132Z	77.95	86.796	38.14	1.08	6.47	cassandra-001	38.14
429.245	1.08	339	2018-08-17T20:36:58.867641763Z	77.95	41.88	38.14	1.06	6.45	cassandra-001	38.14
847.048	1.06	339	2018-08-17T20:37:05.873658186Z	77.95	71.008	38.14	31.57	6.07	cassandra-001	38.14
428.209	31.57	340	2018-08-17T20:37:12.880453603Z	77.95	44.453	38.14	0.98	11.13	cassandra-001	38.14
429.58	0.98	340	2018-08-17T20:37:19.887203906Z	77.95	49.06	38.14	0.99	6.14	cassandra-001	38.14
866.706	0.99	341	2018-08-17T20:37:26.893523665Z	77.96	96.998	38.14	1.16	6.13	cassandra-001	38.14
431.262	1.16	341	2018-08-17T20:37:33.900447007Z	77.96	51.04	38.14	1.11	6.14	cassandra-001	38.14
862.891	1.11	342	2018-08-17T20:37:40.908438157Z	77.96	88.839	38.14	30.84	6.15	cassandra-001	38.14
431.096	30.84	342	2018-08-17T20:37:47.915905616Z	77.96	43.014	38.14	1.15	11.11	cassandra-001	38.14
434.036	1.15	342	2018-08-17T20:37:54.924458228Z	77.97	44.228	38.14	1.11	6.04	cassandra-001	38.14
859.742	1.11	343	2018-08-17T20:38:01.932732023Z	77.97	94.066	38.14	1.18	6.06	cassandra-001	38.14
430.865	1.18	343	2018-08-17T20:38:08.942651133Z	77.97	41.152	38.14	1.2	6.09	cassandra-001	38.14
869.819	1.2	344	2018-08-17T20:38:15.948782084Z	77.98	85.973	38.14	30.77	6.1	cassandra-001	38.14
434.645	30.77	344	2018-08-17T20:38:22.956953014Z	77.98	44.28	38.14	1.16	11.04	cassandra-001	38.14
432.636	1.16	345	2018-08-17T20:38:29.967388348Z	77.98	40.914	38.14	1.24	6.1	cassandra-001	38.14
871.657	1.24	345	2018-08-17T20:38:36.975909909Z	77.98	84.692	38.14	1.23	6.11	cassandra-001	38.14
432.449	1.23	346	2018-08-17T20:38:43.981736853Z	77.99	42.761	38.14	1.03	6.13	cassandra-001	38.14
881.87	1.03	346	2018-08-17T20:38:50.988220872Z	77.99	98.076	38.14	33.95	6.11	cassandra-001	38.14
442.624	33.95	347	2018-08-17T20:38:57.995664467Z	77.99	49.084	38.14	1.03	11.56	cassandra-001	38.14
443.882	1.03	347	2018-08-17T20:39:05.002194422Z	77.99	50.734	38.14	1.04	6.61	cassandra-001	38.14
888.854	1.04	347	2018-08-17T20:39:12.010563313Z	78.0	103.143	38.14	1.75	6.59	cassandra-001	38.14
444.69	1.75	348	2018-08-17T20:39:19.017281533Z	78.0	53.532	38.14	1.15	6.67	cassandra-001	38.14
882.701	1.15	348	2018-08-17T20:39:26.024054033Z	78.0	100.516	38.14	30.17	6.66	cassandra-001	38.14
440.786	30.17	349	2018-08-17T20:39:33.030784737Z	78.18	47.618	38.15	104.25	11.52	cassandra-001	38.15
442.041	104.25	349	2018-08-17T20:39:40.03660209Z	78.58	46.76	38.15	81.39	23.23	cassandra-001	38.15
882.024	81.39	350	2018-08-17T20:39:47.045968563Z	78.07	91.169	38.14	1.5	36.63	cassandra-001	38.14
438.44	1.5	350	2018-08-17T20:39:54.054184994Z	78.07	43.618	38.14	1.04	36.7	cassandra-001	38.14
883.8	1.04	351	2018-08-17T20:40:01.061076618Z	78.07	85.242	38.14	31.53	36.58	cassandra-001	38.14
444.284	31.53	351	2018-08-17T20:40:08.067725553Z	78.07	47.274	38.14	1.12	41.65	cassandra-001	38.14
440.734	1.12	351	2018-08-17T20:40:15.075522102Z	78.08	45.689	38.14	1.15	36.81	cassandra-001	38.14
887.003	1.15	352	2018-08-17T20:40:22.083127849Z	78.08	86.218	38.14	1.19	19.62	cassandra-001	38.14
444.199	1.19	352	2018-08-17T20:40:29.0926471Z	78.08	42.64	38.14	1.19	6.26	cassandra-001	38.14
894.808	1.19	353	2018-08-17T20:40:36.100466272Z	78.07	91.682	38.13	27.4	6.2	cassandra-001	38.13
443.285	27.4	353	2018-08-17T20:40:43.108291662Z	78.08	40.197	38.13	1.1	10.6	cassandra-001	38.13
508.496	1.1	354	2018-08-17T20:40:50.114128483Z	78.08	45.166	38.13	5.98	5.53	cassandra-001	38.13
815.566	5.98	354	2018-08-17T20:40:57.120312154Z	78.08	69.328	38.13	1.14	6.34	cassandra-001	38.13
440.825	1.14	355	2018-08-17T20:41:04.126109093Z	78.08	38.864	38.13	1.16	6.33	cassandra-001	38.13
881.987	1.16	355	2018-08-17T20:41:11.132675185Z	78.09	73.675	38.13	26.62	6.33	cassandra-001	38.13
442.552	26.62	355	2018-08-17T20:41:18.142517675Z	78.09	37.174	38.13	1.06	10.57	cassandra-001	38.13
522.294	1.06	356	2018-08-17T20:41:25.150719276Z	78.09	54.865	38.13	18.64	6.18	cassandra-001	38.13
821.693	18.64	356	2018-08-17T20:41:32.158967633Z	78.09	92.785	38.13	1.19	9.1	cassandra-001	38.13
452.411	1.19	357	2018-08-17T20:41:39.165371972Z	78.09	48.618	38.13	1.11	8.3	cassandra-001	38.13
898.008	1.11	357	2018-08-17T20:41:46.172093891Z	78.1	96.773	38.13	25.65	8.3	cassandra-001	38.13
451.743	25.65	358	2018-08-17T20:41:53.182143964Z	78.1	48.776	38.13	1.14	12.38	cassandra-001	38.13
822.796	1.14	358	2018-08-17T20:42:00.18958106Z	78.1	81.805	38.13	22.06	8.13	cassandra-001	38.13
522.614	22.06	358	2018-08-17T20:42:07.196622001Z	78.1	39.693	38.13	1.27	11.63	cassandra-001	38.13
453.1	1.27	359	2018-08-17T20:42:14.202709557Z	78.11	42.241	38.13	1.25	8.74	cassandra-001	38.13
896.5	1.25	359	2018-08-17T20:42:21.209046828Z	78.11	87.426	38.13	16.6	8.75	cassandra-001	38.13
446.128	16.6	360	2018-08-17T20:42:28.2148782Z	78.11	43.086	38.13	1.08	11.33	cassandra-001	38.13
841.172	1.08	360	2018-08-17T20:42:35.22203857Z	78.11	80.492	38.13	23.98	7.23	cassandra-001	38.13
514.242	23.98	361	2018-08-17T20:42:42.229849086Z	78.12	47.009	38.13	1.17	11.04	cassandra-001	38.13
462.35	1.17	361	2018-08-17T20:42:49.238998693Z	78.12	51.164	38.13	1.23	7.56	cassandra-001	38.13
923.691	1.23	361	2018-08-17T20:42:56.24542684Z	78.12	107.066	38.13	1.28	7.55	cassandra-001	38.13
461.773	1.28	362	2018-08-17T20:43:03.252324718Z	78.12	54.82	38.13	1.22	7.56	cassandra-001	38.13
919.824	1.22	362	2018-08-17T20:43:10.258624835Z	78.13	107.17	38.13	33.58	4.99	cassandra-001	38.13
456.058	33.58	363	2018-08-17T20:43:17.266963606Z	78.13	45.513	38.13	1.29	10.41	cassandra-001	38.13
456.958	1.29	363	2018-08-17T20:43:24.27489766Z	77.74	46.424	38.13	1.1	6.63	cassandra-001	38.13
920.263	1.1	364	2018-08-17T20:43:31.281427077Z	77.75	88.228	38.14	1.12	6.62	cassandra-001	38.14
460.438	1.12	364	2018-08-17T20:43:38.288894478Z	77.75	46.622	38.14	1.33	6.6	cassandra-001	38.14
917.903	1.33	365	2018-08-17T20:43:45.298579728Z	77.75	87.659	38.14	30.02	6.61	cassandra-001	38.14
457.252	30.02	365	2018-08-17T20:43:52.305105154Z	77.75	40.84	38.14	1.01	11.41	cassandra-001	38.14
455.187	1.01	365	2018-08-17T20:43:59.31198486Z	77.75	37.038	38.14	1.1	5.98	cassandra-001	38.14
918.899	1.1	366	2018-08-17T20:44:06.319920436Z	77.76	80.742	38.14	1.27	5.95	cassandra-001	38.14
462.112	1.27	366	2018-08-17T20:44:13.330692646Z	77.76	45.947	38.14	1.35	5.98	cassandra-001	38.14
924.466	1.35	367	2018-08-17T20:44:20.341594417Z	77.77	86.536	38.14	33.88	6.01	cassandra-001	38.14
455.457	33.88	367	2018-08-17T20:44:27.352478044Z	77.76	39.202	38.13	1.24	11.44	cassandra-001	38.13
453.021	1.24	367	2018-08-17T20:44:34.359070577Z	77.76	36.694	38.13	1.2	6.64	cassandra-001	38.13
919.193	1.2	368	2018-08-17T20:44:41.369041887Z	77.77	78.509	38.13	2.53	6.67	cassandra-001	38.13
459.654	2.53	368	2018-08-17T20:44:48.376092009Z	77.77	37.644	38.13	1.09	6.91	cassandra-001	38.13
919.848	1.09	369	2018-08-17T20:44:55.386509816Z	77.77	72.252	38.13	32.67	6.88	cassandra-001	38.13
463.737	32.67	369	2018-08-17T20:45:02.395437068Z	77.77	42.752	38.13	1.24	12.1	cassandra-001	38.13
459.529	1.24	370	2018-08-17T20:45:09.405232898Z	77.77	46.712	38.13	1.12	6.66	cassandra-001	38.13
920.199	1.12	370	2018-08-17T20:45:16.412770912Z	77.78	81.12	38.13	3.96	6.64	cassandra-001	38.13
464.044	3.96	370	2018-08-17T20:45:23.420920812Z	77.78	37.366	38.13	1.23	7.1	cassandra-001	38.13
925.468	1.23	371	2018-08-17T20:45:30.428699155Z	77.79	74.072	38.13	31.46	6.89	cassandra-001	38.13
465.765	31.46	371	2018-08-17T20:45:37.436738559Z	77.79	40.362	38.13	1.36	11.95	cassandra-001	38.13
459.498	1.36	372	2018-08-17T20:45:44.443754966Z	77.79	40.203	38.13	1.33	6.73	cassandra-001	38.13
936.911	1.33	372	2018-08-17T20:45:51.451091976Z	77.78	91.772	38.13	1.05	6.74	cassandra-001	38.13
472.433	1.05	372	2018-08-17T20:45:58.459470405Z	77.79	49.245	38.13	1.25	6.73	cassandra-001	38.13
942.177	1.25	373	2018-08-17T20:46:05.467326781Z	77.79	95.85	38.13	32.46	6.28	cassandra-001	38.13
475.463	32.46	373	2018-08-17T20:46:12.475622177Z	77.79	49.112	38.13	1.38	11.49	cassandra-001	38.13
467.372	1.38	374	2018-08-17T20:46:19.483473472Z	77.8	47.278	38.13	1.14	6.47	cassandra-001	38.13
947.501	1.14	374	2018-08-17T20:46:26.491246046Z	77.8	98.014	38.13	1.22	6.44	cassandra-001	38.13
472.109	1.22	375	2018-08-17T20:46:33.498148475Z	77.8	47.172	38.13	1.18	6.42	cassandra-001	38.13
941.833	1.18	375	2018-08-17T20:46:40.504709489Z	77.8	92.324	38.13	36.33	6.44	cassandra-001	38.13
474.487	36.33	375	2018-08-17T20:46:47.513394407Z	77.81	47.567	38.13	1.17	12.29	cassandra-001	38.13
471.902	1.17	376	2018-08-17T20:46:54.523721685Z	77.81	40.862	38.13	1.09	7.07	cassandra-001	38.13
936.797	1.09	376	2018-08-17T20:47:01.532902049Z	77.81	80.232	38.13	1.01	7.02	cassandra-001	38.13
470.358	1.01	377	2018-08-17T20:47:08.540806797Z	77.81	40.954	38.13	1.25	7.0	cassandra-001	38.13
945.786	1.25	377	2018-08-17T20:47:15.548070325Z	77.82	90.685	38.13	36.52	7.01	cassandra-001	38.13
476.512	36.52	377	2018-08-17T20:47:22.554593635Z	77.82	46.326	38.13	1.16	12.9	cassandra-001	38.13
478.367	1.16	378	2018-08-17T20:47:29.56196385Z	77.82	50.946	38.13	1.07	7.03	cassandra-001	38.13
948.519	1.07	378	2018-08-17T20:47:36.568997973Z	77.83	93.404	38.13	1.08	7.02	cassandra-001	38.13
478.962	1.08	379	2018-08-17T20:47:43.577537248Z	77.82	50.153	38.13	1.06	7.02	cassandra-001	38.13
961.137	1.06	379	2018-08-17T20:47:50.58763235Z	77.83	96.69	38.13	33.96	7.02	cassandra-001	38.13
474.987	33.96	379	2018-08-17T20:47:57.596300718Z	77.83	53.176	38.13	1.17	12.48	cassandra-001	38.13
482.551	1.17	380	2018-08-17T20:48:04.60468383Z	77.83	48.754	38.13	1.08	6.58	cassandra-001	38.13
952.961	1.08	380	2018-08-17T20:48:11.610857188Z	77.84	98.919	38.13	1.89	6.57	cassandra-001	38.13
482.506	1.89	381	2018-08-17T20:48:18.619415298Z	77.84	46.47	38.13	1.29	6.71	cassandra-001	38.13
964.62	1.29	381	2018-08-17T20:48:25.626747219Z	77.84	100.688	38.13	55.68	6.74	cassandra-001	38.13
484.25	55.68	382	2018-08-17T20:48:32.633344092Z	77.84	49.268	38.12	1.12	15.84	cassandra-001	38.12
478.688	1.12	382	2018-08-17T20:48:39.642137844Z	77.84	43.658	38.12	1.09	10.37	cassandra-001	38.12
956.2	1.09	382	2018-08-17T20:48:46.654976817Z	77.84	87.077	38.12	3.55	10.36	cassandra-001	38.12
482.499	3.55	383	2018-08-17T20:48:53.664226834Z	77.84	47.974	38.12	1.12	10.77	cassandra-001	38.12
965.296	1.12	383	2018-08-17T20:49:00.676809716Z	77.85	96.132	38.12	35.08	10.64	cassandra-001	38.12
486.597	35.08	384	2018-08-17T20:49:07.684740327Z	77.85	47.934	38.12	1.17	16.27	cassandra-001	38.12
482.605	1.17	384	2018-08-17T20:49:14.691734024Z	77.85	44.013	38.12	1.08	7.19	cassandra-001	38.12
953.259	1.08	384	2018-08-17T20:49:21.698689948Z	77.86	78.166	38.12	1.11	7.18	cassandra-001	38.12
479.17	1.11	385	2018-08-17T20:49:28.708001303Z	77.86	38.192	38.12	1.13	7.18	cassandra-001	38.12
961.875	1.13	385	2018-08-17T20:49:35.715807058Z	77.86	84.818	38.12	34.17	6.78	cassandra-001	38.12
489.602	34.17	386	2018-08-17T20:49:42.722749705Z	77.86	49.345	38.12	1.16	12.29	cassandra-001	38.12
482.798	1.16	386	2018-08-17T20:49:49.729476447Z	77.87	50.428	38.12	1.11	6.64	cassandra-001	38.12
973.807	1.11	386	2018-08-17T20:49:56.737644884Z	77.87	90.348	38.12	1.21	6.63	cassandra-001	38.12
487.742	1.21	387	2018-08-17T20:50:03.74743975Z	77.87	46.164	38.12	1.21	6.65	cassandra-001	38.12
977.787	1.21	387	2018-08-17T20:50:10.75480282Z	77.87	100.168	38.12	29.78	6.67	cassandra-001	38.12
491.794	29.78	388	2018-08-17T20:50:17.764234236Z	77.88	49.727	38.12	1.18	11.44	cassandra-001	38.12
494.499	1.18	388	2018-08-17T20:50:24.772264363Z	77.88	56.024	38.12	1.03	5.94	cassandra-001	38.12
977.642	1.03	389	2018-08-17T20:50:31.778571526Z	77.89	98.702	38.12	1.01	5.92	cassandra-001	38.12
500.678	1.01	389	2018-08-17T20:50:38.785444123Z	77.89	60.538	38.12	1.31	5.9	cassandra-001	38.12
978.318	1.31	389	2018-08-17T20:50:45.792561279Z	77.89	94.437	38.12	34.14	5.92	cassandra-001	38.12
485.667	34.14	390	2018-08-17T20:50:52.801488196Z	77.89	43.074	38.12	0.91	11.41	cassandra-001	38.12
489.982	0.91	390	2018-08-17T20:50:59.811272874Z	77.9	46.598	38.12	1.19	6.6	cassandra-001	38.12
985.371	1.19	391	2018-08-17T20:51:06.818603144Z	77.9	90.49	38.12	1.21	6.6	cassandra-001	38.12
504.131	1.21	391	2018-08-17T20:51:13.826705125Z	77.9	60.761	38.13	1.24	6.63	cassandra-001	38.13
1004.128	1.24	391	2018-08-17T20:51:20.834079068Z	77.91	118.658	38.13	33.33	6.67	cassandra-001	38.13
505.499	33.33	392	2018-08-17T20:51:27.843500265Z	77.92	60.22	38.13	1.2	12.0	cassandra-001	38.13
497.038	1.2	392	2018-08-17T20:51:34.851727416Z	77.91	57.408	38.13	1.11	6.51	cassandra-001	38.13
999.916	1.11	393	2018-08-17T20:51:41.858597412Z	77.92	116.835	38.13	2.39	6.55	cassandra-001	38.13
506.13	2.39	393	2018-08-17T20:51:48.86568776Z	77.92	58.86	38.13	1.09	6.75	cassandra-001	38.13
1001.482	1.09	393	2018-08-17T20:51:55.871746281Z	77.93	117.508	38.13	31.39	6.73	cassandra-001	38.13
503.336	31.39	394	2018-08-17T20:52:02.881900111Z	77.93	58.094	38.13	1.32	11.75	cassandra-001	38.13
499.133	1.32	394	2018-08-17T20:52:09.894233367Z	77.93	51.784	38.13	1.23	6.42	cassandra-001	38.13
1008.475	1.23	395	2018-08-17T20:52:16.904091568Z	77.93	112.055	38.13	2.94	6.42	cassandra-001	38.13
501.528	2.94	395	2018-08-17T20:52:23.911476855Z	77.93	55.15	38.13	1.19	6.73	cassandra-001	38.13
989.027	1.19	395	2018-08-17T20:52:30.926041086Z	77.94	98.868	38.13	56.92	6.53	cassandra-001	38.14
491.639	56.92	396	2018-08-17T20:52:37.932736164Z	77.95	51.282	38.14	1.07	15.83	cassandra-001	38.14
493.633	1.07	396	2018-08-17T20:52:44.941519855Z	77.95	47.189	38.14	1.08	10.78	cassandra-001	38.14
997.878	1.08	397	2018-08-17T20:52:51.948356975Z	77.96	98.194	38.14	0.98	10.74	cassandra-001	38.14
500.694	0.98	397	2018-08-17T20:52:58.95949103Z	77.96	47.81	38.14	1.02	10.7	cassandra-001	38.14
1004.465	1.02	397	2018-08-17T20:53:05.970044253Z	77.96	104.728	38.14	31.78	10.38	cassandra-001	38.14
503.313	31.78	397	2018-08-17T20:53:12.980048552Z	77.96	50.225	38.14	1.36	15.48	cassandra-001	38.14
500.397	1.36	397	2018-08-17T20:53:19.988382737Z	77.97	49.988	38.14	1.18	6.22	cassandra-001	38.14
996.579	1.18	397	2018-08-17T20:53:26.995227188Z	77.97	91.264	38.14	1.33	6.23	cassandra-001	38.14
500.644	1.33	397	2018-08-17T20:53:34.002162366Z	77.97	54.74	38.14	1.15	6.28	cassandra-001	38.14
1003.398	1.15	397	2018-08-17T20:53:41.009214033Z	77.98	99.382	38.14	33.84	6.3	cassandra-001	38.14
503.165	33.84	397	2018-08-17T20:53:48.01577527Z	77.98	52.799	38.14	1.08	11.77	cassandra-001	38.14
493.123	1.08	397	2018-08-17T20:53:55.027302183Z	77.98	54.212	38.14	1.12	6.66	cassandra-001	38.14
1001.536	1.12	397	2018-08-17T20:54:02.034533952Z	77.98	112.278	38.14	1.03	6.62	cassandra-001	38.14
499.031	1.03	397	2018-08-17T20:54:09.040786673Z	77.99	49.328	38.14	1.14	6.59	cassandra-001	38.14
996.905	1.14	397	2018-08-17T20:54:16.046880816Z	78.07	109.123	38.15	124.41	6.56	cassandra-001	38.15
