net_receive	host_cpu	sensor_count	timestamp	memory%	net_send	memory_active_anon%	container_cpu%	host_moving_avg_cpu	name	memory_rss%
3457267.61	0	2	2018-08-17T17:54:04.315175882Z	77.21	612369.543	38.15	1.01	nan	cassandra-001	38.15
9.423	1.01	7	2018-08-17T17:54:11.323554616Z	77.21	1.62	38.15	1.58	nan	cassandra-001	38.15
11.009	1.58	11	2018-08-17T17:54:18.331288252Z	77.21	1.62	38.15	1.17	nan	cassandra-001	38.15
32.806	1.17	15	2018-08-17T17:54:25.339054211Z	77.21	4.266	38.15	3.98	nan	cassandra-001	38.15
20.039	3.98	18	2018-08-17T17:54:32.34494571Z	77.21	1.498	38.15	1.1	nan	cassandra-001	38.15
23.878	1.1	22	2018-08-17T17:54:39.354027871Z	77.21	2.869	38.15	1.17	1.47	cassandra-001	38.15
56.692	1.17	25	2018-08-17T17:54:46.364533868Z	77.21	5.75	38.15	3.01	1.67	cassandra-001	38.15
32.883	3.01	28	2018-08-17T17:54:53.371251067Z	77.21	3.54	38.15	1.13	2.0	cassandra-001	38.15
73.295	1.13	30	2018-08-17T17:55:00.380846336Z	77.21	8.16	38.15	7.84	1.93	cassandra-001	38.15
40.326	7.84	33	2018-08-17T17:55:07.391396755Z	77.21	4.725	38.15	1.18	3.04	cassandra-001	38.15
42.74	1.18	36	2018-08-17T17:55:14.401646351Z	77.22	3.946	38.15	1.25	2.57	cassandra-001	38.15
93.33	1.25	39	2018-08-17T17:55:21.409024825Z	77.22	10.332	38.15	1.33	2.6	cassandra-001	38.15
48.783	1.33	41	2018-08-17T17:55:28.417429098Z	77.22	4.67	38.15	1.09	2.62	cassandra-001	38.15
105.511	1.09	43	2018-08-17T17:55:35.425621539Z	77.22	12.941	38.15	6.53	2.3	cassandra-001	38.15
55.797	6.53	45	2018-08-17T17:55:42.432994026Z	77.22	5.526	38.15	1.15	3.2	cassandra-001	38.15
58.126	1.15	48	2018-08-17T17:55:49.441861011Z	77.22	6.766	38.15	1.27	2.09	cassandra-001	38.15
121.13	1.27	50	2018-08-17T17:55:56.448262009Z	77.22	12.976	38.15	1.13	2.1	cassandra-001	38.15
62.751	1.13	52	2018-08-17T17:56:03.457525693Z	77.22	6.579	38.15	2.15	2.08	cassandra-001	38.15
133.943	2.15	54	2018-08-17T17:56:10.466396712Z	77.22	14.728	38.15	8.63	2.22	cassandra-001	38.15
69.284	8.63	56	2018-08-17T17:56:17.474336916Z	77.22	6.934	38.15	1.15	3.48	cassandra-001	38.15
70.311	1.15	58	2018-08-17T17:56:24.485152039Z	77.22	5.838	38.15	1.16	2.58	cassandra-001	38.15
144.819	1.16	60	2018-08-17T17:56:31.495256253Z	77.22	12.572	38.15	1.36	2.58	cassandra-001	38.15
76.18	1.36	62	2018-08-17T17:56:38.50558446Z	77.22	7.037	38.15	1.19	2.6	cassandra-001	38.15
151.262	1.19	64	2018-08-17T17:56:45.515592844Z	77.22	12.608	38.15	9.06	2.61	cassandra-001	38.15
80.972	9.06	65	2018-08-17T17:56:52.527877688Z	77.22	7.96	38.15	1.23	3.76	cassandra-001	38.15
82.263	1.23	67	2018-08-17T17:56:59.534526516Z	77.22	7.854	38.15	1.17	2.52	cassandra-001	38.15
168.99	1.17	69	2018-08-17T17:57:06.543743787Z	77.22	16.075	38.15	1.04	2.53	cassandra-001	38.15
87.595	1.04	71	2018-08-17T17:57:13.553297398Z	77.22	10.004	38.15	1.24	2.51	cassandra-001	38.15
180.159	1.24	72	2018-08-17T17:57:20.561416009Z	77.23	20.046	38.15	8.79	2.49	cassandra-001	38.15
92.037	8.79	74	2018-08-17T17:57:27.573201341Z	77.22	9.778	38.15	1.02	3.75	cassandra-001	38.15
93.487	1.02	76	2018-08-17T17:57:34.581340756Z	77.22	8.853	38.15	1.34	2.41	cassandra-001	38.15
187.818	1.34	77	2018-08-17T17:57:41.590408552Z	77.22	20.214	38.15	1.28	2.43	cassandra-001	38.15
99.366	1.28	79	2018-08-17T17:57:48.599700786Z	77.23	10.542	38.15	1.32	2.45	cassandra-001	38.15
199.549	1.32	80	2018-08-17T17:57:55.606608473Z	77.23	22.27	38.15	10.6	2.5	cassandra-001	38.15
103.061	10.6	82	2018-08-17T17:58:02.614703003Z	77.23	11.042	38.15	1.19	4.06	cassandra-001	38.15
100.924	1.19	84	2018-08-17T17:58:09.624924773Z	77.23	11.305	38.15	1.2	2.79	cassandra-001	38.15
212.248	1.2	85	2018-08-17T17:58:16.632884281Z	77.23	23.6	38.15	3.08	2.82	cassandra-001	38.15
106.118	3.08	87	2018-08-17T17:58:23.641360045Z	77.23	9.166	38.15	1.16	3.11	cassandra-001	38.15
217.721	1.16	88	2018-08-17T17:58:30.648922582Z	77.23	23.426	38.15	10.56	3.09	cassandra-001	38.15
111.57	10.56	90	2018-08-17T17:58:37.658973703Z	77.23	11.659	38.15	1.2	4.63	cassandra-001	38.15
113.239	1.2	91	2018-08-17T17:58:44.670136835Z	77.23	11.012	38.15	1.26	3.06	cassandra-001	38.15
229.622	1.26	92	2018-08-17T17:58:51.68119935Z	77.23	22.102	38.15	1.27	3.08	cassandra-001	38.15
113.668	1.27	94	2018-08-17T17:58:58.688122461Z	77.23	10.958	38.15	1.11	3.09	cassandra-001	38.15
236.39	1.11	95	2018-08-17T17:59:05.69517342Z	77.23	23.353	38.15	10.67	2.76	cassandra-001	38.15
115.609	10.67	97	2018-08-17T17:59:12.703720869Z	77.23	8.99	38.15	1.28	4.34	cassandra-001	38.15
116.684	1.28	98	2018-08-17T17:59:19.710152249Z	77.23	9.782	38.15	1.08	2.8	cassandra-001	38.15
243.092	1.08	99	2018-08-17T17:59:26.718328463Z	77.24	25.78	38.15	1.36	2.78	cassandra-001	38.15
125.965	1.36	101	2018-08-17T17:59:33.730552113Z	77.23	13.991	38.15	2.07	2.79	cassandra-001	38.15
248.92	2.07	102	2018-08-17T17:59:40.73837083Z	77.3	24.286	38.15	64.03	2.93	cassandra-001	38.15
126.549	64.03	103	2018-08-17T17:59:47.744656727Z	77.69	11.588	38.14	102.64	13.42	cassandra-001	38.14
129.74	102.64	104	2018-08-17T17:59:54.751251156Z	77.3	11.086	38.14	5.32	28.74	cassandra-001	38.14
259.252	5.32	106	2018-08-17T18:00:01.760594521Z	77.3	19.742	38.14	1.28	29.42	cassandra-001	38.14
126.369	1.28	107	2018-08-17T18:00:08.769198079Z	77.3	10.147	38.14	1.11	29.45	cassandra-001	38.14
265.075	1.11	108	2018-08-17T18:00:15.777681637Z	77.31	22.736	38.14	13.19	29.41	cassandra-001	38.14
132.354	13.19	110	2018-08-17T18:00:22.786070227Z	77.31	13.882	38.14	1.18	31.26	cassandra-001	38.14
137.317	1.18	111	2018-08-17T18:00:29.794495905Z	77.31	16.126	38.14	1.22	20.79	cassandra-001	38.14
276.896	1.22	112	2018-08-17T18:00:36.802307755Z	77.31	28.541	38.14	1.17	3.88	cassandra-001	38.14
141.076	1.17	113	2018-08-17T18:00:43.808424155Z	77.31	12.904	38.14	1.15	3.19	cassandra-001	38.14
286.433	1.15	114	2018-08-17T18:00:50.814530007Z	77.31	28.988	38.14	11.61	3.17	cassandra-001	38.14
144.336	11.61	115	2018-08-17T18:00:57.823013172Z	77.31	14.236	38.14	1.14	4.92	cassandra-001	38.14
144.28	1.14	117	2018-08-17T18:01:04.831202955Z	77.31	12.361	38.14	1.11	2.91	cassandra-001	38.14
295.791	1.11	118	2018-08-17T18:01:11.839301702Z	77.31	29.672	38.14	1.18	2.9	cassandra-001	38.14
146.577	1.18	119	2018-08-17T18:01:18.849711594Z	77.31	12.004	38.14	1.09	2.89	cassandra-001	38.14
294.091	1.09	120	2018-08-17T18:01:25.860711402Z	77.31	27.624	38.14	12.24	2.88	cassandra-001	38.14
147.013	12.24	121	2018-08-17T18:01:32.869110181Z	77.31	10.802	38.14	1.01	4.73	cassandra-001	38.14
150.476	1.01	122	2018-08-17T18:01:39.88001498Z	77.32	15.817	38.14	1.11	2.96	cassandra-001	38.14
306.724	1.11	124	2018-08-17T18:01:46.886186106Z	77.32	30.446	38.14	1.18	2.96	cassandra-001	38.14
153.501	1.18	125	2018-08-17T18:01:53.893332436Z	77.31	13.282	38.14	1.13	2.97	cassandra-001	38.14
313.7	1.13	126	2018-08-17T18:02:00.900556325Z	77.32	28.042	38.14	12.68	2.96	cassandra-001	38.14
156.813	12.68	127	2018-08-17T18:02:07.910581422Z	77.32	12.779	38.14	1.11	4.89	cassandra-001	38.14
160.428	1.11	128	2018-08-17T18:02:14.917076673Z	77.32	17.452	38.14	1.13	3.04	cassandra-001	38.14
310.565	1.13	129	2018-08-17T18:02:21.923447073Z	77.32	27.934	38.14	1.1	3.06	cassandra-001	38.14
157.336	1.1	130	2018-08-17T18:02:28.932748341Z	77.32	15.986	38.14	1.25	3.06	cassandra-001	38.14
326.468	1.25	131	2018-08-17T18:02:35.942463679Z	77.32	36.947	38.14	16.24	3.07	cassandra-001	38.14
165.45	16.24	132	2018-08-17T18:02:42.952875968Z	77.32	18.48	38.14	1.28	5.58	cassandra-001	38.14
163.011	1.28	133	2018-08-17T18:02:49.96075807Z	77.32	15.866	38.14	1.13	3.68	cassandra-001	38.14
336.006	1.13	134	2018-08-17T18:02:56.968523976Z	77.32	35.44	38.14	1.01	3.69	cassandra-001	38.14
170.151	1.01	135	2018-08-17T18:03:03.975202275Z	77.32	16.815	38.14	1.9	3.67	cassandra-001	38.14
334.972	1.9	136	2018-08-17T18:03:10.983599899Z	77.33	31.254	38.14	14.13	3.8	cassandra-001	38.14
170.358	14.13	137	2018-08-17T18:03:17.991538515Z	77.33	14.65	38.14	1.15	5.95	cassandra-001	38.14
169.823	1.15	138	2018-08-17T18:03:25.000636825Z	77.33	15.996	38.14	1.07	3.43	cassandra-001	38.14
344.253	1.07	139	2018-08-17T18:03:32.007488547Z	77.33	35.172	38.14	1.03	3.4	cassandra-001	38.14
175.154	1.03	140	2018-08-17T18:03:39.015530104Z	77.33	15.295	38.14	1.08	3.38	cassandra-001	38.14
354.463	1.08	141	2018-08-17T18:03:46.02676166Z	77.33	35.078	38.14	19.85	3.39	cassandra-001	38.14
176.777	19.85	142	2018-08-17T18:03:53.035390451Z	77.33	19.096	38.14	1.19	6.38	cassandra-001	38.14
171.685	1.19	144	2018-08-17T18:04:00.041990438Z	77.33	14.542	38.14	1.0	4.23	cassandra-001	38.14
352.434	1.0	145	2018-08-17T18:04:07.048771097Z	77.33	30.455	38.14	1.18	4.2	cassandra-001	38.14
181.602	1.18	146	2018-08-17T18:04:14.056809928Z	77.33	14.62	38.13	1.11	4.22	cassandra-001	38.13
365.132	1.11	146	2018-08-17T18:04:21.065590545Z	77.33	30.652	38.13	16.5	4.23	cassandra-001	38.13
181.667	16.5	147	2018-08-17T18:04:28.073801208Z	77.33	15.992	38.13	1.12	6.8	cassandra-001	38.13
304.278	1.12	148	2018-08-17T18:04:35.081822294Z	77.33	24.772	38.13	8.8	3.68	cassandra-001	38.13
249.342	8.8	149	2018-08-17T18:04:42.090882949Z	77.33	19.493	38.13	1.16	4.95	cassandra-001	38.13
187.833	1.16	150	2018-08-17T18:04:49.098020575Z	77.34	19.344	38.13	1.1	4.98	cassandra-001	38.13
375.725	1.1	151	2018-08-17T18:04:56.105519047Z	77.34	39.228	38.13	6.83	4.96	cassandra-001	38.13
183.301	6.83	152	2018-08-17T18:05:03.112119669Z	77.34	16.756	38.13	1.21	5.92	cassandra-001	38.13
273.074	1.21	153	2018-08-17T18:05:10.120641934Z	77.34	25.046	38.13	6.55	3.37	cassandra-001	38.13
295.777	6.55	154	2018-08-17T18:05:17.127218958Z	77.34	29.905	38.13	1.07	4.27	cassandra-001	38.13
192.441	1.07	155	2018-08-17T18:05:24.135450603Z	77.34	14.92	38.13	1.24	2.99	cassandra-001	38.13
390.644	1.24	156	2018-08-17T18:05:31.144095689Z	77.34	45.745	38.13	1.65	3.0	cassandra-001	38.13
196.77	1.65	157	2018-08-17T18:05:38.154898688Z	77.35	22.139	38.13	1.2	3.09	cassandra-001	38.13
392.877	1.2	158	2018-08-17T18:05:45.161520657Z	77.35	43.526	38.13	17.01	2.15	cassandra-001	38.13
199.767	17.01	159	2018-08-17T18:05:52.171968155Z	77.34	22.35	38.13	1.16	4.79	cassandra-001	38.13
195.49	1.16	160	2018-08-17T18:05:59.180486327Z	77.35	20.99	38.13	1.22	3.89	cassandra-001	38.13
399.656	1.22	161	2018-08-17T18:06:06.187586648Z	77.35	42.441	38.13	1.18	3.91	cassandra-001	38.13
205.663	1.18	162	2018-08-17T18:06:13.194986046Z	77.35	23.748	38.13	1.09	3.9	cassandra-001	38.13
404.321	1.09	162	2018-08-17T18:06:20.203898313Z	77.35	38.414	38.13	16.41	3.81	cassandra-001	38.13
205.47	16.41	163	2018-08-17T18:06:27.210102905Z	77.35	20.434	38.13	1.12	6.34	cassandra-001	38.13
205.646	1.12	164	2018-08-17T18:06:34.220827165Z	77.35	22.717	38.13	1.99	3.7	cassandra-001	38.13
417.908	1.99	165	2018-08-17T18:06:41.231230476Z	77.35	42.926	38.13	1.29	3.83	cassandra-001	38.13
204.656	1.29	166	2018-08-17T18:06:48.239557415Z	77.35	19.76	38.13	1.09	3.85	cassandra-001	38.13
417.333	1.09	167	2018-08-17T18:06:55.248643419Z	77.36	40.562	38.13	19.79	3.83	cassandra-001	38.13
210.316	19.79	168	2018-08-17T18:07:02.255054716Z	77.36	21.924	38.13	1.22	6.95	cassandra-001	38.13
212.135	1.22	169	2018-08-17T18:07:09.262795125Z	77.36	22.187	38.13	1.08	4.42	cassandra-001	38.13
420.717	1.08	170	2018-08-17T18:07:16.26939423Z	77.36	42.804	38.13	2.91	4.41	cassandra-001	38.13
211.39	2.91	170	2018-08-17T18:07:23.276091437Z	77.36	22.002	38.13	1.09	4.56	cassandra-001	38.13
429.378	1.09	171	2018-08-17T18:07:30.282142217Z	77.36	39.278	38.13	17.46	4.53	cassandra-001	38.13
217.412	17.46	172	2018-08-17T18:07:37.291179753Z	77.36	21.407	38.13	1.03	7.26	cassandra-001	38.13
218.885	1.03	173	2018-08-17T18:07:44.298164569Z	77.36	21.394	38.13	1.26	4.13	cassandra-001	38.13
432.92	1.26	174	2018-08-17T18:07:51.304575373Z	77.37	45.48	38.13	1.13	4.14	cassandra-001	38.13
218.287	1.13	175	2018-08-17T18:07:58.314780501Z	77.37	21.512	38.13	1.18	4.15	cassandra-001	38.13
441.345	1.18	176	2018-08-17T18:08:05.321700734Z	77.37	43.155	38.13	17.17	3.86	cassandra-001	38.13
223.359	17.17	176	2018-08-17T18:08:12.328601696Z	77.37	23.28	38.13	1.33	6.54	cassandra-001	38.13
221.183	1.33	177	2018-08-17T18:08:19.337509335Z	77.37	20.442	38.13	1.17	3.85	cassandra-001	38.13
443.58	1.17	178	2018-08-17T18:08:26.345722133Z	77.37	37.702	38.13	1.25	3.87	cassandra-001	38.13
218.102	1.25	179	2018-08-17T18:08:33.353425504Z	77.37	25.114	38.13	1.11	3.87	cassandra-001	38.13
449.969	1.11	180	2018-08-17T18:08:40.366056533Z	77.38	50.781	38.13	19.87	3.87	cassandra-001	38.13
224.449	19.87	181	2018-08-17T18:08:47.37466734Z	77.38	23.714	38.13	1.32	6.98	cassandra-001	38.13
226.871	1.32	181	2018-08-17T18:08:54.381046218Z	77.37	20.018	38.13	1.1	4.34	cassandra-001	38.13
456.907	1.1	182	2018-08-17T18:09:01.389257344Z	77.38	44.602	38.13	1.3	4.3	cassandra-001	38.13
230.707	1.3	183	2018-08-17T18:09:08.398091519Z	77.38	22.485	38.13	1.09	4.32	cassandra-001	38.13
460.076	1.09	184	2018-08-17T18:09:15.40623366Z	77.38	45.01	38.13	17.6	4.3	cassandra-001	38.13
232.261	17.6	185	2018-08-17T18:09:22.417436816Z	77.38	23.356	38.13	1.33	7.05	cassandra-001	38.13
232.623	1.33	185	2018-08-17T18:09:29.425521746Z	77.38	23.158	38.13	1.21	3.96	cassandra-001	38.13
461.086	1.21	186	2018-08-17T18:09:36.434030798Z	77.39	42.209	38.13	1.2	3.94	cassandra-001	38.13
237.177	1.2	187	2018-08-17T18:09:43.444461095Z	77.38	24.53	38.13	1.22	3.95	cassandra-001	38.13
467.68	1.22	188	2018-08-17T18:09:50.451978232Z	77.39	41.126	38.13	16.67	3.94	cassandra-001	38.13
238.27	16.67	189	2018-08-17T18:09:57.461786058Z	77.39	20.16	38.13	1.19	6.54	cassandra-001	38.13
232.907	1.19	189	2018-08-17T18:10:04.472792296Z	77.39	22.179	38.13	2.02	3.8	cassandra-001	38.13
475.534	2.02	190	2018-08-17T18:10:11.479899647Z	77.4	39.91	38.13	21.06	3.92	cassandra-001	38.13
241.221	21.06	191	2018-08-17T18:10:18.489013648Z	77.4	27.142	38.13	1.18	7.23	cassandra-001	38.13
488.877	1.18	192	2018-08-17T18:10:25.499929047Z	77.4	57.372	38.13	16.24	7.22	cassandra-001	38.13
242.646	16.24	192	2018-08-17T18:10:32.509677212Z	77.4	29.966	38.13	1.36	9.73	cassandra-001	38.13
243.003	1.36	193	2018-08-17T18:10:39.518017411Z	77.4	29.147	38.13	1.15	7.17	cassandra-001	38.13
489.343	1.15	194	2018-08-17T18:10:46.528750376Z	77.4	51.998	38.13	3.69	7.17	cassandra-001	38.13
244.914	3.69	195	2018-08-17T18:10:53.536345979Z	77.4	25.266	38.13	1.12	7.45	cassandra-001	38.13
489.545	1.12	195	2018-08-17T18:11:00.543146506Z	77.4	44.684	38.13	19.24	4.12	cassandra-001	38.13
244.811	19.24	196	2018-08-17T18:11:07.550456609Z	77.41	24.697	38.13	1.17	7.13	cassandra-001	38.13
244.133	1.17	197	2018-08-17T18:11:14.558419283Z	77.4	22.216	38.13	1.21	4.62	cassandra-001	38.13
486.709	1.21	198	2018-08-17T18:11:21.568341405Z	77.41	51.414	38.13	1.25	4.6	cassandra-001	38.13
246.898	1.25	198	2018-08-17T18:11:28.57508501Z	77.41	24.644	38.13	1.07	4.61	cassandra-001	38.13
495.353	1.07	199	2018-08-17T18:11:35.584277133Z	77.41	53.643	38.13	22.58	4.18	cassandra-001	38.13
247.724	22.58	200	2018-08-17T18:11:42.590972486Z	77.41	23.614	38.13	1.17	7.75	cassandra-001	38.13
246.459	1.17	201	2018-08-17T18:11:49.596855184Z	77.41	25.95	38.13	1.12	4.74	cassandra-001	38.13
500.273	1.12	201	2018-08-17T18:11:56.602743015Z	77.41	50.87	38.13	1.14	4.73	cassandra-001	38.13
251.612	1.14	202	2018-08-17T18:12:03.610539142Z	77.41	26.702	38.13	1.07	4.72	cassandra-001	38.13
504.166	1.07	203	2018-08-17T18:12:10.617056104Z	77.42	52.571	38.13	21.13	4.69	cassandra-001	38.13
258.197	21.13	204	2018-08-17T18:12:17.626895168Z	77.42	25.368	38.13	1.2	8.03	cassandra-001	38.13
253.515	1.2	204	2018-08-17T18:12:24.633002157Z	77.42	24.114	38.13	1.14	4.47	cassandra-001	38.13
515.047	1.14	205	2018-08-17T18:12:31.639861331Z	77.42	51.144	38.13	1.1	4.47	cassandra-001	38.13
256.761	1.1	206	2018-08-17T18:12:38.646495841Z	77.42	27.967	38.13	1.07	4.46	cassandra-001	38.13
515.805	1.07	207	2018-08-17T18:12:45.655177048Z	77.42	54.588	38.13	43.13	4.45	cassandra-001	38.13
256.113	43.13	207	2018-08-17T18:12:52.665376637Z	77.42	24.35	38.13	1.32	11.46	cassandra-001	38.13
258.073	1.32	208	2018-08-17T18:12:59.675394641Z	77.43	28.97	38.13	1.01	8.16	cassandra-001	38.13
522.606	1.01	209	2018-08-17T18:13:06.682216423Z	77.43	53.015	38.13	1.14	8.13	cassandra-001	38.13
259.482	1.14	210	2018-08-17T18:13:13.689009486Z	77.43	21.894	38.13	1.07	8.13	cassandra-001	38.13
529.664	1.07	210	2018-08-17T18:13:20.694976312Z	77.43	55.034	38.13	21.46	8.12	cassandra-001	38.13
245.725	21.46	211	2018-08-17T18:13:27.7021302Z	77.43	27.2	38.13	1.16	11.52	cassandra-001	38.13
264.188	1.16	212	2018-08-17T18:13:34.711599636Z	77.43	26.143	38.13	1.91	4.53	cassandra-001	38.13
539.346	1.91	212	2018-08-17T18:13:41.719675152Z	77.43	53.488	38.13	1.22	4.62	cassandra-001	38.13
271.63	1.22	213	2018-08-17T18:13:48.726220656Z	77.44	28.044	38.13	1.06	4.66	cassandra-001	38.13
543.671	1.06	214	2018-08-17T18:13:55.735043832Z	77.44	53.566	38.13	19.47	4.65	cassandra-001	38.13
268.912	19.47	215	2018-08-17T18:14:02.743374153Z	77.44	28.822	38.13	1.12	7.71	cassandra-001	38.13
269.783	1.12	215	2018-08-17T18:14:09.752065843Z	77.44	25.693	38.13	1.1	4.32	cassandra-001	38.13
547.876	1.1	216	2018-08-17T18:14:16.761159259Z	77.44	60.204	38.13	3.04	4.31	cassandra-001	38.13
274.873	3.04	217	2018-08-17T18:14:23.770758485Z	77.44	26.96	38.13	1.19	4.5	cassandra-001	38.13
546.413	1.19	217	2018-08-17T18:14:30.779714977Z	77.44	52.362	38.13	19.64	4.5	cassandra-001	38.13
274.335	19.64	218	2018-08-17T18:14:37.786562216Z	77.45	28.939	38.13	1.08	7.59	cassandra-001	38.13
275.47	1.08	219	2018-08-17T18:14:44.793727079Z	77.44	27.738	38.13	1.24	4.53	cassandra-001	38.13
540.228	1.24	220	2018-08-17T18:14:51.799657539Z	77.45	50.75	38.13	1.09	4.55	cassandra-001	38.13
271.928	1.09	220	2018-08-17T18:14:58.806560549Z	77.45	23.078	38.13	1.04	4.55	cassandra-001	38.13
549.439	1.04	221	2018-08-17T18:15:05.814218677Z	77.45	51.659	38.13	22.62	4.21	cassandra-001	38.13
280.796	22.62	222	2018-08-17T18:15:12.821085146Z	77.45	28.938	38.13	1.29	7.78	cassandra-001	38.13
277.509	1.29	222	2018-08-17T18:15:19.828851843Z	77.46	21.942	38.13	1.14	4.73	cassandra-001	38.13
550.116	1.14	223	2018-08-17T18:15:26.837141744Z	77.46	42.616	38.13	1.03	4.74	cassandra-001	38.13
278.033	1.03	224	2018-08-17T18:15:33.84465394Z	77.46	21.07	38.13	1.12	4.7	cassandra-001	38.13
564.883	1.12	224	2018-08-17T18:15:40.852938093Z	77.46	54.613	38.13	21.05	4.71	cassandra-001	38.13
284.831	21.05	225	2018-08-17T18:15:47.859374454Z	77.46	29.544	38.13	0.99	8.04	cassandra-001	38.13
283.64	0.99	226	2018-08-17T18:15:54.865922935Z	77.46	27.458	38.13	1.16	4.44	cassandra-001	38.13
567.436	1.16	226	2018-08-17T18:16:01.874250523Z	77.46	57.516	38.13	0.99	4.41	cassandra-001	38.13
285.41	0.99	227	2018-08-17T18:16:08.88101417Z	77.47	26.665	38.13	1.16	4.39	cassandra-001	38.13
563.707	1.16	228	2018-08-17T18:16:15.888068869Z	77.47	60.168	38.13	25.94	4.41	cassandra-001	38.13
290.26	25.94	228	2018-08-17T18:16:22.895883907Z	77.47	31.298	38.13	1.22	8.55	cassandra-001	38.13
285.153	1.22	229	2018-08-17T18:16:29.904154556Z	77.47	27.536	38.13	1.01	5.24	cassandra-001	38.13
582.304	1.01	230	2018-08-17T18:16:36.912336693Z	77.47	58.199	38.13	1.24	5.25	cassandra-001	38.13
288.633	1.24	230	2018-08-17T18:16:43.920971004Z	77.47	28.38	38.13	1.13	5.26	cassandra-001	38.13
576.974	1.13	231	2018-08-17T18:16:50.930009651Z	77.48	50.186	38.13	20.85	5.28	cassandra-001	38.13
291.756	20.85	232	2018-08-17T18:16:57.936449618Z	77.48	27.878	38.13	1.2	8.56	cassandra-001	38.13
289.589	1.2	232	2018-08-17T18:17:04.944286341Z	77.48	28.207	38.13	2.24	4.44	cassandra-001	38.13
578.872	2.24	233	2018-08-17T18:17:11.953159648Z	77.48	57.022	38.13	1.18	4.61	cassandra-001	38.13
288.222	1.18	234	2018-08-17T18:17:18.963161882Z	77.48	23.376	38.13	1.13	4.64	cassandra-001	38.13
586.807	1.13	234	2018-08-17T18:17:25.971524631Z	77.49	63.687	38.13	37.81	4.62	cassandra-001	38.13
297.169	37.81	235	2018-08-17T18:17:32.97751247Z	77.48	32.114	38.13	1.24	10.73	cassandra-001	38.13
298.807	1.24	236	2018-08-17T18:17:39.984141159Z	77.49	30.727	38.13	0.98	7.47	cassandra-001	38.13
592.566	0.98	236	2018-08-17T18:17:46.995606318Z	77.49	58.3	38.13	1.21	7.43	cassandra-001	38.13
297.315	1.21	237	2018-08-17T18:17:54.006704862Z	77.49	28.074	38.13	1.23	7.26	cassandra-001	38.13
596.004	1.23	238	2018-08-17T18:18:01.018052797Z	77.49	55.738	38.13	27.02	7.27	cassandra-001	38.13
302.196	27.02	238	2018-08-17T18:18:08.028276844Z	77.49	33.445	38.13	1.29	11.58	cassandra-001	38.13
299.944	1.29	239	2018-08-17T18:18:15.038497193Z	77.49	33.67	38.13	1.11	5.49	cassandra-001	38.13
601.819	1.11	240	2018-08-17T18:18:22.046097019Z	77.5	58.548	38.13	1.11	5.47	cassandra-001	38.13
302.536	1.11	240	2018-08-17T18:18:29.057127556Z	77.5	29.274	38.13	1.17	5.49	cassandra-001	38.13
603.93	1.17	241	2018-08-17T18:18:36.063909262Z	77.5	62.018	38.13	22.04	5.49	cassandra-001	38.13
302.578	22.04	242	2018-08-17T18:18:43.075938275Z	77.5	26.752	38.13	1.27	8.96	cassandra-001	38.13
353.122	1.27	242	2018-08-17T18:18:50.08475078Z	77.5	34.816	38.13	4.14	4.66	cassandra-001	38.13
558.902	4.14	243	2018-08-17T18:18:57.093394774Z	77.51	51.894	38.13	1.19	5.14	cassandra-001	38.13
300.852	1.19	243	2018-08-17T18:19:04.100573965Z	77.5	24.89	38.13	1.06	5.15	cassandra-001	38.13
609.096	1.06	244	2018-08-17T18:19:11.108093891Z	77.51	51.099	38.13	16.19	5.14	cassandra-001	38.13
307.012	16.19	245	2018-08-17T18:19:18.113936792Z	77.51	24.058	38.13	1.11	7.65	cassandra-001	38.13
457.217	1.11	245	2018-08-17T18:19:25.119900089Z	77.51	37.554	38.13	9.89	4.16	cassandra-001	38.13
451.449	9.89	246	2018-08-17T18:19:32.126270442Z	77.51	34.804	38.13	1.21	5.6	cassandra-001	38.13
309.373	1.21	246	2018-08-17T18:19:39.132214932Z	77.51	24.413	38.13	1.06	5.11	cassandra-001	38.13
621.27	1.06	247	2018-08-17T18:19:46.138177128Z	77.52	61.776	38.13	12.56	5.09	cassandra-001	38.13
311.445	12.56	248	2018-08-17T18:19:53.14501842Z	77.52	35.752	38.13	1.17	7.0	cassandra-001	38.13
590.556	1.17	248	2018-08-17T18:20:00.151274605Z	77.52	66.832	38.13	17.58	4.5	cassandra-001	38.13
353.567	17.58	249	2018-08-17T18:20:07.16012506Z	77.52	42.627	38.13	1.03	7.24	cassandra-001	38.13
315.602	1.03	250	2018-08-17T18:20:14.166078495Z	77.52	34.814	38.13	1.11	5.77	cassandra-001	38.13
638.072	1.11	250	2018-08-17T18:20:21.172981322Z	77.53	75.501	38.13	2.21	5.75	cassandra-001	38.13
314.266	2.21	251	2018-08-17T18:20:28.181662619Z	77.53	27.25	38.13	1.15	5.94	cassandra-001	38.13
624.758	1.15	251	2018-08-17T18:20:35.188588916Z	77.53	52.083	38.13	23.7	4.04	cassandra-001	38.13
314.082	23.7	252	2018-08-17T18:20:42.197968199Z	77.53	27.408	38.13	1.13	7.8	cassandra-001	38.13
309.637	1.13	253	2018-08-17T18:20:49.207062343Z	77.53	26.378	38.13	1.1	5.05	cassandra-001	38.13
635.679	1.1	253	2018-08-17T18:20:56.212967257Z	77.54	59.052	38.13	1.06	5.07	cassandra-001	38.13
320.261	1.06	254	2018-08-17T18:21:03.220365415Z	77.54	37.228	38.13	1.14	5.06	cassandra-001	38.13
646.672	1.14	254	2018-08-17T18:21:10.228280682Z	77.54	72.211	38.13	21.28	4.88	cassandra-001	38.13
322.731	21.28	255	2018-08-17T18:21:17.238546603Z	77.54	37.254	38.13	1.08	8.23	cassandra-001	38.13
322.991	1.08	256	2018-08-17T18:21:24.247519267Z	77.54	34.904	38.13	1.07	4.46	cassandra-001	38.13
644.899	1.07	256	2018-08-17T18:21:31.256393808Z	77.55	70.296	38.13	1.16	4.45	cassandra-001	38.13
323.591	1.16	257	2018-08-17T18:21:38.266126144Z	77.55	36.421	38.13	1.14	4.46	cassandra-001	38.13
647.797	1.14	257	2018-08-17T18:21:45.272278485Z	77.55	74.176	38.13	27.48	4.48	cassandra-001	38.13
324.984	27.48	258	2018-08-17T18:21:52.278843909Z	77.55	40.566	38.13	1.23	8.87	cassandra-001	38.13
330.072	1.23	259	2018-08-17T18:21:59.286958319Z	77.55	37.886	38.13	1.04	5.53	cassandra-001	38.13
648.413	1.04	259	2018-08-17T18:22:06.294706307Z	77.56	62.835	38.13	1.25	5.52	cassandra-001	38.13
324.83	1.25	260	2018-08-17T18:22:13.302344658Z	77.55	31.312	38.14	1.28	5.55	cassandra-001	38.14
649.611	1.28	260	2018-08-17T18:22:20.312997029Z	77.57	64.102	38.14	22.3	5.57	cassandra-001	38.14
327.495	22.3	261	2018-08-17T18:22:27.319332075Z	77.57	30.876	38.14	1.21	9.1	cassandra-001	38.14
332.243	1.21	262	2018-08-17T18:22:34.326287694Z	77.56	37.37	38.14	1.05	4.72	cassandra-001	38.14
662.134	1.05	262	2018-08-17T18:22:41.337824079Z	77.57	65.829	38.14	1.18	4.69	cassandra-001	38.14
332.087	1.18	263	2018-08-17T18:22:48.346077332Z	77.57	34.096	38.14	1.12	4.71	cassandra-001	38.14
668.524	1.12	263	2018-08-17T18:22:55.354394611Z	77.57	70.528	38.14	24.49	4.69	cassandra-001	38.14
328.544	24.49	264	2018-08-17T18:23:02.362271131Z	77.58	35.442	38.14	1.02	8.56	cassandra-001	38.14
332.667	1.02	264	2018-08-17T18:23:09.368977999Z	77.58	37.817	38.12	1.3	5.01	cassandra-001	38.15
667.076	1.3	265	2018-08-17T18:23:16.378382189Z	77.58	64.006	38.15	3.06	5.03	cassandra-001	38.15
336.138	3.06	266	2018-08-17T18:23:23.386754281Z	77.58	31.336	38.15	1.2	5.36	cassandra-001	38.15
660.53	1.2	266	2018-08-17T18:23:30.39619565Z	77.59	53.458	38.15	23.42	5.36	cassandra-001	38.15
327.354	23.42	267	2018-08-17T18:23:37.40357221Z	77.59	28.761	38.15	1.19	9.08	cassandra-001	38.15
330.14	1.19	267	2018-08-17T18:23:44.410664233Z	77.59	28.088	38.15	1.22	5.2	cassandra-001	38.15
665.779	1.22	268	2018-08-17T18:23:51.419606593Z	77.59	54.592	38.15	1.26	5.23	cassandra-001	38.15
329.742	1.26	268	2018-08-17T18:23:58.430035692Z	77.59	25.936	38.15	1.12	5.22	cassandra-001	38.15
667.771	1.12	269	2018-08-17T18:24:05.436729983Z	77.6	54.115	38.15	27.45	4.9	cassandra-001	38.15
327.979	27.45	270	2018-08-17T18:24:12.446239157Z	77.6	24.576	38.15	1.08	9.28	cassandra-001	38.15
331.211	1.08	270	2018-08-17T18:24:19.453575851Z	77.6	36.06	38.15	1.24	5.55	cassandra-001	38.15
680.715	1.24	271	2018-08-17T18:24:26.463311844Z	77.6	80.026	38.15	1.15	5.56	cassandra-001	38.15
339.55	1.15	271	2018-08-17T18:24:33.472939776Z	77.6	38.752	38.15	1.4	5.55	cassandra-001	38.15
697.972	1.4	272	2018-08-17T18:24:40.480041343Z	77.61	81.635	38.15	23.29	5.57	cassandra-001	38.15
350.812	23.29	272	2018-08-17T18:24:47.489049475Z	77.61	41.814	38.15	1.19	9.27	cassandra-001	38.15
353.273	1.19	273	2018-08-17T18:24:54.496159462Z	77.6	43.596	38.15	1.23	4.89	cassandra-001	38.15
698.097	1.23	274	2018-08-17T18:25:01.505459659Z	77.61	78.268	38.15	1.22	4.92	cassandra-001	38.15
342.28	1.22	274	2018-08-17T18:25:08.512780794Z	77.61	41.417	38.15	1.13	4.91	cassandra-001	38.15
685.351	1.13	275	2018-08-17T18:25:15.520015717Z	77.62	72.908	38.15	27.51	4.91	cassandra-001	38.15
351.38	27.51	275	2018-08-17T18:25:22.530620255Z	77.62	36.81	38.15	1.16	9.26	cassandra-001	38.15
345.884	1.16	276	2018-08-17T18:25:29.537203782Z	77.62	35.094	38.15	1.08	5.57	cassandra-001	38.15
694.215	1.08	276	2018-08-17T18:25:36.54461179Z	77.62	67.745	38.15	1.09	5.55	cassandra-001	38.15
344.864	1.09	277	2018-08-17T18:25:43.55183792Z	77.62	33.008	38.15	1.5	5.53	cassandra-001	38.15
695.783	1.5	278	2018-08-17T18:25:50.560287654Z	77.63	65.474	38.15	25.34	5.58	cassandra-001	38.15
345.013	25.34	278	2018-08-17T18:25:57.567643829Z	77.63	29.272	38.15	1.12	9.61	cassandra-001	38.15
349.691	1.12	279	2018-08-17T18:26:04.575339387Z	77.63	33.654	38.15	1.18	5.21	cassandra-001	38.15
691.137	1.18	279	2018-08-17T18:26:11.582584883Z	77.63	58.595	38.15	1.17	5.22	cassandra-001	38.15
347.236	1.17	280	2018-08-17T18:26:18.589611829Z	77.63	29.786	38.15	1.22	5.23	cassandra-001	38.15
699.919	1.22	280	2018-08-17T18:26:25.600011539Z	77.64	58.542	38.15	26.05	5.25	cassandra-001	38.15
345.764	26.05	281	2018-08-17T18:26:32.606206907Z	77.64	33.178	38.15	1.13	9.35	cassandra-001	38.15
350.432	1.13	281	2018-08-17T18:26:39.616035111Z	77.71	30.999	38.15	1.15	5.31	cassandra-001	38.15
706.741	1.15	282	2018-08-17T18:26:46.622861796Z	77.71	62.118	38.15	2.16	5.32	cassandra-001	38.15
357.703	2.16	283	2018-08-17T18:26:53.632122969Z	77.71	35.144	38.15	1.25	5.48	cassandra-001	38.15
713.15	1.25	283	2018-08-17T18:27:00.638446774Z	77.72	74.934	38.15	23.58	5.49	cassandra-001	38.15
357.731	23.58	284	2018-08-17T18:27:07.645755222Z	77.72	33.361	38.15	1.15	9.22	cassandra-001	38.15
358.839	1.15	284	2018-08-17T18:27:14.653067712Z	77.72	36.688	38.15	1.16	5.07	cassandra-001	38.15
717.916	1.16	285	2018-08-17T18:27:21.661313974Z	77.73	70.986	38.15	1.18	5.07	cassandra-001	38.15
350.018	1.18	285	2018-08-17T18:27:28.669812059Z	77.72	34.298	38.15	1.11	5.08	cassandra-001	38.15
720.387	1.11	286	2018-08-17T18:27:35.680457945Z	77.73	67.909	38.15	24.8	4.9	cassandra-001	38.15
359.661	24.8	286	2018-08-17T18:27:42.688837845Z	77.73	34.192	38.15	1.21	8.83	cassandra-001	38.15
362.533	1.21	287	2018-08-17T18:27:49.6987768Z	77.73	38.35	38.15	1.07	5.1	cassandra-001	38.15
720.795	1.07	287	2018-08-17T18:27:56.706922968Z	77.73	66.456	38.15	1.01	5.09	cassandra-001	38.15
362.185	1.01	288	2018-08-17T18:28:03.714567427Z	77.72	35.736	38.14	1.31	5.06	cassandra-001	38.14
724.846	1.31	289	2018-08-17T18:28:10.723053871Z	77.73	67.537	38.14	30.03	5.08	cassandra-001	38.14
371.34	30.03	289	2018-08-17T18:28:17.731631834Z	77.73	43.616	38.14	1.23	9.9	cassandra-001	38.14
370.206	1.23	290	2018-08-17T18:28:24.739711678Z	77.73	40.342	38.14	1.02	5.98	cassandra-001	38.14
739.582	1.02	290	2018-08-17T18:28:31.746448488Z	77.73	80.38	38.14	1.23	5.94	cassandra-001	38.14
367.272	1.23	291	2018-08-17T18:28:38.754493706Z	77.73	38.493	38.14	1.3	5.97	cassandra-001	38.14
732.404	1.3	291	2018-08-17T18:28:45.763337652Z	77.74	71.39	38.14	27.14	6.02	cassandra-001	38.14
368.306	27.14	292	2018-08-17T18:28:52.773239582Z	77.74	43.1	38.14	1.19	10.32	cassandra-001	38.14
367.574	1.19	292	2018-08-17T18:28:59.781536888Z	77.74	40.526	38.14	1.03	5.52	cassandra-001	38.14
745.347	1.03	293	2018-08-17T18:29:06.7932246Z	77.74	82.067	38.14	1.1	5.48	cassandra-001	38.14
367.149	1.1	293	2018-08-17T18:29:13.800880626Z	77.74	43.878	38.14	1.21	5.5	cassandra-001	38.14
737.658	1.21	294	2018-08-17T18:29:20.809622401Z	77.75	71.388	38.14	26.92	5.49	cassandra-001	38.14
368.472	26.92	294	2018-08-17T18:29:27.816537224Z	77.75	34.004	38.14	1.03	9.76	cassandra-001	38.14
375.745	1.03	295	2018-08-17T18:29:34.822415869Z	77.75	41.105	38.14	1.8	5.41	cassandra-001	38.14
742.288	1.8	295	2018-08-17T18:29:41.830180865Z	77.75	75.096	38.14	1.25	5.51	cassandra-001	38.14
369.587	1.25	296	2018-08-17T18:29:48.837159427Z	77.76	34.36	38.14	1.16	5.55	cassandra-001	38.14
733.549	1.16	296	2018-08-17T18:29:55.843372486Z	77.76	58.014	38.14	30.15	5.56	cassandra-001	38.14
369.532	30.15	297	2018-08-17T18:30:02.850294235Z	77.76	32.142	38.14	1.17	10.38	cassandra-001	38.14
376.889	1.17	298	2018-08-17T18:30:09.860946951Z	77.76	35.837	38.14	1.13	6.09	cassandra-001	38.14
742.166	1.13	298	2018-08-17T18:30:16.869195642Z	77.76	66.646	38.14	1.15	6.11	cassandra-001	38.14
378.269	1.15	299	2018-08-17T18:30:23.880078992Z	77.77	34.57	38.14	1.36	6.0	cassandra-001	38.14
752.921	1.36	299	2018-08-17T18:30:30.887451138Z	77.77	78.868	38.14	29.07	6.02	cassandra-001	38.14
373.83	29.07	300	2018-08-17T18:30:37.895377147Z	77.77	34.437	38.14	1.17	10.67	cassandra-001	38.14
378.918	1.17	300	2018-08-17T18:30:44.902757309Z	77.77	38.292	38.14	1.15	5.84	cassandra-001	38.14
754.231	1.15	301	2018-08-17T18:30:51.911077836Z	77.78	76.57	38.14	1.33	5.84	cassandra-001	38.14
379.161	1.33	301	2018-08-17T18:30:58.918807469Z	77.77	34.754	38.14	1.2	5.87	cassandra-001	38.14
758.146	1.2	302	2018-08-17T18:31:05.926219738Z	77.78	73.889	38.14	26.6	5.88	cassandra-001	38.14
379.784	26.6	302	2018-08-17T18:31:12.933043938Z	77.78	39.69	38.14	1.25	10.09	cassandra-001	38.14
381.181	1.25	303	2018-08-17T18:31:19.940738152Z	77.78	42.198	38.14	1.01	5.45	cassandra-001	38.14
759.03	1.01	303	2018-08-17T18:31:26.947752339Z	77.79	67.394	38.14	1.21	5.42	cassandra-001	38.14
384.669	1.21	304	2018-08-17T18:31:33.955485592Z	77.79	39.98	38.14	1.13	5.43	cassandra-001	38.14
774.691	1.13	304	2018-08-17T18:31:40.962672557Z	77.79	75.801	38.14	28.07	5.4	cassandra-001	38.14
382.365	28.07	305	2018-08-17T18:31:47.977016972Z	77.79	31.426	38.14	0.98	9.88	cassandra-001	38.14
380.587	0.98	305	2018-08-17T18:31:54.984103505Z	77.8	31.782	38.14	1.03	5.61	cassandra-001	38.14
764.311	1.03	306	2018-08-17T18:32:01.990529985Z	77.8	63.894	38.14	1.11	5.57	cassandra-001	38.14
379.131	1.11	306	2018-08-17T18:32:08.997323888Z	77.8	31.847	38.14	1.14	5.59	cassandra-001	38.14
767.762	1.14	307	2018-08-17T18:32:16.009694083Z	77.8	70.744	38.14	30.62	5.58	cassandra-001	38.14
387.579	30.62	307	2018-08-17T18:32:23.016731122Z	77.8	39.305	38.14	1.11	10.49	cassandra-001	38.14
382.837	1.11	308	2018-08-17T18:32:30.025539788Z	77.8	35.728	38.14	1.09	6.0	cassandra-001	38.14
776.236	1.09	308	2018-08-17T18:32:37.033425594Z	77.8	77.197	38.14	0.98	6.02	cassandra-001	38.14
387.906	0.98	309	2018-08-17T18:32:44.041725788Z	77.81	42.42	38.14	1.06	6.01	cassandra-001	38.14
776.55	1.06	309	2018-08-17T18:32:51.049176149Z	77.81	75.362	38.14	29.14	6.0	cassandra-001	38.14
390.388	29.14	310	2018-08-17T18:32:58.059235639Z	77.81	35.846	38.14	1.12	10.67	cassandra-001	38.14
391.572	1.12	310	2018-08-17T18:33:05.065030531Z	77.81	37.469	38.14	2.65	5.75	cassandra-001	38.14
772.285	2.65	311	2018-08-17T18:33:12.071123372Z	77.82	83.228	38.14	1.03	6.01	cassandra-001	38.14
392.17	1.03	311	2018-08-17T18:33:19.077481281Z	77.82	47.712	38.14	1.25	6.0	cassandra-001	38.14
794.457	1.25	312	2018-08-17T18:33:26.085232107Z	77.82	91.662	38.14	25.11	6.04	cassandra-001	38.14
391.734	25.11	312	2018-08-17T18:33:33.091585616Z	77.82	41.93	38.14	1.13	10.05	cassandra-001	38.14
453.539	1.13	313	2018-08-17T18:33:40.097786285Z	77.83	44.854	38.14	5.34	5.38	cassandra-001	38.14
722.495	5.34	313	2018-08-17T18:33:47.103447356Z	77.83	70.322	38.14	1.02	6.08	cassandra-001	38.14
395.648	1.02	314	2018-08-17T18:33:54.108612281Z	77.83	45.322	38.14	1.05	5.81	cassandra-001	38.14
789.798	1.05	314	2018-08-17T18:34:01.114989771Z	77.83	72.586	38.14	29.93	5.82	cassandra-001	38.14
390.497	29.93	315	2018-08-17T18:34:08.120292265Z	77.83	32.847	38.14	1.1	10.6	cassandra-001	38.14
495.107	1.1	315	2018-08-17T18:34:15.126476874Z	77.84	39.416	38.14	8.13	6.59	cassandra-001	38.14
680.864	8.13	316	2018-08-17T18:34:22.133974928Z	77.84	58.664	38.14	1.13	7.76	cassandra-001	38.14
391.841	1.13	316	2018-08-17T18:34:29.14016788Z	77.84	32.332	38.14	1.1	7.06	cassandra-001	38.14
790.433	1.1	317	2018-08-17T18:34:36.152345765Z	77.84	69.125	38.14	15.67	7.07	cassandra-001	38.14
393.363	15.67	317	2018-08-17T18:34:43.163574971Z	77.85	31.038	38.14	1.16	9.51	cassandra-001	38.14
646.072	1.16	318	2018-08-17T18:34:50.17339554Z	77.85	64.013	38.14	18.74	4.71	cassandra-001	38.14
539.256	18.74	318	2018-08-17T18:34:57.181642147Z	77.85	47.409	38.14	1.07	7.65	cassandra-001	38.14
398.987	1.07	319	2018-08-17T18:35:04.189182215Z	77.85	34.892	38.14	1.03	6.48	cassandra-001	38.14
793.059	1.03	319	2018-08-17T18:35:11.194899511Z	77.86	69.783	38.14	15.64	6.46	cassandra-001	38.14
404.753	15.64	320	2018-08-17T18:35:18.204577451Z	77.86	43.696	38.14	0.97	8.88	cassandra-001	38.14
791.748	0.97	320	2018-08-17T18:35:25.211801401Z	77.86	85.746	38.14	27.98	6.43	cassandra-001	38.14
417.579	27.98	321	2018-08-17T18:35:32.218280076Z	77.86	46.78	38.14	1.11	10.9	cassandra-001	38.14
405.506	1.11	321	2018-08-17T18:35:39.227596989Z	77.86	39.999	38.14	1.17	7.97	cassandra-001	38.14
808.517	1.17	322	2018-08-17T18:35:46.235537535Z	77.87	87.694	38.14	4.39	7.98	cassandra-001	38.14
404.658	4.39	322	2018-08-17T18:35:53.244801285Z	77.87	39.154	38.14	1.12	8.54	cassandra-001	38.14
812.772	1.12	323	2018-08-17T18:36:00.256029398Z	77.87	85.238	38.14	30.19	6.12	cassandra-001	38.14
414.938	30.19	323	2018-08-17T18:36:07.264394446Z	77.87	49.119	38.14	1.15	10.99	cassandra-001	38.14
409.069	1.15	324	2018-08-17T18:36:14.273586Z	77.88	48.222	38.14	1.22	6.52	cassandra-001	38.14
823.933	1.22	324	2018-08-17T18:36:21.281320448Z	77.88	95.084	38.14	1.14	6.54	cassandra-001	38.14
401.595	1.14	325	2018-08-17T18:36:28.288082201Z	77.88	45.608	38.14	1.13	6.53	cassandra-001	38.14
818.09	1.13	325	2018-08-17T18:36:35.297779526Z	77.88	80.787	38.14	32.12	5.99	cassandra-001	38.14
414.881	32.12	326	2018-08-17T18:36:42.314728316Z	77.88	39.892	38.14	1.21	11.16	cassandra-001	38.14
412.667	1.21	326	2018-08-17T18:36:49.322117821Z	77.88	43.324	38.14	1.22	6.33	cassandra-001	38.14
827.538	1.22	327	2018-08-17T18:36:56.328820792Z	77.89	87.096	38.14	1.22	6.34	cassandra-001	38.14
409.594	1.22	327	2018-08-17T18:37:03.335982211Z	77.89	39.324	38.14	1.21	6.34	cassandra-001	38.14
822.935	1.21	327	2018-08-17T18:37:10.344088638Z	77.89	81.973	38.14	27.94	6.35	cassandra-001	38.14
408.644	27.94	328	2018-08-17T18:37:17.353363491Z	77.89	35.324	38.14	1.28	10.82	cassandra-001	38.14
412.788	1.28	328	2018-08-17T18:37:24.364112679Z	77.89	35.416	38.14	1.28	5.68	cassandra-001	38.14
825.322	1.28	329	2018-08-17T18:37:31.372323904Z	77.9	74.0	38.14	1.14	5.69	cassandra-001	38.14
413.071	1.14	329	2018-08-17T18:37:38.381614406Z	77.9	36.141	38.14	1.23	5.68	cassandra-001	38.14
831.056	1.23	330	2018-08-17T18:37:45.39009708Z	77.9	76.428	38.14	29.04	5.68	cassandra-001	38.14
417.395	29.04	330	2018-08-17T18:37:52.398092054Z	77.91	41.672	38.14	1.36	10.32	cassandra-001	38.14
411.302	1.36	331	2018-08-17T18:37:59.406206252Z	77.9	38.306	38.14	1.3	5.89	cassandra-001	38.14
819.687	1.3	331	2018-08-17T18:38:06.414970266Z	77.91	68.955	38.14	1.28	5.89	cassandra-001	38.14
412.287	1.28	332	2018-08-17T18:38:13.424004305Z	77.91	44.206	38.14	1.31	5.89	cassandra-001	38.14
836.784	1.31	332	2018-08-17T18:38:20.433364398Z	77.91	78.934	38.14	30.52	5.92	cassandra-001	38.14
417.979	30.52	333	2018-08-17T18:38:27.442087241Z	77.91	41.064	38.14	1.21	10.8	cassandra-001	38.14
417.473	1.21	333	2018-08-17T18:38:34.451166039Z	77.92	39.678	38.14	1.25	6.16	cassandra-001	38.14
842.509	1.25	334	2018-08-17T18:38:41.458399926Z	77.92	85.849	38.14	1.2	6.14	cassandra-001	38.14
422.043	1.2	334	2018-08-17T18:38:48.470387412Z	77.92	40.786	38.14	1.11	6.13	cassandra-001	38.14
844.977	1.11	335	2018-08-17T18:38:55.477600711Z	77.93	82.43	38.14	30.74	6.1	cassandra-001	38.14
413.643	30.74	335	2018-08-17T18:39:02.484511641Z	77.93	39.796	38.14	1.06	11.0	cassandra-001	38.14
420.37	1.06	335	2018-08-17T18:39:09.491305288Z	77.93	41.907	38.14	1.27	6.09	cassandra-001	38.14
848.642	1.27	336	2018-08-17T18:39:16.49897454Z	77.93	91.194	38.14	2.22	6.1	cassandra-001	38.14
425.314	2.22	336	2018-08-17T18:39:23.507053322Z	77.94	40.112	38.14	1.2	6.27	cassandra-001	38.14
848.885	1.2	337	2018-08-17T18:39:30.51770819Z	77.94	78.838	38.14	33.71	6.27	cassandra-001	38.14
420.06	33.71	337	2018-08-17T18:39:37.526074763Z	77.94	38.989	38.14	1.33	11.7	cassandra-001	38.14
422.306	1.33	338	2018-08-17T18:39:44.533479111Z	77.94	39.478	38.14	1.18	6.8	cassandra-001	38.14
840.301	1.18	338	2018-08-17T18:39:51.541806114Z	77.95	83.338	38.14	1.32	6.82	cassandra-001	38.14
421.766	1.32	339	2018-08-17T18:39:58.549078435Z	77.94	35.082	38.14	1.22	6.83	cassandra-001	38.14
854.03	1.22	339	2018-08-17T18:40:05.556074429Z	77.95	86.333	38.14	29.51	6.66	cassandra-001	38.14
426.41	29.51	340	2018-08-17T18:40:12.56326681Z	77.95	39.332	38.14	1.13	11.38	cassandra-001	38.14
428.293	1.13	340	2018-08-17T18:40:19.571910327Z	77.95	37.616	38.14	1.27	5.95	cassandra-001	38.14
854.122	1.27	341	2018-08-17T18:40:26.580717147Z	77.96	90.596	38.14	1.32	5.94	cassandra-001	38.14
430.339	1.32	341	2018-08-17T18:40:33.59043262Z	77.96	45.364	38.14	1.19	5.96	cassandra-001	38.14
858.135	1.19	341	2018-08-17T18:40:40.596069249Z	77.96	84.179	38.14	33.65	5.94	cassandra-001	38.14
424.789	33.65	342	2018-08-17T18:40:47.605093446Z	77.96	48.426	38.14	1.3	11.34	cassandra-001	38.14
428.653	1.3	342	2018-08-17T18:40:54.615069992Z	77.96	48.056	38.14	1.17	6.64	cassandra-001	38.14
860.773	1.17	343	2018-08-17T18:41:01.622939285Z	77.97	88.588	38.14	1.1	6.65	cassandra-001	38.14
431.521	1.1	343	2018-08-17T18:41:08.629723707Z	77.97	40.201	38.14	1.08	6.62	cassandra-001	38.14
860.597	1.08	344	2018-08-17T18:41:15.636300678Z	77.97	94.58	38.14	30.01	6.58	cassandra-001	38.14
434.079	30.01	344	2018-08-17T18:41:22.645026938Z	77.98	41.706	38.14	1.21	11.38	cassandra-001	38.14
428.972	1.21	345	2018-08-17T18:41:29.65250621Z	77.97	34.314	38.14	1.05	5.98	cassandra-001	38.14
865.648	1.05	345	2018-08-17T18:41:36.660503621Z	77.98	79.781	38.14	1.12	5.94	cassandra-001	38.14
434.369	1.12	346	2018-08-17T18:41:43.667626314Z	77.98	41.27	38.14	1.19	5.93	cassandra-001	38.14
864.041	1.19	346	2018-08-17T18:41:50.67543352Z	77.99	76.824	38.14	30.61	5.94	cassandra-001	38.14
436.636	30.61	347	2018-08-17T18:41:57.681929719Z	77.98	39.184	38.14	0.98	10.86	cassandra-001	38.14
434.227	0.98	347	2018-08-17T18:42:04.688034124Z	77.99	45.058	38.14	1.14	6.03	cassandra-001	38.14
870.18	1.14	347	2018-08-17T18:42:11.696379721Z	77.99	79.713	38.14	1.72	6.01	cassandra-001	38.14
429.541	1.72	348	2018-08-17T18:42:18.704580354Z	77.99	37.296	38.14	1.01	6.13	cassandra-001	38.14
867.284	1.01	348	2018-08-17T18:42:25.712942046Z	78.0	81.97	38.14	32.84	6.11	cassandra-001	38.14
429.793	32.84	349	2018-08-17T18:42:32.719587793Z	78.0	41.546	38.14	1.15	11.38	cassandra-001	38.14
432.447	1.15	349	2018-08-17T18:42:39.726145063Z	78.0	40.225	38.14	1.04	6.47	cassandra-001	38.14
881.159	1.04	350	2018-08-17T18:42:46.7333721Z	78.0	88.292	38.14	3.54	6.48	cassandra-001	38.14
441.756	3.54	350	2018-08-17T18:42:53.742576465Z	78.01	43.829	38.14	1.08	6.88	cassandra-001	38.14
888.253	1.08	351	2018-08-17T18:43:00.7520544Z	78.01	89.466	38.14	31.22	6.78	cassandra-001	38.14
442.266	31.22	351	2018-08-17T18:43:07.761994234Z	78.01	46.587	38.14	1.14	11.81	cassandra-001	38.14
445.19	1.14	351	2018-08-17T18:43:14.771009441Z	78.01	49.808	38.14	1.21	6.53	cassandra-001	38.14
881.498	1.21	352	2018-08-17T18:43:21.777443549Z	77.63	95.999	38.15	5.72	6.54	cassandra-001	38.15
447.43	5.72	352	2018-08-17T18:43:28.784925627Z	77.61	49.9	38.14	1.23	7.32	cassandra-001	38.14
895.121	1.23	353	2018-08-17T18:43:35.791435569Z	77.62	97.859	38.14	31.59	6.93	cassandra-001	38.14
442.655	31.59	353	2018-08-17T18:43:42.802815207Z	77.62	44.118	38.14	1.06	12.02	cassandra-001	38.14
447.989	1.06	354	2018-08-17T18:43:49.808976946Z	77.62	45.9	38.14	1.0	6.99	cassandra-001	38.14
885.89	1.0	354	2018-08-17T18:43:56.816357007Z	77.62	78.758	38.14	1.32	6.97	cassandra-001	38.14
444.957	1.32	355	2018-08-17T18:44:03.827302973Z	77.63	41.596	38.14	1.2	6.99	cassandra-001	38.14
891.411	1.2	355	2018-08-17T18:44:10.837744846Z	77.3	78.796	38.14	31.35	6.23	cassandra-001	38.14
444.723	31.35	355	2018-08-17T18:44:17.845979722Z	77.3	42.256	38.14	1.27	11.25	cassandra-001	38.14
447.059	1.27	356	2018-08-17T18:44:24.858855032Z	77.29	42.058	38.13	1.03	6.2	cassandra-001	38.13
895.871	1.03	356	2018-08-17T18:44:31.86677774Z	77.29	83.772	38.12	1.23	6.19	cassandra-001	38.12
451.503	1.23	357	2018-08-17T18:44:38.877260689Z	77.29	44.037	38.12	1.08	6.23	cassandra-001	38.12
891.583	1.08	357	2018-08-17T18:44:45.88434827Z	77.29	87.956	38.12	32.77	6.19	cassandra-001	38.12
451.968	32.77	358	2018-08-17T18:44:52.893831518Z	77.29	47.654	38.12	1.19	11.45	cassandra-001	38.12
449.969	1.19	358	2018-08-17T18:44:59.902597741Z	77.29	43.628	38.12	1.21	6.43	cassandra-001	38.12
904.244	1.21	359	2018-08-17T18:45:06.915595552Z	77.29	86.753	38.12	1.43	6.42	cassandra-001	38.12
446.771	1.43	359	2018-08-17T18:45:13.9234489Z	77.3	38.44	38.12	1.19	6.48	cassandra-001	38.12
914.07	1.19	359	2018-08-17T18:45:20.931035984Z	77.31	93.762	38.12	33.13	6.48	cassandra-001	38.12
460.066	33.13	360	2018-08-17T18:45:27.938530592Z	77.31	51.006	38.12	1.17	11.82	cassandra-001	38.12
455.31	1.17	360	2018-08-17T18:45:34.945769203Z	77.31	43.772	38.12	1.07	6.55	cassandra-001	38.12
905.224	1.07	361	2018-08-17T18:45:41.955405697Z	77.31	83.161	38.12	1.18	6.53	cassandra-001	38.12
453.295	1.18	361	2018-08-17T18:45:48.966909794Z	77.31	44.828	38.12	1.03	6.53	cassandra-001	38.12
911.116	1.03	362	2018-08-17T18:45:55.975797707Z	77.32	96.77	38.12	31.3	6.46	cassandra-001	38.12
451.149	31.3	362	2018-08-17T18:46:02.98432231Z	77.32	49.54	38.12	1.12	11.48	cassandra-001	38.12
449.833	1.12	362	2018-08-17T18:46:09.99134241Z	77.32	35.217	38.12	1.08	6.14	cassandra-001	38.12
905.691	1.08	363	2018-08-17T18:46:16.99893338Z	77.32	86.684	38.12	1.17	6.13	cassandra-001	38.12
452.53	1.17	363	2018-08-17T18:46:24.007491791Z	77.33	52.694	38.12	1.14	6.15	cassandra-001	38.12
916.73	1.14	364	2018-08-17T18:46:31.021121325Z	77.33	98.128	38.12	35.79	6.14	cassandra-001	38.12
455.105	35.79	364	2018-08-17T18:46:38.029219342Z	77.33	41.077	38.12	1.1	11.93	cassandra-001	38.12
461.32	1.1	365	2018-08-17T18:46:45.037530467Z	77.34	45.328	38.12	1.09	6.9	cassandra-001	38.12
917.167	1.09	365	2018-08-17T18:46:52.045456242Z	77.34	86.458	38.12	0.97	6.89	cassandra-001	38.12
464.607	0.97	365	2018-08-17T18:46:59.051828919Z	77.34	46.146	38.12	1.08	6.88	cassandra-001	38.12
922.519	1.08	366	2018-08-17T18:47:06.058838713Z	77.34	88.173	38.12	35.26	6.86	cassandra-001	38.12
465.369	35.26	366	2018-08-17T18:47:13.067923324Z	77.35	46.04	38.12	1.04	12.55	cassandra-001	38.12
463.301	1.04	367	2018-08-17T18:47:20.078506752Z	77.35	44.192	38.12	1.2	6.76	cassandra-001	38.12
924.949	1.2	367	2018-08-17T18:47:27.086325832Z	77.35	83.988	38.12	1.25	6.77	cassandra-001	38.12
460.455	1.25	368	2018-08-17T18:47:34.095025279Z	77.35	44.614	38.12	1.19	6.8	cassandra-001	38.12
914.481	1.19	368	2018-08-17T18:47:41.102930764Z	77.35	78.601	38.12	28.35	6.84	cassandra-001	38.12
452.555	28.35	368	2018-08-17T18:47:48.109066752Z	77.35	37.182	38.12	1.07	11.38	cassandra-001	38.12
578.941	1.07	369	2018-08-17T18:47:55.123130937Z	77.35	55.087	38.12	8.14	5.68	cassandra-001	38.12
813.2	8.14	369	2018-08-17T18:48:02.128892566Z	77.36	71.005	38.12	1.15	6.87	cassandra-001	38.12
461.72	1.15	370	2018-08-17T18:48:09.137056311Z	77.36	38.699	38.12	1.08	6.86	cassandra-001	38.12
932.813	1.08	370	2018-08-17T18:48:16.143690124Z	77.36	89.688	38.12	25.47	6.83	cassandra-001	38.12
459.959	25.47	371	2018-08-17T18:48:23.152208157Z	77.37	39.94	38.12	1.12	10.88	cassandra-001	38.12
754.108	1.12	371	2018-08-17T18:48:30.159341585Z	77.37	66.606	38.12	18.34	6.34	cassandra-001	38.12
642.322	18.34	371	2018-08-17T18:48:37.168433301Z	77.37	61.489	38.12	1.32	9.22	cassandra-001	38.12
456.627	1.32	372	2018-08-17T18:48:44.176908836Z	77.37	37.326	38.12	1.14	8.08	cassandra-001	38.12
940.499	1.14	372	2018-08-17T18:48:51.184413204Z	77.38	93.422	38.12	13.47	8.08	cassandra-001	38.12
469.717	13.47	373	2018-08-17T18:48:58.192332588Z	77.38	45.47	38.12	1.11	10.14	cassandra-001	38.12
693.687	1.11	373	2018-08-17T18:49:05.202919974Z	77.38	65.214	38.12	14.72	6.08	cassandra-001	38.12
709.293	14.72	373	2018-08-17T18:49:12.209113962Z	77.39	74.917	38.12	1.01	8.35	cassandra-001	38.12
470.036	1.01	374	2018-08-17T18:49:19.217274287Z	77.38	53.812	38.12	0.99	5.46	cassandra-001	38.12
943.864	0.99	374	2018-08-17T18:49:26.223622371Z	77.39	99.36	38.12	3.89	5.41	cassandra-001	38.12
470.023	3.89	375	2018-08-17T18:49:33.231447548Z	77.39	48.426	38.12	1.02	5.86	cassandra-001	38.12
947.003	1.02	375	2018-08-17T18:49:40.24071572Z	77.4	109.787	38.12	32.61	3.79	cassandra-001	38.12
471.258	32.61	376	2018-08-17T18:49:47.249243171Z	77.4	41.522	38.12	1.25	9.04	cassandra-001	38.12
473.263	1.25	376	2018-08-17T18:49:54.257491061Z	77.4	50.366	38.12	1.09	6.79	cassandra-001	38.12
942.397	1.09	376	2018-08-17T18:50:01.267561025Z	77.4	83.096	38.12	1.06	6.81	cassandra-001	38.12
467.689	1.06	377	2018-08-17T18:50:08.275748053Z	77.4	39.079	38.12	1.16	6.82	cassandra-001	38.12
819.278	1.16	377	2018-08-17T18:50:15.282195869Z	77.41	69.859	38.12	88.97	6.36	cassandra-001	38.12
598.846	88.97	378	2018-08-17T18:50:22.296340326Z	77.4	53.675	38.11	1.01	21.02	cassandra-001	38.11
478.748	1.01	378	2018-08-17T18:50:29.305179171Z	77.4	48.438	38.11	1.18	15.76	cassandra-001	38.11
961.834	1.18	378	2018-08-17T18:50:36.315635387Z	77.41	100.399	38.11	2.43	15.74	cassandra-001	38.11
480.901	2.43	379	2018-08-17T18:50:43.326515178Z	77.41	47.738	38.11	1.05	15.97	cassandra-001	38.11
957.004	1.05	379	2018-08-17T18:50:50.333462525Z	77.41	95.594	38.11	30.62	15.97	cassandra-001	38.11
479.515	30.62	380	2018-08-17T18:50:57.340794736Z	77.41	46.972	38.11	1.15	20.88	cassandra-001	38.11
483.552	1.15	380	2018-08-17T18:51:04.3477842Z	77.41	48.714	38.11	1.06	6.24	cassandra-001	38.11
963.983	1.06	381	2018-08-17T18:51:11.354005491Z	77.42	96.213	38.11	1.23	6.25	cassandra-001	38.11
481.98	1.23	381	2018-08-17T18:51:18.364600831Z	77.42	47.856	38.11	1.25	6.26	cassandra-001	38.11
958.203	1.25	381	2018-08-17T18:51:25.372615897Z	77.42	96.688	38.11	33.41	6.06	cassandra-001	38.11
480.339	33.41	382	2018-08-17T18:51:32.379135727Z	77.43	43.196	38.11	1.23	11.45	cassandra-001	38.11
477.589	1.23	382	2018-08-17T18:51:39.385793245Z	77.43	46.099	38.11	1.08	6.55	cassandra-001	38.11
968.51	1.08	383	2018-08-17T18:51:46.396318491Z	77.44	98.324	38.11	3.44	6.54	cassandra-001	38.11
479.386	3.44	383	2018-08-17T18:51:53.405667337Z	77.43	39.328	38.11	1.12	6.94	cassandra-001	38.11
955.311	1.12	383	2018-08-17T18:52:00.414494298Z	77.44	86.298	38.11	36.05	6.92	cassandra-001	38.11
479.105	36.05	384	2018-08-17T18:52:07.422177959Z	77.44	42.297	38.11	1.13	12.72	cassandra-001	38.11
480.895	1.13	384	2018-08-17T18:52:14.42924055Z	77.44	36.278	38.11	0.99	7.34	cassandra-001	38.11
958.614	0.99	385	2018-08-17T18:52:21.436879325Z	77.45	81.004	38.11	1.28	7.3	cassandra-001	38.11
484.756	1.28	385	2018-08-17T18:52:28.444802039Z	77.45	43.036	38.11	1.15	7.33	cassandra-001	38.11
961.138	1.15	386	2018-08-17T18:52:35.451332896Z	77.45	90.098	38.11	37.93	6.95	cassandra-001	38.11
482.605	37.93	386	2018-08-17T18:52:42.460800204Z	77.45	51.127	38.11	1.05	13.09	cassandra-001	38.11
490.724	1.05	386	2018-08-17T18:52:49.467844871Z	77.46	50.454	38.11	0.97	7.25	cassandra-001	38.11
975.377	0.97	387	2018-08-17T18:52:56.477169754Z	77.46	106.98	38.11	1.2	7.23	cassandra-001	38.11
493.647	1.2	387	2018-08-17T18:53:03.485309189Z	77.46	58.4	38.11	1.1	7.26	cassandra-001	38.11
983.77	1.1	388	2018-08-17T18:53:10.493160887Z	77.46	106.147	38.11	32.82	7.23	cassandra-001	38.11
491.403	32.82	388	2018-08-17T18:53:17.500262961Z	77.47	47.576	38.11	1.03	12.51	cassandra-001	38.11
490.209	1.03	388	2018-08-17T18:53:24.512352704Z	77.47	47.536	38.11	1.29	6.36	cassandra-001	38.11
984.743	1.29	389	2018-08-17T18:53:31.518844578Z	77.47	96.92	38.11	1.04	6.4	cassandra-001	38.11
486.237	1.04	389	2018-08-17T18:53:38.525575778Z	77.48	46.809	38.11	1.09	6.41	cassandra-001	38.11
986.38	1.09	390	2018-08-17T18:53:45.532497443Z	77.48	97.764	38.11	34.68	6.39	cassandra-001	38.11
489.333	34.68	390	2018-08-17T18:53:52.540845683Z	77.48	48.354	38.11	0.98	11.99	cassandra-001	38.11
489.133	0.98	390	2018-08-17T18:53:59.549543088Z	77.48	44.156	38.11	1.2	6.68	cassandra-001	38.11
992.901	1.2	391	2018-08-17T18:54:06.557592558Z	77.49	107.689	38.11	1.88	6.71	cassandra-001	38.11
502.314	1.88	391	2018-08-17T18:54:13.564094091Z	77.48	58.702	38.11	1.14	6.81	cassandra-001	38.11
995.437	1.14	392	2018-08-17T18:54:20.570765432Z	77.49	109.946	38.11	30.66	6.83	cassandra-001	38.11
484.594	30.66	392	2018-08-17T18:54:27.578127633Z	77.49	37.978	38.11	1.07	11.76	cassandra-001	38.11
498.285	1.07	392	2018-08-17T18:54:34.586311738Z	77.49	53.078	38.11	1.15	6.15	cassandra-001	38.11
998.574	1.15	393	2018-08-17T18:54:41.593056734Z	77.49	116.043	38.11	1.05	6.18	cassandra-001	38.11
498.841	1.05	393	2018-08-17T18:54:48.603804504Z	77.5	54.86	38.11	1.22	6.16	cassandra-001	38.11
993.856	1.22	394	2018-08-17T18:54:55.609548013Z	77.5	100.678	38.11	36.25	6.05	cassandra-001	38.11
494.982	36.25	394	2018-08-17T18:55:02.616092481Z	77.5	46.042	38.11	1.09	11.9	cassandra-001	38.11
494.479	1.09	394	2018-08-17T18:55:09.622041306Z	77.51	50.239	38.11	1.11	6.97	cassandra-001	38.11
996.55	1.11	395	2018-08-17T18:55:16.630207137Z	77.51	99.806	38.11	2.87	6.98	cassandra-001	38.11
502.779	2.87	395	2018-08-17T18:55:23.639642453Z	77.51	51.348	38.11	1.08	7.26	cassandra-001	38.11
993.246	1.08	396	2018-08-17T18:55:30.648474831Z	77.52	90.42	38.11	33.13	7.27	cassandra-001	38.11
493.112	33.13	396	2018-08-17T18:55:37.655341557Z	77.52	40.101	38.11	1.24	12.59	cassandra-001	38.11
504.673	1.24	396	2018-08-17T18:55:44.664718943Z	77.52	51.638	38.11	1.07	6.75	cassandra-001	38.11
1003.581	1.07	397	2018-08-17T18:55:51.670918221Z	77.53	115.222	38.11	1.12	6.75	cassandra-001	38.11
497.447	1.12	397	2018-08-17T18:55:58.677162572Z	77.53	49.328	38.11	1.17	6.75	cassandra-001	38.11
994.447	1.17	397	2018-08-17T18:56:05.684098009Z	77.54	96.28	38.11	33.7	6.47	cassandra-001	38.11
507.354	33.7	397	2018-08-17T18:56:12.693940154Z	77.54	59.663	38.11	1.29	11.9	cassandra-001	38.11
509.046	1.29	397	2018-08-17T18:56:19.702146771Z	77.54	62.792	38.11	1.08	6.6	cassandra-001	38.11
1018.915	1.08	397	2018-08-17T18:56:26.710519607Z	77.55	115.618	38.11	1.12	6.57	cassandra-001	38.11
511.653	1.12	397	2018-08-17T18:56:33.718647421Z	77.54	63.122	38.11	1.14	6.58	cassandra-001	38.11
1010.837	1.14	397	2018-08-17T18:56:40.724907766Z	77.55	116.119	38.11	31.68	6.58	cassandra-001	38.11
500.687	31.68	397	2018-08-17T18:56:47.732921147Z	77.55	59.756	38.11	1.16	11.67	cassandra-001	38.11
506.261	1.16	397	2018-08-17T18:56:54.740740447Z	77.55	56.918	38.12	1.08	6.24	cassandra-001	38.12
1001.158	1.08	397	2018-08-17T18:57:01.74731649Z	77.56	96.412	38.12	1.17	6.21	cassandra-001	38.12
491.192	1.17	397	2018-08-17T18:57:08.757111352Z	77.56	39.929	38.12	1.1	6.22	cassandra-001	38.12
984.567	1.1	397	2018-08-17T18:57:15.764132738Z	77.56	85.06	38.12	41.55	6.22	cassandra-001	38.12
