net_receive	host_cpu	sensor_count	timestamp	memory%	net_send	memory_active_anon%	container_cpu%	host_moving_avg_cpu	name	memory_rss%
4288728.61	0	2	2018-08-17T21:45:23.971327286Z	77.92	695382.336	38.1	1.26	nan	cassandra-001	38.1
9.899	1.26	8	2018-08-17T21:45:30.979369769Z	77.92	1.316	38.1	4.04	nan	cassandra-001	38.1
12.438	4.04	12	2018-08-17T21:45:37.986886407Z	77.92	1.712	38.1	1.37	nan	cassandra-001	38.1
15.916	1.37	16	2018-08-17T21:45:44.995515803Z	77.92	2.291	38.1	1.11	nan	cassandra-001	38.1
40.139	1.11	19	2018-08-17T21:45:52.005721542Z	77.92	4.144	38.1	1.13	nan	cassandra-001	38.1
24.779	1.13	23	2018-08-17T21:45:59.01314202Z	77.92	2.328	38.1	1.1	1.48	cassandra-001	38.1
59.29	1.1	26	2018-08-17T21:46:06.019635741Z	77.92	4.93	38.1	5.16	1.67	cassandra-001	38.1
33.844	5.16	29	2018-08-17T21:46:13.02569242Z	77.92	2.774	38.1	1.21	2.32	cassandra-001	38.1
36.948	1.21	32	2018-08-17T21:46:20.031712005Z	77.92	3.591	38.1	1.09	1.85	cassandra-001	38.1
81.487	1.09	35	2018-08-17T21:46:27.040376374Z	77.92	9.372	38.1	1.11	1.8	cassandra-001	38.1
44.94	1.11	38	2018-08-17T21:46:34.048601556Z	77.92	5.886	38.1	1.14	1.8	cassandra-001	38.1
98.481	1.14	40	2018-08-17T21:46:41.057119862Z	77.92	10.608	38.1	6.28	1.8	cassandra-001	38.1
50.946	6.28	42	2018-08-17T21:46:48.067719737Z	77.92	4.695	38.1	1.18	2.67	cassandra-001	38.1
109.333	1.18	45	2018-08-17T21:46:55.07539599Z	77.92	10.604	38.1	5.48	2.0	cassandra-001	38.1
54.542	5.48	47	2018-08-17T21:47:02.081283964Z	77.92	4.918	38.1	1.11	2.71	cassandra-001	38.1
57.755	1.11	49	2018-08-17T21:47:09.088000704Z	77.92	5.934	38.1	1.16	2.72	cassandra-001	38.1
128.532	1.16	51	2018-08-17T21:47:16.096695274Z	77.93	14.505	38.1	1.29	2.73	cassandra-001	38.1
66.446	1.29	53	2018-08-17T21:47:23.103737136Z	77.92	7.252	38.1	1.06	2.75	cassandra-001	38.1
138.758	1.06	56	2018-08-17T21:47:30.110345425Z	77.93	15.426	38.1	8.79	1.88	cassandra-001	38.1
71.724	8.79	58	2018-08-17T21:47:37.124681129Z	77.93	8.214	38.1	1.15	3.15	cassandra-001	38.1
72.131	1.15	60	2018-08-17T21:47:44.133182798Z	77.93	7.183	38.1	2.41	2.43	cassandra-001	38.1
147.797	2.41	62	2018-08-17T21:47:51.139821905Z	77.93	15.58	38.1	1.08	2.64	cassandra-001	38.1
77.436	1.08	63	2018-08-17T21:47:58.147215627Z	77.93	9.69	38.1	1.25	2.63	cassandra-001	38.1
161.854	1.25	65	2018-08-17T21:48:05.155533836Z	77.93	15.326	38.1	9.25	2.62	cassandra-001	38.1
82.654	9.25	67	2018-08-17T21:48:12.1649558Z	77.93	7.88	38.1	1.22	3.99	cassandra-001	38.1
85.301	1.22	69	2018-08-17T21:48:19.172247919Z	77.93	8.407	38.1	1.19	2.73	cassandra-001	38.1
173.011	1.19	70	2018-08-17T21:48:26.181626703Z	77.93	14.926	38.1	1.14	2.73	cassandra-001	38.1
84.835	1.14	72	2018-08-17T21:48:33.188044913Z	77.93	6.822	38.1	1.17	2.52	cassandra-001	38.1
180.896	1.17	74	2018-08-17T21:48:40.195612388Z	77.93	18.012	38.1	10.78	2.54	cassandra-001	38.1
91.113	10.78	75	2018-08-17T21:48:47.204958074Z	77.93	9.579	38.1	1.22	4.13	cassandra-001	38.1
94.721	1.22	77	2018-08-17T21:48:54.215700697Z	77.93	9.262	38.1	1.21	2.79	cassandra-001	38.1
197.323	1.21	79	2018-08-17T21:49:01.224442712Z	77.93	21.836	38.1	1.12	2.79	cassandra-001	38.1
100.003	1.12	80	2018-08-17T21:49:08.231629407Z	77.93	10.594	38.1	1.26	2.77	cassandra-001	38.1
201.04	1.26	82	2018-08-17T21:49:15.238617921Z	77.93	19.853	38.1	10.1	2.79	cassandra-001	38.1
106.475	10.1	83	2018-08-17T21:49:22.251885926Z	77.93	12.586	38.1	1.34	4.28	cassandra-001	38.1
107.494	1.34	85	2018-08-17T21:49:29.259943591Z	77.93	11.912	38.1	1.23	2.71	cassandra-001	38.1
216.64	1.23	87	2018-08-17T21:49:36.268393092Z	77.94	27.862	38.1	1.31	2.71	cassandra-001	38.1
103.611	1.31	88	2018-08-17T21:49:43.278041583Z	77.93	9.284	38.1	1.2	2.73	cassandra-001	38.1
219.753	1.2	89	2018-08-17T21:49:50.285018231Z	77.83	20.335	38.1	109.36	2.74	cassandra-001	38.1
114.931	109.36	91	2018-08-17T21:49:57.291563951Z	78.26	11.606	38.1	100.9	20.76	cassandra-001	38.1
114.263	100.9	92	2018-08-17T21:50:04.306702787Z	77.6	11.896	38.09	1.42	35.89	cassandra-001	38.09
230.302	1.42	93	2018-08-17T21:50:11.315518148Z	77.6	24.134	38.09	1.27	35.9	cassandra-001	38.09
115.655	1.27	95	2018-08-17T21:50:18.324325724Z	77.61	10.957	38.09	1.25	35.91	cassandra-001	38.09
238.696	1.25	96	2018-08-17T21:50:25.332254309Z	77.61	24.95	38.09	10.96	35.9	cassandra-001	38.09
118.595	10.96	97	2018-08-17T21:50:32.341639495Z	77.6	12.316	38.09	1.25	37.53	cassandra-001	38.09
122.844	1.25	99	2018-08-17T21:50:39.349371306Z	77.61	14.058	38.09	1.28	19.51	cassandra-001	38.09
251.642	1.28	100	2018-08-17T21:50:46.364261112Z	77.61	27.877	38.09	4.03	2.91	cassandra-001	38.09
126.463	4.03	102	2018-08-17T21:50:53.372647191Z	77.6	11.866	38.09	1.29	3.34	cassandra-001	38.09
259.045	1.29	103	2018-08-17T21:51:00.38459151Z	77.61	27.11	38.09	13.9	3.34	cassandra-001	38.09
130.546	13.9	104	2018-08-17T21:51:07.396238444Z	77.61	13.66	38.09	1.25	5.45	cassandra-001	38.09
130.969	1.25	106	2018-08-17T21:51:14.405424886Z	77.61	12.009	38.09	2.77	3.83	cassandra-001	38.09
261.734	2.77	107	2018-08-17T21:51:21.414193071Z	77.61	24.018	38.09	1.1	4.09	cassandra-001	38.09
134.451	1.1	108	2018-08-17T21:51:28.423793388Z	77.61	13.566	38.09	1.39	4.06	cassandra-001	38.09
265.128	1.39	109	2018-08-17T21:51:35.431926954Z	77.61	25.098	38.09	13.05	3.62	cassandra-001	38.09
139.12	13.05	111	2018-08-17T21:51:42.442917999Z	77.61	15.954	38.09	1.21	5.58	cassandra-001	38.09
140.445	1.21	112	2018-08-17T21:51:49.452331083Z	77.61	16.019	38.09	1.13	3.46	cassandra-001	38.09
284.829	1.13	113	2018-08-17T21:51:56.460014213Z	77.61	30.93	38.09	1.12	3.44	cassandra-001	38.09
144.745	1.12	114	2018-08-17T21:52:03.468868198Z	77.61	16.494	38.09	1.25	3.17	cassandra-001	38.09
291.307	1.25	115	2018-08-17T21:52:10.480367067Z	77.61	32.802	38.09	12.29	3.19	cassandra-001	38.09
149.024	12.29	117	2018-08-17T21:52:17.487975237Z	77.62	17.205	38.09	1.19	5.01	cassandra-001	38.09
144.494	1.19	118	2018-08-17T21:52:24.498987419Z	77.61	14.552	38.09	1.23	3.03	cassandra-001	38.09
294.65	1.23	119	2018-08-17T21:52:31.506554629Z	77.62	28.866	38.09	1.11	3.04	cassandra-001	38.09
149.157	1.11	120	2018-08-17T21:52:38.516018601Z	77.62	14.274	38.09	1.21	3.03	cassandra-001	38.09
299.732	1.21	121	2018-08-17T21:52:45.524126513Z	77.62	30.051	38.09	13.09	3.05	cassandra-001	38.09
152.537	13.09	122	2018-08-17T21:52:52.531515133Z	77.62	13.89	38.09	1.16	5.02	cassandra-001	38.09
155.6	1.16	124	2018-08-17T21:52:59.541138352Z	77.62	15.87	38.09	1.09	3.17	cassandra-001	38.09
309.229	1.09	125	2018-08-17T21:53:06.54996378Z	77.62	30.432	38.09	0.95	3.15	cassandra-001	38.09
156.433	0.95	126	2018-08-17T21:53:13.556838219Z	77.62	16.278	38.09	1.03	3.1	cassandra-001	38.09
317.91	1.03	127	2018-08-17T21:53:20.563521665Z	77.62	31.921	38.09	12.45	3.09	cassandra-001	38.09
162.623	12.45	128	2018-08-17T21:53:27.570889947Z	77.62	17.848	38.09	1.19	4.96	cassandra-001	38.09
161.942	1.19	129	2018-08-17T21:53:34.577270821Z	77.62	16.224	38.09	1.04	2.98	cassandra-001	38.09
322.645	1.04	130	2018-08-17T21:53:41.583211752Z	77.62	30.322	38.08	1.12	2.96	cassandra-001	38.08
166.786	1.12	131	2018-08-17T21:53:48.589694542Z	77.61	17.965	38.08	1.02	2.96	cassandra-001	38.08
331.559	1.02	132	2018-08-17T21:53:55.595579499Z	77.62	35.006	38.08	13.21	2.98	cassandra-001	38.08
164.872	13.21	133	2018-08-17T21:54:02.602083425Z	77.61	15.932	38.08	1.19	5.01	cassandra-001	38.08
168.775	1.19	134	2018-08-17T21:54:09.608549415Z	77.62	16.882	38.08	1.2	3.13	cassandra-001	38.08
337.542	1.2	135	2018-08-17T21:54:16.620023692Z	77.62	30.251	38.08	2.46	3.13	cassandra-001	38.08
168.387	2.46	137	2018-08-17T21:54:23.630621495Z	77.62	18.082	38.08	1.38	3.37	cassandra-001	38.08
345.02	1.38	138	2018-08-17T21:54:30.642309097Z	77.62	33.88	38.08	15.91	3.41	cassandra-001	38.08
173.653	15.91	139	2018-08-17T21:54:37.652239289Z	77.62	18.398	38.08	1.17	5.89	cassandra-001	38.08
173.988	1.17	140	2018-08-17T21:54:44.660047704Z	77.62	15.427	38.08	2.11	3.89	cassandra-001	38.08
353.033	2.11	141	2018-08-17T21:54:51.666842784Z	77.62	39.382	38.08	1.03	4.04	cassandra-001	38.08
178.91	1.03	142	2018-08-17T21:54:58.674090009Z	77.62	20.984	38.08	1.07	4.01	cassandra-001	38.08
364.21	1.07	143	2018-08-17T21:55:05.685816756Z	77.63	44.198	38.08	15.06	3.78	cassandra-001	38.08
180.199	15.06	144	2018-08-17T21:55:12.695211032Z	77.63	22.158	38.08	5.69	6.06	cassandra-001	38.08
181.923	5.69	145	2018-08-17T21:55:19.702029743Z	77.63	20.639	38.08	1.07	4.36	cassandra-001	38.08
365.336	1.07	146	2018-08-17T21:55:26.70889253Z	77.63	40.196	38.08	1.19	4.34	cassandra-001	38.08
184.071	1.19	147	2018-08-17T21:55:33.716160228Z	77.63	19.662	38.08	1.24	4.19	cassandra-001	38.08
373.935	1.24	148	2018-08-17T21:55:40.725757964Z	77.63	41.752	38.08	15.3	4.22	cassandra-001	38.08
188.336	15.3	149	2018-08-17T21:55:47.735432857Z	77.63	20.017	38.08	1.17	6.59	cassandra-001	38.08
188.595	1.17	150	2018-08-17T21:55:54.742168411Z	77.63	18.948	38.08	1.12	4.28	cassandra-001	38.08
377.139	1.12	151	2018-08-17T21:56:01.750241958Z	77.64	34.912	38.08	0.97	3.52	cassandra-001	38.08
191.412	0.97	152	2018-08-17T21:56:08.756418775Z	77.63	20.056	38.08	1.07	3.5	cassandra-001	38.08
378.083	1.07	153	2018-08-17T21:56:15.763260757Z	77.64	39.543	38.08	16.62	3.48	cassandra-001	38.08
191.849	16.62	154	2018-08-17T21:56:22.772254244Z	77.64	22.154	38.08	1.26	6.04	cassandra-001	38.08
193.526	1.26	155	2018-08-17T21:56:29.779246995Z	77.64	20.728	38.08	1.08	3.7	cassandra-001	38.08
390.848	1.08	156	2018-08-17T21:56:36.787339835Z	77.64	41.284	38.08	1.12	3.69	cassandra-001	38.08
196.536	1.12	157	2018-08-17T21:56:43.794275416Z	77.64	19.235	38.08	2.0	3.69	cassandra-001	38.08
397.137	2.0	158	2018-08-17T21:56:50.803669554Z	77.64	37.164	38.08	14.53	3.86	cassandra-001	38.08
198.304	14.53	158	2018-08-17T21:56:57.810434219Z	77.64	21.162	38.08	1.03	6.1	cassandra-001	38.08
198.381	1.03	159	2018-08-17T21:57:04.817155319Z	77.64	20.172	38.08	1.09	3.5	cassandra-001	38.08
395.052	1.09	160	2018-08-17T21:57:11.829997068Z	77.65	34.39	38.08	1.02	3.48	cassandra-001	38.08
200.296	1.02	161	2018-08-17T21:57:18.837837136Z	77.65	20.857	38.08	1.08	3.47	cassandra-001	38.08
399.502	1.08	162	2018-08-17T21:57:25.845232209Z	77.65	34.164	38.08	15.24	3.46	cassandra-001	38.08
199.241	15.24	163	2018-08-17T21:57:32.853647099Z	77.65	17.306	38.08	1.16	5.67	cassandra-001	38.08
201.495	1.16	164	2018-08-17T21:57:39.861962636Z	77.65	16.012	38.08	1.05	3.44	cassandra-001	38.08
409.658	1.05	165	2018-08-17T21:57:46.87126527Z	77.65	33.541	38.08	2.9	3.44	cassandra-001	38.08
207.656	2.9	166	2018-08-17T21:57:53.880180378Z	77.65	17.186	38.08	1.07	3.74	cassandra-001	38.08
413.329	1.07	167	2018-08-17T21:58:00.890336343Z	77.66	35.916	38.08	15.58	3.75	cassandra-001	38.08
210.274	15.58	167	2018-08-17T21:58:07.896911602Z	77.66	23.508	38.08	1.16	6.17	cassandra-001	38.08
209.136	1.16	168	2018-08-17T21:58:14.90327564Z	77.65	19.455	38.08	1.1	3.82	cassandra-001	38.08
424.217	1.1	169	2018-08-17T21:58:21.910657869Z	77.66	42.316	38.08	1.22	3.81	cassandra-001	38.08
215.963	1.22	170	2018-08-17T21:58:28.918815292Z	77.66	23.098	38.08	1.06	3.84	cassandra-001	38.08
434.348	1.06	171	2018-08-17T21:58:35.926189837Z	77.66	48.426	38.08	16.31	3.53	cassandra-001	38.08
217.011	16.31	172	2018-08-17T21:58:42.935794743Z	77.66	24.074	38.08	1.21	6.07	cassandra-001	38.08
218.015	1.21	173	2018-08-17T21:58:49.94324866Z	77.66	20.443	38.08	1.18	3.68	cassandra-001	38.08
434.851	1.18	174	2018-08-17T21:58:56.949797013Z	77.67	40.966	38.08	0.96	3.68	cassandra-001	38.08
217.619	0.96	174	2018-08-17T21:59:03.963080468Z	77.66	21.42	38.08	1.13	3.66	cassandra-001	38.08
436.822	1.13	175	2018-08-17T21:59:10.969752891Z	77.67	40.74	38.08	23.75	3.64	cassandra-001	38.08
218.502	23.75	176	2018-08-17T21:59:17.980678708Z	77.67	19.465	38.08	1.22	7.42	cassandra-001	38.08
221.731	1.22	177	2018-08-17T21:59:24.986967238Z	77.67	23.148	38.08	1.07	4.91	cassandra-001	38.08
440.877	1.07	178	2018-08-17T21:59:31.993697756Z	77.67	41.108	38.08	0.86	4.88	cassandra-001	38.08
225.179	0.86	179	2018-08-17T21:59:39.001228618Z	77.67	24.652	38.08	1.18	4.83	cassandra-001	38.08
451.322	1.18	179	2018-08-17T21:59:46.010361543Z	77.67	42.967	38.08	16.37	4.87	cassandra-001	38.08
224.254	16.37	180	2018-08-17T21:59:53.020317682Z	77.67	20.058	38.08	1.07	7.41	cassandra-001	38.08
227.45	1.07	181	2018-08-17T22:00:00.029106667Z	77.68	20.744	38.08	1.26	3.63	cassandra-001	38.08
454.685	1.26	182	2018-08-17T22:00:07.037312505Z	77.68	47.81	38.08	1.07	3.64	cassandra-001	38.08
227.89	1.07	183	2018-08-17T22:00:14.044028486Z	77.68	26.907	38.08	2.11	3.64	cassandra-001	38.08
460.501	2.11	184	2018-08-17T22:00:21.051604726Z	77.68	48.086	38.08	18.12	3.84	cassandra-001	38.08
229.275	18.12	184	2018-08-17T22:00:28.060689592Z	77.69	24.082	38.08	1.24	6.67	cassandra-001	38.08
287.979	1.24	185	2018-08-17T22:00:35.069944392Z	77.68	33.542	38.08	5.8	4.15	cassandra-001	38.08
406.349	5.8	186	2018-08-17T22:00:42.07794521Z	77.68	47.138	38.08	1.04	4.93	cassandra-001	38.08
230.766	1.04	187	2018-08-17T22:00:49.085778105Z	77.69	18.497	38.08	1.09	4.9	cassandra-001	38.08
468.112	1.09	188	2018-08-17T22:00:56.091919897Z	77.69	40.242	38.08	22.11	4.9	cassandra-001	38.08
234.693	22.11	188	2018-08-17T22:01:03.09767605Z	77.69	19.17	38.08	1.35	8.23	cassandra-001	38.08
377.505	1.35	189	2018-08-17T22:01:10.103634571Z	77.69	31.124	38.08	10.18	5.44	cassandra-001	38.08
325.164	10.18	190	2018-08-17T22:01:17.110525937Z	77.69	31.229	38.08	2.61	6.93	cassandra-001	38.08
239.394	2.61	191	2018-08-17T22:01:24.120861674Z	77.69	21.994	38.08	1.14	6.4	cassandra-001	38.08
473.854	1.14	192	2018-08-17T22:01:31.128389489Z	77.69	37.744	38.08	8.11	6.41	cassandra-001	38.08
240.505	8.11	192	2018-08-17T22:01:38.136853656Z	77.7	25.848	38.08	1.22	7.58	cassandra-001	38.08
481.563	1.22	193	2018-08-17T22:01:45.143129391Z	77.7	53.067	38.08	19.35	4.1	cassandra-001	38.08
244.333	19.35	194	2018-08-17T22:01:52.150843201Z	77.7	23.722	38.08	1.13	7.1	cassandra-001	38.08
245.477	1.13	195	2018-08-17T22:01:59.159286297Z	77.7	24.606	38.08	1.08	5.59	cassandra-001	38.08
483.132	1.08	195	2018-08-17T22:02:06.167842877Z	77.7	49.37	38.08	1.27	5.34	cassandra-001	38.08
241.246	1.27	196	2018-08-17T22:02:13.174005021Z	77.7	21.662	38.08	1.49	5.36	cassandra-001	38.08
496.669	1.49	197	2018-08-17T22:02:20.181431362Z	77.7	46.609	38.08	18.01	4.26	cassandra-001	38.08
249.438	18.01	198	2018-08-17T22:02:27.18921614Z	77.71	25.278	38.08	1.23	7.06	cassandra-001	38.08
249.39	1.23	198	2018-08-17T22:02:34.197973741Z	77.7	23.72	38.08	1.36	4.03	cassandra-001	38.08
499.437	1.36	199	2018-08-17T22:02:41.20624546Z	77.71	49.71	38.08	1.16	4.07	cassandra-001	38.08
247.685	1.16	200	2018-08-17T22:02:48.217773109Z	77.71	27.085	38.08	1.3	4.09	cassandra-001	38.08
502.001	1.3	201	2018-08-17T22:02:55.227116717Z	77.71	53.154	38.08	19.86	4.09	cassandra-001	38.08
253.55	19.86	202	2018-08-17T22:03:02.23407011Z	77.71	29.87	38.08	1.24	7.15	cassandra-001	38.08
253.709	1.24	202	2018-08-17T22:03:09.24237949Z	77.71	28.088	38.08	1.1	4.36	cassandra-001	38.08
509.372	1.1	203	2018-08-17T22:03:16.248970125Z	77.72	54.485	38.08	3.62	4.34	cassandra-001	38.08
253.641	3.62	204	2018-08-17T22:03:23.255844755Z	77.71	25.632	38.08	1.29	4.71	cassandra-001	38.08
511.752	1.29	205	2018-08-17T22:03:30.262599338Z	77.72	46.63	38.08	19.61	4.73	cassandra-001	38.08
260.885	19.61	205	2018-08-17T22:03:37.269292982Z	77.72	27.994	38.08	1.25	7.79	cassandra-001	38.08
255.966	1.25	206	2018-08-17T22:03:44.276190415Z	77.72	23.413	38.08	1.93	4.68	cassandra-001	38.08
518.66	1.93	207	2018-08-17T22:03:51.283167666Z	77.72	54.007	38.08	1.27	4.8	cassandra-001	38.08
259.285	1.27	207	2018-08-17T22:03:58.290674728Z	77.72	29.894	38.08	1.25	4.83	cassandra-001	38.08
523.204	1.25	208	2018-08-17T22:04:05.297733093Z	77.73	53.478	38.08	20.53	4.43	cassandra-001	38.08
264.246	20.53	209	2018-08-17T22:04:12.307924578Z	77.73	27.28	38.08	1.16	7.64	cassandra-001	38.08
264.759	1.16	210	2018-08-17T22:04:19.313816287Z	77.73	26.751	38.08	1.14	4.56	cassandra-001	38.08
533.267	1.14	210	2018-08-17T22:04:26.321509831Z	77.73	55.1	38.08	1.15	4.55	cassandra-001	38.08
267.637	1.15	211	2018-08-17T22:04:33.327619926Z	77.73	30.17	38.08	1.18	4.42	cassandra-001	38.08
531.819	1.18	212	2018-08-17T22:04:40.33641053Z	77.73	52.274	38.08	20.64	4.4	cassandra-001	38.08
270.544	20.64	213	2018-08-17T22:04:47.342450014Z	77.74	29.667	38.08	1.08	7.63	cassandra-001	38.08
268.443	1.08	213	2018-08-17T22:04:54.350401561Z	77.73	25.932	38.08	1.34	4.39	cassandra-001	38.08
531.535	1.34	214	2018-08-17T22:05:01.356808441Z	77.74	51.916	38.08	1.06	4.42	cassandra-001	38.08
268.46	1.06	215	2018-08-17T22:05:08.364066388Z	77.74	23.014	38.08	1.12	4.41	cassandra-001	38.08
536.945	1.12	215	2018-08-17T22:05:15.373917051Z	77.75	46.885	38.09	20.37	4.4	cassandra-001	38.09
273.873	20.37	216	2018-08-17T22:05:22.381710724Z	77.75	26.274	38.09	1.12	7.6	cassandra-001	38.09
272.649	1.12	217	2018-08-17T22:05:29.390181491Z	77.75	24.914	38.09	1.27	4.35	cassandra-001	38.09
544.518	1.27	218	2018-08-17T22:05:36.403811103Z	77.75	48.534	38.09	1.11	4.38	cassandra-001	38.09
270.484	1.11	218	2018-08-17T22:05:43.41149247Z	77.75	26.722	38.09	1.19	4.34	cassandra-001	38.09
545.083	1.19	219	2018-08-17T22:05:50.419435826Z	77.75	54.261	38.06	21.71	4.36	cassandra-001	38.09
275.587	21.71	220	2018-08-17T22:05:57.429665629Z	77.76	22.55	38.09	1.02	7.79	cassandra-001	38.09
275.726	1.02	220	2018-08-17T22:06:04.440036364Z	77.77	28.556	38.1	1.22	4.57	cassandra-001	38.1
545.236	1.22	221	2018-08-17T22:06:11.447531747Z	77.78	51.488	38.08	1.08	4.59	cassandra-001	38.11
273.673	1.08	222	2018-08-17T22:06:18.45473712Z	77.78	24.885	38.11	1.06	4.55	cassandra-001	38.11
550.605	1.06	222	2018-08-17T22:06:25.463962334Z	77.78	55.724	38.11	21.54	4.55	cassandra-001	38.11
277.27	21.54	223	2018-08-17T22:06:32.470118463Z	77.78	26.258	38.11	1.11	7.94	cassandra-001	38.11
278.193	1.11	224	2018-08-17T22:06:39.478965351Z	77.79	22.588	38.09	1.15	4.5	cassandra-001	38.11
562.681	1.15	224	2018-08-17T22:06:46.485790636Z	77.79	54.877	38.11	3.16	4.53	cassandra-001	38.11
279.857	3.16	225	2018-08-17T22:06:53.494382882Z	77.81	29.742	38.1	1.28	4.85	cassandra-001	38.13
566.151	1.28	226	2018-08-17T22:07:00.502329836Z	77.81	57.688	38.13	22.3	4.88	cassandra-001	38.13
283.291	22.3	226	2018-08-17T22:07:07.508964998Z	77.81	27.682	38.13	1.14	8.42	cassandra-001	38.13
283.915	1.14	227	2018-08-17T22:07:14.516068422Z	77.81	27.259	38.13	2.74	5.02	cassandra-001	38.13
573.762	2.74	228	2018-08-17T22:07:21.525066969Z	77.82	59.046	38.13	1.27	5.29	cassandra-001	38.13
284.517	1.27	228	2018-08-17T22:07:28.534315504Z	77.82	29.78	38.13	1.2	5.32	cassandra-001	38.13
580.442	1.2	229	2018-08-17T22:07:35.543809162Z	77.82	64.008	38.12	23.59	4.99	cassandra-001	38.12
289.85	23.59	230	2018-08-17T22:07:42.553090986Z	77.84	32.908	38.12	1.01	8.71	cassandra-001	38.14
291.699	1.01	230	2018-08-17T22:07:49.559973088Z	77.84	30.729	38.14	1.11	5.16	cassandra-001	38.14
590.39	1.11	231	2018-08-17T22:07:56.56811715Z	77.84	68.904	38.14	1.11	5.15	cassandra-001	38.14
287.976	1.11	232	2018-08-17T22:08:03.575128833Z	77.84	26.624	38.14	1.19	4.88	cassandra-001	38.14
584.588	1.19	232	2018-08-17T22:08:10.581202632Z	77.84	61.26	38.14	20.98	4.87	cassandra-001	38.14
294.792	20.98	233	2018-08-17T22:08:17.588386684Z	77.84	28.075	38.14	0.93	8.16	cassandra-001	38.14
290.624	0.93	234	2018-08-17T22:08:24.596088311Z	77.84	26.676	38.14	1.4	4.39	cassandra-001	38.14
593.304	1.4	234	2018-08-17T22:08:31.60293602Z	77.84	61.76	38.14	1.1	4.45	cassandra-001	38.14
296.477	1.1	235	2018-08-17T22:08:38.610501246Z	77.85	35.084	38.14	1.11	4.45	cassandra-001	38.14
583.834	1.11	236	2018-08-17T22:08:45.617358979Z	77.85	65.375	38.14	23.71	4.45	cassandra-001	38.14
290.616	23.71	236	2018-08-17T22:08:52.624491619Z	77.85	25.434	38.14	1.13	8.2	cassandra-001	38.14
294.361	1.13	237	2018-08-17T22:08:59.631223103Z	77.86	29.79	38.12	1.05	4.9	cassandra-001	38.15
587.08	1.05	238	2018-08-17T22:09:06.640421499Z	77.86	46.366	38.15	1.26	4.92	cassandra-001	38.15
294.319	1.26	238	2018-08-17T22:09:13.648120222Z	77.86	25.79	38.15	1.24	4.89	cassandra-001	38.15
599.841	1.24	239	2018-08-17T22:09:20.656063835Z	77.86	56.555	38.15	22.85	4.92	cassandra-001	38.15
297.54	22.85	239	2018-08-17T22:09:27.662197037Z	77.86	28.152	38.15	1.17	8.54	cassandra-001	38.15
296.988	1.17	240	2018-08-17T22:09:34.670588923Z	77.86	28.68	38.15	1.25	4.78	cassandra-001	38.15
594.658	1.25	241	2018-08-17T22:09:41.67772217Z	77.87	53.254	38.15	1.23	4.8	cassandra-001	38.15
300.121	1.23	241	2018-08-17T22:09:48.688764402Z	77.87	28.903	38.15	1.2	4.83	cassandra-001	38.15
610.585	1.2	242	2018-08-17T22:09:55.69638816Z	77.87	59.272	38.15	23.12	4.82	cassandra-001	38.15
303.175	23.12	243	2018-08-17T22:10:02.704096341Z	77.87	27.174	38.15	1.16	8.47	cassandra-001	38.15
302.387	1.16	243	2018-08-17T22:10:09.711436585Z	77.87	30.936	38.15	1.1	4.85	cassandra-001	38.15
609.767	1.1	244	2018-08-17T22:10:16.718216595Z	77.88	57.343	38.15	3.07	4.84	cassandra-001	38.15
312.31	3.07	244	2018-08-17T22:10:23.729298649Z	77.88	35.608	38.15	1.14	5.15	cassandra-001	38.15
623.43	1.14	245	2018-08-17T22:10:30.736818254Z	77.88	66.622	38.15	25.52	5.13	cassandra-001	38.15
306.222	25.52	246	2018-08-17T22:10:37.746216176Z	77.88	32.994	38.15	1.2	9.18	cassandra-001	38.15
311.013	1.2	246	2018-08-17T22:10:44.752325227Z	77.88	31.119	38.15	2.74	5.53	cassandra-001	38.15
626.475	2.74	247	2018-08-17T22:10:51.76123734Z	77.88	66.964	38.15	1.28	5.8	cassandra-001	38.15
314.678	1.28	248	2018-08-17T22:10:58.768657828Z	77.89	36.874	38.15	1.15	5.82	cassandra-001	38.15
628.02	1.15	248	2018-08-17T22:11:05.777806652Z	77.89	68.494	38.15	22.6	5.5	cassandra-001	38.15
311.654	22.6	249	2018-08-17T22:11:12.78839283Z	77.89	32.28	38.15	1.62	9.08	cassandra-001	38.15
318.593	1.62	249	2018-08-17T22:11:19.799262106Z	77.89	35.751	38.15	1.12	5.1	cassandra-001	38.15
627.144	1.12	250	2018-08-17T22:11:26.807374393Z	77.89	68.044	38.15	1.21	5.08	cassandra-001	38.15
315.547	1.21	251	2018-08-17T22:11:33.814658633Z	77.89	34.642	38.15	1.27	4.83	cassandra-001	38.15
635.251	1.27	251	2018-08-17T22:11:40.820775976Z	77.89	72.346	38.15	24.82	4.83	cassandra-001	38.15
317.879	24.82	252	2018-08-17T22:11:47.829933263Z	77.9	33.783	38.15	1.08	8.77	cassandra-001	38.15
319.118	1.08	252	2018-08-17T22:11:54.839056693Z	77.9	35.024	38.15	1.03	5.19	cassandra-001	38.15
638.13	1.03	253	2018-08-17T22:12:01.846849032Z	77.9	62.458	38.15	1.07	5.09	cassandra-001	38.15
318.641	1.07	254	2018-08-17T22:12:08.85747043Z	77.9	32.146	38.15	1.1	5.08	cassandra-001	38.15
643.803	1.1	254	2018-08-17T22:12:15.864661787Z	77.91	71.353	38.15	23.04	5.06	cassandra-001	38.15
320.787	23.04	255	2018-08-17T22:12:22.873197108Z	77.91	34.878	38.15	1.12	8.69	cassandra-001	38.15
321.419	1.12	255	2018-08-17T22:12:29.879011129Z	77.91	33.188	38.15	1.04	4.74	cassandra-001	38.15
634.522	1.04	256	2018-08-17T22:12:36.88638927Z	77.91	70.006	38.15	1.07	4.73	cassandra-001	38.15
322.78	1.07	257	2018-08-17T22:12:43.896005388Z	77.91	35.194	38.15	1.08	4.74	cassandra-001	38.15
648.758	1.08	257	2018-08-17T22:12:50.903000963Z	77.91	69.793	38.15	22.32	4.74	cassandra-001	38.15
322.627	22.32	258	2018-08-17T22:12:57.909561427Z	77.91	29.016	38.15	1.1	8.28	cassandra-001	38.15
325.097	1.1	258	2018-08-17T22:13:04.918270836Z	77.91	29.042	38.15	1.2	4.62	cassandra-001	38.15
651.035	1.2	259	2018-08-17T22:13:11.925559727Z	77.92	63.496	38.15	1.06	4.63	cassandra-001	38.15
322.052	1.06	260	2018-08-17T22:13:18.934494835Z	77.92	28.381	38.15	1.12	4.64	cassandra-001	38.15
652.146	1.12	260	2018-08-17T22:13:25.943224389Z	77.92	63.719	38.15	24.81	4.65	cassandra-001	38.15
325.388	24.81	261	2018-08-17T22:13:32.950901562Z	77.92	31.536	38.15	1.04	8.6	cassandra-001	38.15
325.882	1.04	261	2018-08-17T22:13:39.96118942Z	77.93	31.206	38.15	1.1	5.06	cassandra-001	38.15
654.433	1.1	262	2018-08-17T22:13:46.969166942Z	77.93	56.431	38.15	2.08	5.06	cassandra-001	38.15
331.084	2.08	262	2018-08-17T22:13:53.976675684Z	77.93	34.426	38.15	1.17	5.2	cassandra-001	38.15
664.059	1.17	263	2018-08-17T22:14:00.986944326Z	77.93	65.248	38.15	27.15	5.22	cassandra-001	38.15
331.425	27.15	264	2018-08-17T22:14:07.994864298Z	77.93	33.132	38.15	1.08	9.56	cassandra-001	38.15
334.785	1.08	264	2018-08-17T22:14:15.001487914Z	77.93	34.821	38.15	2.29	5.6	cassandra-001	38.15
672.509	2.29	265	2018-08-17T22:14:22.007900736Z	77.94	71.068	38.15	1.0	5.81	cassandra-001	38.15
335.317	1.0	265	2018-08-17T22:14:29.014049586Z	77.94	34.636	38.15	1.14	5.8	cassandra-001	38.15
674.57	1.14	266	2018-08-17T22:14:36.022888733Z	77.94	67.49	38.15	22.23	5.64	cassandra-001	38.15
334.367	22.23	267	2018-08-17T22:14:43.031563242Z	77.94	34.134	38.15	1.22	9.15	cassandra-001	38.15
335.334	1.22	267	2018-08-17T22:14:50.041423474Z	77.94	32.325	38.15	1.15	4.83	cassandra-001	38.15
672.857	1.15	268	2018-08-17T22:14:57.047842438Z	77.95	67.462	38.15	0.96	4.84	cassandra-001	38.15
337.414	0.96	268	2018-08-17T22:15:04.054846466Z	77.95	33.658	38.15	1.03	4.62	cassandra-001	38.15
672.791	1.03	269	2018-08-17T22:15:11.063786884Z	77.95	62.498	38.15	26.44	4.62	cassandra-001	38.15
337.852	26.44	269	2018-08-17T22:15:18.069809896Z	77.95	31.149	38.15	1.19	8.84	cassandra-001	38.15
346.043	1.19	270	2018-08-17T22:15:25.07777319Z	77.95	37.26	38.15	1.62	5.33	cassandra-001	38.15
667.237	1.62	271	2018-08-17T22:15:32.087180202Z	77.96	68.86	38.15	1.06	5.4	cassandra-001	38.15
339.018	1.06	271	2018-08-17T22:15:39.093734553Z	77.96	26.714	38.15	1.03	5.38	cassandra-001	38.15
679.571	1.03	272	2018-08-17T22:15:46.100593428Z	77.96	56.753	38.15	23.99	5.4	cassandra-001	38.15
338.951	23.99	272	2018-08-17T22:15:53.107786273Z	77.96	28.482	38.15	1.14	9.22	cassandra-001	38.15
561.074	1.14	273	2018-08-17T22:16:00.115172804Z	77.96	60.665	38.15	13.06	5.0	cassandra-001	38.15
483.388	13.06	273	2018-08-17T22:16:07.121381342Z	77.97	54.573	38.15	1.03	6.98	cassandra-001	38.15
343.095	1.03	274	2018-08-17T22:16:14.127755885Z	77.97	39.068	38.15	1.08	6.89	cassandra-001	38.15
684.608	1.08	275	2018-08-17T22:16:21.134882512Z	77.97	84.893	38.15	11.54	6.89	cassandra-001	38.15
346.897	11.54	275	2018-08-17T22:16:28.143852784Z	77.97	41.668	38.15	1.14	8.64	cassandra-001	38.15
704.543	1.14	276	2018-08-17T22:16:35.152553963Z	77.97	82.794	38.15	20.84	4.83	cassandra-001	38.15
350.667	20.84	276	2018-08-17T22:16:42.158536946Z	77.98	40.268	38.15	1.01	8.12	cassandra-001	38.15
350.904	1.01	277	2018-08-17T22:16:49.164692996Z	77.98	40.175	38.15	1.05	6.11	cassandra-001	38.15
700.416	1.05	277	2018-08-17T22:16:56.171612353Z	77.98	70.926	38.15	8.57	6.11	cassandra-001	38.15
351.328	8.57	278	2018-08-17T22:17:03.17809859Z	77.98	37.258	38.15	1.15	7.36	cassandra-001	38.15
674.154	1.15	278	2018-08-17T22:17:10.184316146Z	77.98	65.561	38.15	21.88	5.63	cassandra-001	38.15
369.354	21.88	279	2018-08-17T22:17:17.191207457Z	77.98	39.136	38.15	2.85	9.08	cassandra-001	38.15
350.329	2.85	280	2018-08-17T22:17:24.202420148Z	77.99	34.538	38.15	1.01	6.08	cassandra-001	38.15
705.115	1.01	280	2018-08-17T22:17:31.208294933Z	77.98	80.718	38.07	1.01	6.08	cassandra-001	38.07
355.453	1.01	281	2018-08-17T22:17:38.215891775Z	77.98	42.616	38.07	1.14	6.08	cassandra-001	38.07
712.54	1.14	281	2018-08-17T22:17:45.22487173Z	77.99	79.423	38.07	26.5	4.84	cassandra-001	38.07
358.53	26.5	282	2018-08-17T22:17:52.232058893Z	77.99	39.804	38.07	1.09	9.06	cassandra-001	38.07
358.41	1.09	282	2018-08-17T22:17:59.240020439Z	77.99	35.078	38.07	1.15	5.6	cassandra-001	38.07
709.679	1.15	283	2018-08-17T22:18:06.247165503Z	77.99	72.268	38.07	4.88	5.32	cassandra-001	38.07
349.206	4.88	283	2018-08-17T22:18:13.254053285Z	78.0	35.302	38.07	1.35	5.96	cassandra-001	38.07
713.499	1.35	284	2018-08-17T22:18:20.265563276Z	78.0	70.537	38.07	26.08	6.02	cassandra-001	38.07
356.095	26.08	285	2018-08-17T22:18:27.272720704Z	78.0	37.968	38.07	1.29	10.17	cassandra-001	38.07
357.379	1.29	285	2018-08-17T22:18:34.279357434Z	78.0	31.5	38.07	0.98	5.97	cassandra-001	38.07
713.902	0.98	286	2018-08-17T22:18:41.287493171Z	78.0	70.51	38.07	1.04	5.95	cassandra-001	38.07
357.138	1.04	286	2018-08-17T22:18:48.293257032Z	78.0	35.129	38.07	1.08	5.94	cassandra-001	38.07
724.311	1.08	287	2018-08-17T22:18:55.299088901Z	78.0	74.324	38.07	25.21	5.3	cassandra-001	38.07
363.019	25.21	287	2018-08-17T22:19:02.305663828Z	78.01	39.036	38.07	1.08	9.28	cassandra-001	38.07
363.294	1.08	288	2018-08-17T22:19:09.31138993Z	78.0	40.752	38.07	1.22	5.11	cassandra-001	38.07
730.367	1.22	288	2018-08-17T22:19:16.318084255Z	78.01	85.727	38.07	2.88	5.1	cassandra-001	38.07
365.271	2.88	289	2018-08-17T22:19:23.327418302Z	78.01	42.626	38.07	1.14	5.42	cassandra-001	38.07
738.006	1.14	289	2018-08-17T22:19:30.334546105Z	78.01	89.132	38.07	25.06	5.43	cassandra-001	38.07
369.733	25.06	290	2018-08-17T22:19:37.341810524Z	78.01	44.038	38.07	1.17	9.43	cassandra-001	38.07
370.353	1.17	290	2018-08-17T22:19:44.35170511Z	78.02	44.064	38.07	1.13	5.42	cassandra-001	38.07
731.889	1.13	291	2018-08-17T22:19:51.360100238Z	78.02	84.141	38.07	1.3	5.43	cassandra-001	38.07
375.273	1.3	291	2018-08-17T22:19:58.36919144Z	78.02	43.166	38.07	1.17	5.45	cassandra-001	38.07
737.035	1.17	292	2018-08-17T22:20:05.377152336Z	78.02	73.686	38.07	28.92	5.16	cassandra-001	38.07
363.706	28.92	293	2018-08-17T22:20:12.384348479Z	78.03	30.256	38.07	1.17	9.79	cassandra-001	38.07
368.172	1.17	293	2018-08-17T22:20:19.392259748Z	78.03	35.773	38.07	1.2	5.81	cassandra-001	38.07
734.789	1.2	294	2018-08-17T22:20:26.39861441Z	78.03	68.154	38.07	1.14	5.82	cassandra-001	38.07
365.033	1.14	294	2018-08-17T22:20:33.405326316Z	78.03	34.176	38.07	1.12	5.82	cassandra-001	38.07
732.374	1.12	295	2018-08-17T22:20:40.414584179Z	78.04	68.206	38.07	26.87	5.79	cassandra-001	38.07
367.883	26.87	295	2018-08-17T22:20:47.42171433Z	78.04	33.277	38.07	1.29	10.07	cassandra-001	38.07
370.906	1.29	296	2018-08-17T22:20:54.431597639Z	78.04	33.172	38.07	1.24	5.46	cassandra-001	38.07
745.695	1.24	296	2018-08-17T22:21:01.440777021Z	78.04	68.284	38.07	1.19	5.48	cassandra-001	38.07
373.859	1.19	297	2018-08-17T22:21:08.450267734Z	78.04	36.564	38.07	1.3	5.47	cassandra-001	38.07
749.11	1.3	297	2018-08-17T22:21:15.45813293Z	78.05	72.797	38.07	27.11	5.5	cassandra-001	38.07
373.284	27.11	298	2018-08-17T22:21:22.466454302Z	78.05	39.758	38.07	0.93	9.83	cassandra-001	38.07
376.21	0.93	298	2018-08-17T22:21:29.473266109Z	78.05	42.622	38.07	1.1	5.51	cassandra-001	38.07
759.271	1.1	299	2018-08-17T22:21:36.480327251Z	78.05	79.7	38.07	1.33	5.48	cassandra-001	38.07
376.057	1.33	299	2018-08-17T22:21:43.487288392Z	78.05	35.058	38.07	1.01	5.49	cassandra-001	38.07
747.547	1.01	300	2018-08-17T22:21:50.496578619Z	78.05	81.111	38.07	25.29	5.46	cassandra-001	38.07
369.008	25.29	300	2018-08-17T22:21:57.503189602Z	78.05	37.46	38.07	0.94	9.46	cassandra-001	38.07
371.376	0.94	301	2018-08-17T22:22:04.510033023Z	78.06	35.414	38.07	1.27	5.1	cassandra-001	38.07
756.788	1.27	301	2018-08-17T22:22:11.520305152Z	78.06	79.988	38.07	1.26	5.16	cassandra-001	38.07
379.613	1.26	302	2018-08-17T22:22:18.527486806Z	78.06	39.373	38.07	1.24	5.18	cassandra-001	38.07
761.54	1.24	302	2018-08-17T22:22:25.538271212Z	78.06	79.05	38.07	25.22	5.17	cassandra-001	38.07
379.771	25.22	303	2018-08-17T22:22:32.546513089Z	78.06	34.872	38.07	1.21	9.2	cassandra-001	38.07
383.347	1.21	303	2018-08-17T22:22:39.552659527Z	78.06	38.66	38.07	1.04	5.19	cassandra-001	38.07
754.988	1.04	304	2018-08-17T22:22:46.558594957Z	78.07	66.931	38.07	2.97	5.21	cassandra-001	38.07
383.946	2.97	305	2018-08-17T22:22:53.564662346Z	78.07	32.416	38.07	1.03	5.49	cassandra-001	38.07
764.935	1.03	305	2018-08-17T22:23:00.571185665Z	78.07	72.25	38.07	26.16	5.45	cassandra-001	38.07
381.583	26.16	306	2018-08-17T22:23:07.578009806Z	78.07	36.93	38.07	1.09	9.6	cassandra-001	38.07
380.679	1.09	306	2018-08-17T22:23:14.584594271Z	78.08	35.478	38.07	1.07	5.58	cassandra-001	38.07
773.455	1.07	307	2018-08-17T22:23:21.590616318Z	78.08	74.677	38.07	0.98	5.56	cassandra-001	38.07
384.946	0.98	307	2018-08-17T22:23:28.597675411Z	78.08	36.296	38.07	0.87	5.55	cassandra-001	38.07
773.781	0.87	308	2018-08-17T22:23:35.603351423Z	78.09	75.878	38.07	27.0	5.2	cassandra-001	38.07
384.753	27.0	308	2018-08-17T22:23:42.609853078Z	78.09	37.84	38.07	1.11	9.53	cassandra-001	38.07
386.822	1.11	308	2018-08-17T22:23:49.61586498Z	78.08	36.255	38.07	1.0	5.35	cassandra-001	38.07
768.426	1.0	309	2018-08-17T22:23:56.625789613Z	78.09	60.486	38.07	1.31	5.34	cassandra-001	38.07
380.768	1.31	310	2018-08-17T22:24:03.634934095Z	78.09	29.312	38.07	1.09	5.38	cassandra-001	38.07
776.58	1.09	310	2018-08-17T22:24:10.640643769Z	78.1	65.118	38.07	28.62	5.4	cassandra-001	38.07
386.25	28.62	311	2018-08-17T22:24:17.648163708Z	78.1	32.083	38.07	1.14	10.02	cassandra-001	38.07
386.185	1.14	311	2018-08-17T22:24:24.654462935Z	78.1	35.674	38.07	1.31	5.71	cassandra-001	38.07
776.866	1.31	312	2018-08-17T22:24:31.66066855Z	78.1	77.736	38.07	1.21	5.75	cassandra-001	38.07
390.437	1.21	312	2018-08-17T22:24:38.670016656Z	78.1	43.356	38.07	1.05	5.78	cassandra-001	38.07
786.723	1.05	313	2018-08-17T22:24:45.67722017Z	78.11	76.045	38.07	31.28	5.74	cassandra-001	38.07
386.741	31.28	313	2018-08-17T22:24:52.684642766Z	78.11	44.042	38.07	1.14	10.77	cassandra-001	38.07
392.346	1.14	313	2018-08-17T22:24:59.691485725Z	78.11	36.214	38.07	1.23	6.19	cassandra-001	38.07
791.865	1.23	314	2018-08-17T22:25:06.698507027Z	78.11	84.506	38.07	1.22	6.2	cassandra-001	38.07
399.236	1.22	314	2018-08-17T22:25:13.704224156Z	78.12	45.81	38.07	5.56	6.19	cassandra-001	38.07
791.685	5.56	315	2018-08-17T22:25:20.712821732Z	78.12	77.759	38.07	29.17	6.91	cassandra-001	38.07
392.387	29.17	315	2018-08-17T22:25:27.720129824Z	78.12	32.438	38.07	1.25	11.6	cassandra-001	38.07
401.568	1.25	316	2018-08-17T22:25:34.726262189Z	78.12	39.566	38.07	1.04	6.59	cassandra-001	38.07
794.295	1.04	316	2018-08-17T22:25:41.73278136Z	78.13	76.768	38.07	1.04	6.58	cassandra-001	38.07
401.471	1.04	317	2018-08-17T22:25:48.738706948Z	78.12	40.423	38.07	1.04	6.55	cassandra-001	38.07
789.672	1.04	317	2018-08-17T22:25:55.74535628Z	78.13	75.276	38.07	29.66	6.52	cassandra-001	38.07
399.73	29.66	318	2018-08-17T22:26:02.753166798Z	78.13	40.344	38.07	1.19	10.53	cassandra-001	38.07
396.23	1.19	318	2018-08-17T22:26:09.761469006Z	78.13	32.318	38.07	1.03	5.87	cassandra-001	38.07
783.803	1.03	319	2018-08-17T22:26:16.769566405Z	78.13	67.777	38.07	2.15	5.83	cassandra-001	38.07
396.856	2.15	319	2018-08-17T22:26:23.776256566Z	78.14	35.248	38.07	1.12	6.02	cassandra-001	38.07
795.949	1.12	320	2018-08-17T22:26:30.782276465Z	78.14	76.172	38.07	30.38	6.03	cassandra-001	38.07
409.177	30.38	320	2018-08-17T22:26:37.788992115Z	78.14	43.854	38.07	1.08	10.92	cassandra-001	38.07
401.737	1.08	321	2018-08-17T22:26:44.796199199Z	78.15	36.858	38.07	1.19	6.16	cassandra-001	38.07
809.971	1.19	321	2018-08-17T22:26:51.803807707Z	78.15	84.803	38.07	1.09	6.16	cassandra-001	38.07
405.929	1.09	322	2018-08-17T22:26:58.810752445Z	78.15	37.742	38.07	1.04	6.17	cassandra-001	38.07
807.754	1.04	322	2018-08-17T22:27:05.81794025Z	78.15	71.616	38.07	29.31	5.98	cassandra-001	38.07
404.732	29.31	323	2018-08-17T22:27:12.825087858Z	78.15	36.184	38.07	1.4	10.68	cassandra-001	38.07
403.405	1.4	323	2018-08-17T22:27:19.835816157Z	78.15	37.569	38.07	1.43	5.85	cassandra-001	38.07
797.373	1.43	324	2018-08-17T22:27:26.843012493Z	78.15	68.592	38.07	1.21	5.91	cassandra-001	38.07
398.153	1.21	324	2018-08-17T22:27:33.850848931Z	78.16	36.434	38.07	1.2	5.91	cassandra-001	38.07
816.348	1.2	325	2018-08-17T22:27:40.860402735Z	78.16	88.048	38.07	29.95	5.93	cassandra-001	38.07
409.025	29.95	325	2018-08-17T22:27:47.868057376Z	78.16	39.799	38.07	1.03	10.75	cassandra-001	38.07
403.238	1.03	326	2018-08-17T22:27:54.875456941Z	78.17	39.1	38.07	1.0	6.04	cassandra-001	38.07
822.016	1.0	326	2018-08-17T22:28:01.884800048Z	78.17	81.922	38.07	1.12	5.97	cassandra-001	38.07
410.012	1.12	327	2018-08-17T22:28:08.893282919Z	78.17	40.578	38.07	1.25	5.92	cassandra-001	38.07
822.887	1.25	327	2018-08-17T22:28:15.902716409Z	78.17	80.297	38.07	27.98	5.92	cassandra-001	38.07
408.896	27.98	328	2018-08-17T22:28:22.912271947Z	78.18	39.548	38.07	1.22	10.39	cassandra-001	38.07
412.984	1.22	328	2018-08-17T22:28:29.921241782Z	78.17	44.102	38.07	1.16	5.6	cassandra-001	38.07
831.002	1.16	329	2018-08-17T22:28:36.928995279Z	78.18	83.57	38.07	1.11	5.62	cassandra-001	38.07
414.75	1.11	329	2018-08-17T22:28:43.935340123Z	78.18	43.468	38.07	0.99	5.64	cassandra-001	38.07
828.214	0.99	329	2018-08-17T22:28:50.94377164Z	78.18	88.875	38.07	33.69	5.62	cassandra-001	38.07
412.761	33.69	330	2018-08-17T22:28:57.951629132Z	78.18	43.098	38.07	1.04	11.02	cassandra-001	38.07
417.338	1.04	330	2018-08-17T22:29:04.958428287Z	78.19	43.058	38.07	1.27	6.53	cassandra-001	38.07
829.322	1.27	331	2018-08-17T22:29:11.966389049Z	78.19	76.744	38.07	1.27	6.54	cassandra-001	38.07
419.937	1.27	331	2018-08-17T22:29:18.974004621Z	78.19	43.387	38.07	1.11	6.56	cassandra-001	38.07
836.889	1.11	332	2018-08-17T22:29:25.983187908Z	78.2	84.254	38.07	30.86	6.56	cassandra-001	38.07
419.102	30.86	332	2018-08-17T22:29:32.992882912Z	78.2	44.232	38.07	1.26	11.54	cassandra-001	38.07
417.191	1.26	333	2018-08-17T22:29:40.000277197Z	78.2	47.664	38.07	1.15	6.14	cassandra-001	38.07
826.753	1.15	333	2018-08-17T22:29:47.009269773Z	78.2	84.041	38.07	2.83	6.15	cassandra-001	38.07
420.464	2.83	334	2018-08-17T22:29:54.01577954Z	78.21	41.816	38.07	1.13	6.41	cassandra-001	38.07
842.097	1.13	334	2018-08-17T22:30:01.023486913Z	78.21	91.446	38.07	26.38	6.39	cassandra-001	38.07
427.31	26.38	335	2018-08-17T22:30:08.031132347Z	78.21	51.016	38.07	1.02	10.6	cassandra-001	38.07
427.953	1.02	335	2018-08-17T22:30:15.037446248Z	78.21	49.102	38.07	1.07	5.63	cassandra-001	38.07
858.053	1.07	335	2018-08-17T22:30:22.043621602Z	78.22	99.813	38.07	1.03	5.6	cassandra-001	38.07
426.197	1.03	336	2018-08-17T22:30:29.050505425Z	78.22	49.194	38.07	1.18	5.58	cassandra-001	38.07
854.274	1.18	336	2018-08-17T22:30:36.058873607Z	78.22	95.668	38.07	28.56	5.3	cassandra-001	38.07
426.398	28.56	337	2018-08-17T22:30:43.067110503Z	78.22	44.336	38.07	1.33	9.87	cassandra-001	38.07
425.041	1.33	337	2018-08-17T22:30:50.075403549Z	78.22	44.467	38.07	1.22	5.7	cassandra-001	38.07
850.149	1.22	338	2018-08-17T22:30:57.083419909Z	78.22	84.5	38.07	1.22	5.73	cassandra-001	38.07
429.963	1.22	338	2018-08-17T22:31:04.091746539Z	78.23	48.282	38.07	1.16	5.76	cassandra-001	38.07
850.898	1.16	339	2018-08-17T22:31:11.101964055Z	78.23	82.638	38.07	31.23	5.78	cassandra-001	38.07
421.499	31.23	339	2018-08-17T22:31:18.107766039Z	78.23	34.355	38.07	1.13	10.79	cassandra-001	38.07
458.088	1.13	340	2018-08-17T22:31:25.113419072Z	78.24	38.833	38.07	3.4	6.21	cassandra-001	38.07
818.817	3.4	340	2018-08-17T22:31:32.121981219Z	78.24	76.087	38.07	1.23	6.56	cassandra-001	38.07
427.094	1.23	341	2018-08-17T22:31:39.132080985Z	78.24	38.302	38.07	1.31	6.56	cassandra-001	38.07
861.693	1.31	341	2018-08-17T22:31:46.139546748Z	78.24	81.751	38.07	24.31	6.58	cassandra-001	38.07
427.051	24.31	341	2018-08-17T22:31:53.149054689Z	78.25	43.212	38.07	1.27	10.43	cassandra-001	38.07
664.46	1.27	342	2018-08-17T22:32:00.156611711Z	78.25	62.452	38.07	16.44	5.44	cassandra-001	38.07
628.587	16.44	342	2018-08-17T22:32:07.165199556Z	78.25	55.29	38.07	1.24	7.99	cassandra-001	38.07
429.746	1.24	343	2018-08-17T22:32:14.172726288Z	78.25	40.268	38.07	1.23	7.63	cassandra-001	38.07
857.292	1.23	343	2018-08-17T22:32:21.179563192Z	78.25	82.607	38.07	14.11	7.63	cassandra-001	38.07
431.948	14.11	344	2018-08-17T22:32:28.188028156Z	78.25	38.776	38.07	1.16	9.77	cassandra-001	38.07
766.979	1.16	344	2018-08-17T22:32:35.195518859Z	78.26	69.559	38.07	24.6	5.91	cassandra-001	38.07
524.881	24.6	345	2018-08-17T22:32:42.202251402Z	78.26	60.417	38.07	1.11	9.8	cassandra-001	38.07
431.994	1.11	345	2018-08-17T22:32:49.208179084Z	78.26	41.943	38.07	1.04	7.24	cassandra-001	38.07
872.498	1.04	346	2018-08-17T22:32:56.214298449Z	78.27	90.196	38.07	6.63	7.21	cassandra-001	38.07
440.458	6.63	346	2018-08-17T22:33:03.221599192Z	78.26	48.266	38.07	1.17	8.11	cassandra-001	38.07
879.589	1.17	346	2018-08-17T22:33:10.232264616Z	78.27	103.184	38.07	30.1	5.95	cassandra-001	38.07
447.614	30.1	347	2018-08-17T22:33:17.238563492Z	78.27	54.799	38.07	1.23	10.78	cassandra-001	38.07
444.188	1.23	347	2018-08-17T22:33:24.247594051Z	78.27	53.202	38.07	1.1	6.88	cassandra-001	38.07
873.018	1.1	348	2018-08-17T22:33:31.254247421Z	78.27	80.598	38.07	1.09	6.88	cassandra-001	38.07
432.18	1.09	348	2018-08-17T22:33:38.261145759Z	78.27	43.46	38.07	1.21	6.89	cassandra-001	38.07
873.088	1.21	349	2018-08-17T22:33:45.269714824Z	78.28	87.25	38.07	32.0	5.98	cassandra-001	38.07
438.451	32.0	349	2018-08-17T22:33:52.280576448Z	78.28	36.925	38.07	0.99	11.12	cassandra-001	38.07
447.026	0.99	350	2018-08-17T22:33:59.287547391Z	78.28	49.03	38.07	1.12	6.27	cassandra-001	38.07
884.199	1.12	350	2018-08-17T22:34:06.294402442Z	78.28	94.852	38.07	0.98	6.25	cassandra-001	38.07
443.22	0.98	351	2018-08-17T22:34:13.302419718Z	78.29	43.974	38.07	1.44	6.23	cassandra-001	38.07
889.06	1.44	351	2018-08-17T22:34:20.310407137Z	78.29	90.785	38.07	30.88	6.29	cassandra-001	38.07
442.161	30.88	351	2018-08-17T22:34:27.317340965Z	78.29	43.67	38.07	1.29	11.24	cassandra-001	38.07
439.184	1.29	352	2018-08-17T22:34:34.325133322Z	78.3	39.38	38.07	1.03	6.12	cassandra-001	38.07
882.444	1.03	352	2018-08-17T22:34:41.331766615Z	78.37	86.534	38.07	63.68	6.12	cassandra-001	38.07
441.623	63.68	353	2018-08-17T22:34:48.337992333Z	78.37	38.125	38.07	1.22	16.55	cassandra-001	38.07
891.594	1.22	353	2018-08-17T22:34:55.346490977Z	78.38	85.438	38.07	45.44	16.59	cassandra-001	38.07
451.617	45.44	354	2018-08-17T22:35:02.353745846Z	78.38	43.788	38.07	1.06	23.92	cassandra-001	38.07
448.577	1.06	354	2018-08-17T22:35:09.360424459Z	78.38	50.19	38.07	0.99	18.95	cassandra-001	38.07
885.46	0.99	355	2018-08-17T22:35:16.367532588Z	78.39	83.179	38.07	4.37	18.9	cassandra-001	38.07
447.3	4.37	355	2018-08-17T22:35:23.374793254Z	78.39	41.504	38.07	1.11	19.46	cassandra-001	38.07
887.764	1.11	355	2018-08-17T22:35:30.384056999Z	78.39	86.03	38.07	31.23	9.03	cassandra-001	38.07
448.985	31.23	356	2018-08-17T22:35:37.394112828Z	78.39	51.958	38.07	1.23	14.03	cassandra-001	38.07
446.369	1.23	356	2018-08-17T22:35:44.401115308Z	78.39	39.114	38.07	1.08	6.66	cassandra-001	38.07
911.987	1.08	357	2018-08-17T22:35:51.411385321Z	78.4	102.621	38.07	1.14	6.67	cassandra-001	38.07
444.201	1.14	357	2018-08-17T22:35:58.423243679Z	78.39	48.618	38.07	1.29	6.69	cassandra-001	38.07
904.776	1.29	358	2018-08-17T22:36:05.429704526Z	78.4	91.018	38.07	32.79	6.18	cassandra-001	38.07
456.735	32.79	358	2018-08-17T22:36:12.438405128Z	78.4	46.268	38.07	0.99	11.46	cassandra-001	38.07
453.087	0.99	358	2018-08-17T22:36:19.449572272Z	78.4	42.175	38.07	1.13	6.42	cassandra-001	38.07
900.612	1.13	359	2018-08-17T22:36:26.457628829Z	78.41	86.714	38.07	1.18	6.4	cassandra-001	38.07
455.391	1.18	359	2018-08-17T22:36:33.467866235Z	78.41	43.086	38.07	1.17	6.42	cassandra-001	38.07
906.26	1.17	360	2018-08-17T22:36:40.474614623Z	78.41	91.386	38.07	32.1	6.42	cassandra-001	38.07
453.575	32.1	360	2018-08-17T22:36:47.483261806Z	78.41	42.227	38.07	1.18	11.56	cassandra-001	38.07
452.628	1.18	361	2018-08-17T22:36:54.491366791Z	78.42	42.848	38.07	1.18	6.29	cassandra-001	38.07
897.642	1.18	361	2018-08-17T22:37:01.499949314Z	78.42	86.91	38.07	0.91	6.32	cassandra-001	38.07
454.882	0.91	361	2018-08-17T22:37:08.509157728Z	78.42	37.0	38.07	1.16	6.29	cassandra-001	38.07
914.761	1.16	362	2018-08-17T22:37:15.518650289Z	78.42	87.569	38.07	28.52	6.28	cassandra-001	38.07
462.344	28.52	362	2018-08-17T22:37:22.527768331Z	78.43	52.866	38.07	1.24	10.84	cassandra-001	38.07
461.004	1.24	363	2018-08-17T22:37:29.534291351Z	78.43	52.668	38.07	1.21	5.7	cassandra-001	38.07
922.185	1.21	363	2018-08-17T22:37:36.541594045Z	78.43	108.464	38.07	1.18	5.7	cassandra-001	38.07
462.952	1.18	364	2018-08-17T22:37:43.549094954Z	78.43	53.552	38.07	1.14	5.7	cassandra-001	38.07
928.099	1.14	364	2018-08-17T22:37:50.557105697Z	78.44	106.641	38.07	51.33	5.74	cassandra-001	38.07
466.152	51.33	364	2018-08-17T22:37:57.564146668Z	78.44	53.578	38.07	1.32	14.1	cassandra-001	38.07
472.697	1.32	365	2018-08-17T22:38:04.570653484Z	78.44	55.03	38.07	1.05	9.57	cassandra-001	38.07
932.538	1.05	365	2018-08-17T22:38:11.577522418Z	78.44	110.152	38.07	1.22	9.54	cassandra-001	38.07
471.324	1.22	366	2018-08-17T22:38:18.583629179Z	78.44	56.811	38.07	0.97	9.54	cassandra-001	38.07
929.093	0.97	366	2018-08-17T22:38:25.590268386Z	78.45	103.802	38.07	36.65	9.5	cassandra-001	38.07
466.429	36.65	367	2018-08-17T22:38:32.596459148Z	78.45	51.122	38.07	1.11	15.42	cassandra-001	38.07
463.255	1.11	367	2018-08-17T22:38:39.604062116Z	78.45	46.898	38.07	0.98	7.05	cassandra-001	38.07
927.578	0.98	367	2018-08-17T22:38:46.612091991Z	78.46	95.669	38.07	3.54	7.0	cassandra-001	38.07
460.925	3.54	368	2018-08-17T22:38:53.621933528Z	78.46	47.386	38.07	1.01	7.41	cassandra-001	38.07
929.51	1.01	368	2018-08-17T22:39:00.63009724Z	78.46	100.632	38.07	32.48	7.38	cassandra-001	38.07
471.201	32.48	369	2018-08-17T22:39:07.639406825Z	78.46	53.022	38.07	1.55	12.63	cassandra-001	38.07
462.293	1.55	369	2018-08-17T22:39:14.6479819Z	78.46	49.128	38.07	1.12	6.78	cassandra-001	38.07
927.762	1.12	370	2018-08-17T22:39:21.656079133Z	78.47	100.723	38.07	1.11	6.78	cassandra-001	38.07
470.087	1.11	370	2018-08-17T22:39:28.662258489Z	78.47	51.398	38.07	1.02	6.8	cassandra-001	38.07
945.8	1.02	370	2018-08-17T22:39:35.669591545Z	78.48	104.366	38.07	30.79	6.38	cassandra-001	38.07
467.458	30.79	371	2018-08-17T22:39:42.680858821Z	78.48	51.226	38.07	1.02	11.34	cassandra-001	38.07
472.891	1.02	371	2018-08-17T22:39:49.688179888Z	78.48	47.925	38.07	1.06	6.1	cassandra-001	38.07
945.702	1.06	372	2018-08-17T22:39:56.696257201Z	78.48	97.488	38.07	1.02	6.02	cassandra-001	38.07
472.596	1.02	372	2018-08-17T22:40:03.702948479Z	78.48	51.674	38.07	0.9	6.0	cassandra-001	38.07
934.115	0.9	373	2018-08-17T22:40:10.711015732Z	78.48	85.792	38.07	34.76	5.97	cassandra-001	38.07
470.673	34.76	373	2018-08-17T22:40:17.718452508Z	78.49	47.159	38.07	1.18	11.59	cassandra-001	38.07
471.17	1.18	373	2018-08-17T22:40:24.725362465Z	78.49	45.694	38.07	1.15	6.66	cassandra-001	38.07
947.754	1.15	374	2018-08-17T22:40:31.731922023Z	78.5	94.952	38.07	1.06	6.68	cassandra-001	38.07
475.16	1.06	374	2018-08-17T22:40:38.738114157Z	78.5	48.954	38.07	1.25	6.68	cassandra-001	38.07
949.766	1.25	375	2018-08-17T22:40:45.74456602Z	78.5	94.383	38.07	36.01	6.72	cassandra-001	38.07
471.327	36.01	375	2018-08-17T22:40:52.756582135Z	78.5	44.888	38.07	1.03	12.57	cassandra-001	38.07
477.815	1.03	375	2018-08-17T22:40:59.76352956Z	78.51	48.782	38.07	1.06	6.95	cassandra-001	38.07
947.744	1.06	376	2018-08-17T22:41:06.770915107Z	78.51	90.7	38.07	1.02	6.93	cassandra-001	38.07
481.627	1.02	376	2018-08-17T22:41:13.77717518Z	78.51	53.956	38.07	1.41	6.9	cassandra-001	38.07
967.488	1.41	377	2018-08-17T22:41:20.784382368Z	78.54	113.495	38.1	29.35	6.96	cassandra-001	38.1
471.56	29.35	377	2018-08-17T22:41:27.790387035Z	78.54	41.31	38.1	1.03	11.65	cassandra-001	38.1
470.305	1.03	378	2018-08-17T22:41:34.800570683Z	78.54	45.138	38.1	1.15	5.82	cassandra-001	38.1
951.882	1.15	378	2018-08-17T22:41:41.80714287Z	78.55	95.384	38.1	1.13	5.84	cassandra-001	38.1
479.461	1.13	378	2018-08-17T22:41:48.815502944Z	78.55	46.655	38.1	1.12	5.85	cassandra-001	38.1
944.694	1.12	379	2018-08-17T22:41:55.821577208Z	78.56	94.948	38.1	36.56	5.86	cassandra-001	38.1
467.92	36.56	379	2018-08-17T22:42:02.829598659Z	78.56	42.286	38.1	0.96	11.72	cassandra-001	38.1
472.791	0.96	380	2018-08-17T22:42:09.838629182Z	78.56	53.308	38.1	1.18	6.99	cassandra-001	38.1
954.673	1.18	380	2018-08-17T22:42:16.848206966Z	78.56	90.247	38.1	2.6	7.02	cassandra-001	38.1
488.064	2.6	381	2018-08-17T22:42:23.854882008Z	78.56	56.37	38.1	1.15	7.26	cassandra-001	38.1
970.924	1.15	381	2018-08-17T22:42:30.86140573Z	78.57	102.642	38.1	34.33	7.26	cassandra-001	38.1
486.287	34.33	381	2018-08-17T22:42:37.870225763Z	78.57	55.076	38.1	1.19	12.8	cassandra-001	38.1
486.612	1.19	382	2018-08-17T22:42:44.880254598Z	78.57	52.04	38.1	1.06	6.9	cassandra-001	38.1
967.525	1.06	382	2018-08-17T22:42:51.889648326Z	78.57	97.479	38.1	0.96	6.92	cassandra-001	38.1
492.997	0.96	383	2018-08-17T22:42:58.898272602Z	78.58	54.904	38.1	1.28	6.88	cassandra-001	38.1
954.549	1.28	383	2018-08-17T22:43:05.907652672Z	78.58	76.108	38.1	33.53	6.66	cassandra-001	38.1
478.288	33.53	383	2018-08-17T22:43:12.917099183Z	78.58	45.228	38.1	1.5	12.06	cassandra-001	38.1
482.982	1.5	384	2018-08-17T22:43:19.925142689Z	78.59	45.795	38.11	1.63	6.59	cassandra-001	38.11
959.208	1.63	384	2018-08-17T22:43:26.932277496Z	78.2	91.472	38.1	2.52	6.66	cassandra-001	38.1
473.585	2.52	385	2018-08-17T22:43:33.941524511Z	78.19	48.686	38.1	1.43	6.9	cassandra-001	38.1
971.279	1.43	385	2018-08-17T22:43:40.955256374Z	78.19	95.286	38.1	33.08	6.98	cassandra-001	38.1
489.577	33.08	385	2018-08-17T22:43:47.962040631Z	78.2	52.711	38.1	1.23	12.28	cassandra-001	38.1
489.118	1.23	386	2018-08-17T22:43:54.971334905Z	78.2	50.692	38.1	1.17	6.9	cassandra-001	38.1
979.053	1.17	386	2018-08-17T22:44:01.980195232Z	78.2	100.09	38.1	1.05	6.84	cassandra-001	38.1
490.746	1.05	387	2018-08-17T22:44:08.987117213Z	78.2	47.418	38.1	1.26	6.75	cassandra-001	38.1
970.671	1.26	387	2018-08-17T22:44:15.996165815Z	78.24	87.509	38.13	34.35	6.54	cassandra-001	38.13
483.573	34.35	387	2018-08-17T22:44:23.007358993Z	78.23	52.724	38.12	1.14	12.02	cassandra-001	38.12
485.774	1.14	388	2018-08-17T22:44:30.014612048Z	78.24	41.042	38.12	1.12	6.7	cassandra-001	38.12
980.378	1.12	388	2018-08-17T22:44:37.024405025Z	78.24	98.874	38.12	1.23	6.68	cassandra-001	38.12
491.452	1.23	389	2018-08-17T22:44:44.030461998Z	78.24	46.876	38.12	1.03	6.69	cassandra-001	38.12
984.917	1.03	389	2018-08-17T22:44:51.039343368Z	78.25	102.133	38.13	34.45	6.69	cassandra-001	38.13
490.982	34.45	390	2018-08-17T22:44:58.046220508Z	78.25	45.054	38.13	0.99	12.22	cassandra-001	38.13
493.093	0.99	390	2018-08-17T22:45:05.056439199Z	78.26	47.826	38.14	1.21	6.66	cassandra-001	38.14
976.083	1.21	390	2018-08-17T22:45:12.064612813Z	78.27	101.05	38.14	1.03	6.67	cassandra-001	38.14
496.438	1.03	391	2018-08-17T22:45:19.073518151Z	78.28	51.389	38.14	1.07	6.66	cassandra-001	38.14
1003.018	1.07	391	2018-08-17T22:45:26.079977989Z	78.28	114.87	38.14	33.71	6.63	cassandra-001	38.14
504.202	33.71	392	2018-08-17T22:45:33.086272297Z	78.28	56.986	38.14	1.1	12.08	cassandra-001	38.14
497.434	1.1	392	2018-08-17T22:45:40.093721758Z	78.28	60.88	38.14	1.12	6.52	cassandra-001	38.14
994.392	1.12	392	2018-08-17T22:45:47.101272043Z	78.29	114.195	38.14	2.6	6.54	cassandra-001	38.14
503.886	2.6	393	2018-08-17T22:45:54.10963324Z	78.29	54.438	38.14	1.16	6.77	cassandra-001	38.14
1003.6	1.16	393	2018-08-17T22:46:01.117209331Z	78.29	112.73	38.14	31.5	6.79	cassandra-001	38.14
503.239	31.5	394	2018-08-17T22:46:08.125360436Z	78.3	55.454	38.14	1.25	11.86	cassandra-001	38.14
584.513	1.25	394	2018-08-17T22:46:15.130915926Z	78.29	60.92	38.14	7.16	6.45	cassandra-001	38.14
914.833	7.16	394	2018-08-17T22:46:22.137123357Z	78.3	88.703	38.14	1.14	7.46	cassandra-001	38.14
494.339	1.14	395	2018-08-17T22:46:29.144391032Z	78.3	41.158	38.14	1.14	7.47	cassandra-001	38.14
982.836	1.14	395	2018-08-17T22:46:36.151089669Z	78.31	84.718	38.14	24.44	7.22	cassandra-001	38.14
496.367	24.44	396	2018-08-17T22:46:43.158838575Z	78.31	40.062	38.14	1.33	11.1	cassandra-001	38.14
650.885	1.33	396	2018-08-17T22:46:50.165361891Z	78.31	65.517	38.14	10.56	6.08	cassandra-001	38.14
845.431	10.56	396	2018-08-17T22:46:57.173045389Z	78.31	84.394	38.14	1.21	7.63	cassandra-001	38.14
500.091	1.21	397	2018-08-17T22:47:04.180376099Z	78.31	45.368	38.14	1.1	6.64	cassandra-001	38.14
998.653	1.1	397	2018-08-17T22:47:11.18908359Z	78.32	94.049	38.14	25.51	6.63	cassandra-001	38.14
503.925	25.51	397	2018-08-17T22:47:18.199169191Z	78.32	51.875	38.14	1.15	10.69	cassandra-001	38.14
769.252	1.15	397	2018-08-17T22:47:25.206246719Z	78.32	79.961	38.14	24.16	6.81	cassandra-001	38.14
724.637	24.16	397	2018-08-17T22:47:32.213116675Z	78.32	69.805	38.14	1.12	10.61	cassandra-001	38.14
503.621	1.12	397	2018-08-17T22:47:39.220343785Z	78.33	49.922	38.14	1.25	9.04	cassandra-001	38.14
999.873	1.25	397	2018-08-17T22:47:46.228563668Z	78.33	88.663	38.14	12.68	9.05	cassandra-001	38.14
497.997	12.68	397	2018-08-17T22:47:53.236900679Z	78.33	43.916	38.14	1.27	10.98	cassandra-001	38.14
833.875	1.27	397	2018-08-17T22:48:00.246716932Z	78.34	78.938	38.14	21.73	6.94	cassandra-001	38.14
653.244	21.73	397	2018-08-17T22:48:07.255765877Z	78.34	53.866	38.14	1.13	10.37	cassandra-001	38.14
499.398	1.13	397	2018-08-17T22:48:14.262360308Z	78.34	48.074	38.14	1.22	6.53	cassandra-001	38.14
1001.193	1.22	397	2018-08-17T22:48:21.268706911Z	78.34	101.863	38.14	2.46	6.55	cassandra-001	38.14
