net_receive	host_cpu	sensor_count	timestamp	memory%	net_send	memory_active_anon%	container_cpu%	host_moving_avg_cpu	name	memory_rss%
14215681.705	0	2	2018-08-17T15:58:41.394908704Z	77.06	14864296.516	15.93	3.24	nan	kafka-001	15.93
42.325	3.24	7	2018-08-17T15:58:48.40538871Z	77.06	42.587	15.93	4.77	nan	kafka-001	15.93
66.646	4.77	11	2018-08-17T15:58:55.420007204Z	77.06	77.114	15.93	6.05	nan	kafka-001	15.93
83.471	6.05	15	2018-08-17T15:59:02.429617724Z	77.06	75.092	15.93	5.14	nan	kafka-001	15.93
96.379	5.14	19	2018-08-17T15:59:09.441591142Z	77.06	82.843	15.93	6.43	nan	kafka-001	15.93
112.686	6.43	22	2018-08-17T15:59:16.450786624Z	77.06	134.199	15.93	7.05	4.27	kafka-001	15.93
126.043	7.05	25	2018-08-17T15:59:23.461342586Z	77.06	109.114	15.93	8.93	5.45	kafka-001	15.93
142.468	8.93	29	2018-08-17T15:59:30.471267291Z	77.06	170.126	15.93	10.19	6.4	kafka-001	15.93
150.641	10.19	32	2018-08-17T15:59:37.485502847Z	77.06	129.326	15.93	9.55	7.3	kafka-001	15.93
162.609	9.55	34	2018-08-17T15:59:44.495421093Z	77.06	134.896	15.93	9.19	7.88	kafka-001	15.93
177.466	9.19	37	2018-08-17T15:59:51.50570626Z	77.06	216.132	15.93	10.99	8.56	kafka-001	15.93
184.185	10.99	39	2018-08-17T15:59:58.517841667Z	77.06	152.387	15.93	11.63	9.32	kafka-001	15.93
197.031	11.63	42	2018-08-17T16:00:05.526474577Z	77.06	238.48	15.93	8.56	10.08	kafka-001	15.93
201.186	8.56	44	2018-08-17T16:00:12.535318954Z	77.07	172.896	15.93	11.57	10.02	kafka-001	15.93
207.195	11.57	46	2018-08-17T16:00:19.546147538Z	77.07	177.28	15.93	12.85	10.25	kafka-001	15.93
212.44	12.85	48	2018-08-17T16:00:26.555231373Z	77.07	267.922	15.93	11.81	10.8	kafka-001	15.93
220.468	11.81	50	2018-08-17T16:00:33.565955595Z	77.07	189.878	15.93	14.05	11.24	kafka-001	15.93
239.983	14.05	52	2018-08-17T16:00:40.577750345Z	77.07	294.69	15.93	14.85	11.74	kafka-001	15.93
241.771	14.85	54	2018-08-17T16:00:47.592506964Z	77.07	204.34	15.93	13.53	12.28	kafka-001	15.93
250.727	13.53	56	2018-08-17T16:00:54.604960758Z	77.07	204.556	15.93	14.44	13.11	kafka-001	15.93
268.69	14.44	58	2018-08-17T16:01:01.626561462Z	77.07	329.262	15.93	15.03	13.59	kafka-001	15.93
266.323	15.03	60	2018-08-17T16:01:08.637957487Z	77.08	224.834	15.93	17.39	13.95	kafka-001	15.93
260.034	17.39	62	2018-08-17T16:01:15.648923376Z	77.08	333.98	15.93	16.49	14.88	kafka-001	15.93
282.619	16.49	64	2018-08-17T16:01:22.662103373Z	77.08	239.85	15.93	16.35	15.29	kafka-001	15.93
285.511	16.35	66	2018-08-17T16:01:29.672533739Z	77.08	237.32	15.93	15.88	15.54	kafka-001	15.93
300.182	15.88	67	2018-08-17T16:01:36.683926052Z	77.08	364.84	15.93	17.41	15.93	kafka-001	15.93
304.117	17.41	69	2018-08-17T16:01:43.695146702Z	77.09	256.516	15.93	18.7	16.42	kafka-001	15.93
298.99	18.7	71	2018-08-17T16:01:50.708180256Z	77.09	383.27	15.93	19.2	17.04	kafka-001	15.93
311.161	19.2	73	2018-08-17T16:01:57.723228539Z	77.09	266.842	15.93	18.41	17.34	kafka-001	15.93
322.989	18.41	74	2018-08-17T16:02:04.733682435Z	77.09	268.52	15.93	18.61	17.66	kafka-001	15.93
331.548	18.61	76	2018-08-17T16:02:11.745177872Z	77.1	404.345	15.93	18.77	18.04	kafka-001	15.93
336.591	18.77	77	2018-08-17T16:02:18.755510104Z	77.1	281.586	15.93	20.17	18.52	kafka-001	15.93
334.236	20.17	79	2018-08-17T16:02:25.767819653Z	77.1	420.462	15.93	19.36	18.98	kafka-001	15.93
346.741	19.36	80	2018-08-17T16:02:32.777779866Z	77.1	290.506	15.93	20.0	19.09	kafka-001	15.93
356.881	20.0	82	2018-08-17T16:02:39.789466689Z	77.1	299.484	15.93	19.65	19.22	kafka-001	15.93
367.87	19.65	83	2018-08-17T16:02:46.799805482Z	77.11	441.794	15.93	21.31	19.43	kafka-001	15.93
372.003	21.31	85	2018-08-17T16:02:53.812717274Z	77.11	306.752	15.93	22.26	19.88	kafka-001	15.93
375.07	22.26	86	2018-08-17T16:03:00.823054276Z	77.11	464.146	15.93	22.2	20.46	kafka-001	15.93
376.475	22.2	88	2018-08-17T16:03:07.841185191Z	77.12	316.584	15.93	27.78	20.8	kafka-001	15.93
383.433	27.78	89	2018-08-17T16:03:14.851600753Z	77.12	316.64	15.93	21.91	22.2	kafka-001	15.93
391.178	21.91	90	2018-08-17T16:03:21.864577206Z	77.12	484.7	15.93	21.47	22.52	kafka-001	15.93
391.595	21.47	92	2018-08-17T16:03:28.877303718Z	77.12	326.232	15.93	24.22	22.82	kafka-001	15.93
380.074	24.22	93	2018-08-17T16:03:35.888468426Z	77.12	486.844	15.93	23.22	23.31	kafka-001	15.93
400.105	23.22	94	2018-08-17T16:03:42.902845084Z	77.13	328.883	15.93	30.25	23.47	kafka-001	15.93
408.773	30.25	96	2018-08-17T16:03:49.915894272Z	77.13	336.962	15.93	22.21	24.81	kafka-001	15.93
410.926	22.21	97	2018-08-17T16:03:56.926631684Z	77.13	507.53	15.93	23.91	23.88	kafka-001	15.93
418.459	23.91	98	2018-08-17T16:04:03.93744381Z	77.14	350.482	15.93	25.31	24.21	kafka-001	15.93
421.38	25.31	100	2018-08-17T16:04:10.948346845Z	77.14	529.11	15.93	26.07	24.85	kafka-001	15.93
414.61	26.07	101	2018-08-17T16:04:17.960334436Z	77.14	356.023	15.93	23.48	25.16	kafka-001	15.93
414.996	23.48	102	2018-08-17T16:04:24.971924009Z	77.14	349.687	15.93	24.89	25.21	kafka-001	15.93
441.902	24.89	103	2018-08-17T16:04:31.98528659Z	77.15	536.326	15.93	23.76	24.31	kafka-001	15.93
444.155	23.76	105	2018-08-17T16:04:38.998427121Z	77.15	372.778	15.93	27.29	24.57	kafka-001	15.93
449.862	27.29	106	2018-08-17T16:04:46.010521838Z	77.15	552.798	15.93	32.86	25.13	kafka-001	15.93
452.171	32.86	107	2018-08-17T16:04:53.021593278Z	77.15	378.064	15.93	26.66	26.39	kafka-001	15.93
467.93	26.66	108	2018-08-17T16:05:00.034106743Z	77.16	570.108	15.93	26.53	26.49	kafka-001	15.93
458.232	26.53	110	2018-08-17T16:05:07.043930811Z	77.16	379.922	15.93	22.56	27.0	kafka-001	15.93
464.554	22.56	111	2018-08-17T16:05:14.054566704Z	77.17	385.281	15.93	26.75	26.61	kafka-001	15.93
476.774	26.75	112	2018-08-17T16:05:21.066807667Z	77.17	590.681	15.93	27.28	27.11	kafka-001	15.93
476.605	27.28	113	2018-08-17T16:05:28.081754357Z	77.17	399.802	15.93	26.72	27.11	kafka-001	15.93
485.224	26.72	115	2018-08-17T16:05:35.092197099Z	77.17	605.742	15.93	28.18	26.08	kafka-001	15.93
483.201	28.18	116	2018-08-17T16:05:42.102669351Z	77.18	404.056	15.93	27.58	26.34	kafka-001	15.93
495.239	27.58	117	2018-08-17T16:05:49.114524891Z	77.18	407.321	15.93	28.92	26.51	kafka-001	15.93
500.752	28.92	118	2018-08-17T16:05:56.125734565Z	77.19	621.449	15.93	28.61	27.57	kafka-001	15.93
511.649	28.61	119	2018-08-17T16:06:03.138424281Z	77.19	423.049	15.93	29.04	27.88	kafka-001	15.93
523.276	29.04	120	2018-08-17T16:06:10.1515443Z	77.19	641.841	15.93	29.72	28.18	kafka-001	15.93
526.127	29.72	121	2018-08-17T16:06:17.164710119Z	77.2	432.704	15.93	30.1	28.68	kafka-001	15.93
526.991	30.1	123	2018-08-17T16:06:24.176840383Z	77.2	432.502	15.93	28.09	29.0	kafka-001	15.93
534.628	28.09	124	2018-08-17T16:06:31.189553525Z	77.2	655.718	15.93	30.21	29.08	kafka-001	15.93
540.717	30.21	125	2018-08-17T16:06:38.204711395Z	77.21	441.376	15.93	29.28	29.3	kafka-001	15.93
534.308	29.28	126	2018-08-17T16:06:45.217351404Z	77.21	655.554	15.93	31.94	29.41	kafka-001	15.93
538.753	31.94	127	2018-08-17T16:06:52.228890096Z	77.21	446.827	15.93	29.96	29.89	kafka-001	15.93
543.121	29.96	128	2018-08-17T16:06:59.240243092Z	77.22	448.522	15.93	31.74	29.93	kafka-001	15.93
559.344	31.74	129	2018-08-17T16:07:06.253036019Z	77.22	686.914	15.93	31.21	30.2	kafka-001	15.93
556.617	31.21	130	2018-08-17T16:07:13.265697592Z	77.23	456.079	15.93	32.63	30.72	kafka-001	15.93
567.978	32.63	131	2018-08-17T16:07:20.280020738Z	77.23	693.357	15.93	31.39	31.13	kafka-001	15.93
556.477	31.39	133	2018-08-17T16:07:27.291723918Z	77.23	456.733	15.93	32.74	31.48	kafka-001	15.93
567.463	32.74	134	2018-08-17T16:07:34.303662447Z	77.24	464.802	15.93	31.99	31.61	kafka-001	15.93
566.479	31.99	135	2018-08-17T16:07:41.314799901Z	77.24	706.775	15.93	32.86	31.95	kafka-001	15.93
578.058	32.86	136	2018-08-17T16:07:48.33258932Z	77.24	477.132	15.93	33.42	32.14	kafka-001	15.93
578.016	33.42	137	2018-08-17T16:07:55.345091231Z	77.25	706.919	15.93	33.23	32.51	kafka-001	15.93
585.001	33.23	138	2018-08-17T16:08:02.356880909Z	77.25	483.165	15.93	34.23	32.61	kafka-001	15.93
580.731	34.23	139	2018-08-17T16:08:09.368070015Z	77.26	481.1	15.93	33.71	33.08	kafka-001	15.93
590.45	33.71	140	2018-08-17T16:08:16.378912505Z	77.26	730.883	15.93	34.43	33.24	kafka-001	15.93
598.449	34.43	141	2018-08-17T16:08:23.393389784Z	77.26	483.661	15.93	36.23	33.65	kafka-001	15.93
596.58	36.23	142	2018-08-17T16:08:30.406130299Z	77.27	740.846	15.93	35.03	34.21	kafka-001	15.93
598.641	35.03	143	2018-08-17T16:08:37.417796523Z	77.27	494.867	15.93	36.78	34.48	kafka-001	15.93
612.263	36.78	144	2018-08-17T16:08:44.430143629Z	77.28	500.903	15.93	33.26	35.07	kafka-001	15.93
622.318	33.26	145	2018-08-17T16:08:51.442976227Z	77.28	753.651	15.93	35.57	34.91	kafka-001	15.93
622.711	35.57	146	2018-08-17T16:08:58.458967022Z	77.28	511.758	15.93	36.73	35.22	kafka-001	15.93
627.896	36.73	147	2018-08-17T16:09:05.47539178Z	77.29	773.925	15.93	37.43	35.6	kafka-001	15.93
618.807	37.43	148	2018-08-17T16:09:12.485966761Z	77.29	511.728	15.93	35.65	35.8	kafka-001	15.93
632.151	35.65	149	2018-08-17T16:09:19.497060784Z	77.3	520.436	15.93	37.0	35.9	kafka-001	15.93
634.626	37.0	150	2018-08-17T16:09:26.507975161Z	77.31	781.85	15.93	36.5	35.94	kafka-001	15.93
637.565	36.5	151	2018-08-17T16:09:33.523224199Z	77.31	527.4	15.93	37.22	36.48	kafka-001	15.93
638.378	37.22	152	2018-08-17T16:09:40.535254122Z	77.31	797.161	15.93	38.09	36.76	kafka-001	15.93
640.303	38.09	153	2018-08-17T16:09:47.54703806Z	77.32	530.959	15.93	37.23	36.98	kafka-001	15.93
643.911	37.23	154	2018-08-17T16:09:54.558759619Z	77.32	532.296	15.93	43.37	36.95	kafka-001	15.93
659.438	43.37	155	2018-08-17T16:10:01.570491974Z	77.33	808.542	15.93	36.49	38.24	kafka-001	15.93
663.931	36.49	156	2018-08-17T16:10:08.580680128Z	77.33	531.854	15.93	40.05	38.15	kafka-001	15.93
665.586	40.05	156	2018-08-17T16:10:15.59203541Z	77.33	814.342	15.93	38.55	38.74	kafka-001	15.93
663.157	38.55	157	2018-08-17T16:10:22.602748998Z	77.34	544.179	15.93	44.14	38.96	kafka-001	15.93
666.335	44.14	158	2018-08-17T16:10:29.613517983Z	77.34	544.66	15.93	39.39	39.97	kafka-001	15.93
666.976	39.39	159	2018-08-17T16:10:36.623594733Z	77.35	823.748	15.93	38.9	40.33	kafka-001	15.93
678.825	38.9	160	2018-08-17T16:10:43.633885995Z	77.35	551.587	15.93	40.3	39.59	kafka-001	15.93
689.54	40.3	161	2018-08-17T16:10:50.64583486Z	77.36	841.116	15.93	36.34	40.22	kafka-001	15.93
687.429	36.34	162	2018-08-17T16:10:57.657985884Z	77.36	560.66	15.93	39.04	39.6	kafka-001	15.93
685.487	39.04	163	2018-08-17T16:11:04.670431811Z	77.37	556.433	15.93	38.07	39.69	kafka-001	15.93
698.846	38.07	164	2018-08-17T16:11:11.68146688Z	77.37	852.732	15.93	40.16	38.67	kafka-001	15.93
701.845	40.16	165	2018-08-17T16:11:18.693641645Z	77.38	569.413	15.93	39.45	38.8	kafka-001	15.93
714.122	39.45	166	2018-08-17T16:11:25.705389086Z	77.38	863.868	15.93	35.14	38.89	kafka-001	15.93
702.613	35.14	166	2018-08-17T16:11:32.716292288Z	77.39	572.547	15.93	40.04	38.03	kafka-001	15.93
714.029	40.04	167	2018-08-17T16:11:39.730014486Z	77.39	581.01	15.93	46.65	38.65	kafka-001	15.93
725.389	46.65	168	2018-08-17T16:11:46.741371517Z	77.39	876.381	15.93	41.22	39.92	kafka-001	15.93
726.25	41.22	169	2018-08-17T16:11:53.753530954Z	77.4	588.195	15.93	42.54	40.44	kafka-001	15.93
735.684	42.54	170	2018-08-17T16:12:00.765673894Z	77.41	885.935	15.93	39.99	40.84	kafka-001	15.93
731.136	39.99	171	2018-08-17T16:12:07.779270269Z	77.41	592.74	15.93	42.41	40.93	kafka-001	15.93
734.458	42.41	172	2018-08-17T16:12:14.79253622Z	77.42	586.99	15.93	42.7	42.14	kafka-001	15.93
745.936	42.7	172	2018-08-17T16:12:21.804110004Z	77.42	903.66	15.93	41.12	42.59	kafka-001	15.93
742.883	41.12	173	2018-08-17T16:12:28.816583425Z	77.42	598.37	15.93	41.77	41.66	kafka-001	15.93
743.754	41.77	174	2018-08-17T16:12:35.828742978Z	77.43	911.91	15.93	42.26	41.76	kafka-001	15.93
741.461	42.26	175	2018-08-17T16:12:42.83751896Z	77.44	603.339	15.93	39.32	41.71	kafka-001	15.93
742.675	39.32	176	2018-08-17T16:12:49.849182892Z	77.44	613.56	15.93	42.18	41.6	kafka-001	15.93
751.902	42.18	177	2018-08-17T16:12:56.860075647Z	77.44	919.496	15.93	43.29	41.56	kafka-001	15.93
750.455	43.29	178	2018-08-17T16:13:03.876580967Z	77.45	609.366	15.93	43.42	41.66	kafka-001	15.93
761.676	43.42	178	2018-08-17T16:13:10.886763814Z	77.46	930.621	15.93	39.08	42.04	kafka-001	15.93
752.559	39.08	179	2018-08-17T16:13:17.898503736Z	77.46	611.839	15.93	42.75	41.59	kafka-001	15.93
736.231	42.75	180	2018-08-17T16:13:24.910653104Z	77.47	612.096	15.93	40.42	41.67	kafka-001	15.93
762.615	40.42	181	2018-08-17T16:13:31.922676505Z	77.47	933.114	15.93	42.91	41.86	kafka-001	15.93
765.238	42.91	182	2018-08-17T16:13:38.932738133Z	77.48	624.517	15.93	45.99	41.98	kafka-001	15.93
769.822	45.99	183	2018-08-17T16:13:45.94400133Z	77.48	947.458	15.93	42.9	42.43	kafka-001	15.93
773.31	42.9	183	2018-08-17T16:13:52.951303229Z	77.49	632.343	15.93	42.03	42.34	kafka-001	15.93
776.3	42.03	184	2018-08-17T16:13:59.963195061Z	77.49	627.739	15.93	43.84	42.83	kafka-001	15.93
786.817	43.84	185	2018-08-17T16:14:06.972952794Z	77.5	963.166	15.93	43.62	43.02	kafka-001	15.93
779.604	43.62	186	2018-08-17T16:14:13.985610302Z	77.5	636.016	15.93	45.87	43.55	kafka-001	15.93
790.247	45.87	186	2018-08-17T16:14:20.997184923Z	77.51	970.018	15.93	43.58	44.04	kafka-001	15.93
788.314	43.58	187	2018-08-17T16:14:28.009740484Z	77.51	632.408	15.93	44.64	43.64	kafka-001	15.93
801.11	44.64	188	2018-08-17T16:14:35.020804705Z	77.52	650.642	15.93	41.97	43.93	kafka-001	15.93
802.917	41.97	189	2018-08-17T16:14:42.031539968Z	77.53	983.492	15.93	44.3	43.92	kafka-001	15.93
800.565	44.3	190	2018-08-17T16:14:49.044411176Z	77.53	645.687	15.93	47.69	44.0	kafka-001	15.93
808.45	47.69	190	2018-08-17T16:14:56.057767121Z	77.54	983.46	15.93	43.58	44.68	kafka-001	15.93
813.607	43.58	191	2018-08-17T16:15:03.068013424Z	77.54	660.205	15.93	32.64	44.29	kafka-001	15.93
832.714	32.64	192	2018-08-17T16:15:10.078657935Z	77.55	1006.167	15.93	48.99	42.47	kafka-001	15.93
818.161	48.99	193	2018-08-17T16:15:17.090334826Z	77.55	660.367	15.93	46.06	43.2	kafka-001	15.93
822.695	46.06	193	2018-08-17T16:15:24.101685963Z	77.56	669.712	15.93	43.26	43.88	kafka-001	15.93
821.752	43.26	194	2018-08-17T16:15:31.113295459Z	77.56	1010.036	15.93	45.67	43.7	kafka-001	15.93
827.666	45.67	195	2018-08-17T16:15:38.124264861Z	77.57	678.923	15.93	42.13	43.37	kafka-001	15.93
826.393	42.13	196	2018-08-17T16:15:45.136164023Z	77.58	1013.97	15.93	45.2	43.13	kafka-001	15.93
826.967	45.2	197	2018-08-17T16:15:52.148720373Z	77.58	670.62	15.93	43.97	45.22	kafka-001	15.93
814.871	43.97	197	2018-08-17T16:15:59.160859628Z	77.59	669.517	15.93	43.92	44.38	kafka-001	15.93
830.22	43.92	198	2018-08-17T16:16:06.171502969Z	77.6	1015.287	15.93	46.76	44.03	kafka-001	15.93
828.053	46.76	199	2018-08-17T16:16:13.183669749Z	77.6	680.316	15.93	44.96	44.61	kafka-001	15.93
835.892	44.96	200	2018-08-17T16:16:20.196533077Z	77.61	1029.94	15.93	45.84	44.49	kafka-001	15.93
834.107	45.84	200	2018-08-17T16:16:27.206526176Z	77.61	686.157	15.93	44.65	45.11	kafka-001	15.93
843.725	44.65	201	2018-08-17T16:16:34.217888573Z	77.62	690.54	15.93	48.07	45.02	kafka-001	15.93
848.24	48.07	202	2018-08-17T16:16:41.230656391Z	77.62	1050.872	15.93	47.74	45.7	kafka-001	15.93
841.711	47.74	203	2018-08-17T16:16:48.244922649Z	77.63	693.769	15.93	48.2	46.34	kafka-001	15.93
854.172	48.2	203	2018-08-17T16:16:55.256436054Z	77.64	1053.393	15.93	47.41	46.58	kafka-001	15.93
858.037	47.41	204	2018-08-17T16:17:02.267293568Z	77.64	689.796	15.93	47.88	46.99	kafka-001	15.93
827.587	47.88	205	2018-08-17T16:17:09.279481114Z	77.65	686.908	15.93	45.73	47.33	kafka-001	15.93
850.904	45.73	205	2018-08-17T16:17:16.291326988Z	77.65	1058.634	15.93	47.09	47.51	kafka-001	15.93
860.345	47.09	206	2018-08-17T16:17:23.302505113Z	77.66	707.572	15.93	50.56	47.34	kafka-001	15.93
873.208	50.56	207	2018-08-17T16:17:30.315424662Z	77.66	1071.368	15.93	45.2	47.81	kafka-001	15.93
872.163	45.2	208	2018-08-17T16:17:37.327726604Z	77.67	709.944	15.93	46.5	47.31	kafka-001	15.93
879.953	46.5	208	2018-08-17T16:17:44.342255479Z	77.68	717.227	15.93	48.64	47.16	kafka-001	15.93
889.402	48.64	209	2018-08-17T16:17:51.353279769Z	77.68	1084.931	15.93	50.43	47.29	kafka-001	15.93
880.449	50.43	210	2018-08-17T16:17:58.363949368Z	77.69	718.24	15.93	54.31	48.07	kafka-001	15.93
896.496	54.31	210	2018-08-17T16:18:05.375415153Z	77.7	1089.046	15.93	50.22	49.27	kafka-001	15.93
894.411	50.22	211	2018-08-17T16:18:12.386690679Z	77.7	723.734	15.93	45.02	49.22	kafka-001	15.93
892.745	45.02	212	2018-08-17T16:18:19.398487527Z	77.71	723.093	15.93	48.11	49.19	kafka-001	15.93
903.06	48.11	213	2018-08-17T16:18:26.410594947Z	77.72	1097.713	15.93	46.72	49.46	kafka-001	15.93
902.169	46.72	213	2018-08-17T16:18:33.422153671Z	77.72	730.843	15.93	50.36	49.14	kafka-001	15.93
906.754	50.36	214	2018-08-17T16:18:40.431649633Z	77.73	1106.853	15.93	52.69	49.12	kafka-001	15.93
905.031	52.69	215	2018-08-17T16:18:47.442622084Z	77.73	733.862	15.93	49.72	48.85	kafka-001	15.93
912.911	49.72	216	2018-08-17T16:18:54.453246123Z	77.74	732.969	15.93	48.29	48.77	kafka-001	15.93
918.062	48.29	216	2018-08-17T16:19:01.464938808Z	77.75	1119.099	15.93	50.49	49.32	kafka-001	15.93
922.149	50.49	217	2018-08-17T16:19:08.476781352Z	77.75	748.989	15.93	48.03	49.71	kafka-001	15.93
922.044	48.03	218	2018-08-17T16:19:15.488266947Z	77.76	1130.585	15.93	52.0	49.93	kafka-001	15.93
931.243	52.0	218	2018-08-17T16:19:22.500742304Z	77.77	749.573	15.93	51.54	50.2	kafka-001	15.93
928.797	51.54	219	2018-08-17T16:19:29.515979569Z	77.77	749.297	15.93	52.85	50.01	kafka-001	15.93
933.954	52.85	220	2018-08-17T16:19:36.527143707Z	77.78	1148.585	15.93	54.43	50.53	kafka-001	15.93
938.003	54.43	220	2018-08-17T16:19:43.539566593Z	77.78	753.194	15.93	54.45	51.56	kafka-001	15.93
942.262	54.45	221	2018-08-17T16:19:50.552194915Z	77.79	1148.294	15.93	52.3	52.22	kafka-001	15.93
920.539	52.3	222	2018-08-17T16:19:57.563163335Z	77.8	750.815	15.93	49.63	52.93	kafka-001	15.93
926.397	49.63	222	2018-08-17T16:20:04.574227054Z	77.8	758.115	15.93	44.27	52.53	kafka-001	15.93
928.418	44.27	223	2018-08-17T16:20:11.58488438Z	77.81	1149.303	15.93	53.15	51.32	kafka-001	15.93
941.425	53.15	224	2018-08-17T16:20:18.596576779Z	77.82	767.086	15.93	50.38	51.37	kafka-001	15.93
944.164	50.38	224	2018-08-17T16:20:25.608226731Z	77.82	1161.521	15.93	54.53	50.7	kafka-001	15.93
957.663	54.53	225	2018-08-17T16:20:32.619215625Z	77.83	767.888	15.93	53.43	50.71	kafka-001	15.93
957.719	53.43	226	2018-08-17T16:20:39.637674368Z	77.84	764.978	15.93	51.3	50.9	kafka-001	15.93
957.972	51.3	227	2018-08-17T16:20:46.648167231Z	77.84	1169.999	15.93	59.44	51.18	kafka-001	15.93
957.819	59.44	227	2018-08-17T16:20:53.659906078Z	77.85	771.031	15.93	62.38	53.71	kafka-001	15.93
963.694	62.38	228	2018-08-17T16:21:00.671796252Z	77.86	1180.53	15.93	46.15	55.24	kafka-001	15.93
966.851	46.15	229	2018-08-17T16:21:07.68254453Z	77.86	779.877	15.93	52.26	54.54	kafka-001	15.93
969.679	52.26	229	2018-08-17T16:21:14.696907348Z	77.87	784.538	15.93	48.64	54.16	kafka-001	15.93
970.236	48.64	230	2018-08-17T16:21:21.708852597Z	77.88	1188.845	15.93	54.08	53.36	kafka-001	15.93
975.247	54.08	231	2018-08-17T16:21:28.720954262Z	77.88	783.567	15.93	54.88	53.83	kafka-001	15.93
979.32	54.88	231	2018-08-17T16:21:35.733936222Z	77.89	1198.695	15.93	57.56	53.07	kafka-001	15.93
978.169	57.56	232	2018-08-17T16:21:42.745861169Z	77.9	792.064	15.93	53.04	52.26	kafka-001	15.93
970.133	53.04	233	2018-08-17T16:21:49.757472921Z	77.9	786.993	15.93	55.62	53.41	kafka-001	15.93
984.476	55.62	233	2018-08-17T16:21:56.769107446Z	77.91	1204.052	15.93	48.31	53.97	kafka-001	15.93
996.765	48.31	234	2018-08-17T16:22:03.780925351Z	77.92	805.158	15.93	57.17	53.92	kafka-001	15.93
997.167	57.17	234	2018-08-17T16:22:10.793782322Z	77.92	1215.509	15.93	56.41	54.43	kafka-001	15.93
992.464	56.41	235	2018-08-17T16:22:17.805614877Z	77.93	799.188	15.93	55.41	54.69	kafka-001	15.93
1000.039	55.41	236	2018-08-17T16:22:24.818615815Z	77.94	814.94	15.93	57.28	54.33	kafka-001	15.93
1001.1	57.28	236	2018-08-17T16:22:31.830176497Z	77.95	1223.719	15.93	61.76	55.03	kafka-001	15.93
1001.447	61.76	237	2018-08-17T16:22:38.841370845Z	77.95	813.7	15.93	53.83	56.06	kafka-001	15.93
1011.408	53.83	238	2018-08-17T16:22:45.852340398Z	77.96	1233.408	15.93	55.32	56.98	kafka-001	15.93
1001.459	55.32	238	2018-08-17T16:22:52.86488236Z	77.97	811.82	15.93	53.47	56.67	kafka-001	15.93
1008.429	53.47	239	2018-08-17T16:22:59.877975164Z	77.97	814.73	15.93	57.23	56.18	kafka-001	15.93
1016.334	57.23	240	2018-08-17T16:23:06.891306738Z	77.98	1241.67	15.93	56.95	56.48	kafka-001	15.93
1014.477	56.95	240	2018-08-17T16:23:13.905996857Z	77.99	819.531	15.93	57.64	56.43	kafka-001	15.93
1011.3	57.64	241	2018-08-17T16:23:20.919889166Z	77.99	1246.231	15.93	51.75	55.74	kafka-001	15.93
1006.809	51.75	242	2018-08-17T16:23:27.930638401Z	78.0	817.262	15.93	57.35	55.39	kafka-001	15.93
1020.553	57.35	242	2018-08-17T16:23:34.941960068Z	78.01	829.664	15.93	57.04	55.73	kafka-001	15.93
1031.516	57.04	243	2018-08-17T16:23:41.952284912Z	78.02	1256.5	15.93	57.67	56.33	kafka-001	15.93
1025.651	57.67	243	2018-08-17T16:23:48.963248838Z	78.02	828.217	15.93	59.34	56.4	kafka-001	15.93
1027.284	59.34	244	2018-08-17T16:23:55.973725023Z	78.03	1266.108	15.93	57.12	56.8	kafka-001	15.93
1035.937	57.12	245	2018-08-17T16:24:02.98465122Z	78.03	836.112	15.93	55.38	56.71	kafka-001	15.93
1029.843	55.38	245	2018-08-17T16:24:09.996543402Z	78.04	832.469	15.93	59.39	57.32	kafka-001	15.93
1028.507	59.39	246	2018-08-17T16:24:17.008527192Z	78.05	1265.145	15.93	52.53	57.66	kafka-001	15.93
1037.218	52.53	247	2018-08-17T16:24:24.020989537Z	78.06	836.069	15.93	57.81	56.91	kafka-001	15.93
1045.191	57.81	247	2018-08-17T16:24:31.032462847Z	78.07	1276.119	15.93	54.02	56.93	kafka-001	15.93
1040.19	54.02	248	2018-08-17T16:24:38.04489286Z	78.07	846.44	15.93	58.05	56.04	kafka-001	15.93
1049.668	58.05	248	2018-08-17T16:24:45.061714422Z	78.08	1281.834	15.93	51.37	56.2	kafka-001	15.93
1034.385	51.37	249	2018-08-17T16:24:52.073337796Z	78.09	843.091	15.93	57.06	55.53	kafka-001	15.93
1043.375	57.06	250	2018-08-17T16:24:59.083906504Z	78.09	846.284	15.93	60.56	55.14	kafka-001	15.93
1062.202	60.56	250	2018-08-17T16:25:06.093456399Z	78.1	1291.77	15.93	43.3	56.48	kafka-001	15.93
1059.047	43.3	251	2018-08-17T16:25:13.103999938Z	78.11	854.67	15.93	53.09	54.06	kafka-001	15.93
1063.042	53.09	251	2018-08-17T16:25:20.117865016Z	78.12	1289.592	15.93	61.8	53.91	kafka-001	15.93
1051.791	61.8	252	2018-08-17T16:25:27.128918219Z	78.12	863.504	15.93	58.03	54.53	kafka-001	15.93
1070.875	58.03	253	2018-08-17T16:25:34.14060556Z	78.13	865.536	15.93	57.95	55.64	kafka-001	15.93
1069.79	57.95	253	2018-08-17T16:25:41.151960283Z	78.14	1305.094	15.93	58.44	55.79	kafka-001	15.93
1077.302	58.44	254	2018-08-17T16:25:48.162398761Z	78.15	874.219	15.93	56.28	55.44	kafka-001	15.93
1086.78	56.28	254	2018-08-17T16:25:55.172867191Z	78.15	1334.082	15.93	62.34	57.6	kafka-001	15.93
1074.906	62.34	255	2018-08-17T16:26:02.187883829Z	78.16	863.544	15.93	59.99	59.14	kafka-001	15.93
1074.791	59.99	256	2018-08-17T16:26:09.199994786Z	78.17	869.487	15.93	59.91	58.84	kafka-001	15.93
1082.358	59.91	256	2018-08-17T16:26:16.212591521Z	78.17	1320.748	15.93	57.01	59.15	kafka-001	15.93
1061.909	57.01	257	2018-08-17T16:26:23.224930121Z	78.18	869.166	15.93	58.67	59.0	kafka-001	15.93
1088.944	58.67	257	2018-08-17T16:26:30.23647905Z	78.19	1340.795	15.93	61.12	59.03	kafka-001	15.93
1093.313	61.12	258	2018-08-17T16:26:37.248584579Z	78.2	883.481	15.93	60.73	59.84	kafka-001	15.93
1098.095	60.73	259	2018-08-17T16:26:44.260192942Z	78.21	880.77	15.93	57.95	59.57	kafka-001	15.93
1096.342	57.95	259	2018-08-17T16:26:51.271906677Z	78.21	1336.834	15.93	61.53	59.23	kafka-001	15.93
1100.955	61.53	260	2018-08-17T16:26:58.283502103Z	78.22	879.58	15.93	60.94	59.5	kafka-001	15.93
1098.961	60.94	260	2018-08-17T16:27:05.299703611Z	78.23	1344.885	15.93	61.7	60.16	kafka-001	15.93
1098.586	61.7	261	2018-08-17T16:27:12.316181367Z	78.23	890.347	15.93	61.9	60.66	kafka-001	15.93
1105.803	61.9	262	2018-08-17T16:27:19.326654542Z	78.24	890.627	15.93	62.09	60.79	kafka-001	15.93
1110.248	62.09	262	2018-08-17T16:27:26.337837685Z	78.25	1344.909	15.93	67.89	61.02	kafka-001	15.93
1112.751	67.89	263	2018-08-17T16:27:33.349969235Z	78.26	898.125	15.93	62.99	62.68	kafka-001	15.93
1107.18	62.99	263	2018-08-17T16:27:40.360857481Z	78.26	1345.276	15.93	62.37	62.92	kafka-001	15.93
1106.493	62.37	264	2018-08-17T16:27:47.372686345Z	78.27	898.699	15.93	56.7	63.16	kafka-001	15.93
1097.215	56.7	265	2018-08-17T16:27:54.385719101Z	78.28	895.158	15.93	60.11	62.32	kafka-001	15.93
1124.998	60.11	265	2018-08-17T16:28:01.399072242Z	78.29	1366.48	15.93	58.1	62.03	kafka-001	15.93
1121.053	58.1	266	2018-08-17T16:28:08.412121208Z	78.3	906.99	15.93	60.91	61.36	kafka-001	15.93
1115.983	60.91	266	2018-08-17T16:28:15.4234305Z	78.3	1370.664	15.93	63.73	60.2	kafka-001	15.93
1128.096	63.73	267	2018-08-17T16:28:22.435595646Z	78.31	910.41	15.93	61.44	60.32	kafka-001	15.93
1128.86	61.44	267	2018-08-17T16:28:29.446795104Z	78.32	908.429	15.93	62.8	60.17	kafka-001	15.93
1132.301	62.8	268	2018-08-17T16:28:36.458133879Z	78.33	1375.111	15.93	60.28	61.18	kafka-001	15.93
1128.573	60.28	269	2018-08-17T16:28:43.470130632Z	78.34	914.468	15.93	64.52	61.21	kafka-001	15.93
1142.04	64.52	269	2018-08-17T16:28:50.482895788Z	78.34	1384.637	15.93	63.81	62.28	kafka-001	15.93
1138.063	63.81	270	2018-08-17T16:28:57.496104911Z	78.35	915.769	15.93	63.44	62.76	kafka-001	15.93
1134.956	63.44	270	2018-08-17T16:29:04.509501185Z	78.36	914.413	15.93	63.05	62.72	kafka-001	15.93
1144.429	63.05	271	2018-08-17T16:29:11.521331647Z	78.37	1394.113	15.93	64.21	62.98	kafka-001	15.93
1136.697	64.21	271	2018-08-17T16:29:18.5333206Z	78.37	916.23	15.93	61.42	63.22	kafka-001	15.93
1138.364	61.42	272	2018-08-17T16:29:25.544902717Z	78.38	1401.252	15.93	63.88	63.41	kafka-001	15.93
1127.085	63.88	273	2018-08-17T16:29:32.55535516Z	78.39	925.216	15.93	60.17	63.3	kafka-001	15.93
1143.931	60.17	273	2018-08-17T16:29:39.565799421Z	78.4	929.09	15.93	67.36	62.7	kafka-001	15.93
1142.142	67.36	274	2018-08-17T16:29:46.577807324Z	78.41	1409.813	15.93	65.62	63.35	kafka-001	15.93
1152.699	65.62	274	2018-08-17T16:29:53.58866172Z	78.41	928.923	15.93	63.33	63.78	kafka-001	15.93
1161.426	63.33	275	2018-08-17T16:30:00.598608214Z	78.43	1417.084	15.93	64.2	63.63	kafka-001	15.93
1168.147	64.2	275	2018-08-17T16:30:07.607545767Z	78.43	931.562	15.93	64.36	64.09	kafka-001	15.93
1164.677	64.36	276	2018-08-17T16:30:14.620090902Z	78.44	932.738	15.93	64.07	64.17	kafka-001	15.93
1147.43	64.07	276	2018-08-17T16:30:21.631309081Z	78.45	1419.264	15.93	63.94	64.82	kafka-001	15.93
1163.263	63.94	277	2018-08-17T16:30:28.642219084Z	78.46	934.903	15.93	63.2	64.25	kafka-001	15.93
1175.79	63.2	277	2018-08-17T16:30:35.651982675Z	78.46	1432.556	15.93	68.64	63.85	kafka-001	15.93
1177.437	68.64	278	2018-08-17T16:30:42.665632033Z	78.47	947.268	15.93	60.71	64.74	kafka-001	15.93
1175.717	60.71	279	2018-08-17T16:30:49.675262493Z	78.48	944.268	15.93	66.13	64.15	kafka-001	15.93
1182.552	66.13	279	2018-08-17T16:30:56.686201314Z	78.49	1432.272	15.93	59.56	64.45	kafka-001	15.93
1179.369	59.56	280	2018-08-17T16:31:03.696963681Z	78.5	948.478	15.93	66.05	63.7	kafka-001	15.93
1179.178	66.05	280	2018-08-17T16:31:10.711156848Z	78.5	1443.003	15.93	66.17	64.05	kafka-001	15.93
1186.071	66.17	281	2018-08-17T16:31:17.724760804Z	78.51	958.232	15.93	65.14	64.54	kafka-001	15.93
1184.925	65.14	281	2018-08-17T16:31:24.735501256Z	78.52	957.976	15.93	66.28	63.96	kafka-001	15.93
1181.394	66.28	282	2018-08-17T16:31:31.746959503Z	78.53	1447.014	15.93	65.56	64.89	kafka-001	15.93
1180.553	65.56	282	2018-08-17T16:31:38.760331574Z	78.54	956.018	15.93	70.08	64.79	kafka-001	15.93
1198.606	70.08	283	2018-08-17T16:31:45.772763905Z	78.55	1462.145	15.93	65.41	66.55	kafka-001	15.93
1195.292	65.41	284	2018-08-17T16:31:52.785742712Z	78.55	954.054	15.93	65.04	66.44	kafka-001	15.93
1196.404	65.04	284	2018-08-17T16:31:59.797666283Z	78.56	966.258	15.93	66.9	66.25	kafka-001	15.93
1207.29	66.9	285	2018-08-17T16:32:06.809347789Z	78.57	1472.695	15.93	64.24	66.55	kafka-001	15.93
1202.949	64.24	285	2018-08-17T16:32:13.821532538Z	78.58	964.932	15.93	66.11	66.21	kafka-001	15.93
1205.294	66.11	286	2018-08-17T16:32:20.832766098Z	78.59	1468.147	15.93	66.26	66.3	kafka-001	15.93
1208.239	66.26	286	2018-08-17T16:32:27.844244429Z	78.6	968.161	15.93	67.52	65.66	kafka-001	15.93
1216.388	67.52	287	2018-08-17T16:32:34.854782989Z	78.61	971.098	15.93	55.78	66.01	kafka-001	15.93
1219.535	55.78	287	2018-08-17T16:32:41.865028328Z	78.62	1483.543	15.93	67.41	64.47	kafka-001	15.93
1206.251	67.41	288	2018-08-17T16:32:48.88042952Z	78.62	976.452	15.93	66.99	64.55	kafka-001	15.93
1219.512	66.99	288	2018-08-17T16:32:55.894824078Z	78.63	1479.889	15.93	64.56	65.01	kafka-001	15.93
1200.464	64.56	289	2018-08-17T16:33:02.907911942Z	78.64	977.045	15.93	67.8	64.75	kafka-001	15.93
1208.378	67.8	289	2018-08-17T16:33:09.91939953Z	78.65	976.074	15.93	65.28	65.01	kafka-001	15.93
1214.81	65.28	290	2018-08-17T16:33:16.930281174Z	78.66	1487.628	15.93	66.77	64.64	kafka-001	15.93
1218.323	66.77	290	2018-08-17T16:33:23.941898283Z	78.66	992.219	15.93	64.33	66.47	kafka-001	15.93
1221.892	64.33	291	2018-08-17T16:33:30.954447618Z	78.67	1502.813	15.93	61.96	65.96	kafka-001	15.93
1229.827	61.96	291	2018-08-17T16:33:37.966979243Z	78.68	992.318	15.93	65.71	65.12	kafka-001	15.93
1235.683	65.71	292	2018-08-17T16:33:44.978370609Z	78.69	995.092	15.93	65.34	65.31	kafka-001	15.93
1246.02	65.34	293	2018-08-17T16:33:51.990556166Z	78.7	1505.949	15.93	69.32	64.9	kafka-001	15.93
1247.815	69.32	293	2018-08-17T16:33:59.000777423Z	78.71	1003.683	15.93	64.51	65.57	kafka-001	15.93
1243.871	64.51	294	2018-08-17T16:34:06.012665594Z	78.72	1517.976	15.93	71.17	65.2	kafka-001	15.93
1240.88	71.17	294	2018-08-17T16:34:13.023892726Z	78.72	1001.146	15.93	63.6	66.34	kafka-001	15.93
1242.358	63.6	295	2018-08-17T16:34:20.040179586Z	78.74	1511.823	15.93	69.15	66.61	kafka-001	15.93
1232.577	69.15	295	2018-08-17T16:34:27.051500109Z	78.74	997.933	15.93	67.93	67.18	kafka-001	15.93
1242.671	67.93	296	2018-08-17T16:34:34.062494205Z	78.75	1008.186	15.93	70.25	67.61	kafka-001	15.93
1247.482	70.25	296	2018-08-17T16:34:41.073903643Z	78.76	1531.569	15.93	63.86	67.77	kafka-001	15.93
1255.898	63.86	297	2018-08-17T16:34:48.089169273Z	78.77	1017.508	15.93	70.3	67.66	kafka-001	15.93
1247.987	70.3	297	2018-08-17T16:34:55.101232082Z	78.78	1525.101	15.93	70.11	67.52	kafka-001	15.93
1252.939	70.11	298	2018-08-17T16:35:02.111997065Z	78.79	1030.993	15.93	68.84	68.6	kafka-001	15.93
1234.932	68.84	298	2018-08-17T16:35:09.12550038Z	78.79	980.822	15.93	60.84	68.55	kafka-001	15.93
1257.941	60.84	299	2018-08-17T16:35:16.137188492Z	78.8	1544.597	15.93	66.36	67.37	kafka-001	15.93
1243.523	66.36	299	2018-08-17T16:35:23.147989192Z	78.81	1017.286	15.93	71.22	66.72	kafka-001	15.93
1267.26	71.22	300	2018-08-17T16:35:30.159220231Z	78.82	1546.758	15.93	71.04	67.95	kafka-001	15.93
1260.407	71.04	300	2018-08-17T16:35:37.169881836Z	78.83	1015.456	15.93	63.44	68.07	kafka-001	15.93
1251.559	63.44	301	2018-08-17T16:35:44.181079452Z	78.84	1016.291	15.93	67.66	66.96	kafka-001	15.93
1263.17	67.66	301	2018-08-17T16:35:51.194502952Z	78.85	1545.041	15.93	65.58	66.76	kafka-001	15.93
1264.899	65.58	302	2018-08-17T16:35:58.205099883Z	78.85	1027.811	15.93	69.68	67.55	kafka-001	15.93
1263.631	69.68	302	2018-08-17T16:36:05.219397994Z	78.86	1549.108	15.93	70.94	68.1	kafka-001	15.93
1260.38	70.94	303	2018-08-17T16:36:12.232659658Z	78.87	1021.473	15.93	69.53	68.06	kafka-001	15.93
1262.857	69.53	303	2018-08-17T16:36:19.243202886Z	78.88	1024.431	15.93	72.1	67.81	kafka-001	15.93
1278.06	72.1	304	2018-08-17T16:36:26.255438387Z	78.89	1568.767	15.93	69.78	69.25	kafka-001	15.93
1277.767	69.78	304	2018-08-17T16:36:33.266756446Z	78.9	1030.883	15.93	75.41	69.6	kafka-001	15.93
1287.504	75.41	305	2018-08-17T16:36:40.280463007Z	78.91	1563.465	15.93	71.11	71.24	kafka-001	15.93
1284.215	71.11	305	2018-08-17T16:36:47.294301903Z	78.92	1033.766	15.93	69.11	71.48	kafka-001	15.93
1278.129	69.11	306	2018-08-17T16:36:54.307073533Z	78.93	1032.286	15.93	70.17	71.17	kafka-001	15.93
1283.98	70.17	306	2018-08-17T16:37:01.321297959Z	78.94	1569.813	15.93	70.25	71.28	kafka-001	15.93
1291.107	70.25	307	2018-08-17T16:37:08.335297044Z	78.94	1044.972	15.93	70.35	70.97	kafka-001	15.93
1282.36	70.35	307	2018-08-17T16:37:15.346891837Z	78.95	1580.783	15.93	64.58	71.07	kafka-001	15.93
1294.511	64.58	308	2018-08-17T16:37:22.358705935Z	78.96	1044.7	15.93	76.85	69.26	kafka-001	15.93
1305.669	76.85	308	2018-08-17T16:37:29.370456603Z	78.97	1047.699	15.93	70.78	70.22	kafka-001	15.93
1306.777	70.78	309	2018-08-17T16:37:36.383201025Z	78.98	1584.751	15.93	71.44	70.5	kafka-001	15.93
1313.596	71.44	309	2018-08-17T16:37:43.39426588Z	78.99	1050.513	15.93	72.93	70.71	kafka-001	15.93
1310.484	72.93	310	2018-08-17T16:37:50.411550536Z	79.0	1584.469	15.93	76.38	71.16	kafka-001	15.93
1309.267	76.38	310	2018-08-17T16:37:57.424148844Z	79.01	1045.169	15.93	63.57	72.16	kafka-001	15.93
1312.175	63.57	311	2018-08-17T16:38:04.436688246Z	79.02	1055.189	15.93	68.25	71.99	kafka-001	15.93
1303.498	68.25	311	2018-08-17T16:38:11.447675596Z	79.03	1599.176	15.93	73.51	70.56	kafka-001	15.93
1315.187	73.51	312	2018-08-17T16:38:18.460585431Z	79.03	1055.85	15.93	72.29	71.01	kafka-001	15.93
1325.482	72.29	312	2018-08-17T16:38:25.471318044Z	79.04	1606.664	15.93	70.8	71.16	kafka-001	15.93
1310.669	70.8	313	2018-08-17T16:38:32.481225413Z	79.05	1054.636	15.93	79.85	70.8	kafka-001	15.93
1325.416	79.85	313	2018-08-17T16:38:39.492365453Z	79.06	1064.696	15.93	71.57	71.38	kafka-001	15.93
1332.539	71.57	314	2018-08-17T16:38:46.505899967Z	79.07	1621.44	15.93	73.59	72.71	kafka-001	15.93
1333.03	73.59	314	2018-08-17T16:38:53.51873155Z	79.08	1065.236	15.93	66.98	73.6	kafka-001	15.93
1340.253	66.98	315	2018-08-17T16:39:00.531770323Z	79.09	1624.122	15.93	73.44	72.51	kafka-001	15.93
1340.759	73.44	315	2018-08-17T16:39:07.545248311Z	79.1	1072.09	15.93	73.28	72.71	kafka-001	15.93
1348.289	73.28	316	2018-08-17T16:39:14.55734194Z	79.11	1072.308	15.93	69.38	73.12	kafka-001	15.93
1347.564	69.38	316	2018-08-17T16:39:21.570751882Z	79.12	1627.958	15.93	66.81	71.37	kafka-001	15.93
1341.312	66.81	317	2018-08-17T16:39:28.581833953Z	79.13	1074.926	15.93	73.84	70.58	kafka-001	15.93
1359.697	73.84	317	2018-08-17T16:39:35.594432049Z	79.13	1643.886	15.93	72.91	70.62	kafka-001	15.93
1345.668	72.91	318	2018-08-17T16:39:42.606179107Z	79.15	1075.578	15.93	74.55	71.61	kafka-001	15.93
1349.934	74.55	318	2018-08-17T16:39:49.61655405Z	79.15	1079.607	15.93	75.79	71.8	kafka-001	15.93
1357.654	75.79	319	2018-08-17T16:39:56.627165446Z	79.16	1641.735	15.93	73.76	72.21	kafka-001	15.93
1353.974	73.76	319	2018-08-17T16:40:03.637045674Z	79.17	1079.771	15.93	53.55	72.94	kafka-001	15.93
1360.559	53.55	320	2018-08-17T16:40:10.650467997Z	79.18	1647.386	15.93	75.56	70.73	kafka-001	15.93
1350.961	75.56	320	2018-08-17T16:40:17.663933498Z	79.19	1079.916	15.93	75.29	71.02	kafka-001	15.93
1366.165	75.29	321	2018-08-17T16:40:24.676131126Z	79.2	1084.004	15.93	73.47	71.42	kafka-001	15.93
1369.184	73.47	321	2018-08-17T16:40:31.685995888Z	79.21	1657.126	15.93	72.56	71.24	kafka-001	15.93
1368.063	72.56	322	2018-08-17T16:40:38.697485866Z	79.22	1093.878	15.93	74.94	70.7	kafka-001	15.93
1366.19	74.94	322	2018-08-17T16:40:45.713290753Z	79.23	1656.381	15.93	74.62	70.9	kafka-001	15.93
1368.327	74.62	323	2018-08-17T16:40:52.723717962Z	79.24	1093.159	15.93	77.42	74.41	kafka-001	15.93
1362.443	77.42	323	2018-08-17T16:40:59.734331601Z	79.25	1090.354	15.93	75.07	74.72	kafka-001	15.93
1374.316	75.07	324	2018-08-17T16:41:06.749514583Z	79.26	1664.748	15.93	74.34	74.68	kafka-001	15.93
1363.709	74.34	324	2018-08-17T16:41:13.759690834Z	79.27	1091.817	15.93	74.22	74.83	kafka-001	15.93
1376.708	74.22	325	2018-08-17T16:41:20.778413105Z	79.28	1668.106	15.93	78.07	75.1	kafka-001	15.93
1375.759	78.07	325	2018-08-17T16:41:27.789147986Z	79.29	1101.17	15.93	68.04	75.62	kafka-001	15.93
1372.861	68.04	325	2018-08-17T16:41:34.802744952Z	79.3	1099.015	15.93	72.3	74.53	kafka-001	15.93
1383.748	72.3	326	2018-08-17T16:41:41.813886311Z	79.31	1678.028	15.93	73.94	73.67	kafka-001	15.93
1373.741	73.94	326	2018-08-17T16:41:48.826488085Z	79.32	1102.897	15.93	76.64	73.49	kafka-001	15.93
1371.972	76.64	327	2018-08-17T16:41:55.838419561Z	79.32	1676.42	15.93	76.16	73.87	kafka-001	15.93
1391.997	76.16	327	2018-08-17T16:42:02.849912791Z	79.34	1118.189	15.93	73.3	74.19	kafka-001	15.93
1392.403	73.3	328	2018-08-17T16:42:09.861436503Z	79.35	1118.044	15.93	77.1	73.4	kafka-001	15.93
1383.715	77.1	328	2018-08-17T16:42:16.873667322Z	79.35	1684.479	15.93	78.63	74.91	kafka-001	15.93
1390.078	78.63	329	2018-08-17T16:42:23.885019432Z	79.36	1112.899	15.93	71.54	75.96	kafka-001	15.93
1401.258	71.54	329	2018-08-17T16:42:30.899452428Z	79.37	1697.095	15.93	76.94	75.56	kafka-001	15.93
1394.163	76.94	330	2018-08-17T16:42:37.91038954Z	79.38	1121.339	15.93	76.33	75.61	kafka-001	15.93
1387.763	76.33	330	2018-08-17T16:42:44.921911732Z	79.39	1118.322	15.93	71.67	75.64	kafka-001	15.93
1390.82	71.67	331	2018-08-17T16:42:51.932886393Z	79.4	1696.479	15.93	75.69	75.37	kafka-001	15.93
1398.962	75.69	331	2018-08-17T16:42:58.944950953Z	79.41	1122.661	15.93	74.83	75.13	kafka-001	15.93
1406.209	74.83	332	2018-08-17T16:43:05.956675989Z	79.42	1699.846	15.93	70.3	74.5	kafka-001	15.93
1395.545	70.3	332	2018-08-17T16:43:12.967224941Z	79.43	1124.606	15.93	73.38	74.29	kafka-001	15.93
1405.021	73.38	332	2018-08-17T16:43:19.978816991Z	79.44	1123.331	15.93	74.58	73.7	kafka-001	15.93
1395.32	74.58	333	2018-08-17T16:43:26.988676297Z	79.45	1704.188	15.93	76.76	73.41	kafka-001	15.93
1397.493	76.76	333	2018-08-17T16:43:33.999902053Z	79.46	1122.901	15.93	79.91	74.26	kafka-001	15.93
1409.808	79.91	334	2018-08-17T16:43:41.013860848Z	79.47	1709.634	15.93	75.45	74.96	kafka-001	15.93
1413.833	75.45	334	2018-08-17T16:43:48.023622295Z	79.48	1137.368	15.93	78.2	75.06	kafka-001	15.93
1417.064	78.2	335	2018-08-17T16:43:55.033683767Z	79.49	1135.249	15.93	75.0	76.38	kafka-001	15.93
1415.701	75.0	335	2018-08-17T16:44:02.044128934Z	79.5	1723.931	15.93	75.39	76.65	kafka-001	15.93
1409.242	75.39	336	2018-08-17T16:44:09.054492157Z	79.51	1144.895	15.93	74.87	76.79	kafka-001	15.93
1424.513	74.87	336	2018-08-17T16:44:16.067116319Z	79.52	1704.944	15.93	77.46	76.47	kafka-001	15.93
1427.131	77.46	337	2018-08-17T16:44:23.080031991Z	79.53	1147.65	15.93	75.23	76.06	kafka-001	15.93
1417.974	75.23	337	2018-08-17T16:44:30.094721265Z	79.54	1726.416	15.93	78.68	76.03	kafka-001	15.93
1418.311	78.68	338	2018-08-17T16:44:37.110002554Z	79.55	1137.802	15.93	71.08	76.11	kafka-001	15.93
1418.039	71.08	338	2018-08-17T16:44:44.123244124Z	79.56	1145.29	15.93	76.0	75.45	kafka-001	15.93
1426.874	76.0	339	2018-08-17T16:44:51.139410012Z	79.57	1740.111	15.93	74.4	75.55	kafka-001	15.93
1418.223	74.4	339	2018-08-17T16:44:58.151263875Z	79.58	1143.722	15.93	79.32	75.48	kafka-001	15.93
1431.428	79.32	339	2018-08-17T16:45:05.163708152Z	79.59	1737.037	15.93	59.77	75.79	kafka-001	15.93
1426.453	59.77	340	2018-08-17T16:45:12.176071508Z	79.6	1152.135	15.93	77.31	73.21	kafka-001	15.93
1434.933	77.31	340	2018-08-17T16:45:19.189272554Z	79.61	1148.961	15.93	73.78	72.98	kafka-001	15.93
1440.522	73.78	341	2018-08-17T16:45:26.200224134Z	79.62	1752.863	15.93	80.94	73.43	kafka-001	15.93
1430.129	80.94	341	2018-08-17T16:45:33.211320802Z	79.63	1152.332	15.93	78.52	74.25	kafka-001	15.93
1441.716	78.52	342	2018-08-17T16:45:40.22830022Z	79.64	1749.135	15.93	80.51	74.94	kafka-001	15.93
1449.219	80.51	342	2018-08-17T16:45:47.242437227Z	79.65	1158.718	15.93	72.71	75.14	kafka-001	15.93
1441.013	72.71	343	2018-08-17T16:45:54.254391494Z	79.66	1157.698	15.93	79.59	77.3	kafka-001	15.93
1453.488	79.59	343	2018-08-17T16:46:01.270772346Z	79.67	1765.171	15.93	76.37	77.68	kafka-001	15.93
1456.401	76.37	344	2018-08-17T16:46:08.282831374Z	79.68	1164.928	15.93	79.75	78.11	kafka-001	15.93
1456.056	79.75	344	2018-08-17T16:46:15.295459515Z	79.69	1773.52	15.93	74.73	77.91	kafka-001	15.93
1455.507	74.73	344	2018-08-17T16:46:22.309059387Z	79.7	1166.488	15.93	81.09	77.28	kafka-001	15.93
1459.177	81.09	345	2018-08-17T16:46:29.32107731Z	79.71	1171.917	15.93	75.84	77.37	kafka-001	15.93
1464.714	75.84	345	2018-08-17T16:46:36.331987516Z	79.72	1773.629	15.93	80.22	77.9	kafka-001	15.93
1466.395	80.22	346	2018-08-17T16:46:43.343864806Z	79.73	1163.638	15.93	76.08	78.0	kafka-001	15.93
1467.462	76.08	346	2018-08-17T16:46:50.357424361Z	79.74	1768.676	15.93	76.78	77.95	kafka-001	15.93
1471.167	76.78	347	2018-08-17T16:46:57.372430061Z	79.75	1175.927	15.93	75.28	77.46	kafka-001	15.93
1472.319	75.28	347	2018-08-17T16:47:04.384447476Z	79.76	1171.066	15.93	82.08	77.55	kafka-001	15.93
1464.962	82.08	348	2018-08-17T16:47:11.399230138Z	79.77	1785.966	15.93	73.45	77.71	kafka-001	15.93
1466.349	73.45	348	2018-08-17T16:47:18.41000704Z	79.78	1172.034	15.93	80.1	77.32	kafka-001	15.93
1479.359	80.1	348	2018-08-17T16:47:25.421118097Z	79.79	1793.548	15.93	77.51	77.3	kafka-001	15.93
1478.33	77.51	349	2018-08-17T16:47:32.4317238Z	79.8	1181.977	15.93	80.92	77.53	kafka-001	15.93
1480.301	80.92	349	2018-08-17T16:47:39.444775608Z	79.81	1184.083	15.93	76.49	78.22	kafka-001	15.93
1491.88	76.49	350	2018-08-17T16:47:46.457994089Z	79.82	1811.014	15.93	78.59	78.43	kafka-001	15.93
1483.29	78.59	350	2018-08-17T16:47:53.469528148Z	79.83	1189.485	15.93	79.47	77.84	kafka-001	15.93
1477.521	79.47	351	2018-08-17T16:48:00.481465226Z	79.84	1807.812	15.93	76.07	78.85	kafka-001	15.93
1479.315	76.07	351	2018-08-17T16:48:07.492836511Z	79.85	1181.855	15.93	74.18	78.18	kafka-001	15.93
1486.057	74.18	352	2018-08-17T16:48:14.5039448Z	79.86	1197.985	15.93	79.81	77.62	kafka-001	15.93
1487.754	79.81	352	2018-08-17T16:48:21.521307628Z	79.87	1800.189	15.93	82.6	77.44	kafka-001	15.93
1481.437	82.6	352	2018-08-17T16:48:28.534223277Z	79.88	1195.063	15.93	83.53	78.45	kafka-001	15.93
1491.736	83.53	353	2018-08-17T16:48:35.545378167Z	79.89	1820.695	15.93	81.3	79.28	kafka-001	15.93
1481.725	81.3	353	2018-08-17T16:48:42.558870954Z	79.9	1190.779	15.93	83.15	79.58	kafka-001	15.93
1481.244	83.15	354	2018-08-17T16:48:49.571760243Z	79.91	1190.51	15.93	78.9	80.76	kafka-001	15.93
1498.479	78.9	354	2018-08-17T16:48:56.584643167Z	79.92	1828.236	15.93	80.47	81.55	kafka-001	15.93
1494.337	80.47	355	2018-08-17T16:49:03.596713253Z	79.93	1195.682	15.93	81.5	81.66	kafka-001	15.93
1499.492	81.5	355	2018-08-17T16:49:10.607485043Z	79.94	1830.323	15.93	85.12	81.48	kafka-001	15.93
1478.251	85.12	356	2018-08-17T16:49:17.620598647Z	79.95	1195.773	15.93	81.95	81.74	kafka-001	15.93
1493.83	81.95	356	2018-08-17T16:49:24.632380878Z	79.96	1205.765	15.93	82.05	81.85	kafka-001	15.93
1498.095	82.05	356	2018-08-17T16:49:31.643903354Z	79.97	1841.409	15.93	81.14	81.67	kafka-001	15.93
1479.151	81.14	357	2018-08-17T16:49:38.655759672Z	79.99	1201.026	15.93	79.32	82.04	kafka-001	15.93
1480.528	79.32	357	2018-08-17T16:49:45.667092629Z	80.0	1824.714	15.93	77.33	81.85	kafka-001	15.93
1490.423	77.33	358	2018-08-17T16:49:52.680931712Z	80.01	1206.386	15.93	82.81	81.15	kafka-001	15.93
1497.129	82.81	358	2018-08-17T16:49:59.691204803Z	80.02	1207.273	15.93	80.03	80.77	kafka-001	15.93
1516.486	80.03	359	2018-08-17T16:50:06.709621296Z	80.03	1843.625	15.93	62.44	80.45	kafka-001	15.93
1494.769	62.44	359	2018-08-17T16:50:13.722130229Z	80.04	1212.76	15.93	78.05	77.18	kafka-001	15.93
1500.086	78.05	359	2018-08-17T16:50:20.732958628Z	80.05	1841.253	15.93	81.96	76.66	kafka-001	15.93
1513.267	81.96	360	2018-08-17T16:50:27.744736765Z	80.06	1226.972	15.93	75.52	77.1	kafka-001	15.93
1505.625	75.52	360	2018-08-17T16:50:34.755931048Z	80.07	1214.197	15.93	82.65	76.8	kafka-001	15.93
1515.7	82.65	361	2018-08-17T16:50:41.76867431Z	80.08	1855.947	15.93	84.03	76.78	kafka-001	15.93
1516.381	84.03	361	2018-08-17T16:50:48.78100183Z	80.09	1214.649	15.93	80.81	77.44	kafka-001	15.93
1512.1	80.81	362	2018-08-17T16:50:55.793847969Z	80.1	1860.201	15.93	81.68	80.5	kafka-001	15.93
1515.523	81.68	362	2018-08-17T16:51:02.80548308Z	80.11	1218.96	15.93	82.23	81.11	kafka-001	15.93
1519.413	82.23	362	2018-08-17T16:51:09.818376768Z	80.12	1225.304	15.93	81.12	81.15	kafka-001	15.93
1539.1	81.12	363	2018-08-17T16:51:16.836399924Z	80.13	1872.657	15.93	82.53	82.09	kafka-001	15.93
1529.637	82.53	363	2018-08-17T16:51:23.849067902Z	80.14	1221.529	15.93	83.3	82.07	kafka-001	15.93
1543.633	83.3	364	2018-08-17T16:51:30.859769394Z	80.15	1883.116	15.93	83.78	81.95	kafka-001	15.93
1527.698	83.78	364	2018-08-17T16:51:37.875096498Z	80.16	1236.719	15.93	76.13	82.44	kafka-001	15.93
1522.224	76.13	365	2018-08-17T16:51:44.885449845Z	80.18	1228.509	15.93	81.92	81.52	kafka-001	15.93
1556.679	81.92	365	2018-08-17T16:51:51.898834744Z	80.19	1872.281	15.93	75.56	81.46	kafka-001	15.93
1548.441	75.56	365	2018-08-17T16:51:58.91136158Z	80.2	1243.842	15.93	91.31	80.54	kafka-001	15.93
1559.582	91.31	366	2018-08-17T16:52:05.923485826Z	80.21	1884.254	15.93	80.39	82.0	kafka-001	15.93
1555.567	80.39	366	2018-08-17T16:52:12.935413632Z	80.22	1241.273	15.93	79.65	81.52	kafka-001	15.93
1549.749	79.65	367	2018-08-17T16:52:19.945690681Z	80.23	1240.09	15.93	83.8	80.83	kafka-001	15.93
1563.502	83.8	367	2018-08-17T16:52:26.959733373Z	80.24	1895.923	15.93	83.58	82.11	kafka-001	15.93
1551.125	83.58	368	2018-08-17T16:52:33.969550063Z	80.25	1240.768	15.93	84.49	82.38	kafka-001	15.93
1555.387	84.49	368	2018-08-17T16:52:40.982169492Z	80.26	1895.419	15.93	81.62	83.87	kafka-001	15.93
1566.202	81.62	368	2018-08-17T16:52:47.994373787Z	80.27	1247.953	15.93	77.3	82.26	kafka-001	15.93
1558.262	77.3	369	2018-08-17T16:52:55.005006749Z	80.28	1256.108	15.93	84.63	81.74	kafka-001	15.93
1553.517	84.63	369	2018-08-17T16:53:02.02208725Z	80.29	1904.284	15.93	82.37	82.57	kafka-001	15.93
1545.415	82.37	370	2018-08-17T16:53:09.032065875Z	80.3	1267.42	15.93	78.22	82.33	kafka-001	15.93
1545.692	78.22	370	2018-08-17T16:53:16.043827556Z	80.32	1861.464	15.93	82.77	81.44	kafka-001	15.93
1552.931	82.77	370	2018-08-17T16:53:23.055885496Z	80.33	1256.195	15.93	85.44	81.15	kafka-001	15.93
1573.596	85.44	371	2018-08-17T16:53:30.065789996Z	80.34	1916.437	15.93	85.62	81.79	kafka-001	15.93
1559.433	85.62	371	2018-08-17T16:53:37.084647372Z	80.35	1253.27	15.93	85.68	83.18	kafka-001	15.93
1563.801	85.68	372	2018-08-17T16:53:44.093702627Z	80.36	1254.292	15.93	75.81	83.35	kafka-001	15.93
1562.068	75.81	372	2018-08-17T16:53:51.105048162Z	80.37	1901.155	15.93	82.12	82.26	kafka-001	15.93
1569.845	82.12	373	2018-08-17T16:53:58.116334752Z	80.38	1267.033	15.93	83.67	82.91	kafka-001	15.93
1567.842	83.67	373	2018-08-17T16:54:05.126534062Z	80.39	1904.412	15.93	82.66	83.06	kafka-001	15.93
1552.542	82.66	373	2018-08-17T16:54:12.139646016Z	80.4	1261.254	15.93	72.43	82.59	kafka-001	15.93
1558.842	72.43	374	2018-08-17T16:54:19.15027345Z	80.41	1258.0	15.93	84.02	80.4	kafka-001	15.93
1553.813	84.02	374	2018-08-17T16:54:26.162305962Z	80.43	1905.475	15.93	89.62	80.12	kafka-001	15.93
1564.915	89.62	375	2018-08-17T16:54:33.174684763Z	80.44	1268.316	15.93	83.27	82.42	kafka-001	15.93
1573.237	83.27	375	2018-08-17T16:54:40.185277849Z	80.45	1923.612	15.93	80.38	82.61	kafka-001	15.93
1572.857	80.38	375	2018-08-17T16:54:47.201867391Z	80.46	1259.808	15.93	83.23	82.06	kafka-001	15.93
1562.502	83.23	376	2018-08-17T16:54:54.215781469Z	80.47	1266.91	15.93	85.87	82.16	kafka-001	15.93
1587.891	85.87	376	2018-08-17T16:55:01.227919564Z	80.48	1937.646	15.93	82.06	84.4	kafka-001	15.93
1595.259	82.06	377	2018-08-17T16:55:08.244160745Z	80.49	1275.474	15.93	84.13	84.07	kafka-001	15.93
1592.844	84.13	377	2018-08-17T16:55:15.254893834Z	80.5	1945.543	15.93	86.31	83.16	kafka-001	15.93
1590.295	86.31	378	2018-08-17T16:55:22.268493555Z	80.51	1280.914	15.93	85.43	83.66	kafka-001	15.93
1579.861	85.43	378	2018-08-17T16:55:29.280371264Z	80.52	1270.216	15.93	81.13	84.51	kafka-001	15.93
1582.652	81.13	378	2018-08-17T16:55:36.292842638Z	80.53	1949.054	15.93	75.94	84.16	kafka-001	15.93
1583.193	75.94	379	2018-08-17T16:55:43.307100146Z	80.55	1279.8	15.93	84.5	82.5	kafka-001	15.93
1594.244	84.5	379	2018-08-17T16:55:50.318181052Z	80.55	1932.794	15.93	87.1	82.91	kafka-001	15.93
1600.445	87.1	380	2018-08-17T16:55:57.329135638Z	80.57	1282.387	15.93	83.61	83.4	kafka-001	15.93
1593.906	83.61	380	2018-08-17T16:56:04.339764357Z	80.58	1285.686	15.93	83.01	82.95	kafka-001	15.93
1594.457	83.01	380	2018-08-17T16:56:11.350545376Z	80.59	1955.915	15.93	83.65	82.55	kafka-001	15.93
1590.393	83.65	381	2018-08-17T16:56:18.363109942Z	80.6	1273.928	15.93	89.43	82.97	kafka-001	15.93
1597.192	89.43	381	2018-08-17T16:56:25.374652789Z	80.61	1966.276	15.93	84.09	85.22	kafka-001	15.93
1601.495	84.09	382	2018-08-17T16:56:32.384618004Z	80.62	1284.847	15.93	85.37	85.15	kafka-001	15.93
1616.077	85.37	382	2018-08-17T16:56:39.395772459Z	80.63	1300.093	15.93	87.81	84.86	kafka-001	15.93
1623.67	87.81	382	2018-08-17T16:56:46.405960578Z	80.64	1975.98	15.93	82.4	85.56	kafka-001	15.93
1601.916	82.4	383	2018-08-17T16:56:53.417575282Z	80.66	1286.149	15.93	88.78	85.46	kafka-001	15.93
1611.271	88.78	383	2018-08-17T16:57:00.429294912Z	80.67	1965.293	15.93	87.18	86.31	kafka-001	15.93
1613.331	87.18	384	2018-08-17T16:57:07.440767954Z	80.68	1296.917	15.93	78.89	85.94	kafka-001	15.93
1603.045	78.89	384	2018-08-17T16:57:14.450366855Z	80.69	1292.795	15.93	81.45	85.07	kafka-001	15.93
1620.732	81.45	384	2018-08-17T16:57:21.461892752Z	80.7	1963.127	15.93	89.37	84.42	kafka-001	15.93
1612.837	89.37	385	2018-08-17T16:57:28.473442281Z	80.71	1294.21	15.93	86.53	84.68	kafka-001	15.93
1624.05	86.53	385	2018-08-17T16:57:35.48189539Z	80.72	1981.531	15.93	76.69	85.37	kafka-001	15.93
1626.513	76.69	386	2018-08-17T16:57:42.492776637Z	80.74	1301.802	15.93	86.87	83.35	kafka-001	15.93
1617.549	86.87	386	2018-08-17T16:57:49.505029977Z	80.74	1303.778	15.93	84.06	83.3	kafka-001	15.93
1627.208	84.06	387	2018-08-17T16:57:56.518625502Z	80.76	1981.726	15.93	88.05	84.16	kafka-001	15.93
1614.751	88.05	387	2018-08-17T16:58:03.531828286Z	80.77	1302.083	15.93	90.89	85.26	kafka-001	15.93
1613.87	90.89	387	2018-08-17T16:58:10.54250995Z	80.78	1982.007	15.93	89.76	85.52	kafka-001	15.93
1626.555	89.76	388	2018-08-17T16:58:17.555974615Z	80.79	1314.553	15.93	80.09	86.05	kafka-001	15.93
1632.475	80.09	388	2018-08-17T16:58:24.57211428Z	80.8	1303.311	15.93	87.39	86.62	kafka-001	15.93
1637.028	87.39	389	2018-08-17T16:58:31.587511243Z	80.81	1999.02	15.93	85.63	86.71	kafka-001	15.93
1630.305	85.63	389	2018-08-17T16:58:38.60035593Z	80.83	1314.048	15.93	97.16	86.97	kafka-001	15.93
1647.948	97.16	389	2018-08-17T16:58:45.611105522Z	80.84	1994.233	15.93	83.53	88.49	kafka-001	15.93
1617.735	83.53	390	2018-08-17T16:58:52.6219145Z	80.85	1302.608	15.93	91.48	87.26	kafka-001	15.93
1645.903	91.48	390	2018-08-17T16:58:59.633743463Z	80.86	1315.292	15.93	79.41	87.55	kafka-001	15.93
1654.662	79.41	391	2018-08-17T16:59:06.645444769Z	80.87	2001.11	15.93	87.22	87.43	kafka-001	15.93
1654.015	87.22	391	2018-08-17T16:59:13.658372255Z	80.88	1322.824	15.93	84.96	87.41	kafka-001	15.93
1643.276	84.96	391	2018-08-17T16:59:20.669148079Z	80.89	2018.731	15.93	95.71	87.29	kafka-001	15.93
1648.777	95.71	392	2018-08-17T16:59:27.681240778Z	80.91	1328.005	15.93	85.0	87.05	kafka-001	15.93
1631.285	85.0	392	2018-08-17T16:59:34.693308698Z	80.92	1318.015	15.93	87.04	87.3	kafka-001	15.93
1664.49	87.04	393	2018-08-17T16:59:41.705659045Z	80.93	2011.949	15.93	81.16	86.56	kafka-001	15.93
1652.367	81.16	393	2018-08-17T16:59:48.717497147Z	80.94	1333.198	15.93	87.83	86.85	kafka-001	15.93
1664.782	87.83	393	2018-08-17T16:59:55.729967324Z	80.95	2010.518	15.93	90.53	86.95	kafka-001	15.93
1646.503	90.53	394	2018-08-17T17:00:02.741191216Z	80.96	1337.059	15.93	82.65	87.88	kafka-001	15.93
1658.813	82.65	394	2018-08-17T17:00:09.753072619Z	80.97	1335.254	15.93	88.59	85.7	kafka-001	15.93
1667.78	88.59	395	2018-08-17T17:00:16.766406782Z	80.99	2021.949	15.93	87.11	86.3	kafka-001	15.93
1663.949	87.11	395	2018-08-17T17:00:23.780642842Z	81.0	1325.498	15.93	88.69	86.31	kafka-001	15.93
1665.809	88.69	395	2018-08-17T17:00:30.791703394Z	81.01	2031.807	15.93	88.5	87.57	kafka-001	15.93
1675.025	88.5	396	2018-08-17T17:00:37.80468549Z	81.02	1335.554	15.93	87.3	87.68	kafka-001	15.93
1668.782	87.3	396	2018-08-17T17:00:44.816162493Z	81.03	1336.46	15.93	89.43	87.14	kafka-001	15.93
1677.484	89.43	397	2018-08-17T17:00:51.826927404Z	81.04	2040.892	15.93	83.67	88.27	kafka-001	15.93
1671.591	83.67	397	2018-08-17T17:00:58.840261931Z	81.05	1345.858	15.93	85.96	87.45	kafka-001	15.93
1672.436	85.96	397	2018-08-17T17:01:05.851054581Z	81.07	2037.468	15.93	88.88	87.26	kafka-001	15.93
1664.135	88.88	397	2018-08-17T17:01:12.862692648Z	81.08	1336.068	15.93	89.39	87.29	kafka-001	15.93
1659.895	89.39	397	2018-08-17T17:01:19.876389704Z	81.09	1337.905	15.93	82.05	87.44	kafka-001	15.93
1677.168	82.05	397	2018-08-17T17:01:26.887702Z	81.1	2031.074	15.93	89.22	86.56	kafka-001	15.93
1667.265	89.22	397	2018-08-17T17:01:33.90045164Z	81.11	1339.792	15.93	89.38	86.53	kafka-001	15.93
1661.528	89.38	397	2018-08-17T17:01:40.9158161Z	81.13	2034.16	15.93	87.66	87.48	kafka-001	15.93
1667.873	87.66	397	2018-08-17T17:01:47.925850709Z	81.14	1330.512	15.93	80.64	87.76	kafka-001	15.93
1673.361	80.64	397	2018-08-17T17:01:54.9375855Z	81.15	1340.296	15.93	90.07	86.39	kafka-001	15.93
1670.254	90.07	397	2018-08-17T17:02:01.951064909Z	81.16	2029.511	15.93	90.03	86.5	kafka-001	15.93
1665.437	90.03	397	2018-08-17T17:02:08.960289155Z	81.17	1343.813	15.93	89.96	87.83	kafka-001	15.93
1678.738	89.96	397	2018-08-17T17:02:15.971649799Z	81.18	2037.257	15.93	88.14	87.96	kafka-001	15.93
1674.349	88.14	397	2018-08-17T17:02:22.982299647Z	81.19	1343.514	15.93	90.1	87.75	kafka-001	15.93
