net_receive	host_cpu	sensor_count	timestamp	memory%	net_send	memory_active_anon%	container_cpu%	host_moving_avg_cpu	name	memory_rss%
16213191.567	0	3	2018-08-17T19:50:58.440724069Z	88.25	16807060.271	15.93	3.32	nan	kafka-001	15.93
30.37	3.32	7	2018-08-17T19:51:05.451935666Z	88.25	27.18	15.93	4.01	nan	kafka-001	15.93
46.213	4.01	11	2018-08-17T19:51:12.4623346Z	88.25	32.131	15.93	4.24	nan	kafka-001	15.93
65.865	4.24	15	2018-08-17T19:51:19.473976946Z	88.25	45.72	15.93	4.56	nan	kafka-001	15.93
81.672	4.56	19	2018-08-17T19:51:26.486269671Z	88.25	86.92	15.93	5.96	nan	kafka-001	15.93
96.053	5.96	22	2018-08-17T19:51:33.497281548Z	88.26	70.242	15.93	6.7	3.68	kafka-001	15.93
110.864	6.7	25	2018-08-17T19:51:40.508841642Z	88.26	124.298	15.93	8.26	4.8	kafka-001	15.93
122.347	8.26	29	2018-08-17T19:51:47.520683276Z	88.26	93.109	15.93	7.84	5.62	kafka-001	15.93
129.289	7.84	31	2018-08-17T19:51:54.533629915Z	88.26	98.506	15.93	8.22	6.26	kafka-001	15.93
145.65	8.22	34	2018-08-17T19:52:01.54597432Z	88.26	168.15	15.93	8.45	6.92	kafka-001	15.93
157.517	8.45	37	2018-08-17T19:52:08.560105634Z	88.26	120.126	15.93	10.0	7.57	kafka-001	15.93
167.768	10.0	39	2018-08-17T19:52:15.571864708Z	88.26	194.924	15.93	10.23	8.24	kafka-001	15.93
175.443	10.23	42	2018-08-17T19:52:22.582840187Z	88.26	137.289	15.93	10.14	8.83	kafka-001	15.93
182.621	10.14	44	2018-08-17T19:52:29.594717302Z	88.26	140.036	15.93	10.64	9.15	kafka-001	15.93
188.174	10.64	46	2018-08-17T19:52:36.607639208Z	88.26	228.043	15.93	11.67	9.61	kafka-001	15.93
197.513	11.67	48	2018-08-17T19:52:43.622728193Z	88.27	158.885	15.93	12.19	10.19	kafka-001	15.93
207.808	12.19	50	2018-08-17T19:52:50.635544344Z	88.27	253.197	15.93	11.95	10.81	kafka-001	15.93
200.601	11.95	52	2018-08-17T19:52:57.648893387Z	88.27	167.358	15.93	11.09	11.14	kafka-001	15.93
226.865	11.09	54	2018-08-17T19:53:04.660552981Z	88.27	178.098	15.93	13.59	11.28	kafka-001	15.93
233.506	13.59	56	2018-08-17T19:53:11.672887849Z	88.27	270.714	15.93	13.6	11.85	kafka-001	15.93
237.777	13.6	58	2018-08-17T19:53:18.688538066Z	88.27	189.628	15.93	15.4	12.35	kafka-001	15.93
233.384	15.4	60	2018-08-17T19:53:25.698676411Z	88.27	292.99	15.93	20.24	12.97	kafka-001	15.93
253.123	20.24	62	2018-08-17T19:53:32.709629677Z	88.27	193.484	15.93	15.46	14.31	kafka-001	15.93
251.739	15.46	64	2018-08-17T19:53:39.719753561Z	88.28	206.274	15.93	13.19	14.9	kafka-001	15.93
271.434	13.19	65	2018-08-17T19:53:46.732510551Z	88.28	329.486	15.93	16.97	15.25	kafka-001	15.93
265.933	16.97	67	2018-08-17T19:53:53.745339652Z	88.28	216.176	15.93	14.97	15.81	kafka-001	15.93
279.62	14.97	69	2018-08-17T19:54:00.758753993Z	88.29	342.019	15.93	17.89	16.04	kafka-001	15.93
289.995	17.89	70	2018-08-17T19:54:07.771274716Z	88.29	223.11	15.93	17.32	16.45	kafka-001	15.93
297.547	17.32	72	2018-08-17T19:54:14.78267617Z	88.29	238.732	15.93	17.18	15.97	kafka-001	15.93
309.532	17.18	74	2018-08-17T19:54:21.792993116Z	88.29	373.158	15.93	17.96	16.25	kafka-001	15.93
315.386	17.96	75	2018-08-17T19:54:28.805881254Z	88.29	250.454	15.93	19.41	17.05	kafka-001	15.93
321.503	19.41	77	2018-08-17T19:54:35.821520805Z	88.29	390.91	15.93	19.29	17.45	kafka-001	15.93
325.225	19.29	79	2018-08-17T19:54:42.833296383Z	88.3	261.658	15.93	15.56	18.17	kafka-001	15.93
309.853	15.56	80	2018-08-17T19:54:49.844522134Z	88.3	258.552	15.93	18.75	17.79	kafka-001	15.93
339.484	18.75	82	2018-08-17T19:54:56.855903223Z	88.3	404.348	15.93	19.08	18.02	kafka-001	15.93
344.691	19.08	83	2018-08-17T19:55:03.863610032Z	88.3	271.99	15.93	13.44	18.34	kafka-001	15.93
351.543	13.44	85	2018-08-17T19:55:10.872619501Z	88.31	430.492	15.93	21.57	17.59	kafka-001	15.93
357.504	21.57	86	2018-08-17T19:55:17.884369554Z	88.31	285.212	15.93	19.62	17.95	kafka-001	15.93
366.695	19.62	88	2018-08-17T19:55:24.904955023Z	88.31	292.084	15.93	21.34	18.0	kafka-001	15.93
363.872	21.34	89	2018-08-17T19:55:31.916623155Z	88.31	447.827	15.93	22.03	18.97	kafka-001	15.93
362.041	22.03	91	2018-08-17T19:55:38.928172067Z	88.32	289.648	15.93	22.7	19.51	kafka-001	15.93
386.94	22.7	92	2018-08-17T19:55:45.939309526Z	88.32	460.784	15.93	23.42	20.12	kafka-001	15.93
388.155	23.42	93	2018-08-17T19:55:52.951756008Z	88.32	309.854	15.93	22.69	21.78	kafka-001	15.93
392.555	22.69	95	2018-08-17T19:55:59.965248918Z	88.32	314.606	15.93	22.08	21.97	kafka-001	15.93
395.65	22.08	96	2018-08-17T19:56:06.97773227Z	88.33	485.839	15.93	22.75	22.38	kafka-001	15.93
397.421	22.75	97	2018-08-17T19:56:13.991407209Z	88.33	321.542	15.93	24.44	22.61	kafka-001	15.93
407.72	24.44	99	2018-08-17T19:56:21.003114042Z	88.33	498.826	15.93	23.05	23.01	kafka-001	15.93
404.239	23.05	100	2018-08-17T19:56:28.014235302Z	88.34	329.76	15.93	21.48	23.07	kafka-001	15.93
404.314	21.48	101	2018-08-17T19:56:35.026125689Z	88.34	326.726	15.93	24.65	22.75	kafka-001	15.93
423.823	24.65	103	2018-08-17T19:56:42.036057168Z	88.34	511.838	15.93	23.86	23.07	kafka-001	15.93
417.547	23.86	104	2018-08-17T19:56:49.047661349Z	88.34	339.498	15.93	25.37	23.37	kafka-001	15.93
432.62	25.37	105	2018-08-17T19:56:56.057160361Z	88.35	530.72	15.93	24.49	23.81	kafka-001	15.93
436.245	24.49	107	2018-08-17T19:57:03.068543718Z	88.35	350.678	15.93	25.7	23.82	kafka-001	15.93
447.644	25.7	108	2018-08-17T19:57:10.079671487Z	88.35	548.073	15.93	26.73	24.26	kafka-001	15.93
447.237	26.73	109	2018-08-17T19:57:17.09009112Z	88.36	363.349	15.93	25.75	25.13	kafka-001	15.93
454.719	25.75	110	2018-08-17T19:57:24.099669244Z	88.36	365.876	15.93	27.24	25.32	kafka-001	15.93
450.596	27.24	111	2018-08-17T19:57:31.109941457Z	88.36	554.343	15.93	26.34	25.88	kafka-001	15.93
469.415	26.34	113	2018-08-17T19:57:38.121955294Z	88.37	375.492	15.93	27.95	26.04	kafka-001	15.93
470.15	27.95	114	2018-08-17T19:57:45.133530354Z	88.37	568.73	15.93	25.43	26.62	kafka-001	15.93
469.567	25.43	115	2018-08-17T19:57:52.141929625Z	88.37	374.23	15.93	26.35	26.57	kafka-001	15.93
476.967	26.35	116	2018-08-17T19:57:59.152803731Z	88.38	385.545	15.93	26.99	26.51	kafka-001	15.93
490.522	26.99	117	2018-08-17T19:58:06.163507506Z	88.38	596.412	15.93	28.29	26.72	kafka-001	15.93
495.963	28.29	119	2018-08-17T19:58:13.17543684Z	88.38	391.023	15.93	26.65	26.89	kafka-001	15.93
500.308	26.65	120	2018-08-17T19:58:20.187080771Z	88.39	610.448	15.93	28.38	26.94	kafka-001	15.93
492.089	28.38	121	2018-08-17T19:58:27.198452442Z	88.39	398.486	15.93	26.32	27.01	kafka-001	15.93
511.041	26.32	122	2018-08-17T19:58:34.213109702Z	88.39	400.981	15.93	30.07	27.16	kafka-001	15.93
514.921	30.07	123	2018-08-17T19:58:41.225277977Z	88.4	618.367	15.93	30.1	27.78	kafka-001	15.93
518.705	30.1	124	2018-08-17T19:58:48.238999337Z	88.4	410.02	15.93	30.41	28.3	kafka-001	15.93
530.007	30.41	125	2018-08-17T19:58:55.251180306Z	88.4	637.766	15.93	30.65	28.65	kafka-001	15.93
526.848	30.65	127	2018-08-17T19:59:02.261659029Z	88.41	418.273	15.93	31.11	29.32	kafka-001	15.93
532.308	31.11	128	2018-08-17T19:59:09.272930046Z	88.41	423.688	15.93	30.26	29.78	kafka-001	15.93
543.998	30.26	129	2018-08-17T19:59:16.283690709Z	88.42	653.165	15.93	31.48	30.43	kafka-001	15.93
546.111	31.48	130	2018-08-17T19:59:23.295988291Z	88.42	433.292	15.93	31.25	30.67	kafka-001	15.93
544.82	31.25	131	2018-08-17T19:59:30.309175789Z	88.42	664.996	15.93	31.95	30.86	kafka-001	15.93
549.439	31.95	132	2018-08-17T19:59:37.320022241Z	88.43	437.327	15.93	30.03	31.12	kafka-001	15.93
556.658	30.03	133	2018-08-17T19:59:44.333940535Z	88.43	441.877	15.93	32.08	31.01	kafka-001	15.93
565.8	32.08	134	2018-08-17T19:59:51.346157259Z	88.43	677.449	15.93	32.55	31.17	kafka-001	15.93
568.498	32.55	135	2018-08-17T19:59:58.360244116Z	88.44	451.734	15.93	33.89	31.56	kafka-001	15.93
573.132	33.89	136	2018-08-17T20:00:05.372208451Z	88.44	696.293	15.93	28.67	31.96	kafka-001	15.93
579.437	28.67	138	2018-08-17T20:00:12.383084485Z	88.44	452.152	15.93	33.22	31.53	kafka-001	15.93
585.673	33.22	139	2018-08-17T20:00:19.394843201Z	88.45	457.068	15.93	32.91	31.74	kafka-001	15.93
586.042	32.91	140	2018-08-17T20:00:26.410692359Z	88.46	704.072	15.93	33.77	32.22	kafka-001	15.93
585.471	33.77	141	2018-08-17T20:00:33.427648711Z	88.46	467.749	15.93	33.46	32.5	kafka-001	15.93
590.242	33.46	142	2018-08-17T20:00:40.438591918Z	88.46	717.23	15.93	34.67	32.65	kafka-001	15.93
587.67	34.67	143	2018-08-17T20:00:47.449446382Z	88.47	467.904	15.93	32.37	32.78	kafka-001	15.93
596.998	32.37	144	2018-08-17T20:00:54.46099175Z	88.47	474.137	15.93	34.51	33.4	kafka-001	15.93
608.944	34.51	145	2018-08-17T20:01:01.47203214Z	88.48	734.958	15.93	33.53	33.62	kafka-001	15.93
606.409	33.53	146	2018-08-17T20:01:08.483155372Z	88.48	483.853	15.93	35.76	33.72	kafka-001	15.93
607.774	35.76	147	2018-08-17T20:01:15.494905224Z	88.48	745.727	15.93	35.08	34.05	kafka-001	15.93
603.727	35.08	148	2018-08-17T20:01:22.508002346Z	88.49	487.852	15.93	33.69	34.32	kafka-001	15.93
612.533	33.69	149	2018-08-17T20:01:29.520277515Z	88.49	490.775	15.93	31.05	34.16	kafka-001	15.93
624.288	31.05	150	2018-08-17T20:01:36.531715106Z	88.5	753.158	15.93	36.59	33.94	kafka-001	15.93
626.95	36.59	151	2018-08-17T20:01:43.548029937Z	88.5	497.104	15.93	34.39	34.28	kafka-001	15.93
624.727	34.39	152	2018-08-17T20:01:50.560541114Z	88.51	761.927	15.93	36.06	34.43	kafka-001	15.93
633.673	36.06	153	2018-08-17T20:01:57.571686967Z	88.51	507.235	15.93	35.63	34.48	kafka-001	15.93
635.531	35.63	153	2018-08-17T20:02:04.583157073Z	88.52	501.143	15.93	36.83	34.57	kafka-001	15.93
644.966	36.83	154	2018-08-17T20:02:11.595431216Z	88.18	786.005	15.93	36.64	35.09	kafka-001	15.93
637.061	36.64	155	2018-08-17T20:02:18.608053282Z	88.19	514.204	15.93	37.76	36.02	kafka-001	15.93
652.99	37.76	156	2018-08-17T20:02:25.620427718Z	88.19	792.517	15.93	38.93	36.22	kafka-001	15.93
653.46	38.93	157	2018-08-17T20:02:32.635314822Z	88.2	518.624	15.93	38.23	36.97	kafka-001	15.93
660.685	38.23	158	2018-08-17T20:02:39.648114877Z	88.2	525.12	15.93	43.75	37.34	kafka-001	15.93
662.573	43.75	159	2018-08-17T20:02:46.658988006Z	88.21	802.311	15.93	38.98	38.69	kafka-001	15.93
662.001	38.98	160	2018-08-17T20:02:53.669414894Z	88.21	527.52	15.93	37.48	39.05	kafka-001	15.93
665.868	37.48	161	2018-08-17T20:03:00.683169489Z	88.21	812.609	15.93	39.77	39.19	kafka-001	15.93
664.363	39.77	162	2018-08-17T20:03:07.693812757Z	88.22	534.079	15.93	37.22	39.52	kafka-001	15.93
678.355	37.22	163	2018-08-17T20:03:14.705144523Z	88.22	538.35	15.93	38.63	39.24	kafka-001	15.93
686.794	38.63	164	2018-08-17T20:03:21.716641077Z	88.23	824.73	15.93	39.77	39.3	kafka-001	15.93
688.205	39.77	164	2018-08-17T20:03:28.725406155Z	88.23	540.159	15.93	40.61	38.64	kafka-001	15.93
699.37	40.61	165	2018-08-17T20:03:35.736463831Z	88.24	840.326	15.93	38.82	38.91	kafka-001	15.93
699.024	38.82	166	2018-08-17T20:03:42.747210743Z	88.24	550.889	15.93	38.82	39.14	kafka-001	15.93
696.146	38.82	167	2018-08-17T20:03:49.758860039Z	88.25	551.739	15.93	39.96	38.98	kafka-001	15.93
708.156	39.96	168	2018-08-17T20:03:56.771999365Z	88.25	852.992	15.93	40.37	39.44	kafka-001	15.93
705.705	40.37	169	2018-08-17T20:04:03.782983917Z	88.26	558.728	15.93	40.61	39.73	kafka-001	15.93
714.714	40.61	170	2018-08-17T20:04:10.795323607Z	88.26	861.733	15.93	41.25	39.87	kafka-001	15.93
714.839	41.25	171	2018-08-17T20:04:17.805377183Z	88.27	565.566	15.93	40.07	39.97	kafka-001	15.93
721.461	40.07	171	2018-08-17T20:04:24.817477749Z	88.27	565.792	15.93	40.92	40.18	kafka-001	15.93
722.376	40.92	172	2018-08-17T20:04:31.827975425Z	88.28	868.218	15.93	40.74	40.53	kafka-001	15.93
723.309	40.74	173	2018-08-17T20:04:38.841605145Z	88.28	575.094	15.93	41.72	40.66	kafka-001	15.93
719.924	41.72	174	2018-08-17T20:04:45.852457404Z	88.29	878.802	15.93	34.41	40.89	kafka-001	15.93
728.142	34.41	175	2018-08-17T20:04:52.86506925Z	88.3	580.933	15.93	46.99	39.85	kafka-001	15.93
733.664	46.99	176	2018-08-17T20:04:59.875848665Z	88.3	575.857	15.93	35.87	40.81	kafka-001	15.93
745.24	35.87	176	2018-08-17T20:05:06.885978836Z	88.3	895.325	15.93	35.05	40.11	kafka-001	15.93
737.613	35.05	177	2018-08-17T20:05:13.899179474Z	88.31	590.374	15.93	41.77	39.13	kafka-001	15.93
737.646	41.77	178	2018-08-17T20:05:20.911650533Z	88.31	897.961	15.93	42.69	39.3	kafka-001	15.93
734.357	42.69	179	2018-08-17T20:05:27.924508627Z	88.32	588.403	15.93	41.67	39.46	kafka-001	15.93
750.955	41.67	180	2018-08-17T20:05:34.936320194Z	88.32	595.621	15.93	42.36	40.67	kafka-001	15.93
747.452	42.36	181	2018-08-17T20:05:41.946647114Z	88.33	906.579	15.93	41.77	39.9	kafka-001	15.93
745.655	41.77	181	2018-08-17T20:05:48.95730849Z	88.33	599.022	15.93	43.29	40.88	kafka-001	15.93
756.384	43.29	182	2018-08-17T20:05:55.969335048Z	88.34	919.665	15.93	38.85	42.26	kafka-001	15.93
756.979	38.85	183	2018-08-17T20:06:02.980144531Z	88.35	609.254	15.93	41.67	41.77	kafka-001	15.93
760.843	41.67	184	2018-08-17T20:06:09.993603518Z	88.35	611.558	15.93	43.27	41.6	kafka-001	15.93
768.792	43.27	185	2018-08-17T20:06:17.005392412Z	88.36	937.121	15.93	43.38	41.87	kafka-001	15.93
771.015	43.38	185	2018-08-17T20:06:24.015966997Z	88.36	617.309	15.93	42.3	42.04	kafka-001	15.93
780.443	42.3	186	2018-08-17T20:06:31.028089221Z	88.37	939.145	15.93	45.09	42.13	kafka-001	15.93
785.844	45.09	187	2018-08-17T20:06:38.040628441Z	88.37	620.651	15.93	41.81	42.43	kafka-001	15.93
784.233	41.81	188	2018-08-17T20:06:45.051583142Z	88.38	944.912	15.93	44.28	42.92	kafka-001	15.93
791.75	44.28	189	2018-08-17T20:06:52.06251028Z	88.38	624.028	15.93	43.56	43.35	kafka-001	15.93
789.283	43.56	190	2018-08-17T20:06:59.074875806Z	88.39	626.988	15.93	45.05	43.4	kafka-001	15.93
792.676	45.05	190	2018-08-17T20:07:06.084528323Z	88.4	958.815	15.93	40.5	43.68	kafka-001	15.93
803.137	40.5	191	2018-08-17T20:07:13.095806592Z	88.4	637.0	15.93	46.3	43.38	kafka-001	15.93
810.794	46.3	192	2018-08-17T20:07:20.113774627Z	88.41	978.37	15.93	45.68	43.58	kafka-001	15.93
810.965	45.68	193	2018-08-17T20:07:27.125105217Z	88.41	641.804	15.93	46.24	44.23	kafka-001	15.93
814.079	46.24	193	2018-08-17T20:07:34.139303666Z	88.42	644.359	15.93	48.58	44.55	kafka-001	15.93
818.062	48.58	194	2018-08-17T20:07:41.151310257Z	88.43	988.505	15.93	47.47	45.39	kafka-001	15.93
820.279	47.47	195	2018-08-17T20:07:48.163973245Z	88.43	646.882	15.93	47.71	45.79	kafka-001	15.93
816.052	47.71	196	2018-08-17T20:07:55.176948434Z	88.43	989.233	15.93	45.68	47.0	kafka-001	15.93
824.849	45.68	197	2018-08-17T20:08:02.188956683Z	88.44	645.564	15.93	45.23	46.89	kafka-001	15.93
818.586	45.23	197	2018-08-17T20:08:09.200059131Z	88.45	649.592	15.93	45.93	46.82	kafka-001	15.93
816.551	45.93	198	2018-08-17T20:08:16.217744396Z	88.45	1001.943	15.93	46.69	46.77	kafka-001	15.93
827.835	46.69	199	2018-08-17T20:08:23.228969219Z	88.46	658.858	15.93	46.32	46.45	kafka-001	15.93
836.378	46.32	200	2018-08-17T20:08:30.239246926Z	88.46	1015.045	15.93	48.51	46.26	kafka-001	15.93
836.268	48.51	200	2018-08-17T20:08:37.251008823Z	88.47	660.865	15.93	47.89	46.39	kafka-001	15.93
839.096	47.89	201	2018-08-17T20:08:44.262524Z	88.48	667.49	15.93	42.64	46.76	kafka-001	15.93
844.61	42.64	202	2018-08-17T20:08:51.273045934Z	88.48	1027.176	15.93	47.4	46.33	kafka-001	15.93
846.341	47.4	203	2018-08-17T20:08:58.284714159Z	88.49	672.433	15.93	45.24	46.57	kafka-001	15.93
849.546	45.24	203	2018-08-17T20:09:05.297514282Z	88.49	1030.693	15.93	49.32	46.33	kafka-001	15.93
849.463	49.32	204	2018-08-17T20:09:12.309129447Z	88.5	683.092	15.93	45.54	46.83	kafka-001	15.93
850.367	45.54	205	2018-08-17T20:09:19.324942004Z	88.51	671.564	15.93	46.54	46.34	kafka-001	15.93
853.876	46.54	206	2018-08-17T20:09:26.344114139Z	88.51	1040.482	15.93	46.44	46.11	kafka-001	15.93
851.607	46.44	206	2018-08-17T20:09:33.355027831Z	88.52	677.777	15.93	45.21	46.75	kafka-001	15.93
868.302	45.21	207	2018-08-17T20:09:40.363812745Z	88.52	1049.269	15.93	48.15	46.38	kafka-001	15.93
868.661	48.15	208	2018-08-17T20:09:47.376956489Z	88.53	691.298	15.93	48.43	46.87	kafka-001	15.93
874.369	48.43	209	2018-08-17T20:09:54.388880836Z	88.54	693.688	15.93	43.66	46.72	kafka-001	15.93
880.726	43.66	209	2018-08-17T20:10:01.399911711Z	88.54	1062.772	15.93	48.79	46.4	kafka-001	15.93
878.335	48.79	210	2018-08-17T20:10:08.410441018Z	88.2	698.862	15.93	49.56	46.78	kafka-001	15.93
877.79	49.56	211	2018-08-17T20:10:15.422721447Z	88.21	1058.224	15.93	50.59	47.3	kafka-001	15.93
887.051	50.59	211	2018-08-17T20:10:22.430962169Z	88.22	700.84	15.93	46.6	48.2	kafka-001	15.93
886.154	46.6	212	2018-08-17T20:10:29.441679763Z	88.22	704.767	15.93	50.29	47.94	kafka-001	15.93
885.581	50.29	213	2018-08-17T20:10:36.453792644Z	88.23	1071.73	15.93	44.94	48.25	kafka-001	15.93
897.677	44.94	214	2018-08-17T20:10:43.466228695Z	88.23	709.063	15.93	47.67	48.46	kafka-001	15.93
899.998	47.67	214	2018-08-17T20:10:50.475679674Z	88.24	1088.075	15.93	47.16	48.28	kafka-001	15.93
904.045	47.16	215	2018-08-17T20:10:57.487645287Z	88.24	714.708	15.93	54.22	47.87	kafka-001	15.93
907.719	54.22	216	2018-08-17T20:11:04.49831394Z	88.25	713.115	15.93	51.83	48.48	kafka-001	15.93
904.458	51.83	217	2018-08-17T20:11:11.510524945Z	88.26	1092.238	15.93	52.21	49.35	kafka-001	15.93
913.827	52.21	217	2018-08-17T20:11:18.521738501Z	88.26	721.784	15.93	50.75	49.67	kafka-001	15.93
914.464	50.75	218	2018-08-17T20:11:25.533774463Z	88.27	1107.162	15.93	52.66	50.64	kafka-001	15.93
916.906	52.66	219	2018-08-17T20:11:32.5441596Z	88.28	723.952	15.93	49.65	51.47	kafka-001	15.93
926.889	49.65	219	2018-08-17T20:11:39.556290629Z	88.28	728.754	15.93	49.75	51.89	kafka-001	15.93
932.895	49.75	220	2018-08-17T20:11:46.568666503Z	88.29	1118.884	15.93	52.05	51.14	kafka-001	15.93
923.595	52.05	221	2018-08-17T20:11:53.580843484Z	88.3	727.559	15.93	51.52	51.18	kafka-001	15.93
935.368	51.52	221	2018-08-17T20:12:00.592506081Z	88.3	1119.422	15.93	53.61	51.06	kafka-001	15.93
937.899	53.61	222	2018-08-17T20:12:07.604416248Z	88.31	738.06	15.93	48.48	51.54	kafka-001	15.93
936.593	48.48	223	2018-08-17T20:12:14.616382094Z	88.32	741.126	15.93	54.53	50.84	kafka-001	15.93
943.018	54.53	224	2018-08-17T20:12:21.627966718Z	88.32	1133.888	15.93	51.03	51.66	kafka-001	15.93
939.398	51.03	224	2018-08-17T20:12:28.638647699Z	88.33	742.338	15.93	52.23	51.87	kafka-001	15.93
946.189	52.23	225	2018-08-17T20:12:35.653405891Z	88.33	1139.303	15.93	50.87	51.9	kafka-001	15.93
950.807	50.87	226	2018-08-17T20:12:42.665813483Z	88.34	746.838	15.93	53.36	51.79	kafka-001	15.93
952.114	53.36	226	2018-08-17T20:12:49.675902033Z	88.35	751.788	15.93	52.97	51.75	kafka-001	15.93
954.697	52.97	227	2018-08-17T20:12:56.69026838Z	88.35	1151.305	15.93	51.39	52.5	kafka-001	15.93
946.252	51.39	228	2018-08-17T20:13:03.700568Z	88.36	752.76	15.93	53.07	51.97	kafka-001	15.93
949.337	53.07	228	2018-08-17T20:13:10.71117203Z	88.37	1157.943	15.93	54.21	52.31	kafka-001	15.93
965.03	54.21	229	2018-08-17T20:13:17.721418482Z	88.37	762.335	15.93	48.71	52.64	kafka-001	15.93
959.764	48.71	230	2018-08-17T20:13:24.733278712Z	88.38	764.01	15.93	52.16	52.28	kafka-001	15.93
971.546	52.16	230	2018-08-17T20:13:31.746133817Z	88.39	1161.771	15.93	55.28	52.08	kafka-001	15.93
962.051	55.28	231	2018-08-17T20:13:38.760877228Z	88.39	764.2	15.93	55.82	52.47	kafka-001	15.93
974.58	55.82	232	2018-08-17T20:13:45.77133913Z	88.4	1175.646	15.93	55.83	53.21	kafka-001	15.93
963.447	55.83	232	2018-08-17T20:13:52.784129734Z	88.41	768.823	15.93	49.81	53.67	kafka-001	15.93
965.273	49.81	233	2018-08-17T20:13:59.794926008Z	88.41	764.412	15.93	54.52	52.93	kafka-001	15.93
980.874	54.52	234	2018-08-17T20:14:06.806207896Z	88.42	1187.759	15.93	55.19	53.9	kafka-001	15.93
978.784	55.19	234	2018-08-17T20:14:13.817432274Z	88.43	774.47	15.93	53.61	54.41	kafka-001	15.93
989.095	53.61	235	2018-08-17T20:14:20.828218108Z	88.44	1191.607	15.93	55.91	54.13	kafka-001	15.93
982.716	55.91	236	2018-08-17T20:14:27.839888573Z	88.44	783.971	15.93	55.35	54.14	kafka-001	15.93
983.918	55.35	236	2018-08-17T20:14:34.850261185Z	88.45	777.84	15.93	55.71	54.06	kafka-001	15.93
994.04	55.71	237	2018-08-17T20:14:41.860881212Z	88.46	1207.341	15.93	50.05	55.05	kafka-001	15.93
987.112	50.05	237	2018-08-17T20:14:48.872052796Z	88.46	787.923	15.93	59.96	54.3	kafka-001	15.93
1001.979	59.96	238	2018-08-17T20:14:55.883084256Z	88.47	1203.164	15.93	56.21	55.1	kafka-001	15.93
1003.902	56.21	239	2018-08-17T20:15:02.896004283Z	88.48	789.805	15.93	55.94	55.53	kafka-001	15.93
1000.805	55.94	239	2018-08-17T20:15:09.90741908Z	88.48	794.246	15.93	49.61	55.54	kafka-001	15.93
1010.944	49.61	240	2018-08-17T20:15:16.923030103Z	88.49	1216.424	15.93	58.06	54.58	kafka-001	15.93
1012.502	58.06	241	2018-08-17T20:15:23.935269874Z	88.5	799.454	15.93	54.97	54.97	kafka-001	15.93
1010.176	54.97	241	2018-08-17T20:15:30.947383402Z	88.51	1225.872	15.93	58.07	55.79	kafka-001	15.93
1017.835	58.07	242	2018-08-17T20:15:37.958695141Z	88.51	803.67	15.93	53.89	55.48	kafka-001	15.93
1021.781	53.89	243	2018-08-17T20:15:44.969840785Z	88.52	803.361	15.93	58.52	55.09	kafka-001	15.93
1025.306	58.52	243	2018-08-17T20:15:51.980557111Z	88.53	1233.352	15.93	54.67	55.52	kafka-001	15.93
1022.825	54.67	244	2018-08-17T20:15:58.995183791Z	88.53	808.87	15.93	58.09	56.36	kafka-001	15.93
1031.172	58.09	244	2018-08-17T20:16:06.009043417Z	88.54	1241.509	15.93	57.06	56.37	kafka-001	15.93
1017.431	57.06	245	2018-08-17T20:16:13.022565402Z	88.55	811.511	15.93	55.94	56.72	kafka-001	15.93
1029.3	55.94	246	2018-08-17T20:16:20.034753162Z	88.56	815.078	15.93	53.28	56.36	kafka-001	15.93
1031.99	53.28	246	2018-08-17T20:16:27.048752233Z	88.56	1247.13	15.93	56.5	56.26	kafka-001	15.93
1033.55	56.5	247	2018-08-17T20:16:34.06102195Z	88.57	823.138	15.93	50.93	55.92	kafka-001	15.93
1029.882	50.93	248	2018-08-17T20:16:41.07429883Z	88.58	1250.392	15.93	57.83	55.3	kafka-001	15.93
1036.819	57.83	248	2018-08-17T20:16:48.084931367Z	88.23	823.604	15.93	58.05	55.26	kafka-001	15.93
1033.776	58.05	249	2018-08-17T20:16:55.097206646Z	88.24	1261.699	15.93	58.95	55.42	kafka-001	15.93
1036.795	58.95	249	2018-08-17T20:17:02.10750863Z	88.25	828.164	15.93	54.22	55.92	kafka-001	15.93
1039.54	54.22	250	2018-08-17T20:17:09.117188741Z	88.25	828.689	15.93	57.77	56.08	kafka-001	15.93
1028.659	57.77	251	2018-08-17T20:17:16.128200238Z	88.26	1261.017	15.93	51.81	56.29	kafka-001	15.93
1050.137	51.81	251	2018-08-17T20:17:23.14260988Z	88.27	836.656	15.93	58.29	56.44	kafka-001	15.93
1055.824	58.29	252	2018-08-17T20:17:30.153759072Z	88.27	1278.8	15.93	56.01	56.51	kafka-001	15.93
1043.233	56.01	252	2018-08-17T20:17:37.168559055Z	88.28	835.094	15.93	57.55	56.17	kafka-001	15.93
1058.299	57.55	253	2018-08-17T20:17:44.178922325Z	88.29	837.953	15.93	54.23	55.94	kafka-001	15.93
1057.868	54.23	254	2018-08-17T20:17:51.192082843Z	88.3	1282.13	15.93	56.65	55.94	kafka-001	15.93
1064.331	56.65	254	2018-08-17T20:17:58.204055411Z	88.3	842.688	15.93	57.29	55.76	kafka-001	15.93
1056.312	57.29	255	2018-08-17T20:18:05.213024088Z	88.31	1287.318	15.93	54.28	56.67	kafka-001	15.93
1059.431	54.28	255	2018-08-17T20:18:12.224005141Z	88.32	847.892	15.93	59.99	56.0	kafka-001	15.93
1061.805	59.99	256	2018-08-17T20:18:19.234369748Z	88.33	854.376	15.93	55.66	56.66	kafka-001	15.93
1061.815	55.66	257	2018-08-17T20:18:26.245914337Z	88.33	1289.045	15.93	60.17	56.35	kafka-001	15.93
1064.754	60.17	257	2018-08-17T20:18:33.257214061Z	88.34	851.196	15.93	59.11	57.34	kafka-001	15.93
1070.004	59.11	258	2018-08-17T20:18:40.267950146Z	88.35	1301.81	15.93	57.7	57.75	kafka-001	15.93
1080.577	57.7	258	2018-08-17T20:18:47.282727302Z	88.36	861.066	15.93	59.88	57.82	kafka-001	15.93
1076.955	59.88	259	2018-08-17T20:18:54.294482162Z	88.36	860.153	15.93	56.19	58.75	kafka-001	15.93
1079.309	56.19	260	2018-08-17T20:19:01.305461479Z	88.37	1314.775	15.93	60.5	58.12	kafka-001	15.93
1089.184	60.5	260	2018-08-17T20:19:08.318253477Z	88.38	867.297	15.93	58.77	58.92	kafka-001	15.93
1084.076	58.77	261	2018-08-17T20:19:15.329708357Z	88.39	1318.718	15.93	60.75	58.69	kafka-001	15.93
1090.921	60.75	261	2018-08-17T20:19:22.347288563Z	88.39	868.451	15.93	58.48	58.96	kafka-001	15.93
1089.641	58.48	262	2018-08-17T20:19:29.359203093Z	88.4	869.364	15.93	61.29	59.09	kafka-001	15.93
1085.718	61.29	263	2018-08-17T20:19:36.369673062Z	88.41	1318.211	15.93	61.29	59.33	kafka-001	15.93
1093.333	61.29	263	2018-08-17T20:19:43.380541893Z	88.42	875.978	15.93	59.18	60.18	kafka-001	15.93
1080.706	59.18	264	2018-08-17T20:19:50.392286495Z	88.43	1329.31	15.93	58.78	59.96	kafka-001	15.93
1099.335	58.78	264	2018-08-17T20:19:57.405570257Z	88.43	878.082	15.93	61.15	59.96	kafka-001	15.93
1097.186	61.15	265	2018-08-17T20:20:04.414463618Z	88.44	872.211	15.93	46.65	60.03	kafka-001	15.93
1111.931	46.65	266	2018-08-17T20:20:11.425154123Z	88.45	1349.081	15.93	58.69	58.06	kafka-001	15.93
1106.995	58.69	266	2018-08-17T20:20:18.435742955Z	88.46	885.327	15.93	61.2	57.62	kafka-001	15.93
1114.494	61.2	267	2018-08-17T20:20:25.446882304Z	88.46	1346.952	15.93	61.6	57.61	kafka-001	15.93
1108.425	61.6	267	2018-08-17T20:20:32.458780945Z	88.47	884.904	15.93	61.89	58.01	kafka-001	15.93
1118.667	61.89	268	2018-08-17T20:20:39.4732605Z	88.48	888.506	15.93	60.96	58.53	kafka-001	15.93
1118.0	60.96	268	2018-08-17T20:20:46.48841673Z	88.49	1349.545	15.93	54.41	58.5	kafka-001	15.93
1099.447	54.41	269	2018-08-17T20:20:53.500479637Z	88.49	892.318	15.93	62.17	59.79	kafka-001	15.93
1127.662	62.17	270	2018-08-17T20:21:00.511173304Z	88.5	1373.554	15.93	62.3	60.37	kafka-001	15.93
1125.883	62.3	270	2018-08-17T20:21:07.523377814Z	88.51	899.553	15.93	58.36	60.55	kafka-001	15.93
1119.941	58.36	271	2018-08-17T20:21:14.538089647Z	88.52	896.056	15.93	57.02	60.01	kafka-001	15.93
1130.019	57.02	271	2018-08-17T20:21:21.549829429Z	88.53	1369.42	15.93	62.62	59.2	kafka-001	15.93
1129.356	62.62	272	2018-08-17T20:21:28.561894601Z	88.54	899.526	15.93	63.53	59.48	kafka-001	15.93
1136.577	63.53	272	2018-08-17T20:21:35.573268816Z	88.54	1379.697	15.93	63.62	61.0	kafka-001	15.93
1134.276	63.62	273	2018-08-17T20:21:42.584115281Z	88.55	901.251	15.93	63.9	61.24	kafka-001	15.93
1138.119	63.9	274	2018-08-17T20:21:49.598063536Z	88.56	907.301	15.93	61.52	61.51	kafka-001	15.93
1146.688	61.52	274	2018-08-17T20:21:56.607480744Z	88.57	1388.35	15.93	59.69	62.03	kafka-001	15.93
1148.669	59.69	275	2018-08-17T20:22:03.619957049Z	88.57	905.618	15.93	64.2	62.48	kafka-001	15.93
1151.39	64.2	275	2018-08-17T20:22:10.630545908Z	88.58	1388.63	15.93	60.56	62.74	kafka-001	15.93
1157.179	60.56	276	2018-08-17T20:22:17.642824515Z	88.59	919.355	15.93	62.84	62.25	kafka-001	15.93
1154.889	62.84	276	2018-08-17T20:22:24.651496757Z	88.6	917.392	15.93	61.62	62.12	kafka-001	15.93
1162.54	61.62	277	2018-08-17T20:22:31.663138035Z	88.61	1405.123	15.93	64.76	61.74	kafka-001	15.93
1155.729	64.76	277	2018-08-17T20:22:38.675578399Z	88.25	916.181	15.93	57.89	62.28	kafka-001	15.93
1163.678	57.89	278	2018-08-17T20:22:45.687090562Z	88.26	1410.005	15.93	64.93	61.98	kafka-001	15.93
1166.289	64.93	279	2018-08-17T20:22:52.700099138Z	88.27	925.153	15.93	63.1	62.1	kafka-001	15.93
1166.243	63.1	279	2018-08-17T20:22:59.715163443Z	88.28	927.952	15.93	59.79	62.52	kafka-001	15.93
1158.082	59.79	280	2018-08-17T20:23:06.725149103Z	88.28	1402.677	15.93	59.83	62.01	kafka-001	15.93
1150.254	59.83	280	2018-08-17T20:23:13.735381882Z	88.29	920.723	15.93	63.01	61.72	kafka-001	15.93
1169.723	63.01	281	2018-08-17T20:23:20.74640022Z	88.3	1427.17	15.93	68.36	61.42	kafka-001	15.93
1172.357	68.36	281	2018-08-17T20:23:27.759524425Z	88.31	938.764	15.93	64.72	63.17	kafka-001	15.93
1165.827	64.72	282	2018-08-17T20:23:34.775784391Z	88.32	936.334	15.93	63.06	63.13	kafka-001	15.93
1179.202	63.06	282	2018-08-17T20:23:41.786289422Z	88.32	1429.795	15.93	64.68	63.13	kafka-001	15.93
1153.651	64.68	283	2018-08-17T20:23:48.796058636Z	88.33	933.804	15.93	63.88	63.94	kafka-001	15.93
1177.644	63.88	283	2018-08-17T20:23:55.809263266Z	88.34	1439.843	15.93	66.17	64.62	kafka-001	15.93
1177.141	66.17	284	2018-08-17T20:24:02.820565016Z	88.35	933.504	15.93	54.59	65.14	kafka-001	15.93
1185.123	54.59	285	2018-08-17T20:24:09.834695405Z	88.36	938.902	15.93	53.01	62.85	kafka-001	15.93
1191.738	53.01	285	2018-08-17T20:24:16.847946124Z	88.37	1434.233	15.93	65.33	60.9	kafka-001	15.93
1189.163	65.33	286	2018-08-17T20:24:23.859720248Z	88.37	946.931	15.93	65.09	61.28	kafka-001	15.93
1192.01	65.09	286	2018-08-17T20:24:30.870111063Z	88.38	1456.57	15.93	65.71	61.34	kafka-001	15.93
1194.393	65.71	287	2018-08-17T20:24:37.88017751Z	88.39	955.136	15.93	65.98	61.65	kafka-001	15.93
1204.385	65.98	287	2018-08-17T20:24:44.891564649Z	88.4	955.847	15.93	66.86	61.62	kafka-001	15.93
1190.484	66.86	288	2018-08-17T20:24:51.903503361Z	88.41	1456.79	15.93	65.3	63.66	kafka-001	15.93
1190.443	65.3	288	2018-08-17T20:24:58.917611477Z	88.42	957.104	15.93	67.39	65.71	kafka-001	15.93
1216.742	67.39	289	2018-08-17T20:25:05.928293188Z	88.43	1461.148	15.93	43.39	66.05	kafka-001	15.93
1204.533	43.39	289	2018-08-17T20:25:12.939069777Z	88.43	956.912	15.93	59.84	62.44	kafka-001	15.93
1197.431	59.84	290	2018-08-17T20:25:19.951429412Z	88.44	959.375	15.93	66.95	61.46	kafka-001	15.93
1210.124	66.95	291	2018-08-17T20:25:26.962780438Z	88.45	1460.785	15.93	64.84	61.62	kafka-001	15.93
1207.71	64.84	291	2018-08-17T20:25:33.973427344Z	88.46	963.201	15.93	64.52	61.28	kafka-001	15.93
1219.453	64.52	292	2018-08-17T20:25:40.984923973Z	88.47	1478.606	15.93	68.33	61.15	kafka-001	15.93
1210.355	68.33	292	2018-08-17T20:25:47.999579924Z	88.48	968.735	15.93	66.54	61.31	kafka-001	15.93
1220.406	66.54	293	2018-08-17T20:25:55.010962872Z	88.49	969.497	15.93	66.53	65.17	kafka-001	15.93
1220.907	66.53	293	2018-08-17T20:26:02.021614089Z	88.49	1485.85	15.93	68.82	66.28	kafka-001	15.93
1212.685	68.82	294	2018-08-17T20:26:09.034289937Z	88.5	967.338	15.93	67.52	66.6	kafka-001	15.93
1232.382	67.52	294	2018-08-17T20:26:16.045948056Z	88.51	1482.652	15.93	65.93	67.04	kafka-001	15.93
1231.617	65.93	295	2018-08-17T20:26:23.056881421Z	88.52	979.973	15.93	63.4	67.28	kafka-001	15.93
1236.91	63.4	295	2018-08-17T20:26:30.070851145Z	88.53	1499.011	15.93	68.07	66.46	kafka-001	15.93
1233.591	68.07	296	2018-08-17T20:26:37.081188999Z	88.54	984.652	15.93	68.33	66.71	kafka-001	15.93
1240.105	68.33	296	2018-08-17T20:26:44.093960435Z	88.55	984.823	15.93	68.47	67.01	kafka-001	15.93
1246.016	68.47	297	2018-08-17T20:26:51.104024168Z	88.55	1498.249	15.93	65.9	66.95	kafka-001	15.93
1227.033	65.9	297	2018-08-17T20:26:58.11507324Z	88.56	982.96	15.93	65.05	66.68	kafka-001	15.93
1242.569	65.05	298	2018-08-17T20:27:05.131244625Z	88.57	1507.083	15.93	68.07	66.54	kafka-001	15.93
1242.099	68.07	298	2018-08-17T20:27:12.141541857Z	88.58	994.491	15.93	58.94	67.31	kafka-001	15.93
1241.596	58.94	299	2018-08-17T20:27:19.152383612Z	88.59	986.526	15.93	67.64	65.79	kafka-001	15.93
1246.727	67.64	299	2018-08-17T20:27:26.16923028Z	88.6	1516.577	15.93	63.16	65.68	kafka-001	15.93
1229.202	63.16	300	2018-08-17T20:27:33.183099572Z	88.61	994.19	15.93	67.93	64.79	kafka-001	15.93
1245.536	67.93	301	2018-08-17T20:27:40.19458705Z	88.61	1521.414	15.93	66.15	65.13	kafka-001	15.93
1238.569	66.15	301	2018-08-17T20:27:47.208893707Z	88.62	993.775	15.93	68.36	65.31	kafka-001	15.93
1254.515	68.36	302	2018-08-17T20:27:54.223013092Z	88.63	999.759	15.93	67.73	65.36	kafka-001	15.93
1249.43	67.73	302	2018-08-17T20:28:01.236337453Z	88.27	1523.934	15.93	66.29	66.83	kafka-001	15.93
1266.577	66.29	303	2018-08-17T20:28:08.247471152Z	88.28	1005.778	15.93	70.01	66.6	kafka-001	15.93
1262.814	70.01	303	2018-08-17T20:28:15.260515666Z	88.29	1531.578	15.93	68.37	67.74	kafka-001	15.93
1258.025	68.37	304	2018-08-17T20:28:22.272454302Z	88.3	1008.074	15.93	66.08	67.82	kafka-001	15.93
1259.275	66.08	304	2018-08-17T20:28:29.28437956Z	88.3	1005.316	15.93	68.37	67.81	kafka-001	15.93
1267.676	68.37	305	2018-08-17T20:28:36.296203036Z	88.31	1544.03	15.93	64.93	67.81	kafka-001	15.93
1260.425	64.93	305	2018-08-17T20:28:43.30816654Z	88.32	1013.377	15.93	72.58	67.34	kafka-001	15.93
1269.831	72.58	306	2018-08-17T20:28:50.320226401Z	88.33	1546.691	15.93	70.42	68.39	kafka-001	15.93
1274.67	70.42	306	2018-08-17T20:28:57.33114555Z	88.34	1009.818	15.93	73.29	68.46	kafka-001	15.93
1278.701	73.29	307	2018-08-17T20:29:04.342839386Z	88.35	1017.451	15.93	66.8	69.28	kafka-001	15.93
1294.742	66.8	307	2018-08-17T20:29:11.356333812Z	88.36	1555.513	15.93	69.71	69.4	kafka-001	15.93
1283.417	69.71	308	2018-08-17T20:29:18.368803396Z	88.37	1018.419	15.93	70.44	69.62	kafka-001	15.93
1296.692	70.44	308	2018-08-17T20:29:25.380077582Z	88.38	1561.637	15.93	73.24	70.54	kafka-001	15.93
1289.587	73.24	309	2018-08-17T20:29:32.391895433Z	88.38	1018.959	15.93	70.68	70.65	kafka-001	15.93
1291.667	70.68	309	2018-08-17T20:29:39.403450601Z	88.4	1026.846	15.93	71.07	70.69	kafka-001	15.93
1299.882	71.07	310	2018-08-17T20:29:46.416717943Z	88.4	1565.693	15.93	72.4	70.32	kafka-001	15.93
1288.949	72.4	310	2018-08-17T20:29:53.431364782Z	88.41	1025.14	15.93	72.18	71.26	kafka-001	15.93
1290.145	72.18	311	2018-08-17T20:30:00.444280563Z	88.42	1575.23	15.93	69.45	71.67	kafka-001	15.93
1301.372	69.45	311	2018-08-17T20:30:07.457229521Z	88.43	1027.858	15.93	72.07	71.5	kafka-001	15.93
1300.559	72.07	312	2018-08-17T20:30:14.472399994Z	88.44	1035.748	15.93	68.87	71.31	kafka-001	15.93
1290.419	68.87	312	2018-08-17T20:30:21.482985866Z	88.45	1576.83	15.93	72.21	71.01	kafka-001	15.93
1296.612	72.21	313	2018-08-17T20:30:28.493926321Z	88.46	1038.03	15.93	67.95	71.2	kafka-001	15.93
1311.496	67.95	313	2018-08-17T20:30:35.50503191Z	88.47	1588.903	15.93	72.42	70.45	kafka-001	15.93
1300.721	72.42	314	2018-08-17T20:30:42.515766388Z	88.48	1034.038	15.93	66.54	70.49	kafka-001	15.93
1306.115	66.54	314	2018-08-17T20:30:49.527601955Z	88.48	1039.594	15.93	72.27	70.01	kafka-001	15.93
1313.016	72.27	315	2018-08-17T20:30:56.542007213Z	88.5	1593.821	15.93	73.62	70.04	kafka-001	15.93
1311.843	73.62	315	2018-08-17T20:31:03.553356732Z	88.5	1047.046	15.93	73.72	70.83	kafka-001	15.93
1306.034	73.72	316	2018-08-17T20:31:10.567690278Z	88.51	1596.199	15.93	66.94	71.09	kafka-001	15.93
1313.913	66.94	316	2018-08-17T20:31:17.578948021Z	88.52	1040.228	15.93	72.87	70.92	kafka-001	15.93
1321.633	72.87	317	2018-08-17T20:31:24.590089563Z	88.53	1052.44	15.93	69.65	70.99	kafka-001	15.93
1313.258	69.65	317	2018-08-17T20:31:31.600912143Z	88.54	1602.135	15.93	73.12	71.51	kafka-001	15.93
1322.893	73.12	318	2018-08-17T20:31:38.613568546Z	88.55	1055.904	15.93	73.96	71.65	kafka-001	15.93
1322.015	73.96	318	2018-08-17T20:31:45.626514278Z	88.56	1615.726	15.93	72.92	71.71	kafka-001	15.93
1328.27	72.92	319	2018-08-17T20:31:52.637967734Z	88.57	1053.224	15.93	72.45	71.58	kafka-001	15.93
1330.414	72.45	319	2018-08-17T20:31:59.650807677Z	88.58	1058.71	15.93	71.99	72.49	kafka-001	15.93
1338.915	71.99	320	2018-08-17T20:32:06.662608201Z	88.59	1612.539	15.93	71.99	72.35	kafka-001	15.93
1337.125	71.99	320	2018-08-17T20:32:13.675178882Z	88.6	1059.668	15.93	73.39	72.74	kafka-001	15.93
1341.678	73.39	320	2018-08-17T20:32:20.691213042Z	88.61	1626.342	15.93	70.87	72.78	kafka-001	15.93
1331.973	70.87	321	2018-08-17T20:32:27.70254303Z	88.62	1061.567	15.93	73.86	72.27	kafka-001	15.93
1339.713	73.86	321	2018-08-17T20:32:34.714131212Z	88.63	1066.177	15.93	70.64	72.42	kafka-001	15.93
1353.78	70.64	322	2018-08-17T20:32:41.724652679Z	88.64	1635.262	15.93	71.52	72.12	kafka-001	15.93
1338.825	71.52	322	2018-08-17T20:32:48.736998095Z	88.65	1065.357	15.93	71.27	72.04	kafka-001	15.93
1351.38	71.27	323	2018-08-17T20:32:55.747565477Z	88.65	1633.116	15.93	75.48	71.92	kafka-001	15.93
1347.771	75.48	323	2018-08-17T20:33:02.759318056Z	88.66	1062.918	15.93	71.9	72.27	kafka-001	15.93
1350.875	71.9	324	2018-08-17T20:33:09.777624779Z	88.3	1064.001	15.93	74.15	72.44	kafka-001	15.93
1348.634	74.15	324	2018-08-17T20:33:16.78889558Z	88.31	1640.214	15.93	68.43	72.49	kafka-001	15.93
1355.253	68.43	325	2018-08-17T20:33:23.801659385Z	88.32	1081.767	15.93	75.24	72.12	kafka-001	15.93
1360.014	75.24	325	2018-08-17T20:33:30.81484835Z	88.33	1654.59	15.93	72.5	72.74	kafka-001	15.93
1357.651	72.5	326	2018-08-17T20:33:37.828812726Z	88.34	1083.298	15.93	73.22	72.95	kafka-001	15.93
1363.799	73.22	326	2018-08-17T20:33:44.843281003Z	88.34	1082.663	15.93	68.96	72.57	kafka-001	15.93
1379.162	68.96	327	2018-08-17T20:33:51.856544285Z	88.35	1662.868	15.93	75.56	72.08	kafka-001	15.93
1369.421	75.56	327	2018-08-17T20:33:58.868611922Z	88.36	1084.678	15.93	71.84	72.32	kafka-001	15.93
1375.264	71.84	328	2018-08-17T20:34:05.879724152Z	88.37	1657.291	15.93	75.41	72.89	kafka-001	15.93
1369.285	75.41	328	2018-08-17T20:34:12.891288811Z	88.38	1089.992	15.93	72.61	72.91	kafka-001	15.93
1372.191	72.61	329	2018-08-17T20:34:19.902411388Z	88.39	1089.156	15.93	72.99	72.93	kafka-001	15.93
1387.976	72.99	329	2018-08-17T20:34:26.91611374Z	88.4	1662.192	15.93	67.34	72.89	kafka-001	15.93
1385.887	67.34	330	2018-08-17T20:34:33.926391636Z	88.41	1091.512	15.93	75.62	72.62	kafka-001	15.93
1383.81	75.62	330	2018-08-17T20:34:40.938569837Z	88.42	1669.197	15.93	68.88	72.63	kafka-001	15.93
1385.664	68.88	330	2018-08-17T20:34:47.950244748Z	88.43	1092.735	15.93	73.94	72.14	kafka-001	15.93
1393.615	73.94	331	2018-08-17T20:34:54.96273812Z	88.44	1100.794	15.93	64.96	71.9	kafka-001	15.93
1399.343	64.96	331	2018-08-17T20:35:01.973532596Z	88.45	1674.093	15.93	76.03	70.62	kafka-001	15.93
1404.197	76.03	332	2018-08-17T20:35:08.984085124Z	88.46	1104.621	15.93	76.68	71.13	kafka-001	15.93
1392.172	76.68	332	2018-08-17T20:35:15.99632305Z	88.47	1690.434	15.93	72.56	72.68	kafka-001	15.93
1392.223	72.56	333	2018-08-17T20:35:23.009733076Z	88.48	1103.705	15.93	69.77	72.17	kafka-001	15.93
1396.564	69.77	333	2018-08-17T20:35:30.022691148Z	88.49	1108.064	15.93	77.76	72.32	kafka-001	15.93
1395.784	77.76	334	2018-08-17T20:35:37.033470049Z	88.5	1690.081	15.93	74.86	72.96	kafka-001	15.93
1396.226	74.86	334	2018-08-17T20:35:44.044022323Z	88.51	1105.859	15.93	74.97	74.61	kafka-001	15.93
1409.174	74.97	335	2018-08-17T20:35:51.056960497Z	88.52	1699.722	15.93	73.89	74.43	kafka-001	15.93
1402.543	73.89	335	2018-08-17T20:35:58.069058174Z	88.53	1114.934	15.93	77.74	73.97	kafka-001	15.93
1407.344	77.74	336	2018-08-17T20:36:05.081692548Z	88.54	1702.953	15.93	78.5	74.83	kafka-001	15.93
1403.722	78.5	336	2018-08-17T20:36:12.093073047Z	88.55	1110.256	15.93	74.51	76.29	kafka-001	15.93
1386.333	74.51	337	2018-08-17T20:36:19.103128715Z	88.56	1102.738	15.93	76.65	75.74	kafka-001	15.93
1414.155	76.65	337	2018-08-17T20:36:26.117861714Z	88.57	1721.326	15.93	73.13	76.04	kafka-001	15.93
1411.835	73.13	337	2018-08-17T20:36:33.128208918Z	88.58	1118.751	15.93	78.53	75.74	kafka-001	15.93
1413.732	78.53	338	2018-08-17T20:36:40.139782545Z	88.59	1716.472	15.93	76.97	76.51	kafka-001	15.93
1417.409	76.97	338	2018-08-17T20:36:47.151119969Z	88.6	1126.926	15.93	70.7	76.38	kafka-001	15.93
1408.763	70.7	339	2018-08-17T20:36:54.162405587Z	88.61	1112.956	15.93	74.65	75.08	kafka-001	15.93
1412.462	74.65	339	2018-08-17T20:37:01.177625118Z	88.62	1724.436	15.93	73.21	75.1	kafka-001	15.93
1412.326	73.21	340	2018-08-17T20:37:08.189137215Z	88.63	1122.48	15.93	72.45	74.53	kafka-001	15.93
1410.559	72.45	340	2018-08-17T20:37:15.200230951Z	88.64	1717.376	15.93	78.62	74.42	kafka-001	15.93
1419.415	78.62	341	2018-08-17T20:37:22.219773774Z	88.65	1129.54	15.93	76.13	74.43	kafka-001	15.93
1410.437	76.13	341	2018-08-17T20:37:29.229828993Z	88.66	1126.157	15.93	69.21	74.29	kafka-001	15.93
1428.356	69.21	342	2018-08-17T20:37:36.242129074Z	88.67	1723.654	15.93	78.13	74.04	kafka-001	15.93
1420.399	78.13	342	2018-08-17T20:37:43.253631677Z	88.67	1138.493	15.93	76.71	74.62	kafka-001	15.93
1434.082	76.71	342	2018-08-17T20:37:50.265415023Z	88.69	1735.36	15.93	76.11	75.21	kafka-001	15.93
1415.953	76.11	343	2018-08-17T20:37:57.277011685Z	88.31	1138.412	15.93	82.14	75.82	kafka-001	15.93
1427.595	82.14	343	2018-08-17T20:38:04.28999782Z	88.32	1137.22	15.93	77.26	76.4	kafka-001	15.93
1435.102	77.26	344	2018-08-17T20:38:11.306967288Z	88.33	1737.878	15.93	73.74	76.59	kafka-001	15.93
1435.707	73.74	344	2018-08-17T20:38:18.318517206Z	88.34	1143.998	15.93	76.95	77.35	kafka-001	15.93
1424.438	76.95	345	2018-08-17T20:38:25.328687298Z	88.35	1741.998	15.93	79.33	77.15	kafka-001	15.93
1432.261	79.33	345	2018-08-17T20:38:32.339811245Z	88.36	1143.491	15.93	76.47	77.59	kafka-001	15.93
1444.419	76.47	346	2018-08-17T20:38:39.350594318Z	88.37	1143.133	15.93	77.37	77.65	kafka-001	15.93
1451.062	77.37	346	2018-08-17T20:38:46.362474763Z	88.38	1754.606	15.93	77.36	76.85	kafka-001	15.93
1457.451	77.36	347	2018-08-17T20:38:53.374572229Z	88.39	1151.747	15.93	75.12	76.87	kafka-001	15.93
1449.688	75.12	347	2018-08-17T20:39:00.387127471Z	88.4	1763.438	15.93	77.74	77.1	kafka-001	15.93
1441.896	77.74	347	2018-08-17T20:39:07.397893921Z	88.41	1149.978	15.93	74.19	77.23	kafka-001	15.93
1453.589	74.19	348	2018-08-17T20:39:14.409389863Z	88.42	1153.142	15.93	76.1	76.37	kafka-001	15.93
1453.977	76.1	348	2018-08-17T20:39:21.422827562Z	88.43	1765.612	15.93	76.59	76.31	kafka-001	15.93
1462.177	76.59	349	2018-08-17T20:39:28.433769988Z	88.44	1152.873	15.93	76.73	76.18	kafka-001	15.93
1460.986	76.73	349	2018-08-17T20:39:35.442751094Z	88.45	1771.454	15.93	77.06	76.08	kafka-001	15.93
1458.243	77.06	350	2018-08-17T20:39:42.453439675Z	88.46	1159.311	15.93	73.52	76.4	kafka-001	15.93
1462.279	73.52	350	2018-08-17T20:39:49.46471703Z	88.47	1157.059	15.93	79.15	75.7	kafka-001	15.93
1465.806	79.15	351	2018-08-17T20:39:56.474742595Z	88.48	1774.663	15.93	73.65	76.52	kafka-001	15.93
1459.209	73.65	351	2018-08-17T20:40:03.483863639Z	88.49	1163.564	15.93	59.26	76.12	kafka-001	15.93
1468.392	59.26	351	2018-08-17T20:40:10.493446541Z	88.51	1779.802	15.93	75.74	73.23	kafka-001	15.93
1464.016	75.74	352	2018-08-17T20:40:17.503288607Z	88.52	1166.61	15.93	79.35	73.06	kafka-001	15.93
1463.476	79.35	352	2018-08-17T20:40:24.515147831Z	88.53	1163.272	15.93	70.78	73.44	kafka-001	15.93
1458.018	70.78	353	2018-08-17T20:40:31.528296171Z	88.54	1783.944	15.93	79.62	72.99	kafka-001	15.93
1471.413	79.62	353	2018-08-17T20:40:38.53969471Z	88.55	1176.049	15.93	77.48	73.07	kafka-001	15.93
1481.244	77.48	354	2018-08-17T20:40:45.55480747Z	88.56	1791.766	15.93	83.45	73.7	kafka-001	15.93
1482.883	83.45	354	2018-08-17T20:40:52.565830448Z	88.57	1171.248	15.93	78.83	77.74	kafka-001	15.93
1482.845	78.83	355	2018-08-17T20:40:59.577303435Z	88.58	1181.204	15.93	80.25	78.25	kafka-001	15.93
1488.88	80.25	355	2018-08-17T20:41:06.591007011Z	88.59	1793.074	15.93	79.09	78.4	kafka-001	15.93
1480.951	79.09	355	2018-08-17T20:41:13.601036119Z	88.6	1178.042	15.93	83.04	79.79	kafka-001	15.93
1494.886	83.04	356	2018-08-17T20:41:20.614163501Z	88.61	1800.978	15.93	81.34	80.36	kafka-001	15.93
1497.803	81.34	356	2018-08-17T20:41:27.625030325Z	88.62	1185.566	15.93	77.15	81.0	kafka-001	15.93
1496.105	77.15	357	2018-08-17T20:41:34.637192319Z	88.63	1181.139	15.93	75.62	79.95	kafka-001	15.93
1492.914	75.62	357	2018-08-17T20:41:41.651468281Z	88.64	1808.81	15.93	83.06	79.41	kafka-001	15.93
1495.669	83.06	358	2018-08-17T20:41:48.665516879Z	88.65	1186.474	15.93	79.74	79.88	kafka-001	15.93
1486.936	79.74	358	2018-08-17T20:41:55.677307758Z	88.66	1813.651	15.93	78.84	79.99	kafka-001	15.93
1495.606	78.84	358	2018-08-17T20:42:02.688497479Z	88.67	1185.254	15.93	70.85	79.29	kafka-001	15.93
1502.308	70.85	359	2018-08-17T20:42:09.700643554Z	88.68	1190.453	15.93	82.94	77.54	kafka-001	15.93
1501.3	82.94	359	2018-08-17T20:42:16.714414501Z	88.69	1822.691	15.93	78.0	78.51	kafka-001	15.93
1502.427	78.0	360	2018-08-17T20:42:23.724920757Z	88.7	1195.422	15.93	81.84	78.9	kafka-001	15.93
1496.264	81.84	360	2018-08-17T20:42:30.735586464Z	88.71	1821.215	15.93	78.71	78.7	kafka-001	15.93
1503.984	78.71	361	2018-08-17T20:42:37.746896301Z	88.53	1200.055	15.93	76.41	78.53	kafka-001	15.93
1495.708	76.41	361	2018-08-17T20:42:44.76137135Z	88.54	1185.564	15.93	78.45	78.12	kafka-001	15.93
1504.344	78.45	362	2018-08-17T20:42:51.778575843Z	88.55	1831.247	15.93	80.7	79.39	kafka-001	15.93
1510.411	80.7	362	2018-08-17T20:42:58.790105484Z	88.56	1204.047	15.93	80.14	79.02	kafka-001	15.93
1512.59	80.14	362	2018-08-17T20:43:05.804938928Z	88.57	1832.851	15.93	83.32	79.37	kafka-001	15.93
1513.459	83.32	363	2018-08-17T20:43:12.819160598Z	88.59	1207.12	15.93	78.17	79.62	kafka-001	15.93
1524.763	78.17	363	2018-08-17T20:43:19.830334805Z	88.6	1201.695	15.93	80.28	79.53	kafka-001	15.93
1514.813	80.28	364	2018-08-17T20:43:26.845959835Z	88.61	1834.654	15.93	77.53	80.18	kafka-001	15.93
1523.818	77.53	364	2018-08-17T20:43:33.856311461Z	88.62	1210.839	15.93	89.89	80.02	kafka-001	15.93
1527.468	89.89	365	2018-08-17T20:43:40.868586154Z	88.63	1851.341	15.93	79.14	81.55	kafka-001	15.93
1530.151	79.14	365	2018-08-17T20:43:47.879430531Z	88.64	1210.832	15.93	82.28	81.39	kafka-001	15.93
1536.599	82.28	365	2018-08-17T20:43:54.891143432Z	88.65	1211.555	15.93	76.73	81.22	kafka-001	15.93
1540.17	76.73	366	2018-08-17T20:44:01.902747595Z	88.66	1858.071	15.93	82.54	80.97	kafka-001	15.93
1539.733	82.54	366	2018-08-17T20:44:08.913810838Z	88.67	1215.881	15.93	79.87	81.35	kafka-001	15.93
1535.409	79.87	367	2018-08-17T20:44:15.925486716Z	88.68	1859.394	15.93	85.77	81.74	kafka-001	15.93
1544.238	85.77	367	2018-08-17T20:44:22.937401591Z	88.69	1220.501	15.93	82.13	81.06	kafka-001	15.93
1539.296	82.13	368	2018-08-17T20:44:29.947667302Z	88.7	1217.313	15.93	80.39	81.55	kafka-001	15.93
1545.687	80.39	368	2018-08-17T20:44:36.963225792Z	88.71	1856.877	15.93	70.86	81.24	kafka-001	15.93
1542.73	70.86	368	2018-08-17T20:44:43.976069438Z	88.73	1220.129	15.93	84.21	80.26	kafka-001	15.93
1553.127	84.21	369	2018-08-17T20:44:50.986988019Z	88.74	1869.137	15.93	82.38	80.54	kafka-001	15.93
1546.161	82.38	369	2018-08-17T20:44:58.000999041Z	88.35	1228.365	15.93	80.92	80.96	kafka-001	15.93
1546.968	80.92	370	2018-08-17T20:45:05.012474099Z	88.36	1224.232	15.93	75.0	80.15	kafka-001	15.93
1539.613	75.0	370	2018-08-17T20:45:12.026836564Z	88.38	1874.518	15.93	80.31	78.96	kafka-001	15.93
1541.414	80.31	371	2018-08-17T20:45:19.039130966Z	88.39	1224.404	15.93	78.75	78.95	kafka-001	15.93
1559.873	78.75	371	2018-08-17T20:45:26.049952087Z	88.4	1878.181	15.93	80.59	80.26	kafka-001	15.93
1543.431	80.59	371	2018-08-17T20:45:33.062481581Z	88.41	1237.438	15.93	76.23	79.66	kafka-001	15.93
1562.066	76.23	372	2018-08-17T20:45:40.07485771Z	88.42	1876.533	15.93	73.65	78.63	kafka-001	15.93
1554.881	73.65	372	2018-08-17T20:45:47.090851903Z	88.43	1228.055	15.93	76.09	77.42	kafka-001	15.93
1553.612	76.09	373	2018-08-17T20:45:54.100983506Z	88.44	1227.321	15.93	84.79	77.6	kafka-001	15.93
1570.045	84.79	373	2018-08-17T20:46:01.111657324Z	88.45	1891.537	15.93	77.16	78.35	kafka-001	15.93
1563.967	77.16	373	2018-08-17T20:46:08.12276926Z	88.46	1242.715	15.93	82.87	78.09	kafka-001	15.93
1574.24	82.87	374	2018-08-17T20:46:15.135876889Z	88.47	1899.862	15.93	85.21	78.47	kafka-001	15.93
1574.119	85.21	374	2018-08-17T20:46:22.152284517Z	88.49	1245.079	15.93	93.2	79.96	kafka-001	15.93
1580.469	93.2	375	2018-08-17T20:46:29.162807858Z	88.5	1247.605	15.93	80.15	83.22	kafka-001	15.93
1576.226	80.15	375	2018-08-17T20:46:36.173677767Z	88.51	1900.249	15.93	82.73	83.9	kafka-001	15.93
1568.461	82.73	375	2018-08-17T20:46:43.184522388Z	88.52	1240.312	15.93	82.38	83.55	kafka-001	15.93
1586.858	82.38	376	2018-08-17T20:46:50.195946281Z	88.53	1912.372	15.93	86.65	84.42	kafka-001	15.93
1595.381	86.65	376	2018-08-17T20:46:57.209064502Z	88.54	1249.8	15.93	85.29	85.05	kafka-001	15.93
1587.905	85.29	377	2018-08-17T20:47:04.221379748Z	88.55	1249.953	15.93	84.25	85.07	kafka-001	15.93
1599.348	84.25	377	2018-08-17T20:47:11.234123047Z	88.56	1909.26	15.93	83.25	83.58	kafka-001	15.93
1592.547	83.25	377	2018-08-17T20:47:18.245227092Z	88.57	1251.529	15.93	86.54	84.09	kafka-001	15.93
1596.111	86.54	378	2018-08-17T20:47:25.254917083Z	88.59	1920.174	15.93	83.42	84.73	kafka-001	15.93
1585.138	83.42	378	2018-08-17T20:47:32.268714399Z	88.6	1243.897	15.93	85.62	84.9	kafka-001	15.93
1590.129	85.62	379	2018-08-17T20:47:39.281530947Z	88.61	1253.536	15.93	80.7	84.73	kafka-001	15.93
1597.512	80.7	379	2018-08-17T20:47:46.292153137Z	88.62	1923.251	15.93	83.62	83.96	kafka-001	15.93
1589.901	83.62	380	2018-08-17T20:47:53.302667662Z	88.63	1258.159	15.93	82.81	83.86	kafka-001	15.93
1599.85	82.81	380	2018-08-17T20:48:00.314847363Z	88.64	1926.794	15.93	86.09	83.79	kafka-001	15.93
1600.696	86.09	380	2018-08-17T20:48:07.332525401Z	88.65	1264.103	15.93	85.93	83.71	kafka-001	15.93
1599.105	85.93	381	2018-08-17T20:48:14.344052661Z	88.66	1261.693	15.93	84.57	84.13	kafka-001	15.93
1596.653	84.57	381	2018-08-17T20:48:21.354939559Z	88.67	1934.128	15.93	76.41	83.95	kafka-001	15.93
1603.953	76.41	382	2018-08-17T20:48:28.366272372Z	88.68	1268.486	15.93	89.14	83.24	kafka-001	15.93
1619.752	89.14	382	2018-08-17T20:48:35.377663447Z	88.69	1944.004	15.93	86.91	84.16	kafka-001	15.93
1608.865	86.91	382	2018-08-17T20:48:42.392440565Z	88.71	1263.564	15.93	87.49	84.84	kafka-001	15.93
1603.783	87.49	383	2018-08-17T20:48:49.404968752Z	88.72	1272.459	15.93	81.74	85.07	kafka-001	15.93
1608.164	81.74	383	2018-08-17T20:48:56.416540619Z	88.73	1933.298	15.93	85.81	84.38	kafka-001	15.93
1607.219	85.81	384	2018-08-17T20:49:03.426821925Z	88.74	1271.786	15.93	86.2	84.58	kafka-001	15.93
1605.045	86.2	384	2018-08-17T20:49:10.439063309Z	88.75	1943.641	15.93	87.15	86.21	kafka-001	15.93
1594.576	87.15	385	2018-08-17T20:49:17.451269427Z	88.76	1273.683	15.93	82.84	85.88	kafka-001	15.93
1608.871	82.84	385	2018-08-17T20:49:24.461079207Z	88.58	1274.687	15.93	85.32	85.2	kafka-001	15.93
1613.612	85.32	385	2018-08-17T20:49:31.471578465Z	88.59	1956.838	15.93	75.7	84.84	kafka-001	15.93
1598.169	75.7	386	2018-08-17T20:49:38.48244084Z	88.6	1277.377	15.93	86.8	83.84	kafka-001	15.93
1618.188	86.8	386	2018-08-17T20:49:45.494460866Z	88.61	1953.537	15.93	90.39	84.0	kafka-001	15.93
1615.968	90.39	387	2018-08-17T20:49:52.507758639Z	88.62	1279.696	15.93	84.89	84.7	kafka-001	15.93
1624.424	84.89	387	2018-08-17T20:49:59.516847768Z	88.63	1284.048	15.93	76.53	84.32	kafka-001	15.93
1635.443	76.53	387	2018-08-17T20:50:06.52988007Z	88.65	1969.071	15.93	57.6	83.27	kafka-001	15.93
1614.724	57.6	388	2018-08-17T20:50:13.540781944Z	88.66	1278.288	15.93	87.44	78.65	kafka-001	15.93
1630.86	87.44	388	2018-08-17T20:50:20.55330251Z	88.67	1969.567	15.93	85.9	80.61	kafka-001	15.93
1636.615	85.9	389	2018-08-17T20:50:27.566895517Z	88.68	1291.226	15.93	83.89	80.46	kafka-001	15.93
1629.843	83.89	389	2018-08-17T20:50:34.577856871Z	88.69	1284.321	15.93	79.8	79.38	kafka-001	15.93
1640.3	79.8	389	2018-08-17T20:50:41.590298906Z	88.7	1975.625	15.93	86.55	78.53	kafka-001	15.93
1639.977	86.55	390	2018-08-17T20:50:48.601875859Z	88.71	1296.378	15.93	85.15	80.2	kafka-001	15.93
1644.438	85.15	390	2018-08-17T20:50:55.612946487Z	88.73	1964.791	15.93	82.09	84.79	kafka-001	15.93
1640.899	82.09	391	2018-08-17T20:51:02.624643739Z	88.74	1300.029	15.93	82.82	83.9	kafka-001	15.93
1632.809	82.82	391	2018-08-17T20:51:09.636609867Z	88.75	1296.739	15.93	81.46	83.38	kafka-001	15.93
1632.734	81.46	391	2018-08-17T20:51:16.646800082Z	88.76	1985.956	15.93	80.94	82.98	kafka-001	15.93
1620.194	80.94	392	2018-08-17T20:51:23.666510085Z	88.77	1300.536	15.93	85.53	83.17	kafka-001	15.93
1628.363	85.53	392	2018-08-17T20:51:30.679300252Z	88.78	1992.989	15.93	82.07	83.0	kafka-001	15.93
1628.564	82.07	393	2018-08-17T20:51:37.692658209Z	88.79	1296.636	15.93	94.38	82.49	kafka-001	15.93
1643.994	94.38	393	2018-08-17T20:51:44.705324705Z	88.4	1306.299	15.93	86.35	84.53	kafka-001	15.93
1654.798	86.35	393	2018-08-17T20:51:51.716909833Z	88.42	2000.643	15.93	80.69	85.12	kafka-001	15.93
1643.941	80.69	394	2018-08-17T20:51:58.729059873Z	88.43	1304.5	15.93	83.4	84.99	kafka-001	15.93
1651.88	83.4	394	2018-08-17T20:52:05.739477054Z	88.44	1999.415	15.93	88.5	85.4	kafka-001	15.93
1647.895	88.5	395	2018-08-17T20:52:12.751614839Z	88.45	1307.022	15.93	83.69	85.9	kafka-001	15.93
1656.728	83.69	395	2018-08-17T20:52:19.763499892Z	88.46	1309.409	15.93	87.7	86.17	kafka-001	15.93
1658.663	87.7	395	2018-08-17T20:52:26.774903748Z	88.47	2008.752	15.93	87.04	85.06	kafka-001	15.93
1659.698	87.04	396	2018-08-17T20:52:33.784704106Z	88.49	1313.27	15.93	85.86	85.17	kafka-001	15.93
1657.5	85.86	396	2018-08-17T20:52:40.795687006Z	88.5	2002.267	15.93	90.22	86.03	kafka-001	15.93
1648.902	90.22	397	2018-08-17T20:52:47.80941304Z	88.51	1317.34	15.93	86.28	87.17	kafka-001	15.93
1666.951	86.28	397	2018-08-17T20:52:54.820425669Z	88.52	1321.436	15.93	87.68	86.8	kafka-001	15.93
1669.85	87.68	397	2018-08-17T20:53:01.831501146Z	88.53	2001.284	15.93	86.88	87.46	kafka-001	15.93
1645.894	86.88	397	2018-08-17T20:53:08.842270028Z	88.54	1313.441	15.93	82.14	87.33	kafka-001	15.93
1664.323	82.14	397	2018-08-17T20:53:15.852914944Z	88.56	2019.287	15.93	83.87	86.51	kafka-001	15.93
1669.827	83.87	397	2018-08-17T20:53:22.863476302Z	88.57	1315.032	15.93	77.34	86.18	kafka-001	15.93
1660.847	77.34	397	2018-08-17T20:53:29.873458494Z	88.58	1321.924	15.93	87.12	84.03	kafka-001	15.93
1655.051	87.12	397	2018-08-17T20:53:36.883816064Z	88.59	2007.532	15.93	79.44	84.17	kafka-001	15.93
1662.64	79.44	397	2018-08-17T20:53:43.895656191Z	88.6	1317.423	15.93	88.84	82.8	kafka-001	15.93
1660.802	88.84	397	2018-08-17T20:53:50.907568424Z	88.61	2014.836	15.93	81.93	83.13	kafka-001	15.93
1657.415	81.93	397	2018-08-17T20:53:57.92235533Z	88.62	1312.602	15.93	85.96	83.09	kafka-001	15.93
1662.074	85.96	397	2018-08-17T20:54:04.93342771Z	88.63	1316.187	15.93	84.43	83.44	kafka-001	15.93
1666.845	84.43	397	2018-08-17T20:54:11.943910109Z	88.65	2008.433	15.93	87.92	84.62	kafka-001	15.93
