net_receive	host_cpu	sensor_count	timestamp	memory%	net_send	memory_active_anon%	container_cpu%	host_moving_avg_cpu	name	memory_rss%
13224118.971	0	2	2018-08-17T14:03:42.505904224Z	70.23	13898911.718	15.93	2.64	nan	kafka-001	15.93
37.81	2.64	6	2018-08-17T14:03:49.5203809Z	70.23	30.544	15.93	3.62	nan	kafka-001	15.93
64.347	3.62	10	2018-08-17T14:03:56.533470399Z	70.23	89.37	15.93	4.89	nan	kafka-001	15.93
76.165	4.89	14	2018-08-17T14:04:03.545013753Z	70.23	69.921	15.93	4.27	nan	kafka-001	15.93
95.668	4.27	18	2018-08-17T14:04:10.556191393Z	70.23	112.476	15.93	8.02	nan	kafka-001	15.93
106.053	8.02	21	2018-08-17T14:04:17.568769136Z	70.23	91.061	15.93	6.82	3.91	kafka-001	15.93
119.663	6.82	24	2018-08-17T14:04:24.580452036Z	70.23	103.017	15.93	7.79	5.04	kafka-001	15.93
135.926	7.79	27	2018-08-17T14:04:31.59520067Z	70.23	163.11	15.93	8.32	5.9	kafka-001	15.93
142.533	8.32	29	2018-08-17T14:04:38.609770654Z	70.23	119.831	15.93	10.36	6.68	kafka-001	15.93
159.174	10.36	32	2018-08-17T14:04:45.621009038Z	70.23	190.883	15.93	10.86	7.6	kafka-001	15.93
164.348	10.86	35	2018-08-17T14:04:52.632460562Z	70.24	140.022	15.93	9.66	8.7	kafka-001	15.93
170.944	9.66	37	2018-08-17T14:04:59.643575232Z	70.24	143.046	15.93	10.22	8.97	kafka-001	15.93
187.566	10.22	40	2018-08-17T14:05:06.65532785Z	70.24	226.094	15.93	10.3	9.54	kafka-001	15.93
195.699	10.3	42	2018-08-17T14:05:13.665665233Z	70.24	168.291	15.93	10.63	9.95	kafka-001	15.93
208.186	10.63	45	2018-08-17T14:05:20.680552392Z	70.24	250.018	15.93	12.71	10.34	kafka-001	15.93
206.399	12.71	47	2018-08-17T14:05:27.691409288Z	70.24	179.982	15.93	11.83	10.73	kafka-001	15.93
218.593	11.83	49	2018-08-17T14:05:34.702231012Z	70.24	188.95	15.93	11.62	10.89	kafka-001	15.93
231.888	11.62	51	2018-08-17T14:05:41.714523114Z	70.24	289.046	15.93	11.02	11.22	kafka-001	15.93
221.869	11.02	53	2018-08-17T14:05:48.725746916Z	70.25	198.304	15.93	14.68	11.35	kafka-001	15.93
248.048	14.68	55	2018-08-17T14:05:55.742108797Z	70.25	308.432	15.93	16.11	12.08	kafka-001	15.93
248.137	16.11	57	2018-08-17T14:06:02.752332024Z	70.25	208.796	15.93	14.34	13.0	kafka-001	15.93
261.213	14.34	59	2018-08-17T14:06:09.763932743Z	70.25	216.522	15.93	14.92	13.27	kafka-001	15.93
270.208	14.92	61	2018-08-17T14:06:16.774895772Z	70.25	328.518	15.93	16.31	13.78	kafka-001	15.93
279.305	16.31	63	2018-08-17T14:06:23.787584274Z	70.25	234.842	15.93	17.09	14.56	kafka-001	15.93
287.506	17.09	65	2018-08-17T14:06:30.800441681Z	70.26	355.96	15.93	16.5	15.58	kafka-001	15.93
292.073	16.5	66	2018-08-17T14:06:37.813966576Z	70.26	241.262	15.93	22.99	15.88	kafka-001	15.93
298.963	22.99	68	2018-08-17T14:06:44.828035334Z	70.26	248.346	15.93	16.79	17.03	kafka-001	15.93
303.266	16.79	70	2018-08-17T14:06:51.842167057Z	70.26	371.422	15.93	18.46	17.43	kafka-001	15.93
314.927	18.46	72	2018-08-17T14:06:58.853119309Z	70.27	260.814	15.93	19.79	18.02	kafka-001	15.93
324.624	19.79	73	2018-08-17T14:07:05.863978069Z	70.27	387.864	15.93	19.45	18.6	kafka-001	15.93
327.136	19.45	75	2018-08-17T14:07:12.876818246Z	70.27	269.998	15.93	18.07	19.0	kafka-001	15.93
337.134	18.07	77	2018-08-17T14:07:19.888840604Z	70.27	278.257	15.93	20.27	19.26	kafka-001	15.93
345.598	20.27	78	2018-08-17T14:07:26.899181288Z	70.27	421.295	15.93	19.17	18.81	kafka-001	15.93
353.9	19.17	80	2018-08-17T14:07:33.912550452Z	70.27	286.848	15.93	22.23	19.2	kafka-001	15.93
365.942	22.23	81	2018-08-17T14:07:40.929619517Z	70.28	438.484	15.93	20.13	19.83	kafka-001	15.93
361.398	20.13	83	2018-08-17T14:07:47.941093903Z	70.28	298.402	15.93	20.8	19.89	kafka-001	15.93
370.177	20.8	85	2018-08-17T14:07:54.952209748Z	70.28	304.704	15.93	21.34	20.11	kafka-001	15.93
371.342	21.34	86	2018-08-17T14:08:01.965741685Z	70.28	456.562	15.93	22.26	20.66	kafka-001	15.93
383.773	22.26	88	2018-08-17T14:08:08.978077519Z	70.29	312.416	15.93	21.73	20.99	kafka-001	15.93
383.595	21.73	89	2018-08-17T14:08:15.994195913Z	70.29	468.408	15.93	23.56	21.42	kafka-001	15.93
383.666	23.56	91	2018-08-17T14:08:23.003995088Z	70.29	321.566	15.93	21.56	21.64	kafka-001	15.93
396.384	21.56	92	2018-08-17T14:08:30.015293035Z	70.3	327.226	15.93	24.28	21.88	kafka-001	15.93
399.793	24.28	93	2018-08-17T14:08:37.027369284Z	70.3	497.022	15.93	21.9	22.46	kafka-001	15.93
410.227	21.9	95	2018-08-17T14:08:44.039785171Z	70.3	339.522	15.93	24.73	22.55	kafka-001	15.93
419.712	24.73	96	2018-08-17T14:08:51.04866142Z	70.3	517.077	15.93	22.95	22.96	kafka-001	15.93
423.105	22.95	98	2018-08-17T14:08:58.060276762Z	70.31	348.304	15.93	24.52	23.16	kafka-001	15.93
430.984	24.52	99	2018-08-17T14:09:05.07173999Z	70.31	525.709	15.93	24.97	23.32	kafka-001	15.93
430.107	24.97	100	2018-08-17T14:09:12.082367907Z	70.31	355.171	15.93	24.67	23.89	kafka-001	15.93
426.357	24.67	101	2018-08-17T14:09:19.094254536Z	70.32	349.288	15.93	23.01	23.96	kafka-001	15.93
445.076	23.01	103	2018-08-17T14:09:26.105729516Z	70.32	546.03	15.93	25.42	24.14	kafka-001	15.93
453.291	25.42	104	2018-08-17T14:09:33.115155156Z	70.32	375.522	15.93	25.96	24.26	kafka-001	15.93
455.936	25.96	105	2018-08-17T14:09:40.125655341Z	70.32	564.288	15.93	27.79	24.76	kafka-001	15.93
462.305	27.79	107	2018-08-17T14:09:47.135429372Z	70.33	382.644	15.93	25.33	25.3	kafka-001	15.93
466.255	25.33	108	2018-08-17T14:09:54.146879512Z	70.33	381.942	15.93	27.68	25.36	kafka-001	15.93
477.862	27.68	109	2018-08-17T14:10:01.158776045Z	70.33	577.79	15.93	33.63	25.87	kafka-001	15.93
475.299	33.63	110	2018-08-17T14:10:08.1715818Z	70.34	392.911	15.93	28.43	27.64	kafka-001	15.93
490.564	28.43	111	2018-08-17T14:10:15.184634023Z	70.34	593.33	15.93	33.33	28.14	kafka-001	15.93
486.494	33.33	113	2018-08-17T14:10:22.197549681Z	70.34	397.037	15.93	25.92	29.37	kafka-001	15.93
488.472	25.92	114	2018-08-17T14:10:29.209692898Z	70.35	397.638	15.93	32.02	29.05	kafka-001	15.93
503.754	32.02	115	2018-08-17T14:10:36.221037453Z	70.35	614.996	15.93	28.32	30.17	kafka-001	15.93
507.189	28.32	116	2018-08-17T14:10:43.233900892Z	70.35	412.616	15.93	28.76	30.28	kafka-001	15.93
511.326	28.76	117	2018-08-17T14:10:50.245744494Z	70.36	622.962	15.93	29.86	29.46	kafka-001	15.93
508.329	29.86	119	2018-08-17T14:10:57.256665104Z	70.36	418.647	15.93	28.28	29.7	kafka-001	15.93
519.855	28.28	120	2018-08-17T14:11:04.272773677Z	70.36	423.793	15.93	29.96	28.86	kafka-001	15.93
524.734	29.96	121	2018-08-17T14:11:11.283045091Z	70.37	640.494	15.93	28.95	29.53	kafka-001	15.93
523.373	28.95	122	2018-08-17T14:11:18.295186507Z	70.37	430.706	15.93	30.32	29.02	kafka-001	15.93
536.158	30.32	123	2018-08-17T14:11:25.306940629Z	70.37	651.086	15.93	32.48	29.36	kafka-001	15.93
538.455	32.48	124	2018-08-17T14:11:32.318383585Z	70.38	432.52	15.93	31.29	29.98	kafka-001	15.93
539.065	31.29	125	2018-08-17T14:11:39.330428823Z	70.38	445.607	15.93	29.38	30.21	kafka-001	15.93
553.254	29.38	126	2018-08-17T14:11:46.344782876Z	70.38	670.613	15.93	31.49	30.4	kafka-001	15.93
553.965	31.49	127	2018-08-17T14:11:53.354191141Z	70.39	450.179	15.93	36.13	30.65	kafka-001	15.93
557.862	36.13	129	2018-08-17T14:12:00.364803941Z	70.39	674.77	15.93	30.5	31.85	kafka-001	15.93
557.851	30.5	130	2018-08-17T14:12:07.375631756Z	70.4	453.107	15.93	30.09	31.88	kafka-001	15.93
559.125	30.09	131	2018-08-17T14:12:14.38628763Z	70.4	448.321	15.93	31.7	31.48	kafka-001	15.93
573.778	31.7	132	2018-08-17T14:12:21.398206032Z	70.4	690.402	15.93	31.59	31.55	kafka-001	15.93
570.777	31.59	133	2018-08-17T14:12:28.411707898Z	70.41	466.133	15.93	31.72	31.92	kafka-001	15.93
578.23	31.72	134	2018-08-17T14:12:35.422003127Z	70.41	706.226	15.93	32.76	31.96	kafka-001	15.93
576.137	32.76	135	2018-08-17T14:12:42.43286369Z	70.41	475.584	15.93	32.72	31.39	kafka-001	15.93
587.524	32.72	136	2018-08-17T14:12:49.444747729Z	70.42	477.089	15.93	33.56	31.76	kafka-001	15.93
596.159	33.56	137	2018-08-17T14:12:56.458893653Z	70.42	722.205	15.93	33.93	32.34	kafka-001	15.93
597.363	33.93	138	2018-08-17T14:13:03.471743433Z	70.43	487.081	15.93	35.1	32.71	kafka-001	15.93
594.418	35.1	139	2018-08-17T14:13:10.482396433Z	70.43	721.178	15.93	35.21	33.3	kafka-001	15.93
593.203	35.21	140	2018-08-17T14:13:17.494661064Z	70.43	488.985	15.93	34.74	33.88	kafka-001	15.93
592.231	34.74	141	2018-08-17T14:13:24.506341124Z	70.44	489.327	15.93	33.56	34.21	kafka-001	15.93
603.424	33.56	142	2018-08-17T14:13:31.517012074Z	70.44	740.557	15.93	36.0	34.35	kafka-001	15.93
600.105	36.0	143	2018-08-17T14:13:38.529230254Z	70.45	497.843	15.93	35.63	34.76	kafka-001	15.93
599.888	35.63	144	2018-08-17T14:13:45.540738968Z	70.45	746.971	15.93	36.14	35.04	kafka-001	15.93
613.495	36.14	145	2018-08-17T14:13:52.555904267Z	70.46	501.012	15.93	34.03	35.21	kafka-001	15.93
619.077	34.03	146	2018-08-17T14:13:59.571872983Z	70.46	506.426	15.93	40.03	35.02	kafka-001	15.93
618.61	40.03	147	2018-08-17T14:14:06.584362027Z	70.46	762.593	15.93	34.78	35.9	kafka-001	15.93
621.825	34.78	148	2018-08-17T14:14:13.59594799Z	70.47	515.202	15.93	37.29	36.1	kafka-001	15.93
642.61	37.29	149	2018-08-17T14:14:20.606366161Z	70.47	788.29	15.93	34.86	36.32	kafka-001	15.93
629.883	34.86	150	2018-08-17T14:14:27.618130045Z	70.48	522.952	15.93	35.93	36.19	kafka-001	15.93
638.126	35.93	151	2018-08-17T14:14:34.628939695Z	70.48	528.98	15.93	34.42	36.15	kafka-001	15.93
646.361	34.42	152	2018-08-17T14:14:41.640626121Z	70.49	795.185	15.93	36.66	36.22	kafka-001	15.93
644.653	36.66	153	2018-08-17T14:14:48.655167517Z	70.49	532.728	15.93	37.92	35.66	kafka-001	15.93
660.516	37.92	154	2018-08-17T14:14:55.67516564Z	70.49	812.768	15.93	38.97	36.18	kafka-001	15.93
658.541	38.97	155	2018-08-17T14:15:02.687124807Z	70.5	538.404	15.93	25.48	36.46	kafka-001	15.93
668.111	25.48	156	2018-08-17T14:15:09.698159087Z	70.5	543.464	15.93	37.97	34.9	kafka-001	15.93
677.288	37.97	157	2018-08-17T14:15:16.712201997Z	70.51	826.072	15.93	37.98	35.24	kafka-001	15.93
676.741	37.98	158	2018-08-17T14:15:23.733414023Z	70.51	536.876	15.93	39.24	35.83	kafka-001	15.93
690.864	39.24	159	2018-08-17T14:15:30.749026378Z	70.52	836.474	15.93	34.69	36.26	kafka-001	15.93
689.077	34.69	160	2018-08-17T14:15:37.761374755Z	70.52	559.084	15.93	39.17	35.72	kafka-001	15.93
692.953	39.17	161	2018-08-17T14:15:44.772185637Z	70.53	561.149	15.93	36.53	35.76	kafka-001	15.93
698.42	36.53	161	2018-08-17T14:15:51.783195309Z	70.53	851.05	15.93	38.94	37.6	kafka-001	15.93
695.125	38.94	162	2018-08-17T14:15:58.797489265Z	70.54	568.942	15.93	40.06	37.76	kafka-001	15.93
698.496	40.06	163	2018-08-17T14:16:05.809462796Z	70.54	850.008	15.93	46.68	38.11	kafka-001	15.93
697.067	46.68	164	2018-08-17T14:16:12.822756175Z	70.55	571.052	15.93	39.03	39.35	kafka-001	15.93
700.797	39.03	165	2018-08-17T14:16:19.833866241Z	70.55	573.306	15.93	39.81	40.07	kafka-001	15.93
706.43	39.81	166	2018-08-17T14:16:26.848012178Z	70.56	867.238	15.93	38.2	40.18	kafka-001	15.93
686.725	38.2	167	2018-08-17T14:16:33.862935936Z	70.56	570.162	15.93	45.16	40.45	kafka-001	15.93
716.803	45.16	168	2018-08-17T14:16:40.875105461Z	70.57	879.837	15.93	40.55	41.49	kafka-001	15.93
714.818	40.55	169	2018-08-17T14:16:47.886587109Z	70.57	568.117	15.93	41.17	41.57	kafka-001	15.93
720.545	41.17	169	2018-08-17T14:16:54.906615307Z	70.58	584.925	15.93	39.66	40.65	kafka-001	15.93
731.396	39.66	170	2018-08-17T14:17:01.916984135Z	70.58	892.764	15.93	39.82	40.76	kafka-001	15.93
723.897	39.82	171	2018-08-17T14:17:08.928562607Z	70.59	588.396	15.93	44.84	40.76	kafka-001	15.93
725.172	44.84	172	2018-08-17T14:17:15.948295724Z	70.59	897.254	15.93	42.9	41.87	kafka-001	15.93
738.393	42.9	173	2018-08-17T14:17:22.959909853Z	70.6	591.73	15.93	40.41	41.49	kafka-001	15.93
743.855	40.41	174	2018-08-17T14:17:29.971073353Z	70.6	606.074	15.93	40.99	41.47	kafka-001	15.93
743.938	40.99	174	2018-08-17T14:17:36.982835385Z	70.61	913.464	15.93	42.57	41.44	kafka-001	15.93
739.113	42.57	175	2018-08-17T14:17:43.993996445Z	70.61	607.064	15.93	43.54	41.92	kafka-001	15.93
750.668	43.54	176	2018-08-17T14:17:51.006498034Z	70.61	918.559	15.93	48.36	42.54	kafka-001	15.93
755.705	48.36	177	2018-08-17T14:17:58.017924532Z	70.62	614.493	15.93	42.99	43.13	kafka-001	15.93
752.366	42.99	178	2018-08-17T14:18:05.028019439Z	70.63	617.217	15.93	37.3	43.14	kafka-001	15.93
758.677	37.3	179	2018-08-17T14:18:12.040706495Z	70.63	926.358	15.93	43.41	42.63	kafka-001	15.93
758.653	43.41	179	2018-08-17T14:18:19.052641267Z	70.64	623.113	15.93	43.57	43.03	kafka-001	15.93
764.279	43.57	180	2018-08-17T14:18:26.065501273Z	70.64	928.926	15.93	42.89	43.2	kafka-001	15.93
772.332	42.89	181	2018-08-17T14:18:33.081300646Z	70.65	626.376	15.93	41.87	43.09	kafka-001	15.93
781.712	41.87	182	2018-08-17T14:18:40.092582062Z	70.65	950.234	15.93	45.41	42.01	kafka-001	15.93
784.587	45.41	183	2018-08-17T14:18:47.105096566Z	70.66	631.143	15.93	45.12	42.41	kafka-001	15.93
772.531	45.12	184	2018-08-17T14:18:54.117098245Z	70.66	626.711	15.93	45.47	43.71	kafka-001	15.93
791.3	45.47	184	2018-08-17T14:19:01.129221815Z	70.67	957.679	15.93	45.03	44.06	kafka-001	15.93
786.451	45.03	185	2018-08-17T14:19:08.145957154Z	70.67	639.606	15.93	45.76	44.3	kafka-001	15.93
797.67	45.76	186	2018-08-17T14:19:15.156729834Z	70.68	960.67	15.93	46.33	44.78	kafka-001	15.93
800.233	46.33	187	2018-08-17T14:19:22.169242565Z	70.68	643.783	15.93	45.49	45.52	kafka-001	15.93
797.68	45.49	188	2018-08-17T14:19:29.180934921Z	70.69	639.412	15.93	45.38	45.53	kafka-001	15.93
811.853	45.38	188	2018-08-17T14:19:36.196147768Z	70.69	979.917	15.93	45.66	45.58	kafka-001	15.93
804.615	45.66	189	2018-08-17T14:19:43.210487005Z	70.7	649.219	15.93	40.94	45.61	kafka-001	15.93
820.172	40.94	190	2018-08-17T14:19:50.222284446Z	70.71	991.036	15.93	44.14	44.93	kafka-001	15.93
819.547	44.14	191	2018-08-17T14:19:57.234373146Z	70.71	655.402	15.93	43.61	44.66	kafka-001	15.93
824.589	43.61	192	2018-08-17T14:20:04.245753574Z	70.72	660.713	15.93	38.25	44.2	kafka-001	15.93
827.554	38.25	192	2018-08-17T14:20:11.256120606Z	70.72	1000.521	15.93	47.37	43.0	kafka-001	15.93
822.715	47.37	193	2018-08-17T14:20:18.268596168Z	70.73	660.671	15.93	47.44	43.33	kafka-001	15.93
837.31	47.44	194	2018-08-17T14:20:25.280514632Z	70.73	1016.487	15.93	48.99	43.63	kafka-001	15.93
833.897	48.99	195	2018-08-17T14:20:32.294434222Z	70.74	669.123	15.93	48.06	44.97	kafka-001	15.93
826.307	48.06	195	2018-08-17T14:20:39.306110079Z	70.75	672.06	15.93	44.07	45.62	kafka-001	15.93
844.964	44.07	196	2018-08-17T14:20:46.318874038Z	70.75	1021.72	15.93	47.59	45.7	kafka-001	15.93
845.423	47.59	197	2018-08-17T14:20:53.335994392Z	70.76	681.581	15.93	42.66	47.25	kafka-001	15.93
848.296	42.66	198	2018-08-17T14:21:00.347706288Z	70.76	1031.554	15.93	50.22	46.47	kafka-001	15.93
856.351	50.22	198	2018-08-17T14:21:07.359649555Z	70.77	687.814	15.93	50.84	46.93	kafka-001	15.93
850.283	50.84	199	2018-08-17T14:21:14.371184263Z	70.77	688.638	15.93	49.37	47.24	kafka-001	15.93
863.734	49.37	200	2018-08-17T14:21:21.383500512Z	70.78	1047.053	15.93	47.86	47.46	kafka-001	15.93
852.127	47.86	201	2018-08-17T14:21:28.394614534Z	70.79	690.071	15.93	47.88	48.09	kafka-001	15.93
870.16	47.88	201	2018-08-17T14:21:35.406533715Z	70.79	1051.193	15.93	49.18	48.14	kafka-001	15.93
862.384	49.18	202	2018-08-17T14:21:42.417711331Z	70.8	698.134	15.93	46.96	49.22	kafka-001	15.93
866.312	46.96	203	2018-08-17T14:21:49.427940075Z	70.8	697.379	15.93	45.3	48.68	kafka-001	15.93
869.178	45.3	204	2018-08-17T14:21:56.438602378Z	70.81	1054.208	15.93	45.25	47.76	kafka-001	15.93
876.859	45.25	204	2018-08-17T14:22:03.446837555Z	70.82	710.647	15.93	46.25	47.07	kafka-001	15.93
880.084	46.25	205	2018-08-17T14:22:10.457367879Z	70.82	1071.596	15.93	51.87	46.8	kafka-001	15.93
879.499	51.87	206	2018-08-17T14:22:17.468976265Z	70.83	707.369	15.93	48.78	47.47	kafka-001	15.93
881.827	48.78	207	2018-08-17T14:22:24.47958385Z	70.84	709.743	15.93	47.48	47.4	kafka-001	15.93
890.56	47.48	207	2018-08-17T14:22:31.489889086Z	70.84	1082.988	15.93	49.1	47.49	kafka-001	15.93
889.685	49.1	208	2018-08-17T14:22:38.501505538Z	70.85	718.258	15.93	51.1	48.12	kafka-001	15.93
898.756	51.1	209	2018-08-17T14:22:45.512525182Z	70.85	1089.19	15.93	51.75	49.1	kafka-001	15.93
896.543	51.75	210	2018-08-17T14:22:52.525036276Z	70.86	725.228	15.93	49.61	50.01	kafka-001	15.93
898.359	49.61	210	2018-08-17T14:22:59.537789211Z	70.86	724.416	15.93	49.21	49.64	kafka-001	15.93
895.428	49.21	211	2018-08-17T14:23:06.550544031Z	70.87	1096.633	15.93	50.04	49.71	kafka-001	15.93
902.835	50.04	212	2018-08-17T14:23:13.562177975Z	70.88	726.604	15.93	47.58	50.14	kafka-001	15.93
913.264	47.58	213	2018-08-17T14:23:20.575878098Z	70.88	1107.677	15.93	52.55	49.88	kafka-001	15.93
912.357	52.55	213	2018-08-17T14:23:27.588589936Z	70.89	732.008	15.93	50.3	50.12	kafka-001	15.93
915.997	50.3	214	2018-08-17T14:23:34.600362171Z	70.89	737.699	15.93	50.79	49.88	kafka-001	15.93
922.67	50.79	215	2018-08-17T14:23:41.609217244Z	70.9	1119.076	15.93	49.21	50.08	kafka-001	15.93
924.299	49.21	215	2018-08-17T14:23:48.619261347Z	70.91	737.285	15.93	51.93	50.08	kafka-001	15.93
932.092	51.93	216	2018-08-17T14:23:55.629844254Z	70.91	1122.206	15.93	51.49	50.39	kafka-001	15.93
922.073	51.49	217	2018-08-17T14:24:02.64165799Z	70.92	745.054	15.93	46.5	51.05	kafka-001	15.93
930.739	46.5	217	2018-08-17T14:24:09.652452604Z	70.93	749.692	15.93	52.38	50.04	kafka-001	15.93
939.268	52.38	218	2018-08-17T14:24:16.663854908Z	70.93	1133.792	15.93	47.63	50.38	kafka-001	15.93
936.087	47.63	219	2018-08-17T14:24:23.676493668Z	70.94	753.512	15.93	51.62	49.86	kafka-001	15.93
945.059	51.62	220	2018-08-17T14:24:30.688307408Z	70.95	1142.052	15.93	60.87	50.26	kafka-001	15.93
937.832	60.87	220	2018-08-17T14:24:37.699708106Z	70.95	759.531	15.93	52.81	51.75	kafka-001	15.93
932.901	52.81	221	2018-08-17T14:24:44.713353503Z	70.96	755.518	15.93	52.74	51.97	kafka-001	15.93
947.482	52.74	222	2018-08-17T14:24:51.723189864Z	70.97	1156.596	15.93	49.17	53.01	kafka-001	15.93
952.885	49.17	222	2018-08-17T14:24:58.734428551Z	70.97	766.64	15.93	53.66	52.47	kafka-001	15.93
959.289	53.66	223	2018-08-17T14:25:05.745230207Z	70.98	1162.296	15.93	41.54	53.48	kafka-001	15.93
946.552	41.54	224	2018-08-17T14:25:12.756019249Z	70.99	767.025	15.93	49.38	51.8	kafka-001	15.93
944.933	49.38	224	2018-08-17T14:25:19.767310967Z	70.99	765.844	15.93	53.07	49.88	kafka-001	15.93
962.122	53.07	225	2018-08-17T14:25:26.778295712Z	71.0	1171.406	15.93	53.83	49.93	kafka-001	15.93
956.203	53.83	226	2018-08-17T14:25:33.787500884Z	71.01	771.291	15.93	47.16	50.11	kafka-001	15.93
964.268	47.16	226	2018-08-17T14:25:40.800431968Z	71.01	1167.907	15.93	53.66	49.77	kafka-001	15.93
968.233	53.66	227	2018-08-17T14:25:47.81205314Z	71.02	784.429	15.93	53.32	49.77	kafka-001	15.93
972.217	53.32	228	2018-08-17T14:25:54.823019509Z	71.03	779.947	15.93	53.08	51.74	kafka-001	15.93
974.768	53.08	228	2018-08-17T14:26:01.832819428Z	71.03	1190.093	15.93	51.57	52.35	kafka-001	15.93
973.131	51.57	229	2018-08-17T14:26:08.845771557Z	71.04	785.432	15.93	53.23	52.1	kafka-001	15.93
983.21	53.23	230	2018-08-17T14:26:15.857155858Z	71.04	1198.154	15.93	55.75	52.0	kafka-001	15.93
984.927	55.75	230	2018-08-17T14:26:22.873991869Z	71.05	786.326	15.93	54.29	53.44	kafka-001	15.93
989.069	54.29	231	2018-08-17T14:26:29.884954898Z	71.06	797.778	15.93	55.1	53.54	kafka-001	15.93
992.612	55.1	232	2018-08-17T14:26:36.895466724Z	71.06	1202.069	15.93	47.85	53.84	kafka-001	15.93
982.407	47.85	232	2018-08-17T14:26:43.908751121Z	71.07	796.175	15.93	57.15	52.97	kafka-001	15.93
994.06	57.15	233	2018-08-17T14:26:50.922746716Z	71.08	1213.412	15.93	48.61	53.9	kafka-001	15.93
976.553	48.61	234	2018-08-17T14:26:57.937059371Z	71.09	800.091	15.93	53.57	53.13	kafka-001	15.93
995.683	53.57	234	2018-08-17T14:27:04.950459006Z	71.09	796.532	15.93	54.16	52.76	kafka-001	15.93
990.39	54.16	235	2018-08-17T14:27:11.963034453Z	71.1	1215.283	15.93	57.02	52.74	kafka-001	15.93
1003.139	57.02	235	2018-08-17T14:27:18.974535807Z	71.11	805.806	15.93	57.31	53.06	kafka-001	15.93
1007.568	57.31	236	2018-08-17T14:27:25.985498418Z	71.11	1230.187	15.93	60.99	54.64	kafka-001	15.93
1004.66	60.99	237	2018-08-17T14:27:32.99818939Z	71.12	810.522	15.93	55.9	55.28	kafka-001	15.93
1009.403	55.9	237	2018-08-17T14:27:40.012770531Z	71.13	813.067	15.93	57.51	56.49	kafka-001	15.93
1019.551	57.51	238	2018-08-17T14:27:47.027208435Z	71.13	1233.034	15.93	53.25	57.15	kafka-001	15.93
1012.065	53.25	239	2018-08-17T14:27:54.040545165Z	71.14	814.542	15.93	58.69	57.0	kafka-001	15.93
1023.3	58.69	239	2018-08-17T14:28:01.054003747Z	71.15	1248.232	15.93	54.38	57.28	kafka-001	15.93
1018.255	54.38	240	2018-08-17T14:28:08.064991929Z	71.15	826.813	15.93	56.11	56.79	kafka-001	15.93
1016.374	56.11	241	2018-08-17T14:28:15.077362264Z	71.16	1249.943	15.93	56.15	55.97	kafka-001	15.93
1014.631	56.15	241	2018-08-17T14:28:22.089381645Z	71.17	822.411	15.93	52.06	56.02	kafka-001	15.93
1009.665	52.06	242	2018-08-17T14:28:29.101132212Z	71.18	825.223	15.93	58.51	55.11	kafka-001	15.93
1032.958	58.51	243	2018-08-17T14:28:36.116945846Z	71.18	1256.292	15.93	58.62	55.98	kafka-001	15.93
1021.785	58.62	243	2018-08-17T14:28:43.129043747Z	71.19	828.62	15.93	53.16	55.97	kafka-001	15.93
1036.728	53.16	244	2018-08-17T14:28:50.14320561Z	71.2	1271.921	15.93	58.84	55.77	kafka-001	15.93
1036.407	58.84	244	2018-08-17T14:28:57.166992826Z	71.21	842.525	15.93	57.0	56.22	kafka-001	15.93
1031.319	57.0	245	2018-08-17T14:29:04.180767954Z	71.21	833.242	15.93	57.36	56.37	kafka-001	15.93
1042.216	57.36	246	2018-08-17T14:29:11.192006094Z	71.22	1274.842	15.93	50.14	57.25	kafka-001	15.93
1044.101	50.14	246	2018-08-17T14:29:18.204668153Z	71.23	847.251	15.93	58.08	55.85	kafka-001	15.93
1043.274	58.08	247	2018-08-17T14:29:25.216158152Z	71.23	1279.938	15.93	58.46	55.76	kafka-001	15.93
1038.943	58.46	248	2018-08-17T14:29:32.228673891Z	71.24	851.427	15.93	63.38	56.65	kafka-001	15.93
1047.065	63.38	248	2018-08-17T14:29:39.241326078Z	71.25	852.884	15.93	58.59	57.4	kafka-001	15.93
1051.094	58.59	249	2018-08-17T14:29:46.254877546Z	71.26	1285.615	15.93	60.57	57.67	kafka-001	15.93
1047.907	60.57	249	2018-08-17T14:29:53.266852291Z	71.26	848.718	15.93	57.35	58.2	kafka-001	15.93
1061.624	57.35	250	2018-08-17T14:30:00.278634536Z	71.27	1299.679	15.93	58.03	59.4	kafka-001	15.93
1066.159	58.03	251	2018-08-17T14:30:07.291782295Z	71.28	861.633	15.93	56.79	59.4	kafka-001	15.93
1049.159	56.79	251	2018-08-17T14:30:14.304072279Z	71.28	846.409	15.93	56.62	59.12	kafka-001	15.93
1057.306	56.62	252	2018-08-17T14:30:21.320769602Z	71.29	1307.176	15.93	58.62	57.99	kafka-001	15.93
1064.641	58.62	252	2018-08-17T14:30:28.333746945Z	71.3	866.647	15.93	60.64	58.0	kafka-001	15.93
1079.052	60.64	253	2018-08-17T14:30:35.347082542Z	71.31	1309.431	15.93	52.08	58.01	kafka-001	15.93
1066.895	52.08	254	2018-08-17T14:30:42.358221803Z	71.31	870.606	15.93	56.94	57.13	kafka-001	15.93
1050.781	56.94	254	2018-08-17T14:30:49.370462483Z	71.32	853.889	15.93	57.04	56.95	kafka-001	15.93
1064.232	57.04	255	2018-08-17T14:30:56.390643792Z	71.33	1312.53	15.93	59.17	56.99	kafka-001	15.93
1060.821	59.17	256	2018-08-17T14:31:03.402451921Z	71.34	874.438	15.93	61.74	57.42	kafka-001	15.93
1065.148	61.74	256	2018-08-17T14:31:10.420201313Z	71.34	1331.563	15.93	60.86	57.94	kafka-001	15.93
1069.511	60.86	257	2018-08-17T14:31:17.432004873Z	71.35	872.04	15.93	53.79	57.97	kafka-001	15.93
1085.503	53.79	257	2018-08-17T14:31:24.442775369Z	71.36	881.914	15.93	60.31	58.26	kafka-001	15.93
1089.644	60.31	258	2018-08-17T14:31:31.453839107Z	71.37	1334.018	15.93	54.12	58.82	kafka-001	15.93
1095.635	54.12	258	2018-08-17T14:31:38.465305698Z	71.38	885.177	15.93	59.48	58.33	kafka-001	15.93
1096.4	59.48	259	2018-08-17T14:31:45.477770611Z	71.38	1339.671	15.93	56.62	58.38	kafka-001	15.93
1104.569	56.62	260	2018-08-17T14:31:52.489611714Z	71.39	891.609	15.93	59.17	57.53	kafka-001	15.93
1106.647	59.17	260	2018-08-17T14:31:59.501914177Z	71.4	887.398	15.93	58.69	57.25	kafka-001	15.93
1113.72	58.69	261	2018-08-17T14:32:06.514229451Z	71.4	1348.495	15.93	68.61	58.07	kafka-001	15.93
1104.191	68.61	261	2018-08-17T14:32:13.525073186Z	71.41	892.314	15.93	58.99	59.45	kafka-001	15.93
1111.694	58.99	262	2018-08-17T14:32:20.538625261Z	71.42	1354.575	15.93	61.01	60.26	kafka-001	15.93
1107.713	61.01	263	2018-08-17T14:32:27.549430111Z	71.43	897.516	15.93	57.19	60.52	kafka-001	15.93
1114.293	57.19	263	2018-08-17T14:32:34.559939938Z	71.43	903.702	15.93	62.35	60.61	kafka-001	15.93
1111.758	62.35	264	2018-08-17T14:32:41.57115162Z	71.44	1668.189	15.93	59.41	61.14	kafka-001	15.93
1105.121	59.41	264	2018-08-17T14:32:48.584066255Z	71.45	903.357	15.93	62.8	61.26	kafka-001	15.93
1117.316	62.8	265	2018-08-17T14:32:55.596811407Z	71.46	1377.363	15.93	62.57	60.29	kafka-001	15.93
1122.745	62.57	266	2018-08-17T14:33:02.608094234Z	71.47	905.901	15.93	60.79	60.89	kafka-001	15.93
1126.927	60.79	266	2018-08-17T14:33:09.619421204Z	71.47	909.625	15.93	62.03	60.85	kafka-001	15.93
1141.944	62.03	267	2018-08-17T14:33:16.631335036Z	71.48	1374.942	15.93	63.9	61.66	kafka-001	15.93
1135.199	63.9	267	2018-08-17T14:33:23.643800853Z	71.49	909.622	15.93	61.06	61.92	kafka-001	15.93
1145.328	61.06	268	2018-08-17T14:33:30.6539636Z	71.5	1389.044	15.93	64.46	62.19	kafka-001	15.93
1139.609	64.46	268	2018-08-17T14:33:37.664481509Z	71.51	921.158	15.93	63.0	62.47	kafka-001	15.93
1139.575	63.0	269	2018-08-17T14:33:44.674413348Z	71.51	913.591	15.93	61.48	62.54	kafka-001	15.93
1148.562	61.48	270	2018-08-17T14:33:51.686870342Z	71.52	1395.744	15.93	56.9	62.66	kafka-001	15.93
1145.475	56.9	270	2018-08-17T14:33:58.700716463Z	71.53	925.281	15.93	65.46	61.8	kafka-001	15.93
1156.966	65.46	271	2018-08-17T14:34:05.715985511Z	71.53	1409.153	15.93	65.64	62.06	kafka-001	15.93
1133.559	65.64	271	2018-08-17T14:34:12.726727782Z	71.54	923.741	15.93	63.1	62.82	kafka-001	15.93
1148.041	63.1	272	2018-08-17T14:34:19.739800858Z	71.55	930.183	15.93	55.58	62.6	kafka-001	15.93
1156.516	55.58	272	2018-08-17T14:34:26.75105439Z	71.56	1407.854	15.93	62.23	61.36	kafka-001	15.93
1147.587	62.23	273	2018-08-17T14:34:33.764903332Z	71.57	923.277	15.93	58.46	61.49	kafka-001	15.93
1164.502	58.46	274	2018-08-17T14:34:40.779956514Z	71.58	1422.436	15.93	65.98	61.75	kafka-001	15.93
1160.905	65.98	274	2018-08-17T14:34:47.792079938Z	71.58	932.088	15.93	53.92	61.83	kafka-001	15.93
1170.157	53.92	275	2018-08-17T14:34:54.805098219Z	71.59	943.749	15.93	63.05	59.88	kafka-001	15.93
1179.778	63.05	275	2018-08-17T14:35:01.81624751Z	71.6	1426.172	15.93	65.26	59.87	kafka-001	15.93
1179.754	65.26	276	2018-08-17T14:35:08.829487905Z	71.61	945.744	15.93	65.67	61.48	kafka-001	15.93
1178.931	65.67	276	2018-08-17T14:35:15.843912443Z	71.62	1431.428	15.93	64.87	62.06	kafka-001	15.93
1163.211	64.87	277	2018-08-17T14:35:22.85588247Z	71.63	936.629	15.93	62.4	63.13	kafka-001	15.93
1175.822	62.4	278	2018-08-17T14:35:29.865822628Z	71.63	952.514	15.93	70.91	62.53	kafka-001	15.93
1179.333	70.91	278	2018-08-17T14:35:36.878222872Z	71.64	1437.024	15.93	65.56	65.36	kafka-001	15.93
1174.509	65.56	279	2018-08-17T14:35:43.889170572Z	71.65	951.636	15.93	61.04	65.78	kafka-001	15.93
1188.644	61.04	279	2018-08-17T14:35:50.909163735Z	71.66	1443.893	15.93	66.29	65.08	kafka-001	15.93
1188.213	66.29	280	2018-08-17T14:35:57.918079637Z	71.67	955.244	15.93	59.67	65.18	kafka-001	15.93
1189.773	59.67	280	2018-08-17T14:36:04.928544779Z	71.67	957.694	15.93	63.72	64.31	kafka-001	15.93
1200.412	63.72	281	2018-08-17T14:36:11.938108596Z	71.68	1455.159	15.93	64.89	64.53	kafka-001	15.93
1180.655	64.89	281	2018-08-17T14:36:18.948435992Z	71.69	957.574	15.93	65.12	63.53	kafka-001	15.93
1198.006	65.12	282	2018-08-17T14:36:25.957954708Z	71.7	1461.959	15.93	60.65	63.46	kafka-001	15.93
1186.143	60.65	283	2018-08-17T14:36:32.969398456Z	71.71	958.833	15.93	66.89	63.39	kafka-001	15.93
1196.316	66.89	283	2018-08-17T14:36:39.97877784Z	71.72	966.232	15.93	60.87	63.49	kafka-001	15.93
1203.337	60.87	284	2018-08-17T14:36:46.990921663Z	71.72	1467.54	15.93	65.99	63.69	kafka-001	15.93
1196.173	65.99	284	2018-08-17T14:36:53.999913612Z	71.73	964.668	15.93	65.17	64.07	kafka-001	15.93
1197.372	65.17	285	2018-08-17T14:37:01.01407992Z	71.74	1475.962	15.93	61.23	64.12	kafka-001	15.93
1189.343	61.23	285	2018-08-17T14:37:08.024106534Z	71.75	956.291	15.93	71.45	63.47	kafka-001	15.93
1215.392	71.45	286	2018-08-17T14:37:15.03610571Z	71.76	1023.873	15.93	66.69	65.27	kafka-001	15.93
1204.481	66.69	286	2018-08-17T14:37:22.047888755Z	71.76	1432.971	15.93	67.23	65.23	kafka-001	15.93
1210.561	67.23	287	2018-08-17T14:37:29.058564069Z	71.77	979.071	15.93	67.09	66.29	kafka-001	15.93
1210.362	67.09	287	2018-08-17T14:37:36.070323844Z	71.78	1482.741	15.93	67.96	66.48	kafka-001	15.93
1209.579	67.96	288	2018-08-17T14:37:43.083921218Z	71.79	977.352	15.93	67.63	66.94	kafka-001	15.93
1228.446	67.63	289	2018-08-17T14:37:50.093722011Z	71.8	1500.05	15.93	74.81	68.01	kafka-001	15.93
1220.883	74.81	289	2018-08-17T14:37:57.105869466Z	71.81	985.713	15.93	68.57	68.57	kafka-001	15.93
1227.501	68.57	290	2018-08-17T14:38:04.116828814Z	71.82	985.775	15.93	69.3	68.88	kafka-001	15.93
1230.366	69.3	290	2018-08-17T14:38:11.128154699Z	71.82	1503.458	15.93	66.49	69.23	kafka-001	15.93
1228.467	66.49	291	2018-08-17T14:38:18.137508454Z	71.83	986.34	15.93	64.14	69.13	kafka-001	15.93
1233.916	64.14	291	2018-08-17T14:38:25.150973198Z	71.84	1505.279	15.93	77.95	68.49	kafka-001	15.93
1230.026	77.95	292	2018-08-17T14:38:32.16221562Z	71.85	994.669	15.93	67.68	70.21	kafka-001	15.93
1232.48	67.68	292	2018-08-17T14:38:39.17331509Z	71.86	993.488	15.93	67.49	69.02	kafka-001	15.93
1235.376	67.49	293	2018-08-17T14:38:46.181523349Z	71.87	1509.172	15.93	63.43	68.84	kafka-001	15.93
1240.85	63.43	293	2018-08-17T14:38:53.193135501Z	71.88	1000.456	15.93	69.34	67.86	kafka-001	15.93
1250.095	69.34	294	2018-08-17T14:39:00.205106153Z	71.89	1524.921	15.93	71.67	68.34	kafka-001	15.93
1249.381	71.67	294	2018-08-17T14:39:07.216419741Z	71.89	1001.449	15.93	62.6	69.59	kafka-001	15.93
1255.613	62.6	295	2018-08-17T14:39:14.22679216Z	71.9	1004.696	15.93	69.7	67.04	kafka-001	15.93
1259.374	69.7	295	2018-08-17T14:39:21.239951576Z	71.91	1529.258	15.93	61.99	67.37	kafka-001	15.93
1256.179	61.99	296	2018-08-17T14:39:28.251087653Z	71.92	1010.468	15.93	68.24	66.46	kafka-001	15.93
1264.816	68.24	297	2018-08-17T14:39:35.265342129Z	71.93	1537.442	15.93	66.82	67.26	kafka-001	15.93
1256.273	66.82	297	2018-08-17T14:39:42.277014256Z	71.94	1011.148	15.93	70.1	66.84	kafka-001	15.93
1272.029	70.1	298	2018-08-17T14:39:49.288817171Z	71.94	1016.304	15.93	67.3	66.58	kafka-001	15.93
1273.43	67.3	298	2018-08-17T14:39:56.302973246Z	71.95	1536.532	15.93	70.25	67.36	kafka-001	15.93
1275.913	70.25	299	2018-08-17T14:40:03.315441013Z	71.96	1018.956	15.93	62.79	67.45	kafka-001	15.93
1276.42	62.79	299	2018-08-17T14:40:10.326421172Z	71.97	1548.774	15.93	71.54	67.58	kafka-001	15.93
1280.947	71.54	300	2018-08-17T14:40:17.337192554Z	71.98	1032.261	15.93	68.71	68.13	kafka-001	15.93
1268.903	68.71	300	2018-08-17T14:40:24.351362832Z	71.99	1007.664	15.93	69.02	68.45	kafka-001	15.93
1283.419	69.02	301	2018-08-17T14:40:31.366474425Z	72.0	1556.234	15.93	67.36	68.27	kafka-001	15.93
1270.608	67.36	301	2018-08-17T14:40:38.379576723Z	72.01	1028.332	15.93	72.04	68.28	kafka-001	15.93
1267.842	72.04	302	2018-08-17T14:40:45.392936398Z	72.01	1555.788	15.93	65.99	68.58	kafka-001	15.93
1269.457	65.99	302	2018-08-17T14:40:52.40464962Z	72.02	1032.114	15.93	72.96	69.11	kafka-001	15.93
1277.553	72.96	303	2018-08-17T14:40:59.416850173Z	72.03	1028.128	15.93	70.79	69.35	kafka-001	15.93
1287.44	70.79	303	2018-08-17T14:41:06.429701438Z	72.04	1568.996	15.93	65.72	69.69	kafka-001	15.93
1284.828	65.72	304	2018-08-17T14:41:13.442814711Z	72.05	1025.856	15.93	67.49	69.14	kafka-001	15.93
1285.905	67.49	304	2018-08-17T14:41:20.458176367Z	72.06	1569.867	15.93	74.53	69.17	kafka-001	15.93
1290.401	74.53	305	2018-08-17T14:41:27.471869971Z	72.07	1037.166	15.93	71.23	69.58	kafka-001	15.93
1280.633	71.23	305	2018-08-17T14:41:34.4854551Z	72.08	1038.517	15.93	71.8	70.45	kafka-001	15.93
1293.498	71.8	306	2018-08-17T14:41:41.497428515Z	72.09	1580.67	15.93	71.79	70.26	kafka-001	15.93
1299.959	71.79	306	2018-08-17T14:41:48.510199852Z	72.1	1036.86	15.93	71.51	70.43	kafka-001	15.93
1295.462	71.51	307	2018-08-17T14:41:55.523393794Z	72.11	1590.083	15.93	71.69	71.39	kafka-001	15.93
1307.011	71.69	307	2018-08-17T14:42:02.535024769Z	72.11	1047.184	15.93	79.87	72.09	kafka-001	15.93
1309.263	79.87	308	2018-08-17T14:42:09.546132544Z	72.12	1048.302	15.93	66.53	72.98	kafka-001	15.93
1312.898	66.53	308	2018-08-17T14:42:16.556565481Z	72.13	1597.477	15.93	70.96	72.2	kafka-001	15.93
1311.693	70.96	309	2018-08-17T14:42:23.567908704Z	72.14	1055.535	15.93	73.08	72.06	kafka-001	15.93
1314.922	73.08	309	2018-08-17T14:42:30.579829286Z	72.15	1587.459	15.93	73.58	72.27	kafka-001	15.93
1301.785	73.58	310	2018-08-17T14:42:37.597990924Z	72.16	1049.717	15.93	71.37	72.62	kafka-001	15.93
1313.357	71.37	310	2018-08-17T14:42:44.609545604Z	72.17	1054.944	15.93	71.52	72.56	kafka-001	15.93
1320.191	71.52	311	2018-08-17T14:42:51.620023075Z	72.18	1610.432	15.93	72.23	71.17	kafka-001	15.93
1313.126	72.23	311	2018-08-17T14:42:58.633125656Z	72.19	1057.399	15.93	70.78	72.12	kafka-001	15.93
1324.764	70.78	312	2018-08-17T14:43:05.644445849Z	72.19	1616.364	15.93	77.6	72.09	kafka-001	15.93
1316.543	77.6	312	2018-08-17T14:43:12.659433414Z	72.2	1060.058	15.93	72.98	72.85	kafka-001	15.93
1321.431	72.98	313	2018-08-17T14:43:19.670414609Z	72.21	1063.773	15.93	70.92	72.75	kafka-001	15.93
1324.483	70.92	313	2018-08-17T14:43:26.682486315Z	72.22	1606.321	15.93	72.9	72.67	kafka-001	15.93
1329.816	72.9	314	2018-08-17T14:43:33.693235692Z	72.23	1066.144	15.93	72.28	72.9	kafka-001	15.93
1342.472	72.28	314	2018-08-17T14:43:40.70660537Z	72.24	1629.058	15.93	74.03	72.91	kafka-001	15.93
1336.721	74.03	315	2018-08-17T14:43:47.718964681Z	72.25	1070.69	15.93	72.34	73.45	kafka-001	15.93
1334.019	72.34	315	2018-08-17T14:43:54.730011694Z	72.26	1074.302	15.93	75.15	72.58	kafka-001	15.93
1341.418	75.15	316	2018-08-17T14:44:01.741010765Z	72.27	1633.175	15.93	74.46	72.94	kafka-001	15.93
1331.569	74.46	316	2018-08-17T14:44:08.754438431Z	72.28	1067.752	15.93	76.09	73.53	kafka-001	15.93
1344.856	76.09	317	2018-08-17T14:44:15.765350054Z	72.29	1641.662	15.93	72.27	74.06	kafka-001	15.93
1340.821	72.27	317	2018-08-17T14:44:22.778957375Z	72.29	1076.837	15.93	72.61	74.06	kafka-001	15.93
1348.819	72.61	318	2018-08-17T14:44:29.791622191Z	72.31	1081.687	15.93	68.93	73.82	kafka-001	15.93
1345.96	68.93	318	2018-08-17T14:44:36.802969016Z	72.32	1636.031	15.93	71.43	73.25	kafka-001	15.93
1346.003	71.43	319	2018-08-17T14:44:43.815141524Z	72.32	1084.348	15.93	74.02	72.63	kafka-001	15.93
1358.522	74.02	319	2018-08-17T14:44:50.827574231Z	72.33	1653.113	15.93	75.41	72.56	kafka-001	15.93
1356.629	75.41	320	2018-08-17T14:44:57.850641231Z	72.34	1091.102	15.93	68.65	72.45	kafka-001	15.93
1362.066	68.65	320	2018-08-17T14:45:04.862440575Z	72.35	1084.549	15.93	71.58	71.84	kafka-001	15.93
1359.181	71.58	321	2018-08-17T14:45:11.873550723Z	72.36	1649.445	15.93	68.5	71.67	kafka-001	15.93
1364.587	68.5	321	2018-08-17T14:45:18.88382824Z	72.37	1095.595	15.93	73.44	71.6	kafka-001	15.93
1365.788	73.44	322	2018-08-17T14:45:25.896143016Z	72.38	1663.52	15.93	72.75	71.93	kafka-001	15.93
1357.279	72.75	322	2018-08-17T14:45:32.907578122Z	72.39	1086.498	15.93	71.26	71.72	kafka-001	15.93
1370.367	71.26	323	2018-08-17T14:45:39.91918347Z	72.4	1106.201	15.93	70.96	71.03	kafka-001	15.93
1359.176	70.96	323	2018-08-17T14:45:46.929122394Z	72.41	1658.665	15.93	74.87	71.42	kafka-001	15.93
1367.074	74.87	324	2018-08-17T14:45:53.941135397Z	72.42	1102.657	15.93	69.54	71.96	kafka-001	15.93
1374.007	69.54	324	2018-08-17T14:46:00.952705062Z	72.43	1671.682	15.93	74.16	72.14	kafka-001	15.93
1377.061	74.16	325	2018-08-17T14:46:07.963966002Z	72.44	1104.444	15.93	73.02	72.26	kafka-001	15.93
1376.793	73.02	325	2018-08-17T14:46:14.97492279Z	72.45	1101.711	15.93	73.59	72.3	kafka-001	15.93
1386.834	73.59	326	2018-08-17T14:46:21.986807621Z	72.46	1690.049	15.93	70.91	72.69	kafka-001	15.93
1385.419	70.91	326	2018-08-17T14:46:28.996900624Z	72.46	1111.905	15.93	78.54	72.68	kafka-001	15.93
1393.66	78.54	327	2018-08-17T14:46:36.008251899Z	72.47	1685.462	15.93	70.94	73.29	kafka-001	15.93
1372.967	70.94	327	2018-08-17T14:46:43.018789524Z	72.48	1108.093	15.93	68.84	73.53	kafka-001	15.93
1399.104	68.84	328	2018-08-17T14:46:50.028534598Z	72.49	1118.47	15.93	77.1	72.64	kafka-001	15.93
1382.749	77.1	328	2018-08-17T14:46:57.038639028Z	72.5	1682.48	15.93	76.51	73.32	kafka-001	15.93
1391.195	76.51	329	2018-08-17T14:47:04.048885851Z	72.51	1113.521	15.93	77.83	73.81	kafka-001	15.93
1399.474	77.83	329	2018-08-17T14:47:11.060059322Z	72.52	1698.188	15.93	75.34	74.96	kafka-001	15.93
1388.008	75.34	330	2018-08-17T14:47:18.070858855Z	72.53	1115.057	15.93	76.81	74.43	kafka-001	15.93
1388.055	76.81	330	2018-08-17T14:47:25.083320963Z	72.54	1690.509	15.93	72.99	75.41	kafka-001	15.93
1403.113	72.99	331	2018-08-17T14:47:32.095735472Z	72.55	1131.492	15.93	73.43	76.1	kafka-001	15.93
1406.55	73.43	331	2018-08-17T14:47:39.107060255Z	72.56	1130.732	15.93	75.7	75.48	kafka-001	15.93
1400.873	75.7	331	2018-08-17T14:47:46.117899389Z	72.57	1713.756	15.93	73.82	75.35	kafka-001	15.93
1407.975	73.82	332	2018-08-17T14:47:53.130097489Z	72.58	1129.132	15.93	75.43	74.68	kafka-001	15.93
1411.348	75.43	332	2018-08-17T14:48:00.142024996Z	72.59	1712.118	15.93	73.97	74.7	kafka-001	15.93
1405.566	73.97	333	2018-08-17T14:48:07.152441952Z	72.6	1135.262	15.93	74.62	74.22	kafka-001	15.93
1399.692	74.62	333	2018-08-17T14:48:14.164717556Z	72.61	1130.986	15.93	75.27	74.5	kafka-001	15.93
1418.73	75.27	334	2018-08-17T14:48:21.17744135Z	72.62	1705.078	15.93	77.14	74.8	kafka-001	15.93
1397.667	77.14	334	2018-08-17T14:48:28.187956065Z	72.63	1132.629	15.93	73.75	75.04	kafka-001	15.93
1409.8	73.75	335	2018-08-17T14:48:35.200020261Z	72.64	1730.173	15.93	78.07	75.03	kafka-001	15.93
1414.867	78.07	335	2018-08-17T14:48:42.211590586Z	72.65	1131.634	15.93	75.28	75.47	kafka-001	15.93
1424.381	75.28	336	2018-08-17T14:48:49.222835409Z	72.66	1141.371	15.93	76.91	75.69	kafka-001	15.93
1419.497	76.91	336	2018-08-17T14:48:56.237902994Z	72.67	1725.237	15.93	75.18	76.07	kafka-001	15.93
1409.176	75.18	336	2018-08-17T14:49:03.251994444Z	72.68	1141.578	15.93	78.88	76.05	kafka-001	15.93
1431.038	78.88	337	2018-08-17T14:49:10.262909197Z	72.69	1741.256	15.93	76.18	76.34	kafka-001	15.93
1416.651	76.18	337	2018-08-17T14:49:17.273991978Z	72.7	1137.003	15.93	78.05	76.75	kafka-001	15.93
1423.827	78.05	338	2018-08-17T14:49:24.285031502Z	72.71	1162.331	15.93	78.74	76.75	kafka-001	15.93
1425.131	78.74	338	2018-08-17T14:49:31.297001034Z	72.72	1725.298	15.93	77.78	77.32	kafka-001	15.93
1425.444	77.78	339	2018-08-17T14:49:38.306268181Z	72.73	1151.819	15.93	71.7	77.47	kafka-001	15.93
1435.067	71.7	339	2018-08-17T14:49:45.317504341Z	72.74	1750.01	15.93	79.61	76.89	kafka-001	15.93
1432.67	79.61	340	2018-08-17T14:49:52.329010426Z	72.75	1157.395	15.93	77.12	77.01	kafka-001	15.93
1440.761	77.12	340	2018-08-17T14:49:59.339838639Z	72.76	1157.689	15.93	78.91	77.17	kafka-001	15.93
1445.336	78.91	341	2018-08-17T14:50:06.349464141Z	72.77	1761.787	15.93	70.79	77.31	kafka-001	15.93
1445.971	70.79	341	2018-08-17T14:50:13.361197006Z	72.78	1157.244	15.93	77.16	75.98	kafka-001	15.93
1455.84	77.16	342	2018-08-17T14:50:20.372175251Z	72.79	1758.984	15.93	79.73	75.88	kafka-001	15.93
1452.793	79.73	342	2018-08-17T14:50:27.384272333Z	72.8	1163.651	15.93	73.61	77.22	kafka-001	15.93
1439.831	73.61	343	2018-08-17T14:50:34.394345838Z	72.81	1151.705	15.93	72.26	76.22	kafka-001	15.93
1442.602	72.26	343	2018-08-17T14:50:41.406508983Z	72.82	1769.225	15.93	74.78	75.41	kafka-001	15.93
1447.961	74.78	343	2018-08-17T14:50:48.416763699Z	72.83	1163.259	15.93	76.81	74.72	kafka-001	15.93
1450.692	76.81	344	2018-08-17T14:50:55.427997296Z	72.84	1768.249	15.93	76.08	75.72	kafka-001	15.93
1449.987	76.08	344	2018-08-17T14:51:02.436485028Z	72.85	1164.77	15.93	72.31	75.54	kafka-001	15.93
1455.757	72.31	345	2018-08-17T14:51:09.448238669Z	72.86	1175.769	15.93	78.97	74.31	kafka-001	15.93
1460.616	78.97	345	2018-08-17T14:51:16.45873966Z	72.87	1787.76	15.93	77.59	75.2	kafka-001	15.93
1462.797	77.59	346	2018-08-17T14:51:23.46958241Z	72.88	1161.994	15.93	78.72	76.09	kafka-001	15.93
1457.048	78.72	346	2018-08-17T14:51:30.479811051Z	72.89	1782.556	15.93	77.39	76.75	kafka-001	15.93
1472.371	77.39	347	2018-08-17T14:51:37.490980065Z	72.9	1178.222	15.93	78.13	76.84	kafka-001	15.93
1464.415	78.13	347	2018-08-17T14:51:44.502781174Z	72.91	1173.716	15.93	73.41	77.19	kafka-001	15.93
1477.798	73.41	348	2018-08-17T14:51:51.51518441Z	72.92	1798.292	15.93	80.91	77.37	kafka-001	15.93
1470.639	80.91	348	2018-08-17T14:51:58.526925297Z	72.93	1181.069	15.93	88.0	77.69	kafka-001	15.93
1483.6	88.0	349	2018-08-17T14:52:05.539130754Z	72.94	1796.916	15.93	77.02	79.43	kafka-001	15.93
1478.907	77.02	349	2018-08-17T14:52:12.547835342Z	72.95	1189.138	15.93	76.06	79.14	kafka-001	15.93
1476.187	76.06	349	2018-08-17T14:52:19.559106836Z	72.96	1180.528	15.93	78.14	78.92	kafka-001	15.93
1486.41	78.14	350	2018-08-17T14:52:26.567637356Z	72.97	1794.825	15.93	78.06	78.92	kafka-001	15.93
1477.825	78.06	350	2018-08-17T14:52:33.579745873Z	72.98	1183.711	15.93	81.12	79.7	kafka-001	15.93
1486.28	81.12	351	2018-08-17T14:52:40.59077712Z	72.99	1809.141	15.93	77.25	79.73	kafka-001	15.93
1480.985	77.25	351	2018-08-17T14:52:47.602078925Z	73.0	1189.073	15.93	70.42	77.94	kafka-001	15.93
1481.409	70.42	352	2018-08-17T14:52:54.611638242Z	73.01	1190.34	15.93	79.53	76.84	kafka-001	15.93
1491.314	79.53	352	2018-08-17T14:53:01.622391623Z	73.02	1821.145	15.93	76.23	77.42	kafka-001	15.93
1483.195	76.23	353	2018-08-17T14:53:08.634539824Z	73.03	1195.1	15.93	82.19	77.1	kafka-001	15.93
1495.828	82.19	353	2018-08-17T14:53:15.645389986Z	73.04	1821.31	15.93	78.15	77.79	kafka-001	15.93
1500.118	78.15	353	2018-08-17T14:53:22.654786816Z	73.05	1202.907	15.93	77.89	77.3	kafka-001	15.93
1482.664	77.89	354	2018-08-17T14:53:29.66750561Z	73.07	1192.679	15.93	75.59	77.4	kafka-001	15.93
1504.41	75.59	354	2018-08-17T14:53:36.679079192Z	73.08	1825.326	15.93	81.56	78.26	kafka-001	15.93
1501.255	81.56	355	2018-08-17T14:53:43.691059975Z	73.08	1206.202	15.93	82.5	78.6	kafka-001	15.93
1508.604	82.5	355	2018-08-17T14:53:50.705448112Z	73.1	1817.952	15.93	80.31	79.65	kafka-001	15.93
1509.825	80.31	356	2018-08-17T14:53:57.716423393Z	73.1	1212.792	15.93	77.63	79.33	kafka-001	15.93
1496.593	77.63	356	2018-08-17T14:54:04.727568192Z	73.11	1209.549	15.93	86.87	79.25	kafka-001	15.93
1513.179	86.87	357	2018-08-17T14:54:11.740118159Z	73.12	1834.696	15.93	78.48	80.74	kafka-001	15.93
1502.486	78.48	357	2018-08-17T14:54:18.751032692Z	73.14	1210.893	15.93	83.23	81.23	kafka-001	15.93
1523.162	83.23	357	2018-08-17T14:54:25.76350372Z	73.15	1847.49	15.93	78.54	81.5	kafka-001	15.93
1511.157	78.54	358	2018-08-17T14:54:32.775251517Z	73.16	1211.413	15.93	82.37	80.84	kafka-001	15.93
1510.979	82.37	358	2018-08-17T14:54:39.7880338Z	73.16	1212.439	15.93	72.49	81.19	kafka-001	15.93
1519.362	72.49	359	2018-08-17T14:54:46.800180378Z	73.18	1851.743	15.93	84.63	80.33	kafka-001	15.93
1522.754	84.63	359	2018-08-17T14:54:53.811162777Z	73.19	1209.618	15.93	81.06	79.96	kafka-001	15.93
1517.697	81.06	360	2018-08-17T14:55:00.821142704Z	73.2	1849.949	15.93	78.75	80.39	kafka-001	15.93
1526.521	78.75	360	2018-08-17T14:55:07.832483765Z	73.21	1225.405	15.93	75.49	79.64	kafka-001	15.93
1523.849	75.49	361	2018-08-17T14:55:14.843649288Z	73.22	1221.128	15.93	76.27	79.13	kafka-001	15.93
1533.236	76.27	361	2018-08-17T14:55:21.85628313Z	73.23	1851.336	15.93	78.66	78.12	kafka-001	15.93
1526.363	78.66	361	2018-08-17T14:55:28.868106671Z	73.24	1224.056	15.93	80.08	79.14	kafka-001	15.93
1542.888	80.08	362	2018-08-17T14:55:35.881232044Z	73.25	1859.125	15.93	85.56	78.39	kafka-001	15.93
1535.393	85.56	362	2018-08-17T14:55:42.892806273Z	73.26	1231.658	15.93	82.81	79.14	kafka-001	15.93
1526.171	82.81	363	2018-08-17T14:55:49.904744886Z	73.27	1233.097	15.93	82.72	79.81	kafka-001	15.93
1546.564	82.72	363	2018-08-17T14:55:56.916800808Z	73.28	1872.652	15.93	91.47	81.02	kafka-001	15.93
1545.937	91.47	364	2018-08-17T14:56:03.928181537Z	73.3	1236.438	15.93	82.04	83.55	kafka-001	15.93
1539.682	82.04	364	2018-08-17T14:56:10.945185999Z	73.3	1880.053	15.93	83.94	84.11	kafka-001	15.93
1534.883	83.94	364	2018-08-17T14:56:17.960236741Z	73.31	1238.928	15.93	84.25	84.76	kafka-001	15.93
1528.675	84.25	365	2018-08-17T14:56:24.972173827Z	73.33	1230.612	15.93	82.62	84.54	kafka-001	15.93
1542.746	82.62	365	2018-08-17T14:56:31.982611458Z	73.34	1872.094	15.93	75.89	84.51	kafka-001	15.93
1551.679	75.89	366	2018-08-17T14:56:38.993159186Z	73.35	1238.805	15.93	83.42	83.37	kafka-001	15.93
1547.816	83.42	366	2018-08-17T14:56:46.007463427Z	73.36	1886.559	15.93	81.91	82.03	kafka-001	15.93
1537.419	81.91	367	2018-08-17T14:56:53.019601642Z	73.37	1229.991	15.93	84.96	82.01	kafka-001	15.93
1553.948	84.96	367	2018-08-17T14:57:00.030228365Z	73.38	1251.576	15.93	84.98	82.18	kafka-001	15.93
1546.406	84.98	367	2018-08-17T14:57:07.042602846Z	73.39	1886.78	15.93	85.5	82.3	kafka-001	15.93
1558.602	85.5	368	2018-08-17T14:57:14.053028464Z	73.4	1250.39	15.93	80.2	82.78	kafka-001	15.93
1551.691	80.2	368	2018-08-17T14:57:21.066828435Z	73.41	1890.292	15.93	87.58	83.5	kafka-001	15.93
1557.92	87.58	369	2018-08-17T14:57:28.079467507Z	73.42	1247.154	15.93	81.47	84.19	kafka-001	15.93
1570.372	81.47	369	2018-08-17T14:57:35.091377535Z	73.43	1905.129	15.93	85.15	84.12	kafka-001	15.93
1565.432	85.15	370	2018-08-17T14:57:42.103028164Z	73.44	1248.258	15.93	83.48	84.15	kafka-001	15.93
1561.35	83.48	370	2018-08-17T14:57:49.114114975Z	73.46	1257.344	15.93	84.83	83.9	kafka-001	15.93
1558.914	84.83	370	2018-08-17T14:57:56.127546954Z	73.47	1893.38	15.93	78.95	83.79	kafka-001	15.93
1561.615	78.95	371	2018-08-17T14:58:03.138519238Z	73.48	1261.532	15.93	82.5	83.58	kafka-001	15.93
1572.232	82.5	371	2018-08-17T14:58:10.150210267Z	73.49	1909.358	15.93	84.76	82.73	kafka-001	15.93
1554.385	84.76	372	2018-08-17T14:58:17.162286149Z	73.5	1257.805	15.93	83.92	83.28	kafka-001	15.93
1560.947	83.92	372	2018-08-17T14:58:24.173157804Z	73.51	1258.312	15.93	81.55	83.07	kafka-001	15.93
1565.126	81.55	373	2018-08-17T14:58:31.183711892Z	73.52	1908.995	15.93	83.18	82.75	kafka-001	15.93
1554.859	83.18	373	2018-08-17T14:58:38.195924509Z	73.53	1262.038	15.93	84.89	82.48	kafka-001	15.93
1575.466	84.89	373	2018-08-17T14:58:45.20756734Z	73.54	1932.021	15.93	84.2	83.47	kafka-001	15.93
1571.345	84.2	374	2018-08-17T14:58:52.218755585Z	73.55	1267.735	15.93	87.64	83.75	kafka-001	15.93
1575.317	87.64	374	2018-08-17T14:58:59.236816615Z	73.56	1271.35	15.93	84.91	84.23	kafka-001	15.93
1579.816	84.91	375	2018-08-17T14:59:06.252884707Z	73.58	1920.539	15.93	78.42	84.4	kafka-001	15.93
1555.258	78.42	375	2018-08-17T14:59:13.26416845Z	73.59	1261.633	15.93	85.67	83.87	kafka-001	15.93
1578.473	85.67	376	2018-08-17T14:59:20.277221108Z	73.6	1926.075	15.93	74.09	84.29	kafka-001	15.93
1584.031	74.09	376	2018-08-17T14:59:27.287902506Z	73.61	1274.147	15.93	87.03	82.49	kafka-001	15.93
1572.287	87.03	376	2018-08-17T14:59:34.29839569Z	73.62	1263.112	15.93	86.07	82.96	kafka-001	15.93
1586.958	86.07	377	2018-08-17T14:59:41.312764991Z	73.63	1947.746	15.93	86.21	82.7	kafka-001	15.93
1579.597	86.21	377	2018-08-17T14:59:48.324876535Z	73.64	1277.391	15.93	94.0	82.92	kafka-001	15.93
1590.202	94.0	378	2018-08-17T14:59:55.335960737Z	73.65	1932.286	15.93	86.5	85.51	kafka-001	15.93
1591.036	86.5	378	2018-08-17T15:00:02.348075913Z	73.66	1287.727	15.93	73.34	85.65	kafka-001	15.93
1604.708	73.34	378	2018-08-17T15:00:09.361467285Z	73.67	1274.292	15.93	86.24	85.53	kafka-001	15.93
1611.839	86.24	379	2018-08-17T15:00:16.373761104Z	73.69	1955.463	15.93	93.52	85.39	kafka-001	15.93
1604.028	93.52	379	2018-08-17T15:00:23.384504369Z	73.7	1281.744	15.93	87.74	86.64	kafka-001	15.93
1613.314	87.74	380	2018-08-17T15:00:30.395533225Z	73.71	1962.275	15.93	86.77	86.89	kafka-001	15.93
1596.191	86.77	380	2018-08-17T15:00:37.407313309Z	73.72	1285.166	15.93	87.05	85.69	kafka-001	15.93
1605.185	87.05	381	2018-08-17T15:00:44.420175321Z	73.73	1285.074	15.93	86.61	85.78	kafka-001	15.93
1605.19	86.61	381	2018-08-17T15:00:51.435401398Z	73.74	1958.976	15.93	81.87	87.99	kafka-001	15.93
1619.419	81.87	381	2018-08-17T15:00:58.447343372Z	73.75	1290.456	15.93	84.86	87.26	kafka-001	15.93
1628.332	84.86	382	2018-08-17T15:01:05.464180016Z	73.76	1967.278	15.93	90.49	85.82	kafka-001	15.93
1616.901	90.49	382	2018-08-17T15:01:12.475032316Z	73.77	1294.583	15.93	86.71	86.28	kafka-001	15.93
1626.413	86.71	383	2018-08-17T15:01:19.486270083Z	73.79	1301.342	15.93	83.04	86.27	kafka-001	15.93
1634.248	83.04	383	2018-08-17T15:01:26.496819136Z	73.8	1975.232	15.93	89.1	85.6	kafka-001	15.93
1632.541	89.1	383	2018-08-17T15:01:33.510235568Z	73.81	1302.613	15.93	88.95	86.01	kafka-001	15.93
1622.234	88.95	384	2018-08-17T15:01:40.519688252Z	73.82	1968.13	15.93	75.66	87.19	kafka-001	15.93
1605.305	75.66	384	2018-08-17T15:01:47.530859816Z	73.83	1297.994	15.93	86.14	85.66	kafka-001	15.93
1624.835	86.14	385	2018-08-17T15:01:54.542386244Z	73.84	1300.818	15.93	83.8	84.93	kafka-001	15.93
1625.916	83.8	385	2018-08-17T15:02:01.556974975Z	73.85	1979.78	15.93	88.96	84.45	kafka-001	15.93
1623.577	88.96	386	2018-08-17T15:02:08.567946766Z	73.86	1312.137	15.93	92.08	85.44	kafka-001	15.93
1628.219	92.08	386	2018-08-17T15:02:15.577907443Z	73.88	1985.972	15.93	87.68	85.93	kafka-001	15.93
1614.127	87.68	386	2018-08-17T15:02:22.586681336Z	73.89	1296.676	15.93	86.23	85.72	kafka-001	15.93
1633.842	86.23	387	2018-08-17T15:02:29.596368659Z	73.9	1305.522	15.93	87.6	87.48	kafka-001	15.93
1642.506	87.6	387	2018-08-17T15:02:36.611581235Z	73.91	1998.322	15.93	91.77	87.73	kafka-001	15.93
1640.151	91.77	388	2018-08-17T15:02:43.622259323Z	73.92	1307.361	15.93	87.31	89.05	kafka-001	15.93
1650.002	87.31	388	2018-08-17T15:02:50.632588876Z	73.93	1995.3	15.93	82.56	88.78	kafka-001	15.93
1645.241	82.56	388	2018-08-17T15:02:57.643571256Z	73.95	1314.568	15.93	86.39	87.19	kafka-001	15.93
1651.47	86.39	389	2018-08-17T15:03:04.656202808Z	73.96	1317.328	15.93	86.05	86.98	kafka-001	15.93
1661.028	86.05	389	2018-08-17T15:03:11.666796586Z	73.97	2004.902	15.93	83.87	86.95	kafka-001	15.93
1642.867	83.87	390	2018-08-17T15:03:18.678114148Z	73.98	1311.08	15.93	89.87	86.33	kafka-001	15.93
1666.077	89.87	390	2018-08-17T15:03:25.689693486Z	73.99	2018.163	15.93	87.33	86.01	kafka-001	15.93
1652.235	87.33	390	2018-08-17T15:03:32.70034027Z	74.0	1322.768	15.93	89.48	86.01	kafka-001	15.93
1652.033	89.48	391	2018-08-17T15:03:39.711487274Z	74.01	1329.198	15.93	87.72	87.17	kafka-001	15.93
1663.006	87.72	391	2018-08-17T15:03:46.725228753Z	74.02	2018.735	15.93	92.13	87.39	kafka-001	15.93
1662.635	92.13	392	2018-08-17T15:03:53.738430887Z	74.04	1316.313	15.93	91.81	88.4	kafka-001	15.93
1658.143	91.81	392	2018-08-17T15:04:00.749395632Z	74.05	2006.809	15.93	86.4	89.72	kafka-001	15.93
1650.376	86.4	393	2018-08-17T15:04:07.759541067Z	74.06	1329.307	15.93	84.22	89.15	kafka-001	15.93
1647.771	84.22	393	2018-08-17T15:04:14.769912758Z	74.07	1335.451	15.93	84.91	88.63	kafka-001	15.93
1665.55	84.91	393	2018-08-17T15:04:21.781377275Z	74.08	2027.758	15.93	85.33	87.87	kafka-001	15.93
1658.989	85.33	394	2018-08-17T15:04:28.791982718Z	74.09	1332.836	15.93	90.21	87.47	kafka-001	15.93
1659.822	90.21	394	2018-08-17T15:04:35.806405195Z	74.1	2025.737	15.93	87.11	87.15	kafka-001	15.93
1646.741	87.11	395	2018-08-17T15:04:42.820527675Z	74.12	1320.223	15.93	84.33	86.36	kafka-001	15.93
1665.575	84.33	395	2018-08-17T15:04:49.832185318Z	74.13	1343.796	15.93	90.15	86.02	kafka-001	15.93
1674.936	90.15	395	2018-08-17T15:04:56.84160468Z	74.14	2035.493	15.93	87.86	87.01	kafka-001	15.93
1672.327	87.86	396	2018-08-17T15:05:03.851764627Z	74.15	1337.439	15.93	88.4	87.5	kafka-001	15.93
1671.518	88.4	396	2018-08-17T15:05:10.860359739Z	74.16	2031.519	15.93	90.2	88.01	kafka-001	15.93
1678.189	90.2	397	2018-08-17T15:05:17.871817374Z	74.17	1348.912	15.93	87.4	88.01	kafka-001	15.93
1676.521	87.4	397	2018-08-17T15:05:24.88259609Z	74.18	1342.074	15.93	90.55	88.06	kafka-001	15.93
1680.062	90.55	397	2018-08-17T15:05:31.895121984Z	74.2	2041.006	15.93	86.72	89.09	kafka-001	15.93
1674.229	86.72	397	2018-08-17T15:05:38.906509791Z	74.21	1338.654	15.93	91.06	88.52	kafka-001	15.93
1677.104	91.06	397	2018-08-17T15:05:45.918583491Z	74.22	2047.568	15.93	75.89	89.06	kafka-001	15.93
1656.501	75.89	397	2018-08-17T15:05:52.931732597Z	74.23	1343.757	15.93	91.57	86.97	kafka-001	15.93
1654.471	91.57	397	2018-08-17T15:05:59.944378582Z	74.24	1340.088	15.93	86.15	87.2	kafka-001	15.93
1668.16	86.15	397	2018-08-17T15:06:06.956905295Z	74.26	2033.677	15.93	85.51	86.99	kafka-001	15.93
1662.393	85.51	397	2018-08-17T15:06:13.970223405Z	74.27	1344.778	15.93	88.05	86.15	kafka-001	15.93
1660.12	88.05	397	2018-08-17T15:06:20.981637374Z	74.28	2027.191	15.93	89.72	86.37	kafka-001	15.93
1674.694	89.72	397	2018-08-17T15:06:27.993987126Z	74.29	1339.011	15.93	78.36	86.15	kafka-001	15.93
1674.003	78.36	397	2018-08-17T15:06:35.004338584Z	74.3	1339.431	15.93	86.58	86.56	kafka-001	15.93
1677.695	86.58	397	2018-08-17T15:06:42.015315846Z	74.31	2043.356	15.93	83.27	85.73	kafka-001	15.93
1681.619	83.27	397	2018-08-17T15:06:49.027453493Z	74.33	1340.257	15.93	88.76	85.25	kafka-001	15.93
