host_moving_avg_cpu	name	memory_active_anon%	net_send	timestamp	memory%	net_receive	host_cpu	container_cpu%	sensor_count	memory_rss%
nan	cassandra-001	38.15	737052.603	2018-08-18T00:28:16.573648714Z	71.05	4698984.861	0	3.15	0	38.15
nan	cassandra-001	38.15	0.171	2018-08-18T00:28:23.581763053Z	71.05	0.141	3.15	1.21	3	38.15
nan	cassandra-001	38.15	0.042	2018-08-18T00:28:30.592118681Z	71.06	0.042	1.21	51.49	7	38.15
nan	cassandra-001	38.15	0.171	2018-08-18T00:28:37.601571741Z	71.11	0.141	51.49	22.3	11	38.15
nan	cassandra-001	38.15	0.0	2018-08-18T00:28:44.610644252Z	71.17	0.0	22.3	26.46	15	38.15
17.44	cassandra-001	38.14	0.171	2018-08-18T00:28:51.617022908Z	71.25	0.141	26.46	26.07	18	38.14
21.78	cassandra-001	38.14	0.0	2018-08-18T00:28:58.6240616Z	71.35	0.0	26.07	28.65	21	38.14
26.03	cassandra-001	38.14	0.171	2018-08-18T00:29:05.630426679Z	71.47	0.141	28.65	37.32	24	38.14
32.05	cassandra-001	38.14	0.0	2018-08-18T00:29:12.636478738Z	71.6	0.0	37.32	42.8	28	38.14
30.6	cassandra-001	38.14	0.0	2018-08-18T00:29:19.64315883Z	71.76	0.0	42.8	44.0	31	38.14
34.22	cassandra-001	38.14	0.171	2018-08-18T00:29:26.64910148Z	71.92	0.141	44.0	36.78	33	38.14
35.94	cassandra-001	38.14	0.171	2018-08-18T00:29:33.655692319Z	73.41	0.141	36.78	40.39	36	38.14
38.32	cassandra-001	38.15	0.0	2018-08-18T00:29:40.661577781Z	73.61	0.0	40.39	41.25	38	38.15
40.42	cassandra-001	38.15	0.0	2018-08-18T00:29:47.669175062Z	73.82	0.0	41.25	44.37	41	38.15
41.6	cassandra-001	38.15	0.171	2018-08-18T00:29:54.677890597Z	74.04	0.141	44.37	44.65	43	38.15
41.91	cassandra-001	38.14	0.0	2018-08-18T00:30:01.684648684Z	74.26	0.0	44.65	46.26	45	38.14
42.28	cassandra-001	38.14	0.171	2018-08-18T00:30:08.691666055Z	74.5	0.141	46.26	54.65	47	38.14
45.26	cassandra-001	38.21	0.0	2018-08-18T00:30:15.698085995Z	74.83	0.0	54.65	57.76	49	38.21
48.16	cassandra-001	38.16	0.171	2018-08-18T00:30:22.704610052Z	75.04	0.141	57.76	57.44	51	38.16
50.85	cassandra-001	38.15	0.0	2018-08-18T00:30:29.712261021Z	75.82	0.0	57.44	103.97	53	38.15
60.79	cassandra-001	38.15	0.171	2018-08-18T00:30:36.723184685Z	76.07	0.141	103.97	54.55	55	38.15
62.44	cassandra-001	38.15	0.0	2018-08-18T00:30:43.729550222Z	76.37	0.0	54.55	63.72	57	38.15
65.35	cassandra-001	38.15	0.171	2018-08-18T00:30:50.739084934Z	76.66	0.141	63.72	64.32	59	38.15
66.96	cassandra-001	38.15	0.0	2018-08-18T00:30:57.746304276Z	76.98	0.0	64.32	62.32	61	38.15
67.72	cassandra-001	38.15	0.171	2018-08-18T00:31:04.75301328Z	77.29	0.141	62.32	61.53	62	38.15
68.4	cassandra-001	38.15	0.0	2018-08-18T00:31:11.759209554Z	77.62	0.0	61.53	71.27	64	38.15
62.95	cassandra-001	38.15	0.0	2018-08-18T00:31:18.766949489Z	78.89	0.0	71.27	100.65	66	38.15
70.63	cassandra-001	38.15	0.171	2018-08-18T00:31:25.77316322Z	80.64	0.141	100.65	100.21	68	38.15
76.72	cassandra-001	38.15	0.171	2018-08-18T00:31:32.780226814Z	82.39	0.141	100.21	113.77	69	38.15
84.96	cassandra-001	38.15	0.0	2018-08-18T00:31:39.78737824Z	84.17	0.0	113.77	99.22	71	38.15
91.11	cassandra-001	38.15	0.0	2018-08-18T00:31:46.794801115Z	85.04	0.0	99.22	62.74	72	38.15
91.31	cassandra-001	38.15	0.171	2018-08-18T00:31:53.801675324Z	80.24	0.141	62.74	61.91	74	38.15
89.75	cassandra-001	38.15	0.0	2018-08-18T00:32:00.811471353Z	80.7	0.0	61.91	86.17	75	38.15
87.34	cassandra-001	38.15	0.171	2018-08-18T00:32:07.817807679Z	81.09	0.141	86.17	76.44	77	38.15
83.37	cassandra-001	38.15	0.0	2018-08-18T00:32:14.824959528Z	81.48	0.0	76.44	75.82	78	38.15
77.05	cassandra-001	38.15	0.171	2018-08-18T00:32:21.831545401Z	81.89	0.141	75.82	69.84	80	38.15
72.15	cassandra-001	38.15	0.0	2018-08-18T00:32:28.838225785Z	82.3	0.0	69.84	69.87	81	38.15
73.34	cassandra-001	38.16	0.171	2018-08-18T00:32:35.844104885Z	82.42	0.141	69.87	78.3	83	38.16
76.07	cassandra-001	38.16	0.0	2018-08-18T00:32:42.851579149Z	82.85	0.0	78.3	95.72	84	38.16
77.66	cassandra-001	38.16	0.0	2018-08-18T00:32:49.857912086Z	83.28	0.0	95.72	72.22	86	38.16
76.96	cassandra-001	38.16	0.171	2018-08-18T00:32:56.865961567Z	83.72	0.141	72.22	70.65	87	38.16
76.1	cassandra-001	38.16	0.171	2018-08-18T00:33:03.874788081Z	85.45	0.141	70.65	97.18	88	38.16
80.66	cassandra-001	38.16	0.0	2018-08-18T00:33:10.882970217Z	84.31	0.0	97.18	91.04	90	38.16
84.18	cassandra-001	38.16	0.0	2018-08-18T00:33:17.889560695Z	84.76	0.0	91.04	91.23	91	38.16
86.34	cassandra-001	38.16	0.171	2018-08-18T00:33:24.896518889Z	85.24	0.141	91.23	81.73	93	38.16
84.01	cassandra-001	38.16	0.0	2018-08-18T00:33:31.903120966Z	85.71	0.0	81.73	79.43	94	38.16
85.21	cassandra-001	38.16	0.171	2018-08-18T00:33:38.909314247Z	86.46	0.141	79.43	109.91	95	38.16
91.75	cassandra-001	38.16	0.0	2018-08-18T00:33:45.915580572Z	88.36	0.0	109.91	114.15	96	38.16
94.58	cassandra-001	38.2	0.171	2018-08-18T00:33:52.922455891Z	90.28	0.141	114.15	121.23	98	38.2
99.61	cassandra-001	38.2	0.0	2018-08-18T00:33:59.929287068Z	92.13	0.0	121.23	122.19	99	38.2
104.77	cassandra-001	38.2	0.171	2018-08-18T00:34:06.939147697Z	88.36	0.141	122.19	28.68	100	38.2
95.93	cassandra-001	38.19	0.0	2018-08-18T00:34:13.94740907Z	87.27	0.0	28.68	78.18	101	38.19
95.72	cassandra-001	38.19	0.171	2018-08-18T00:34:20.956863935Z	87.79	0.141	78.18	88.42	103	38.19
92.14	cassandra-001	38.19	0.0	2018-08-18T00:34:27.963069993Z	88.31	0.0	88.42	108.95	104	38.19
91.27	cassandra-001	38.19	0.171	2018-08-18T00:34:34.971825369Z	88.54	0.141	108.95	95.47	105	38.19
86.98	cassandra-001	38.19	0.0	2018-08-18T00:34:41.979388659Z	89.08	0.0	95.47	92.86	106	38.19
82.09	cassandra-001	38.19	0.0	2018-08-18T00:34:48.987446285Z	89.62	0.0	92.86	94.74	108	38.19
93.1	cassandra-001	38.2	0.171	2018-08-18T00:34:55.994787799Z	91.46	0.141	94.74	128.98	109	38.2
101.57	cassandra-001	38.2	0.171	2018-08-18T00:35:03.00165879Z	90.42	0.141	128.98	89.27	110	38.2
101.71	cassandra-001	38.2	0.0	2018-08-18T00:35:10.009272339Z	90.98	0.0	89.27	105.05	111	38.2
101.06	cassandra-001	38.2	0.0	2018-08-18T00:35:17.015961726Z	91.54	0.0	105.05	94.23	112	38.2
100.85	cassandra-001	38.2	0.171	2018-08-18T00:35:24.025781925Z	91.83	0.141	94.23	131.12	113	38.2
107.23	cassandra-001	38.2	0.0	2018-08-18T00:35:31.034244574Z	92.04	0.0	131.12	124.44	115	38.2
112.18	cassandra-001	38.2	0.171	2018-08-18T00:35:38.040518911Z	92.23	0.141	124.44	142.36	116	38.2
114.41	cassandra-001	38.2	0.0	2018-08-18T00:35:45.0479233Z	91.95	0.0	142.36	194.63	117	38.2
131.97	cassandra-001	38.25	0.171	2018-08-18T00:35:52.054762593Z	91.01	0.141	194.63	64.99	118	38.25
125.29	cassandra-001	38.25	0.0	2018-08-18T00:35:59.060722593Z	86.45	0.0	64.99	101.98	119	38.25
126.59	cassandra-001	38.27	0.171	2018-08-18T00:36:06.067664649Z	87.09	0.141	101.98	111.89	120	38.27
123.38	cassandra-001	38.25	0.0	2018-08-18T00:36:13.078002039Z	87.77	0.0	111.89	103.8	121	38.25
119.94	cassandra-001	38.25	0.0	2018-08-18T00:36:20.085666104Z	88.39	0.0	103.8	100.23	122	38.25
112.92	cassandra-001	38.24	0.171	2018-08-18T00:36:27.093951427Z	89.0	0.141	100.23	102.99	124	38.24
97.65	cassandra-001	38.27	0.171	2018-08-18T00:36:34.100793529Z	89.74	0.141	102.99	118.21	125	38.27
106.52	cassandra-001	38.34	0.0	2018-08-18T00:36:41.108405741Z	90.46	0.0	118.21	99.44	126	38.34
106.09	cassandra-001	38.33	0.0	2018-08-18T00:36:48.115045712Z	91.08	0.0	99.44	100.04	127	38.33
104.12	cassandra-001	38.33	0.171	2018-08-18T00:36:55.131729078Z	91.07	0.141	100.04	153.78	128	38.33
112.45	cassandra-001	38.33	0.0	2018-08-18T00:37:02.140496321Z	92.06	0.0	153.78	142.65	129	38.33
119.52	cassandra-001	38.33	0.171	2018-08-18T00:37:09.148322696Z	92.0	0.141	142.65	158.13	129	38.33
128.71	cassandra-001	38.33	0.0	2018-08-18T00:37:16.156074887Z	92.2	0.0	158.13	131.95	129	38.33
131.0	cassandra-001	38.27	0.171	2018-08-18T00:37:23.163382653Z	91.08	0.141	131.95	81.39	129	38.27
127.99	cassandra-001	38.3	0.0	2018-08-18T00:37:30.169606274Z	87.72	0.0	81.39	130.01	129	38.3
132.98	cassandra-001	38.3	0.171	2018-08-18T00:37:37.176247859Z	90.97	0.141	130.01	215.59	129	38.3
143.29	cassandra-001	38.3	0.0	2018-08-18T00:37:44.183942207Z	91.98	0.0	215.59	147.53	129	38.3
144.1	cassandra-001	38.31	0.171	2018-08-18T00:37:51.194662357Z	92.18	0.141	147.53	152.83	129	38.31
143.22	cassandra-001	38.31	0.0	2018-08-18T00:37:58.200714708Z	92.06	0.0	152.83	154.16	129	38.31
146.92	cassandra-001	38.3	0.171	2018-08-18T00:38:05.207393585Z	90.69	0.141	154.16	130.88	129	38.3
155.17	cassandra-001	38.29	0.0	2018-08-18T00:38:12.215326948Z	92.3	0.0	130.88	68.75	129	38.29
144.96	cassandra-001	38.29	0.0	2018-08-18T00:38:19.223365673Z	92.28	0.0	68.75	137.48	129	38.29
131.94	cassandra-001	38.29	0.171	2018-08-18T00:38:26.231317045Z	91.48	0.141	137.48	131.34	129	38.29
