host_cpu	memory_rss%	container_cpu%	name	host_moving_avg_cpu	memory_active_anon%	timestamp	net_send	memory%	sensor_count	net_receive
0	38.51	38.19	cassandra-001	nan	38.51	2018-08-18T03:59:31.366532858Z	737555.625	91.99	2	4699121.559
38.19	38.51	39.93	cassandra-001	nan	38.51	2018-08-18T03:59:38.37335169Z	0.0	91.95	5	0.0
39.93	38.51	58.18	cassandra-001	nan	38.51	2018-08-18T03:59:45.383550683Z	0.342	91.93	10	0.282
58.18	38.51	55.69	cassandra-001	nan	38.51	2018-08-18T03:59:52.389775557Z	0.0	91.96	13	0.0
55.69	38.51	91.62	cassandra-001	nan	38.51	2018-08-18T03:59:59.397259174Z	0.0	92.08	17	0.0
91.62	38.51	148.79	cassandra-001	47.27	38.51	2018-08-18T04:00:06.403779058Z	0.0	91.96	20	0.0
148.79	38.51	65.12	cassandra-001	72.07	38.51	2018-08-18T04:00:13.410632975Z	0.342	92.11	24	0.282
65.12	38.51	62.7	cassandra-001	76.55	38.51	2018-08-18T04:00:20.416981319Z	0.0	91.94	26	0.0
62.7	38.55	72.17	cassandra-001	80.35	38.55	2018-08-18T04:00:27.428188697Z	0.0	91.99	29	0.0
72.17	38.52	46.86	cassandra-001	82.68	38.52	2018-08-18T04:00:34.438036424Z	0.0	92.02	32	0.0
46.86	38.52	73.83	cassandra-001	81.21	38.52	2018-08-18T04:00:41.445269193Z	0.171	92.06	35	0.141
73.83	38.52	78.62	cassandra-001	78.24	38.52	2018-08-18T04:00:48.45534047Z	0.171	92.16	37	0.141
78.62	38.49	82.11	cassandra-001	66.55	38.49	2018-08-18T04:00:55.462207672Z	0.0	92.13	40	0.0
82.11	38.49	100.98	cassandra-001	69.38	38.49	2018-08-18T04:01:02.470235325Z	0.0	92.1	42	0.0
100.98	38.48	53.29	cassandra-001	75.76	38.48	2018-08-18T04:01:09.484199234Z	0.0	92.23	44	0.0
53.29	38.48	86.63	cassandra-001	72.61	38.48	2018-08-18T04:01:16.494182265Z	0.342	92.15	47	0.282
86.63	38.48	178.19	cassandra-001	79.24	38.48	2018-08-18T04:01:23.500482571Z	0.0	91.96	49	0.0
178.19	38.48	81.68	cassandra-001	96.64	38.48	2018-08-18T04:01:30.511037844Z	0.0	92.16	51	0.0
81.68	38.48	56.58	cassandra-001	97.15	38.48	2018-08-18T04:01:37.517654542Z	0.0	92.04	53	0.0
56.58	38.49	83.77	cassandra-001	92.89	38.49	2018-08-18T04:01:44.525077203Z	0.342	92.02	54	0.282
83.77	38.49	100.79	cassandra-001	90.02	38.49	2018-08-18T04:01:51.533022305Z	0.0	92.16	56	0.0
100.79	38.49	96.4	cassandra-001	97.94	38.49	2018-08-18T04:01:58.542048752Z	0.0	92.06	58	0.0
96.4	38.49	95.04	cassandra-001	99.57	38.49	2018-08-18T04:02:05.550566027Z	0.0	92.03	60	0.0
95.04	38.49	122.94	cassandra-001	85.71	38.49	2018-08-18T04:02:12.556724945Z	0.342	91.93	62	0.282
122.94	38.49	103.77	cassandra-001	92.59	38.49	2018-08-18T04:02:19.56289778Z	0.0	91.75	64	0.0
103.77	38.49	97.62	cassandra-001	100.45	38.49	2018-08-18T04:02:26.569270262Z	0.0	91.92	66	0.0
97.62	38.49	99.76	cassandra-001	102.76	38.49	2018-08-18T04:02:33.575342765Z	0.0	92.12	67	0.0
99.76	38.49	105.32	cassandra-001	102.59	38.49	2018-08-18T04:02:40.584575804Z	0.0	87.97	69	0.0
105.32	38.49	67.65	cassandra-001	104.07	38.49	2018-08-18T04:02:47.592018336Z	0.342	90.59	71	0.282
67.65	38.49	162.63	cassandra-001	99.51	38.49	2018-08-18T04:02:54.597567663Z	0.0	91.93	72	0.0
162.63	38.49	104.18	cassandra-001	106.12	38.49	2018-08-18T04:03:01.603376234Z	0.0	91.96	74	0.0
104.18	38.49	101.37	cassandra-001	106.19	38.49	2018-08-18T04:03:08.610072418Z	0.0	92.05	75	0.0
101.37	38.49	66.23	cassandra-001	106.82	38.49	2018-08-18T04:03:15.616072551Z	0.342	91.98	77	0.282
66.23	38.48	60.78	cassandra-001	101.23	38.48	2018-08-18T04:03:23.213087963Z	0.0	92.21	78	0.0
60.78	38.49	159.02	cassandra-001	93.81	38.49	2018-08-18T04:03:30.219623215Z	0.0	91.87	80	0.0
159.02	38.51	106.04	cassandra-001	109.03	38.51	2018-08-18T04:03:37.226575203Z	0.0	91.97	81	0.0
106.04	38.51	100.37	cassandra-001	99.6	38.51	2018-08-18T04:03:44.232795226Z	0.342	92.14	83	0.282
100.37	38.51	112.51	cassandra-001	98.97	38.51	2018-08-18T04:03:51.23953211Z	0.0	92.17	84	0.0
112.51	38.51	111.19	cassandra-001	100.82	38.51	2018-08-18T04:03:58.247041272Z	0.0	91.93	86	0.0
111.19	38.52	90.38	cassandra-001	108.32	38.52	2018-08-18T04:04:05.253712789Z	0.0	92.0	87	0.0
90.38	38.52	109.51	cassandra-001	113.25	38.52	2018-08-18T04:04:12.260121051Z	0.342	92.02	88	0.282
109.51	38.52	123.81	cassandra-001	105.0	38.52	2018-08-18T04:04:19.266692906Z	0.0	91.88	90	0.0
123.81	38.52	106.41	cassandra-001	107.96	38.52	2018-08-18T04:04:26.273131213Z	0.0	92.13	91	0.0
106.41	38.51	85.32	cassandra-001	108.97	38.51	2018-08-18T04:04:33.279664869Z	0.0	92.17	92	0.0
85.32	38.52	120.79	cassandra-001	104.44	38.52	2018-08-18T04:04:40.285713942Z	0.0	87.96	94	0.0
120.79	38.52	125.5	cassandra-001	106.04	38.52	2018-08-18T04:04:47.29394428Z	0.342	91.23	95	0.282
125.5	38.52	117.45	cassandra-001	111.89	38.52	2018-08-18T04:04:54.30011984Z	0.0	91.94	97	0.0
117.45	38.46	108.62	cassandra-001	113.21	38.46	2018-08-18T04:05:01.307778466Z	0.0	92.09	98	0.0
108.62	38.46	88.04	cassandra-001	110.68	38.46	2018-08-18T04:05:08.315741004Z	0.0	92.05	99	0.0
88.04	38.46	107.79	cassandra-001	107.62	38.46	2018-08-18T04:05:15.321345444Z	0.342	92.05	101	0.282
107.79	38.46	110.83	cassandra-001	111.36	38.46	2018-08-18T04:05:22.328017948Z	0.0	92.14	102	0.0
110.83	38.46	128.87	cassandra-001	109.7	38.46	2018-08-18T04:05:29.334700347Z	0.0	91.76	103	0.0
128.87	38.46	93.02	cassandra-001	110.27	38.46	2018-08-18T04:05:36.341436363Z	0.0	92.0	104	0.0
93.02	38.46	125.04	cassandra-001	106.19	38.46	2018-08-18T04:05:43.348651376Z	0.342	91.92	105	0.282
125.04	38.46	127.57	cassandra-001	108.93	38.46	2018-08-18T04:05:50.357536416Z	0.0	92.02	107	0.0
127.57	38.46	159.32	cassandra-001	115.52	38.46	2018-08-18T04:05:57.364910475Z	0.0	91.87	108	0.0
159.32	38.46	122.11	cassandra-001	124.11	38.46	2018-08-18T04:06:04.375451644Z	0.0	91.89	109	0.0
122.11	38.46	118.44	cassandra-001	125.99	38.46	2018-08-18T04:06:11.38950878Z	0.171	91.35	110	0.141
118.44	38.46	133.1	cassandra-001	124.25	38.46	2018-08-18T04:06:18.399006571Z	0.171	91.9	112	0.141
133.1	38.46	223.73	cassandra-001	130.93	38.46	2018-08-18T04:06:25.405389433Z	0.0	91.66	113	0.0
223.73	38.46	120.35	cassandra-001	147.38	38.46	2018-08-18T04:06:32.415969368Z	0.0	92.0	114	0.0
120.35	38.46	86.14	cassandra-001	146.17	38.46	2018-08-18T04:06:39.422078689Z	0.0	88.32	115	0.0
86.14	38.46	125.75	cassandra-001	133.98	38.46	2018-08-18T04:06:46.429413985Z	0.342	90.52	116	0.282
125.75	38.51	124.1	cassandra-001	134.58	38.51	2018-08-18T04:06:53.435553809Z	0.0	92.02	117	0.0
124.1	38.48	122.87	cassandra-001	135.53	38.48	2018-08-18T04:07:00.442998162Z	0.0	91.81	118	0.0
122.87	38.48	132.36	cassandra-001	133.82	38.48	2018-08-18T04:07:07.451828912Z	0.0	91.82	119	0.0
132.36	38.48	112.61	cassandra-001	118.59	38.48	2018-08-18T04:07:14.457593644Z	0.342	92.11	121	0.282
112.61	38.48	60.52	cassandra-001	117.3	38.48	2018-08-18T04:07:21.464540197Z	0.0	91.79	122	0.0
60.52	38.47	117.99	cassandra-001	113.03	38.47	2018-08-18T04:07:28.472681785Z	0.0	92.05	123	0.0
117.99	38.48	138.85	cassandra-001	111.74	38.48	2018-08-18T04:07:35.481064959Z	0.0	92.02	124	0.0
138.85	38.48	140.8	cassandra-001	114.2	38.48	2018-08-18T04:07:42.489638217Z	0.408	91.93	125	0.282
140.8	38.47	125.19	cassandra-001	117.19	38.47	2018-08-18T04:07:49.49715027Z	0.0	90.89	126	0.0
125.19	38.47	122.15	cassandra-001	115.99	38.47	2018-08-18T04:07:56.503738595Z	0.0	91.9	127	0.0
122.15	38.47	128.39	cassandra-001	117.58	38.47	2018-08-18T04:08:03.510030326Z	0.0	92.03	128	0.0
128.39	38.48	140.18	cassandra-001	128.89	38.48	2018-08-18T04:08:10.516685196Z	0.0	91.89	129	0.0
140.18	38.48	150.63	cassandra-001	132.59	38.48	2018-08-18T04:08:17.523662173Z	0.408	92.01	130	0.282
150.63	38.48	108.01	cassandra-001	134.56	38.48	2018-08-18T04:08:24.529331429Z	0.0	92.03	131	0.0
108.01	38.48	102.91	cassandra-001	129.09	38.48	2018-08-18T04:08:31.53646642Z	0.0	91.75	132	0.0
102.91	38.48	127.15	cassandra-001	125.38	38.48	2018-08-18T04:08:38.545966237Z	0.0	90.48	133	0.0
127.15	38.48	121.26	cassandra-001	126.21	38.48	2018-08-18T04:08:45.553653314Z	0.342	91.92	134	0.282
121.26	38.48	146.83	cassandra-001	125.02	38.48	2018-08-18T04:08:52.56149678Z	0.0	91.79	135	0.0
146.83	38.49	165.53	cassandra-001	126.13	38.49	2018-08-18T04:08:59.577760748Z	0.0	91.87	136	0.0
165.53	38.49	244.55	cassandra-001	128.61	38.49	2018-08-18T04:09:06.584955826Z	0.0	91.93	137	0.0
244.55	38.48	147.36	cassandra-001	151.37	38.48	2018-08-18T04:09:13.592758646Z	0.342	91.85	138	0.282
147.36	38.48	137.37	cassandra-001	158.78	38.48	2018-08-18T04:09:20.599800686Z	0.0	91.79	139	0.0
137.37	38.48	119.71	cassandra-001	160.48	38.48	2018-08-18T04:09:27.607099482Z	0.0	91.85	140	0.0
119.71	38.48	152.15	cassandra-001	160.22	38.48	2018-08-18T04:09:34.614356875Z	0.0	92.02	141	0.0
152.15	38.48	139.07	cassandra-001	161.11	38.48	2018-08-18T04:09:41.626627757Z	0.171	88.67	141	0.141
139.07	38.48	159.6	cassandra-001	156.7	38.48	2018-08-18T04:09:48.632473448Z	0.171	92.02	141	0.141
159.6	38.48	139.57	cassandra-001	142.54	38.48	2018-08-18T04:09:55.639563021Z	0.0	91.91	141	0.0
139.57	38.48	146.93	cassandra-001	141.24	38.48	2018-08-18T04:10:02.646031065Z	0.0	91.92	141	0.0
146.93	38.48	104.69	cassandra-001	142.84	38.48	2018-08-18T04:10:09.652827021Z	0.0	91.81	141	0.0
104.69	38.48	145.2	cassandra-001	140.33	38.48	2018-08-18T04:10:16.659718858Z	60.027	91.81	141	3.229
145.2	38.48	145.41	cassandra-001	139.18	38.48	2018-08-18T04:10:23.672590207Z	0.0	92.01	141	0.0
145.41	38.48	128.21	cassandra-001	140.23	38.48	2018-08-18T04:10:30.679709987Z	0.0	92.03	141	0.0
128.21	38.48	139.03	cassandra-001	135.0	38.48	2018-08-18T04:10:37.686800909Z	0.0	91.76	141	0.0
139.03	38.48	113.0	cassandra-001	134.91	38.48	2018-08-18T04:10:44.693574419Z	0.342	91.95	141	0.282
113.0	38.48	108.78	cassandra-001	129.26	38.48	2018-08-18T04:10:51.70040636Z	0.0	91.82	141	0.0
