host_moving_avg_cpu	memory_rss%	timestamp	name	sensor_count	host_cpu	net_receive	container_cpu%	net_send	memory_active_anon%	memory%
nan	38.01	2018-08-19T21:48:32.398045406Z	cassandra-001	2	0	500174.183	1.19	126899.576	38.01	62.61
nan	38.01	2018-08-19T21:48:39.405113594Z	cassandra-001	7	1.19	3.941	2.88	0.698	38.01	62.61
nan	38.01	2018-08-19T21:48:46.412527438Z	cassandra-001	11	2.88	19.689	6.2	2.356	38.01	62.62
nan	38.01	2018-08-19T21:48:53.421082495Z	cassandra-001	15	6.2	15.064	1.25	1.394	38.01	62.61
nan	38.01	2018-08-19T21:49:00.427962651Z	cassandra-001	19	1.25	41.971	4.83	4.579	38.01	62.61
2.72	38.01	2018-08-19T21:49:07.435620815Z	cassandra-001	23	4.83	26.764	1.33	3.146	38.01	62.61
2.95	38.01	2018-08-19T21:49:14.443727386Z	cassandra-001	26	1.33	29.595	1.22	3.264	38.01	62.61
2.95	38.01	2018-08-19T21:49:21.469675666Z	cassandra-001	28	1.22	65.979	1.4	7.278	38.01	62.62
2.7	38.01	2018-08-19T21:49:28.476518816Z	cassandra-001	31	1.4	37.622	1.25	4.185	38.01	62.61
1.88	38.01	2018-08-19T21:49:35.48995192Z	cassandra-001	34	1.25	81.211	8.01	10.164	38.01	62.62
3.01	38.01	2018-08-19T21:49:42.500169428Z	cassandra-001	36	8.01	45.39	1.53	5.028	38.01	62.62
2.46	38.01	2018-08-19T21:49:49.507771888Z	cassandra-001	39	1.53	47.216	1.23	5.344	38.01	62.61
2.44	38.01	2018-08-19T21:49:56.516455213Z	cassandra-001	41	1.23	99.617	1.36	9.775	38.01	62.61
2.46	38.01	2018-08-19T21:50:03.522711858Z	cassandra-001	43	1.36	52.702	1.32	3.824	38.01	62.61
2.45	38.01	2018-08-19T21:50:10.529685127Z	cassandra-001	46	1.32	110.936	8.11	10.656	38.01	62.62
3.59	38.01	2018-08-19T21:50:17.537558073Z	cassandra-001	48	8.11	57.494	1.21	4.522	38.01	62.62
2.46	38.01	2018-08-19T21:50:24.545630131Z	cassandra-001	50	1.21	60.217	1.2	5.432	38.01	62.62
2.4	38.01	2018-08-19T21:50:31.553781862Z	cassandra-001	52	1.2	120.782	1.43	14.201	38.01	62.62
2.44	38.01	2018-08-19T21:50:38.564366992Z	cassandra-001	54	1.43	66.771	2.82	6.618	38.01	62.62
2.68	38.01	2018-08-19T21:50:45.573452311Z	cassandra-001	56	2.82	139.857	8.53	14.238	38.01	62.62
3.88	38.01	2018-08-19T21:50:52.580154248Z	cassandra-001	58	8.53	72.115	1.31	7.25	38.01	62.62
2.75	38.01	2018-08-19T21:50:59.586589472Z	cassandra-001	60	1.31	74.428	1.31	8.041	38.01	62.62
2.77	38.01	2018-08-19T21:51:06.59361075Z	cassandra-001	62	1.31	152.34	1.86	14.22	38.01	62.62
2.88	38.01	2018-08-19T21:51:13.601726309Z	cassandra-001	64	1.86	73.37	1.22	6.126	38.01	62.62
2.84	38.01	2018-08-19T21:51:20.607868762Z	cassandra-001	66	1.22	156.78	9.6	14.428	38.01	62.62
3.97	38.01	2018-08-19T21:51:27.614476005Z	cassandra-001	67	9.6	83.47	1.19	7.259	38.01	62.62
2.75	38.01	2018-08-19T21:51:34.619825112Z	cassandra-001	69	1.19	84.023	1.05	7.642	38.01	62.62
2.7	38.01	2018-08-19T21:51:41.626226803Z	cassandra-001	71	1.05	173.466	1.41	16.536	38.01	62.62
2.72	38.01	2018-08-19T21:51:48.633144657Z	cassandra-001	73	1.41	90.819	1.24	9.726	38.01	62.62
2.62	38.01	2018-08-19T21:51:55.639463121Z	cassandra-001	74	1.24	186.412	11.42	21.179	38.01	62.62
4.32	38.01	2018-08-19T21:52:02.646064708Z	cassandra-001	76	11.42	91.394	1.45	8.378	38.01	62.62
2.96	38.01	2018-08-19T21:52:09.653152959Z	cassandra-001	77	1.45	94.962	1.29	7.414	38.01	62.62
2.98	38.01	2018-08-19T21:52:16.660023339Z	cassandra-001	79	1.29	194.004	1.3	21.374	38.01	62.62
3.02	38.01	2018-08-19T21:52:23.66780582Z	cassandra-001	81	1.3	99.371	1.29	10.66	38.01	62.62
3.0	38.01	2018-08-19T21:52:30.674092253Z	cassandra-001	82	1.29	202.774	12.61	19.919	38.01	62.63
4.89	38.01	2018-08-19T21:52:37.681361611Z	cassandra-001	84	12.61	102.543	1.18	10.236	38.01	62.63
3.19	38.01	2018-08-19T21:52:44.688345124Z	cassandra-001	85	1.18	106.513	1.0	12.704	38.01	62.63
3.11	38.01	2018-08-19T21:52:51.694705578Z	cassandra-001	87	1.0	211.319	1.1	22.978	38.01	62.63
3.08	38.01	2018-08-19T21:52:58.700703343Z	cassandra-001	88	1.1	109.537	1.18	10.709	38.01	62.63
3.06	38.01	2018-08-19T21:53:05.707197048Z	cassandra-001	90	1.18	220.492	9.23	21.484	38.01	62.63
4.38	38.01	2018-08-19T21:53:12.713604714Z	cassandra-001	91	9.23	112.462	1.24	9.098	38.01	62.63
2.49	38.01	2018-08-19T21:53:19.720611448Z	cassandra-001	92	1.24	114.53	1.14	10.708	38.01	62.63
2.48	38.01	2018-08-19T21:53:26.729071368Z	cassandra-001	94	1.14	235.3	1.27	25.229	38.01	62.63
2.53	38.01	2018-08-19T21:53:33.736573679Z	cassandra-001	95	1.27	119.483	1.26	11.974	38.01	62.63
2.55	38.01	2018-08-19T21:53:40.743156679Z	cassandra-001	97	1.26	238.786	12.86	23.63	38.01	62.64
4.5	38.01	2018-08-19T21:53:47.750029102Z	cassandra-001	98	12.86	121.367	1.08	11.194	38.01	62.64
3.14	38.01	2018-08-19T21:53:54.757288179Z	cassandra-001	99	1.08	125.168	1.14	14.322	38.01	62.64
3.12	38.01	2018-08-19T21:54:01.765722682Z	cassandra-001	101	1.14	250.642	1.32	29.223	38.01	62.64
3.16	38.01	2018-08-19T21:54:08.772835929Z	cassandra-001	102	1.32	121.614	3.04	13.146	38.01	62.64
3.45	38.01	2018-08-19T21:54:15.77950728Z	cassandra-001	103	3.04	258.403	12.91	29.604	38.01	62.64
5.39	38.01	2018-08-19T21:54:22.787749489Z	cassandra-001	105	12.91	129.445	1.32	14.676	38.01	62.64
3.47	38.01	2018-08-19T21:54:29.794286759Z	cassandra-001	106	1.32	131.508	1.27	14.609	38.01	62.64
3.5	38.01	2018-08-19T21:54:36.802541245Z	cassandra-001	107	1.27	262.835	1.32	29.588	38.01	62.64
3.53	38.01	2018-08-19T21:54:43.809210067Z	cassandra-001	108	1.32	133.515	1.14	12.048	38.01	62.64
3.5	38.01	2018-08-19T21:54:50.81590936Z	cassandra-001	110	1.14	271.889	11.22	26.814	38.01	62.65
4.86	38.01	2018-08-19T21:54:57.822697623Z	cassandra-001	111	11.22	130.379	1.15	11.901	38.01	62.65
2.9	38.01	2018-08-19T21:55:04.837946264Z	cassandra-001	112	1.15	141.836	1.24	15.452	38.01	62.64
2.89	38.01	2018-08-19T21:55:11.844165647Z	cassandra-001	113	1.24	282.629	1.28	26.6	38.01	62.65
2.89	38.01	2018-08-19T21:55:18.852464091Z	cassandra-001	114	1.28	143.115	1.11	14.91	38.01	62.65
2.86	38.01	2018-08-19T21:55:25.859873288Z	cassandra-001	116	1.11	289.442	14.73	27.891	38.01	62.65
5.12	38.01	2018-08-19T21:55:32.866643586Z	cassandra-001	117	14.73	146.377	1.34	17.628	38.01	62.65
3.48	38.01	2018-08-19T21:55:39.873390073Z	cassandra-001	118	1.34	148.043	1.29	16.136	38.01	62.65
3.5	38.01	2018-08-19T21:55:46.880303353Z	cassandra-001	119	1.29	295.9	1.21	30.08	38.01	62.65
3.49	38.01	2018-08-19T21:55:53.887630306Z	cassandra-001	120	1.21	143.081	1.03	14.868	38.01	62.65
3.45	38.01	2018-08-19T21:56:00.896193155Z	cassandra-001	121	1.03	304.424	14.48	32.427	38.01	62.65
5.68	38.01	2018-08-19T21:56:07.907260901Z	cassandra-001	123	14.48	152.689	1.24	14.88	38.01	62.65
3.43	38.01	2018-08-19T21:56:14.915279565Z	cassandra-001	124	1.24	152.242	1.16	13.56	38.01	62.65
3.4	38.01	2018-08-19T21:56:21.924842375Z	cassandra-001	125	1.16	312.576	1.21	30.828	38.01	62.66
3.39	38.01	2018-08-19T21:56:28.932549015Z	cassandra-001	126	1.21	157.792	1.18	17.967	38.01	62.66
3.38	38.01	2018-08-19T21:56:35.940757302Z	cassandra-001	127	1.18	319.698	13.35	34.522	38.01	62.66
5.44	38.01	2018-08-19T21:56:42.949289605Z	cassandra-001	128	13.35	155.925	1.48	14.218	38.01	62.66
3.27	38.01	2018-08-19T21:56:49.956391628Z	cassandra-001	129	1.48	157.427	1.16	14.64	38.01	62.66
3.26	38.01	2018-08-19T21:56:56.963272235Z	cassandra-001	130	1.16	324.263	1.21	34.677	38.01	62.66
3.27	38.01	2018-08-19T21:57:03.969804097Z	cassandra-001	131	1.21	165.511	1.19	15.55	38.01	62.66
3.26	38.02	2018-08-19T21:57:10.976460454Z	cassandra-001	132	1.19	333.893	14.23	35.27	38.02	62.67
5.44	38.02	2018-08-19T21:57:17.982848487Z	cassandra-001	133	14.23	169.536	1.29	19.522	38.02	62.67
3.43	38.02	2018-08-19T21:57:24.989784328Z	cassandra-001	135	1.29	170.236	1.18	19.786	38.02	62.67
3.38	38.02	2018-08-19T21:57:31.99712746Z	cassandra-001	136	1.18	338.046	1.2	36.719	38.02	62.67
3.38	38.02	2018-08-19T21:57:39.00443704Z	cassandra-001	137	1.2	170.106	2.13	17.752	38.02	62.67
3.54	38.02	2018-08-19T21:57:46.011953798Z	cassandra-001	138	2.13	345.357	17.03	34.606	38.02	62.67
6.18	38.02	2018-08-19T21:57:53.018979708Z	cassandra-001	139	17.03	171.781	1.42	18.86	38.02	62.67
4.04	38.02	2018-08-19T21:58:00.025478065Z	cassandra-001	140	1.42	167.789	1.11	18.067	38.02	62.67
4.01	38.02	2018-08-19T21:58:07.032504017Z	cassandra-001	141	1.11	346.416	1.33	29.284	38.02	62.68
4.04	38.02	2018-08-19T21:58:14.039602425Z	cassandra-001	142	1.33	176.162	1.18	13.79	38.02	62.67
4.03	38.02	2018-08-19T21:58:21.048235901Z	cassandra-001	143	1.18	353.738	16.17	31.79	38.02	62.68
6.37	38.02	2018-08-19T21:58:28.056704809Z	cassandra-001	144	16.17	176.219	1.27	16.719	38.02	62.68
3.75	38.02	2018-08-19T21:58:35.063451167Z	cassandra-001	145	1.27	184.861	1.45	19.015	38.02	62.67
3.75	38.02	2018-08-19T21:58:42.070170699Z	cassandra-001	146	1.45	350.243	1.26	30.693	38.02	62.68
3.78	38.01	2018-08-19T21:58:49.077714867Z	cassandra-001	147	1.26	185.178	1.21	21.18	38.01	62.68
3.76	38.01	2018-08-19T21:58:56.085361737Z	cassandra-001	148	1.21	368.536	12.92	37.237	38.01	62.68
5.71	38.01	2018-08-19T21:59:03.091447698Z	cassandra-001	149	12.92	189.908	1.2	18.262	38.01	62.68
3.22	38.01	2018-08-19T21:59:10.097382572Z	cassandra-001	150	1.2	273.054	7.31	25.919	38.01	62.68
4.23	38.01	2018-08-19T21:59:17.102846724Z	cassandra-001	151	7.31	299.973	1.26	38.343	38.01	62.68
4.19	38.01	2018-08-19T21:59:24.110804848Z	cassandra-001	152	1.26	189.721	1.21	17.68	38.01	62.68
4.19	38.01	2018-08-19T21:59:31.117835522Z	cassandra-001	153	1.21	383.257	7.25	39.226	38.01	62.69
5.19	38.01	2018-08-19T21:59:38.123491039Z	cassandra-001	154	7.25	189.961	1.15	23.276	38.01	62.68
3.23	38.01	2018-08-19T21:59:45.131913155Z	cassandra-001	155	1.15	388.53	14.44	40.532	38.01	62.69
5.44	38.01	2018-08-19T21:59:52.141214951Z	cassandra-001	156	14.44	194.319	1.19	22.8	38.01	62.69
4.42	38.01	2018-08-19T21:59:59.149123581Z	cassandra-001	157	1.19	197.931	1.17	23.063	38.01	62.69
4.4	38.01	2018-08-19T22:00:06.156597771Z	cassandra-001	158	1.17	394.608	3.54	38.022	38.01	62.69
4.79	38.01	2018-08-19T22:00:13.162976262Z	cassandra-001	158	3.54	200.281	1.28	20.634	38.01	62.69
3.8	38.01	2018-08-19T22:00:20.170750312Z	cassandra-001	159	1.28	402.011	16.93	37.994	38.01	62.69
6.43	38.01	2018-08-19T22:00:27.179573127Z	cassandra-001	160	16.93	199.056	1.21	21.781	38.01	62.69
4.22	38.0	2018-08-19T22:00:34.186494328Z	cassandra-001	161	1.21	198.438	1.21	16.33	38.0	62.69
4.22	38.0	2018-08-19T22:00:41.193686486Z	cassandra-001	162	1.21	404.741	1.17	39.958	38.0	62.69
4.22	38.0	2018-08-19T22:00:48.199849104Z	cassandra-001	163	1.17	205.871	1.08	20.936	38.0	62.68
3.81	38.0	2018-08-19T22:00:55.208272585Z	cassandra-001	164	1.08	403.006	16.29	38.954	38.0	62.69
6.32	38.0	2018-08-19T22:01:02.215531873Z	cassandra-001	165	16.29	202.454	1.37	22.479	38.0	62.69
3.72	38.0	2018-08-19T22:01:09.225622173Z	cassandra-001	166	1.37	205.711	3.98	23.126	38.0	62.69
4.18	38.0	2018-08-19T22:01:16.232264354Z	cassandra-001	167	3.98	426.701	1.33	51.69	38.0	62.69
4.2	38.0	2018-08-19T22:01:23.240880038Z	cassandra-001	167	1.33	213.19	1.37	22.32	38.0	62.69
4.24	38.0	2018-08-19T22:01:30.250593147Z	cassandra-001	168	1.37	417.923	15.88	35.267	38.0	62.69
6.7	38.0	2018-08-19T22:01:37.258114577Z	cassandra-001	169	15.88	212.71	1.32	21.448	38.0	62.69
4.21	38.0	2018-08-19T22:01:44.267949359Z	cassandra-001	170	1.32	212.895	1.23	20.656	38.0	62.7
4.19	38.0	2018-08-19T22:01:51.277013717Z	cassandra-001	171	1.23	421.14	1.22	37.734	38.0	62.7
3.73	38.0	2018-08-19T22:01:58.285838338Z	cassandra-001	172	1.22	215.767	1.21	20.945	38.0	62.7
3.71	38.0	2018-08-19T22:02:05.292641783Z	cassandra-001	173	1.21	428.852	16.9	45.23	38.0	62.7
6.29	38.0	2018-08-19T22:02:12.305472233Z	cassandra-001	174	16.9	216.947	1.25	18.978	38.0	62.7
3.86	38.0	2018-08-19T22:02:19.31308203Z	cassandra-001	174	1.25	216.274	1.32	22.146	38.0	62.7
3.86	38.0	2018-08-19T22:02:26.320760561Z	cassandra-001	175	1.32	430.254	1.97	32.925	38.0	62.7
3.98	38.0	2018-08-19T22:02:33.329117224Z	cassandra-001	176	1.97	216.614	1.27	23.32	38.0	62.7
3.99	38.0	2018-08-19T22:02:40.336839623Z	cassandra-001	177	1.27	439.016	18.81	44.976	38.0	62.71
6.92	38.0	2018-08-19T22:02:47.344997255Z	cassandra-001	178	18.81	223.511	1.18	25.154	38.0	62.7
4.3	38.0	2018-08-19T22:02:54.356264394Z	cassandra-001	179	1.18	227.495	1.46	24.058	38.0	62.71
4.34	38.0	2018-08-19T22:03:01.364425528Z	cassandra-001	179	1.46	447.691	3.33	41.357	38.0	62.71
4.67	38.0	2018-08-19T22:03:08.371942183Z	cassandra-001	180	3.33	231.381	3.84	28.348	38.0	62.72
4.98	38.01	2018-08-19T22:03:15.382049915Z	cassandra-001	181	3.84	446.723	47.28	45.608	38.0	62.74
12.65	38.01	2018-08-19T22:03:22.389786724Z	cassandra-001	182	47.28	222.547	3.81	17.59	38.01	62.75
10.15	38.01	2018-08-19T22:03:29.397500033Z	cassandra-001	183	3.81	228.174	7.0	25.549	38.01	62.77
11.12	38.01	2018-08-19T22:03:36.409617694Z	cassandra-001	183	7.0	448.263	8.17	47.931	38.01	62.8
12.24	38.01	2018-08-19T22:03:43.418961783Z	cassandra-001	184	8.17	221.099	10.73	18.778	38.01	62.83
13.47	38.01	2018-08-19T22:03:50.425773514Z	cassandra-001	185	10.73	447.438	34.31	52.934	38.01	62.87
18.55	38.02	2018-08-19T22:03:57.433282433Z	cassandra-001	186	34.31	224.413	10.72	26.275	38.02	62.91
12.46	38.02	2018-08-19T22:04:04.439696474Z	cassandra-001	187	10.72	225.726	13.29	23.464	38.02	62.95
14.04	38.01	2018-08-19T22:04:11.44637711Z	cassandra-001	187	13.29	450.145	13.27	42.968	38.01	63.05
15.08	38.03	2018-08-19T22:04:18.456108556Z	cassandra-001	188	13.27	224.728	19.94	21.418	38.03	63.11
17.04	38.04	2018-08-19T22:04:25.467344293Z	cassandra-001	189	19.94	454.727	27.78	50.228	38.04	63.17
19.88	38.04	2018-08-19T22:04:32.477134009Z	cassandra-001	190	27.78	224.332	20.0	19.081	38.04	63.23
17.5	38.05	2018-08-19T22:04:39.487095063Z	cassandra-001	190	20.0	223.132	18.37	20.692	38.05	63.31
18.78	38.05	2018-08-19T22:04:46.49401312Z	cassandra-001	191	18.37	454.613	19.05	52.287	38.05	63.37
19.74	38.05	2018-08-19T22:04:53.501024878Z	cassandra-001	192	19.05	224.785	18.17	24.85	38.05	63.44
20.55	38.07	2018-08-19T22:05:00.509414691Z	cassandra-001	193	18.17	455.672	31.52	50.861	38.07	63.53
22.48	38.07	2018-08-19T22:05:07.517413155Z	cassandra-001	193	31.52	225.512	18.85	25.589	38.07	63.6
20.99	38.07	2018-08-19T22:05:14.525157112Z	cassandra-001	194	18.85	227.281	20.8	20.956	38.07	63.69
21.13	38.07	2018-08-19T22:05:21.533802214Z	cassandra-001	195	20.8	453.346	29.26	46.862	38.07	63.78
22.94	38.08	2018-08-19T22:05:28.540072002Z	cassandra-001	196	29.26	224.575	18.43	19.741	38.08	63.87
22.84	38.08	2018-08-19T22:05:35.547379702Z	cassandra-001	197	18.43	453.835	36.88	47.852	38.05	63.96
25.96	38.08	2018-08-19T22:05:42.555093948Z	cassandra-001	197	36.88	226.723	25.47	22.87	38.08	64.06
24.95	38.08	2018-08-19T22:05:49.561783043Z	cassandra-001	198	25.47	225.077	28.59	25.576	38.08	64.16
26.57	38.08	2018-08-19T22:05:56.56830113Z	cassandra-001	199	28.59	448.204	25.07	48.287	38.08	64.27
27.28	38.08	2018-08-19T22:06:03.576454748Z	cassandra-001	199	25.07	225.51	33.31	22.474	38.08	64.37
27.96	38.09	2018-08-19T22:06:10.582977677Z	cassandra-001	200	33.31	446.307	38.92	46.73	38.09	65.7
31.37	38.09	2018-08-19T22:06:17.58945501Z	cassandra-001	201	38.92	223.638	23.91	20.362	38.09	65.81
29.21	38.09	2018-08-19T22:06:24.594882761Z	cassandra-001	202	23.91	225.644	23.86	22.606	38.06	65.93
28.94	38.09	2018-08-19T22:06:31.60202815Z	cassandra-001	202	23.86	452.53	34.02	51.455	38.09	66.06
29.85	38.12	2018-08-19T22:06:38.608316142Z	cassandra-001	203	34.02	222.586	29.65	23.068	38.12	66.21
30.61	38.11	2018-08-19T22:06:45.617485353Z	cassandra-001	204	29.65	449.245	48.29	49.304	38.11	66.34
33.11	38.11	2018-08-19T22:06:52.627474718Z	cassandra-001	205	48.29	225.792	35.94	25.576	38.11	66.47
32.61	38.11	2018-08-19T22:06:59.635712878Z	cassandra-001	205	35.94	222.745	36.07	18.553	38.11	66.62
34.64	38.12	2018-08-19T22:07:06.645800439Z	cassandra-001	206	36.07	454.286	34.85	45.014	38.12	66.76
36.47	38.11	2018-08-19T22:07:13.658078766Z	cassandra-001	207	34.85	227.621	38.92	25.708	38.11	66.9
37.29	38.11	2018-08-19T22:07:20.666995199Z	cassandra-001	208	38.92	448.553	49.04	42.176	38.11	67.05
40.52	38.16	2018-08-19T22:07:27.67549111Z	cassandra-001	208	49.04	224.054	34.12	22.711	38.16	67.24
38.16	38.16	2018-08-19T22:07:34.682546398Z	cassandra-001	209	34.12	227.62	40.27	24.388	38.13	67.41
38.88	38.16	2018-08-19T22:07:41.690423745Z	cassandra-001	210	40.27	449.419	37.97	46.532	38.16	68.71
39.2	38.16	2018-08-19T22:07:48.697374345Z	cassandra-001	210	37.97	224.798	43.95	22.078	38.16	68.87
40.71	38.16	2018-08-19T22:07:55.704715424Z	cassandra-001	211	43.95	446.019	49.78	41.912	38.16	69.04
42.52	38.16	2018-08-19T22:08:02.712051165Z	cassandra-001	212	49.78	223.458	39.88	19.741	38.16	69.2
41.0	38.16	2018-08-19T22:08:09.721280026Z	cassandra-001	213	39.88	223.777	29.42	21.484	38.16	69.37
40.21	38.18	2018-08-19T22:08:16.72763185Z	cassandra-001	213	29.42	453.667	45.06	48.71	38.18	69.58
41.01	38.18	2018-08-19T22:08:23.73656764Z	cassandra-001	214	45.06	227.402	52.5	26.962	38.18	69.76
43.43	38.19	2018-08-19T22:08:30.743134142Z	cassandra-001	215	52.5	448.077	50.75	39.377	38.19	69.95
44.56	38.19	2018-08-19T22:08:37.749318592Z	cassandra-001	215	50.75	225.784	36.99	22.474	38.19	70.15
42.43	38.19	2018-08-19T22:08:44.757194384Z	cassandra-001	216	36.99	225.278	51.21	23.464	38.19	70.33
44.32	38.19	2018-08-19T22:08:51.763533124Z	cassandra-001	217	51.21	452.846	46.52	50.162	38.19	71.63
47.17	38.19	2018-08-19T22:08:58.772163653Z	cassandra-001	218	46.52	222.68	40.46	20.533	38.19	71.83
46.4	38.19	2018-08-19T22:09:05.781308803Z	cassandra-001	218	40.46	444.262	65.67	46.202	38.19	72.03
48.6	38.19	2018-08-19T22:09:12.792266439Z	cassandra-001	219	65.67	222.621	51.51	18.712	38.19	72.24
48.73	38.19	2018-08-19T22:09:19.800477635Z	cassandra-001	220	51.51	223.981	42.89	18.382	38.19	72.45
49.71	38.19	2018-08-19T22:09:26.809945083Z	cassandra-001	220	42.89	455.289	44.71	51.191	38.19	72.67
48.63	38.2	2018-08-19T22:09:33.82218365Z	cassandra-001	221	44.71	227.684	45.45	24.256	38.2	72.88
48.45	38.2	2018-08-19T22:09:40.828060535Z	cassandra-001	222	45.45	443.498	123.4	36.83	38.2	73.7
62.27	38.19	2018-08-19T22:09:47.834578936Z	cassandra-001	222	123.4	223.214	92.4	23.134	38.19	75.5
66.73	38.19	2018-08-19T22:09:54.841762011Z	cassandra-001	223	92.4	222.17	95.41	20.098	38.19	77.13
74.04	38.19	2018-08-19T22:10:01.849005521Z	cassandra-001	224	95.41	446.475	82.14	44.327	38.19	78.77
80.58	38.19	2018-08-19T22:10:08.857156741Z	cassandra-001	224	82.14	221.797	53.32	23.728	38.19	79.58
82.02	38.2	2018-08-19T22:10:15.865374529Z	cassandra-001	225	53.32	453.089	119.57	47.918	38.2	77.31
94.37	38.19	2018-08-19T22:10:22.874902963Z	cassandra-001	226	119.57	227.083	93.8	25.589	38.19	79.85
89.44	38.19	2018-08-19T22:10:29.883181565Z	cassandra-001	226	93.8	228.629	92.2	28.453	38.19	83.17
89.41	38.2	2018-08-19T22:10:36.889998832Z	cassandra-001	227	92.2	445.888	60.0	36.314	38.2	85.59
83.51	38.2	2018-08-19T22:10:43.896341883Z	cassandra-001	228	60.0	225.254	49.87	20.89	38.2	87.76
78.13	38.19	2018-08-19T22:10:50.903400845Z	cassandra-001	228	49.87	449.955	108.96	45.74	38.19	89.65
87.4	38.19	2018-08-19T22:10:57.909276984Z	cassandra-001	229	108.96	221.683	82.57	20.137	38.19	91.78
81.23	38.14	2018-08-19T22:11:04.917953254Z	cassandra-001	230	82.57	228.139	75.95	23.794	38.14	91.95
78.26	38.14	2018-08-19T22:11:11.924702752Z	cassandra-001	230	75.95	454.013	78.55	43.628	38.14	91.86
75.98	38.14	2018-08-19T22:11:18.931203415Z	cassandra-001	231	78.55	222.568	50.66	23.266	38.14	91.93
74.43	38.14	2018-08-19T22:11:25.937564779Z	cassandra-001	232	50.66	449.74	113.63	45.725	38.14	91.82
85.05	38.12	2018-08-19T22:11:32.943239264Z	cassandra-001	232	113.63	226.57	81.05	22.078	38.12	77.75
80.4	38.13	2018-08-19T22:11:39.949675903Z	cassandra-001	233	81.05	230.647	66.58	27.094	38.13	78.03
77.74	38.12	2018-08-19T22:11:46.958004492Z	cassandra-001	234	66.58	448.005	45.84	42.044	38.12	78.3
72.72	38.13	2018-08-19T22:11:53.965465832Z	cassandra-001	234	45.84	221.404	56.29	20.758	38.13	79.56
69.01	38.12	2018-08-19T22:12:00.973395208Z	cassandra-001	235	56.29	454.021	79.48	44.789	38.12	79.84
73.81	38.12	2018-08-19T22:12:07.979714297Z	cassandra-001	236	79.48	228.79	49.14	26.83	38.12	80.14
63.06	38.13	2018-08-19T22:12:14.986175329Z	cassandra-001	236	49.14	229.108	66.33	28.612	38.13	80.43
60.61	38.12	2018-08-19T22:12:21.995141316Z	cassandra-001	237	66.33	446.569	61.62	38.612	38.12	80.73
59.78	38.13	2018-08-19T22:12:29.003967615Z	cassandra-001	237	61.62	224.075	88.66	19.873	38.13	82.72
66.92	38.13	2018-08-19T22:12:36.01116366Z	cassandra-001	238	88.66	453.244	116.76	50.426	38.13	84.43
77.0	38.13	2018-08-19T22:12:43.017448292Z	cassandra-001	239	116.76	224.353	95.03	21.154	38.13	86.14
79.59	38.13	2018-08-19T22:12:50.025503519Z	cassandra-001	239	95.03	224.566	72.92	19.768	38.13	82.89
83.55	38.13	2018-08-19T22:12:57.033045568Z	cassandra-001	240	72.92	448.65	138.76	49.673	38.13	84.12
95.62	38.13	2018-08-19T22:13:04.042489754Z	cassandra-001	241	138.76	229.395	63.83	27.556	38.13	84.44
95.99	38.13	2018-08-19T22:13:11.050103957Z	cassandra-001	241	63.83	449.103	76.44	48.512	38.13	84.75
93.96	38.13	2018-08-19T22:13:18.057548842Z	cassandra-001	242	76.44	228.186	63.61	23.86	38.13	85.08
85.1	38.13	2018-08-19T22:13:25.065670484Z	cassandra-001	242	63.61	224.896	54.35	22.012	38.13	85.4
78.32	38.13	2018-08-19T22:13:32.071792917Z	cassandra-001	243	54.35	449.958	70.71	47.759	38.13	86.63
77.95	38.13	2018-08-19T22:13:39.079311504Z	cassandra-001	244	70.71	223.424	75.95	21.748	38.13	86.96
67.48	38.13	2018-08-19T22:13:46.087349063Z	cassandra-001	244	75.95	446.264	75.87	41.714	38.13	87.3
69.49	38.13	2018-08-19T22:13:53.093815773Z	cassandra-001	245	75.87	226.604	62.63	22.606	38.13	87.64
67.19	38.07	2018-08-19T22:14:00.099388339Z	cassandra-001	245	62.63	368.45	79.67	34.35	38.07	88.79
69.86	38.07	2018-08-19T22:14:07.105563771Z	cassandra-001	246	79.67	310.018	71.83	31.131	38.07	89.14
72.78	38.07	2018-08-19T22:14:14.113407675Z	cassandra-001	247	71.83	226.22	70.66	22.21	38.07	89.49
72.77	38.07	2018-08-19T22:14:21.119432258Z	cassandra-001	247	70.66	449.2	78.11	41.78	38.07	89.84
73.13	38.08	2018-08-19T22:14:28.126310896Z	cassandra-001	248	78.11	226.856	106.82	20.863	38.08	91.79
78.29	38.07	2018-08-19T22:14:35.132923625Z	cassandra-001	248	106.82	377.824	104.1	39.535	38.07	91.96
85.2	38.07	2018-08-19T22:14:42.140493814Z	cassandra-001	249	104.1	306.413	64.8	35.609	38.07	91.88
82.72	38.08	2018-08-19T22:14:49.147101102Z	cassandra-001	249	64.8	226.137	68.05	23.464	38.08	89.54
82.09	38.07	2018-08-19T22:14:56.152966326Z	cassandra-001	250	68.05	445.523	108.21	41.621	38.07	89.91
88.35	38.07	2018-08-19T22:15:03.159368375Z	cassandra-001	251	108.21	225.817	77.02	23.068	38.07	90.27
88.17	38.07	2018-08-19T22:15:10.167226203Z	cassandra-001	251	77.02	402.262	90.41	39.553	38.07	90.64
85.43	38.07	2018-08-19T22:15:17.174487089Z	cassandra-001	252	90.41	272.982	82.0	26.615	38.07	91.84
81.75	38.07	2018-08-19T22:15:24.182083695Z	cassandra-001	252	82.0	223.433	89.06	21.088	38.07	91.93
85.79	38.07	2018-08-19T22:15:31.189504479Z	cassandra-001	253	89.06	449.307	76.93	43.865	38.07	92.03
87.27	38.07	2018-08-19T22:15:38.197489286Z	cassandra-001	253	76.93	225.168	71.94	22.342	38.07	91.81
81.23	38.07	2018-08-19T22:15:45.204770442Z	cassandra-001	254	71.94	452.675	87.06	46.928	38.07	91.91
82.9	38.07	2018-08-19T22:15:52.214488844Z	cassandra-001	254	87.06	223.003	70.11	21.286	38.07	92.01
79.52	38.07	2018-08-19T22:15:59.220667065Z	cassandra-001	255	70.11	226.662	113.43	22.381	38.07	91.84
84.76	38.07	2018-08-19T22:16:06.229128673Z	cassandra-001	256	113.43	450.661	108.35	44.948	38.07	91.79
87.97	38.07	2018-08-19T22:16:13.235724466Z	cassandra-001	256	108.35	223.375	125.44	20.692	38.07	91.97
96.06	38.08	2018-08-19T22:16:20.243384775Z	cassandra-001	257	125.44	447.774	106.98	45.014	38.08	89.63
101.9	38.08	2018-08-19T22:16:27.249911938Z	cassandra-001	257	106.98	220.414	75.27	17.101	38.08	90.02
99.93	38.08	2018-08-19T22:16:34.256332004Z	cassandra-001	258	75.27	227.082	79.78	24.454	38.08	90.42
101.54	38.07	2018-08-19T22:16:41.262568451Z	cassandra-001	258	79.78	448.67	73.26	39.998	38.07	91.58
94.85	38.07	2018-08-19T22:16:48.269332629Z	cassandra-001	259	73.26	226.123	65.93	23.332	38.07	91.99
87.78	38.07	2018-08-19T22:16:55.279213304Z	cassandra-001	259	65.93	452.64	91.3	46.268	38.07	92.09
82.09	38.08	2018-08-19T22:17:02.286514501Z	cassandra-001	260	91.3	224.575	77.02	20.797	38.08	92.06
77.09	38.08	2018-08-19T22:17:09.293503227Z	cassandra-001	260	77.02	225.405	85.39	24.124	38.08	91.92
78.78	38.08	2018-08-19T22:17:16.30153389Z	cassandra-001	261	85.39	450.454	79.71	48.314	38.08	92.05
78.77	38.07	2018-08-19T22:17:23.308192492Z	cassandra-001	262	79.71	228.645	108.5	27.094	38.07	91.79
84.64	38.07	2018-08-19T22:17:30.316523506Z	cassandra-001	262	108.5	447.357	131.53	39.641	38.07	91.82
95.58	38.08	2018-08-19T22:17:37.324189097Z	cassandra-001	263	131.53	224.753	124.61	22.21	38.08	90.26
101.13	38.08	2018-08-19T22:17:44.330815858Z	cassandra-001	263	124.61	223.145	106.97	25.114	38.08	91.0
106.12	38.08	2018-08-19T22:17:51.338035182Z	cassandra-001	264	106.97	446.298	123.87	50.162	38.08	92.06
112.53	38.08	2018-08-19T22:17:58.344480384Z	cassandra-001	264	123.87	224.049	119.31	26.803	38.08	91.9
119.13	38.08	2018-08-19T22:18:05.353269705Z	cassandra-001	265	119.31	446.977	134.5	45.542	38.08	91.44
123.47	38.08	2018-08-19T22:18:12.360273515Z	cassandra-001	265	134.5	224.482	77.31	23.728	38.08	92.06
114.43	38.08	2018-08-19T22:18:19.368688165Z	cassandra-001	266	77.31	224.265	115.97	19.768	38.08	92.03
112.99	38.08	2018-08-19T22:18:26.37559239Z	cassandra-001	266	115.97	447.602	126.92	41.423	38.08	91.95
116.31	38.08	2018-08-19T22:18:33.382789945Z	cassandra-001	267	126.92	224.164	126.99	20.428	38.08	91.77
116.83	38.08	2018-08-19T22:18:40.389710544Z	cassandra-001	267	126.99	451.238	120.24	45.026	38.08	92.03
116.99	38.08	2018-08-19T22:18:47.39608618Z	cassandra-001	268	120.24	226.885	106.34	21.088	38.08	91.82
112.3	38.08	2018-08-19T22:18:54.40494207Z	cassandra-001	268	106.34	227.738	84.85	24.586	38.08	89.24
113.55	38.08	2018-08-19T22:19:01.411072574Z	cassandra-001	269	84.85	453.78	108.33	48.683	38.08	91.74
112.28	38.08	2018-08-19T22:19:08.418167834Z	cassandra-001	269	108.33	226.945	88.35	21.55	38.08	91.91
105.85	38.08	2018-08-19T22:19:15.425023444Z	cassandra-001	269	88.35	443.836	94.55	40.856	38.08	78.65
100.44	38.07	2018-08-19T22:19:22.43165778Z	cassandra-001	269	94.55	223.885	63.55	19.438	38.07	79.78
91.0	38.07	2018-08-19T22:19:29.437853182Z	cassandra-001	269	63.55	224.994	92.72	21.589	38.07	80.21
88.73	38.07	2018-08-19T22:19:36.449451109Z	cassandra-001	269	92.72	451.784	110.62	46.004	38.07	81.6
93.02	38.07	2018-08-19T22:19:43.455717146Z	cassandra-001	269	110.62	220.789	111.28	25.774	38.07	83.47
93.51	38.07	2018-08-19T22:19:50.462406851Z	cassandra-001	269	111.28	448.549	109.3	42.242	38.07	84.91
97.0	38.07	2018-08-19T22:19:57.469434457Z	cassandra-001	269	109.3	225.904	83.46	24.493	38.07	78.91
95.16	38.07	2018-08-19T22:20:04.477038494Z	cassandra-001	269	83.46	224.869	91.62	21.22	38.07	79.38
99.83	38.07	2018-08-19T22:20:11.483803811Z	cassandra-001	269	91.62	450.464	84.98	47.72	38.07	80.71
98.54	38.07	2018-08-19T22:20:18.491511722Z	cassandra-001	269	84.98	230.053	80.51	26.5	38.07	81.17
