host_moving_avg_cpu	memory_rss%	timestamp	name	sensor_count	host_cpu	net_receive	container_cpu%	net_send	memory_active_anon%	memory%
nan	15.97	2018-08-19T23:57:45.550346495Z	kafka-001	1	0	20630647.471	5.13	21038216.286	15.97	89.79
nan	15.97	2018-08-19T23:57:52.565180328Z	kafka-001	6	5.13	20.661	2.88	13.511	15.97	89.79
nan	15.97	2018-08-19T23:57:59.576341878Z	kafka-001	9	2.88	38.715	3.25	25.041	15.97	89.79
nan	15.97	2018-08-19T23:58:06.586971663Z	kafka-001	13	3.25	56.342	4.6	57.814	15.97	89.79
nan	15.97	2018-08-19T23:58:13.598318456Z	kafka-001	17	4.6	72.635	6.17	52.127	15.97	89.79
3.67	15.97	2018-08-19T23:58:20.612045751Z	kafka-001	19	6.17	86.394	6.37	94.468	15.97	89.79
4.73	15.97	2018-08-19T23:58:27.625061783Z	kafka-001	23	6.37	100.281	6.29	73.537	15.97	89.79
4.93	15.97	2018-08-19T23:58:34.639020505Z	kafka-001	26	6.29	111.603	6.74	82.133	15.97	89.79
5.57	15.97	2018-08-19T23:58:41.652683622Z	kafka-001	29	6.74	127.14	7.81	141.3	15.97	89.79
6.33	15.97	2018-08-19T23:58:48.665058702Z	kafka-001	32	7.81	135.927	9.15	101.572	15.97	89.79
7.09	15.97	2018-08-19T23:58:55.67823328Z	kafka-001	34	9.15	149.444	9.55	169.198	15.97	89.79
7.65	15.97	2018-08-19T23:59:02.690910601Z	kafka-001	37	9.55	156.809	9.65	120.948	15.97	89.79
8.2	15.97	2018-08-19T23:59:09.702334984Z	kafka-001	39	9.65	168.045	10.02	128.326	15.97	89.8
8.82	15.97	2018-08-19T23:59:16.713387949Z	kafka-001	42	10.02	178.16	10.76	206.675	15.97	89.8
9.49	15.97	2018-08-19T23:59:23.727243582Z	kafka-001	44	10.76	184.427	12.8	142.117	15.97	89.8
10.32	15.97	2018-08-19T23:59:30.740389671Z	kafka-001	46	12.8	198.456	12.53	234.126	15.97	89.52
10.88	15.97	2018-08-19T23:59:37.753573247Z	kafka-001	49	12.53	203.149	11.99	161.292	15.97	89.52
11.29	15.97	2018-08-19T23:59:44.764925626Z	kafka-001	51	11.99	200.663	12.81	164.608	15.97	89.52
11.82	15.97	2018-08-19T23:59:51.778466966Z	kafka-001	53	12.81	215.586	12.91	263.278	15.97	89.53
12.3	15.97	2018-08-19T23:59:58.790914439Z	kafka-001	55	12.91	227.099	14.02	178.229	15.97	89.53
12.84	15.97	2018-08-20T00:00:05.802294731Z	kafka-001	57	14.02	231.815	13.13	279.902	15.97	89.53
12.9	15.97	2018-08-20T00:00:12.81549808Z	kafka-001	59	13.13	242.058	13.15	194.066	15.97	89.53
13.0	15.97	2018-08-20T00:00:19.825575732Z	kafka-001	60	13.15	253.171	15.11	197.624	15.97	89.53
13.52	15.97	2018-08-20T00:00:26.835944582Z	kafka-001	62	15.11	265.07	16.16	313.638	15.97	89.53
14.08	15.97	2018-08-20T00:00:33.848368014Z	kafka-001	64	16.16	271.231	17.52	211.416	15.97	89.53
14.85	15.97	2018-08-20T00:00:40.861425153Z	kafka-001	66	17.52	277.564	15.98	329.34	15.97	89.54
15.17	15.97	2018-08-20T00:00:47.875331639Z	kafka-001	68	15.98	276.141	16.91	221.804	15.97	89.54
15.8	15.97	2018-08-20T00:00:54.885188976Z	kafka-001	69	16.91	295.337	14.74	230.23	15.97	89.54
16.07	15.97	2018-08-20T00:01:01.897500789Z	kafka-001	71	14.74	302.658	17.46	352.758	15.97	89.54
16.46	15.97	2018-08-20T00:01:08.911457623Z	kafka-001	73	17.46	303.785	19.42	238.95	15.97	89.54
17.0	15.97	2018-08-20T00:01:15.921989302Z	kafka-001	74	19.42	315.42	19.34	375.609	15.97	89.55
17.31	15.97	2018-08-20T00:01:22.931797879Z	kafka-001	76	19.34	321.303	18.08	252.685	15.97	89.55
17.66	15.97	2018-08-20T00:01:29.943247665Z	kafka-001	78	18.08	322.815	19.13	254.51	15.97	89.55
18.03	15.97	2018-08-20T00:01:36.953765976Z	kafka-001	79	19.13	332.134	18.49	398.594	15.97	89.55
18.65	15.97	2018-08-20T00:01:43.965240545Z	kafka-001	81	18.49	338.041	20.84	268.694	15.97	89.56
19.22	15.97	2018-08-20T00:01:50.975756873Z	kafka-001	83	20.84	333.268	19.9	414.404	15.97	89.56
19.3	15.97	2018-08-20T00:01:57.986951263Z	kafka-001	84	19.9	342.733	18.89	271.752	15.97	89.56
19.22	15.97	2018-08-20T00:02:04.994568318Z	kafka-001	86	18.89	348.727	20.71	279.808	15.97	89.56
19.66	15.97	2018-08-20T00:02:12.005541705Z	kafka-001	87	20.71	360.938	20.78	438.886	15.97	89.56
19.93	15.97	2018-08-20T00:02:19.016606033Z	kafka-001	89	20.78	366.223	21.68	295.366	15.97	89.57
20.47	15.97	2018-08-20T00:02:26.028976066Z	kafka-001	90	21.68	365.476	22.45	454.128	15.97	89.57
20.73	15.97	2018-08-20T00:02:33.040375258Z	kafka-001	91	22.45	367.263	23.46	291.043	15.97	89.57
21.33	15.97	2018-08-20T00:02:40.052532817Z	kafka-001	93	23.46	385.164	23.78	465.052	15.97	89.58
22.14	15.97	2018-08-20T00:02:47.064102664Z	kafka-001	94	23.78	393.901	22.15	314.742	15.97	89.58
22.38	15.97	2018-08-20T00:02:54.076574071Z	kafka-001	96	22.15	397.239	24.29	317.651	15.97	89.58
22.97	15.97	2018-08-20T00:03:01.08790899Z	kafka-001	97	24.29	401.996	23.33	491.826	15.97	89.59
23.24	15.97	2018-08-20T00:03:08.102497284Z	kafka-001	98	23.33	405.823	22.62	324.832	15.97	89.59
23.27	15.97	2018-08-20T00:03:15.113229078Z	kafka-001	100	22.62	416.318	24.16	495.92	15.97	89.59
23.39	15.97	2018-08-20T00:03:22.123461597Z	kafka-001	101	24.16	396.697	19.24	331.226	15.97	89.59
22.63	15.97	2018-08-20T00:03:29.134479126Z	kafka-001	102	19.24	421.605	23.12	334.804	15.97	89.6
22.79	15.97	2018-08-20T00:03:36.144540063Z	kafka-001	104	23.12	413.237	23.14	514.177	15.97	89.6
22.6	15.97	2018-08-20T00:03:43.155558063Z	kafka-001	105	23.14	430.694	25.92	348.624	15.97	89.6
23.03	15.97	2018-08-20T00:03:50.168928671Z	kafka-001	106	25.92	442.372	25.79	540.48	15.97	89.6
23.56	15.97	2018-08-20T00:03:57.181026584Z	kafka-001	107	25.79	444.793	26.37	357.008	15.97	89.61
23.93	15.97	2018-08-20T00:04:04.192557815Z	kafka-001	108	26.37	453.203	26.83	360.684	15.97	89.61
25.19	15.97	2018-08-20T00:04:11.203880114Z	kafka-001	110	26.83	455.968	26.5	548.243	15.97	89.62
25.76	15.97	2018-08-20T00:04:18.217221795Z	kafka-001	111	26.5	452.305	26.98	363.544	15.97	89.62
26.4	15.97	2018-08-20T00:04:25.228619223Z	kafka-001	112	26.98	464.4	28.59	568.648	15.97	89.62
26.84	15.97	2018-08-20T00:04:32.238887951Z	kafka-001	113	28.59	468.293	27.37	373.908	15.97	89.63
27.11	15.97	2018-08-20T00:04:39.248484765Z	kafka-001	115	27.37	474.977	27.0	376.494	15.97	89.63
27.21	15.97	2018-08-20T00:04:46.259706047Z	kafka-001	116	27.0	484.68	18.96	581.668	15.97	89.63
25.9	15.97	2018-08-20T00:04:53.269887529Z	kafka-001	117	18.96	477.689	27.59	385.183	15.97	89.64
26.08	15.97	2018-08-20T00:05:00.284080245Z	kafka-001	118	27.59	489.3	29.81	599.36	15.97	89.64
26.55	15.97	2018-08-20T00:05:07.29428426Z	kafka-001	119	29.81	498.509	29.79	396.574	15.97	89.64
26.75	15.97	2018-08-20T00:05:14.305324197Z	kafka-001	121	29.79	496.913	27.28	391.172	15.97	89.65
26.74	15.97	2018-08-20T00:05:21.316118695Z	kafka-001	122	27.28	507.802	29.05	617.25	15.97	89.65
27.08	15.97	2018-08-20T00:05:28.326869939Z	kafka-001	123	29.05	507.897	30.43	407.256	15.97	89.65
28.99	15.97	2018-08-20T00:05:35.341209585Z	kafka-001	124	30.43	507.163	30.31	618.032	15.97	89.66
29.44	15.97	2018-08-20T00:05:42.354200848Z	kafka-001	125	30.31	508.906	26.22	408.542	15.97	89.66
28.85	15.97	2018-08-20T00:05:49.365909335Z	kafka-001	126	26.22	519.083	29.83	416.02	15.97	89.66
28.85	15.97	2018-08-20T00:05:56.379215685Z	kafka-001	127	29.83	530.022	26.95	646.496	15.97	89.67
28.8	15.97	2018-08-20T00:06:03.393402246Z	kafka-001	128	26.95	526.757	32.41	424.465	15.97	89.67
29.36	15.97	2018-08-20T00:06:10.406150604Z	kafka-001	129	32.41	536.904	29.55	651.983	15.97	89.67
29.21	15.97	2018-08-20T00:06:17.41848379Z	kafka-001	130	29.55	540.137	31.66	428.015	15.97	89.68
29.44	15.97	2018-08-20T00:06:24.429435813Z	kafka-001	132	31.66	540.037	30.11	433.618	15.97	89.68
30.08	15.97	2018-08-20T00:06:31.441123399Z	kafka-001	133	30.11	554.826	31.69	670.566	15.97	89.69
30.39	15.97	2018-08-20T00:06:38.452506484Z	kafka-001	134	31.69	554.175	32.21	439.916	15.97	89.69
31.27	15.97	2018-08-20T00:06:45.465034935Z	kafka-001	135	32.21	562.797	34.18	680.762	15.97	89.69
31.57	15.97	2018-08-20T00:06:52.477388374Z	kafka-001	136	34.18	556.338	29.96	451.898	15.97	89.7
31.63	15.97	2018-08-20T00:06:59.489226283Z	kafka-001	137	29.96	567.359	33.28	442.386	15.97	89.7
31.9	15.97	2018-08-20T00:07:06.501080121Z	kafka-001	138	33.28	578.588	30.85	702.04	15.97	89.71
32.03	15.97	2018-08-20T00:07:13.511461455Z	kafka-001	139	30.85	577.843	34.53	460.958	15.97	89.71
32.5	15.97	2018-08-20T00:07:20.525942141Z	kafka-001	140	34.53	581.238	32.41	702.26	15.97	89.71
32.53	15.97	2018-08-20T00:07:27.539304391Z	kafka-001	141	32.41	582.671	33.44	469.419	15.97	89.72
32.41	15.97	2018-08-20T00:07:34.551138006Z	kafka-001	142	33.44	583.027	32.96	466.159	15.97	89.72
32.91	15.97	2018-08-20T00:07:41.562567018Z	kafka-001	143	32.96	590.638	34.34	720.744	15.97	89.73
33.09	15.97	2018-08-20T00:07:48.572801135Z	kafka-001	144	34.34	588.453	33.58	473.643	15.97	89.73
33.54	15.97	2018-08-20T00:07:55.584955936Z	kafka-001	145	33.58	603.246	34.68	735.685	15.97	89.74
33.57	15.97	2018-08-20T00:08:02.596897962Z	kafka-001	146	34.68	608.871	34.36	485.951	15.97	89.74
33.89	15.97	2018-08-20T00:08:09.610106703Z	kafka-001	147	34.36	611.139	34.87	486.001	15.97	89.74
34.13	15.97	2018-08-20T00:08:16.621454146Z	kafka-001	148	34.87	615.668	33.39	743.676	15.97	89.75
34.2	15.97	2018-08-20T00:08:23.636034998Z	kafka-001	149	33.39	618.031	34.19	494.806	15.97	89.75
34.18	15.97	2018-08-20T00:08:30.649099261Z	kafka-001	150	34.19	616.794	30.26	754.072	15.97	89.76
33.62	15.97	2018-08-20T00:08:37.662359341Z	kafka-001	151	30.26	619.007	34.97	499.632	15.97	89.76
33.67	15.97	2018-08-20T00:08:44.675999656Z	kafka-001	152	34.97	624.021	34.59	503.827	15.97	89.76
33.71	15.97	2018-08-20T00:08:51.688721665Z	kafka-001	153	34.59	620.766	35.9	769.759	15.97	89.77
33.88	15.97	2018-08-20T00:08:58.701704673Z	kafka-001	154	35.9	628.521	37.17	507.227	15.97	89.78
34.51	15.97	2018-08-20T00:09:05.715538943Z	kafka-001	154	37.17	638.662	37.5	774.546	15.97	89.78
35.06	15.97	2018-08-20T00:09:12.72742097Z	kafka-001	155	37.5	637.449	35.51	513.93	15.97	89.78
35.94	15.97	2018-08-20T00:09:19.738161435Z	kafka-001	156	35.51	650.609	36.53	519.55	15.97	89.79
36.2	15.97	2018-08-20T00:09:26.749528032Z	kafka-001	157	36.53	658.74	32.57	795.563	15.97	89.79
35.86	15.97	2018-08-20T00:09:33.761725016Z	kafka-001	158	32.57	648.93	37.78	518.844	15.97	89.8
36.18	15.97	2018-08-20T00:09:40.776871048Z	kafka-001	159	37.78	664.361	36.87	804.553	15.97	89.8
36.13	15.97	2018-08-20T00:09:47.788319339Z	kafka-001	160	36.87	665.423	38.66	533.778	15.97	89.53
36.32	15.97	2018-08-20T00:09:54.799464099Z	kafka-001	161	38.66	673.295	34.11	530.081	15.97	89.53
36.09	15.97	2018-08-20T00:10:01.810898764Z	kafka-001	162	34.11	678.182	36.62	822.67	15.97	89.54
36.1	15.97	2018-08-20T00:10:08.821057894Z	kafka-001	163	36.62	683.095	38.51	542.243	15.97	89.54
37.09	15.97	2018-08-20T00:10:15.834231662Z	kafka-001	164	38.51	683.334	39.99	831.005	15.97	89.55
37.46	15.97	2018-08-20T00:10:22.847002002Z	kafka-001	164	39.99	676.235	37.62	543.238	15.97	89.55
37.58	15.97	2018-08-20T00:10:29.858404796Z	kafka-001	165	37.62	676.459	40.22	546.1	15.97	89.56
37.84	15.97	2018-08-20T00:10:36.869610503Z	kafka-001	166	40.22	690.742	36.07	839.638	15.97	89.56
38.17	15.97	2018-08-20T00:10:43.883082566Z	kafka-001	167	36.07	691.507	39.76	551.134	15.97	89.57
38.69	15.97	2018-08-20T00:10:50.900203314Z	kafka-001	168	39.76	693.162	36.15	850.978	15.97	89.57
38.3	15.97	2018-08-20T00:10:57.912918454Z	kafka-001	169	36.15	702.937	40.31	558.806	15.97	89.58
38.35	15.97	2018-08-20T00:11:04.926702759Z	kafka-001	170	40.31	692.13	37.13	559.725	15.97	89.58
38.27	15.97	2018-08-20T00:11:11.938511141Z	kafka-001	171	37.13	714.215	41.94	853.991	15.97	89.59
38.56	15.97	2018-08-20T00:11:18.949390469Z	kafka-001	172	41.94	717.001	40.98	567.626	15.97	89.59
39.38	15.97	2018-08-20T00:11:25.961574132Z	kafka-001	172	40.98	727.43	41.43	874.841	15.97	89.59
39.66	15.97	2018-08-20T00:11:32.976590076Z	kafka-001	173	41.43	718.571	40.41	573.232	15.97	89.6
40.37	15.97	2018-08-20T00:11:39.989173517Z	kafka-001	174	40.41	725.368	40.91	571.754	15.97	89.61
40.47	15.97	2018-08-20T00:11:47.002368601Z	kafka-001	175	40.91	734.775	38.12	885.987	15.97	89.61
40.63	15.97	2018-08-20T00:11:54.013002165Z	kafka-001	176	38.12	732.449	42.59	582.719	15.97	89.62
40.74	15.97	2018-08-20T00:12:01.023691755Z	kafka-001	177	42.59	739.882	41.52	895.524	15.97	89.62
40.83	15.97	2018-08-20T00:12:08.037994015Z	kafka-001	178	41.52	742.894	42.15	589.543	15.97	89.63
40.95	15.97	2018-08-20T00:12:15.050357081Z	kafka-001	178	42.15	743.731	41.41	902.631	15.97	89.63
41.12	15.97	2018-08-20T00:12:22.061234469Z	kafka-001	179	41.41	749.091	42.9	596.725	15.97	89.64
41.45	15.97	2018-08-20T00:12:29.072194706Z	kafka-001	180	42.9	752.129	43.67	598.711	15.97	89.64
42.37	15.97	2018-08-20T00:12:36.082801294Z	kafka-001	181	43.67	748.694	42.69	904.915	15.97	89.65
42.39	15.97	2018-08-20T00:12:43.094597665Z	kafka-001	182	42.69	742.549	40.97	593.726	15.97	89.65
42.3	15.97	2018-08-20T00:12:50.106181203Z	kafka-001	183	40.97	745.916	43.25	910.51	15.97	89.66
42.48	15.97	2018-08-20T00:12:57.117517821Z	kafka-001	183	43.25	746.437	39.5	597.158	15.97	89.66
42.16	15.97	2018-08-20T00:13:04.130539949Z	kafka-001	184	39.5	745.344	42.95	595.228	15.97	89.67
42.17	15.97	2018-08-20T00:13:11.144275931Z	kafka-001	185	42.95	741.011	41.73	901.383	15.97	89.67
41.85	15.97	2018-08-20T00:13:18.155710897Z	kafka-001	186	41.73	731.845	42.9	592.988	15.97	89.68
41.88	15.97	2018-08-20T00:13:25.167974562Z	kafka-001	187	42.9	740.706	40.05	898.285	15.97	89.68
41.73	15.97	2018-08-20T00:13:32.180966674Z	kafka-001	187	40.05	732.588	40.45	590.124	15.97	89.69
41.26	15.97	2018-08-20T00:13:39.192999032Z	kafka-001	188	40.45	737.248	41.44	593.439	15.97	89.69
41.59	15.97	2018-08-20T00:13:46.206841299Z	kafka-001	189	41.44	738.462	41.63	909.643	15.97	89.7
41.37	15.97	2018-08-20T00:13:53.219877469Z	kafka-001	190	41.63	746.387	41.73	594.944	15.97	89.7
41.37	15.97	2018-08-20T00:14:00.232942495Z	kafka-001	191	41.73	750.208	42.77	909.292	15.97	89.71
41.34	15.97	2018-08-20T00:14:07.243969153Z	kafka-001	191	42.77	740.527	43.1	590.961	15.97	89.72
41.85	15.97	2018-08-20T00:14:14.255881334Z	kafka-001	192	43.1	745.942	41.72	595.652	15.97	89.72
42.06	15.97	2018-08-20T00:14:21.2697732Z	kafka-001	193	41.72	747.211	42.01	909.28	15.97	89.72
42.16	15.97	2018-08-20T00:14:28.282651628Z	kafka-001	194	42.01	749.583	44.7	595.52	15.97	89.73
42.67	15.97	2018-08-20T00:14:35.293315802Z	kafka-001	194	44.7	758.304	40.53	908.273	15.97	89.73
42.47	15.97	2018-08-20T00:14:42.304514153Z	kafka-001	195	40.53	749.557	43.63	591.149	15.97	89.74
42.61	15.97	2018-08-20T00:14:49.317642424Z	kafka-001	196	43.63	753.015	43.22	590.658	15.97	89.75
42.64	15.97	2018-08-20T00:14:56.328559038Z	kafka-001	197	43.22	752.008	43.21	910.68	15.97	89.75
42.88	15.97	2018-08-20T00:15:03.342396044Z	kafka-001	197	43.21	753.383	40.76	595.275	15.97	89.76
42.67	15.97	2018-08-20T00:15:10.352551615Z	kafka-001	198	40.76	756.112	42.29	911.206	15.97	89.76
42.27	15.97	2018-08-20T00:15:17.364624954Z	kafka-001	199	42.29	755.553	43.46	595.86	15.97	89.77
42.76	15.97	2018-08-20T00:15:24.377618287Z	kafka-001	200	43.46	750.071	42.92	594.302	15.97	89.77
42.64	15.97	2018-08-20T00:15:31.388047629Z	kafka-001	200	42.92	751.115	42.7	907.19	15.97	89.78
42.56	15.97	2018-08-20T00:15:38.401321943Z	kafka-001	201	42.7	756.09	42.21	592.042	15.97	89.78
42.39	15.97	2018-08-20T00:15:45.412788427Z	kafka-001	202	42.21	763.157	43.97	907.103	15.97	89.79
42.92	15.97	2018-08-20T00:15:52.424102112Z	kafka-001	203	43.97	758.35	44.54	597.184	15.97	89.79
43.3	15.97	2018-08-20T00:15:59.434750921Z	kafka-001	203	44.54	760.245	42.98	604.775	15.97	89.8
43.22	15.97	2018-08-20T00:16:06.445940353Z	kafka-001	204	42.98	760.036	41.08	903.451	15.97	89.8
42.91	15.97	2018-08-20T00:16:13.455494371Z	kafka-001	205	41.08	750.6	43.86	591.241	15.97	89.81
43.11	15.97	2018-08-20T00:16:20.466644174Z	kafka-001	206	43.86	757.895	44.62	910.648	15.97	89.53
43.51	15.97	2018-08-20T00:16:27.47628354Z	kafka-001	206	44.62	755.339	41.83	594.38	15.97	89.54
43.15	15.97	2018-08-20T00:16:34.487913808Z	kafka-001	207	41.83	755.079	41.41	592.285	15.97	89.55
42.63	15.97	2018-08-20T00:16:41.497142644Z	kafka-001	208	41.41	760.17	42.5	908.768	15.97	89.55
42.55	15.97	2018-08-20T00:16:48.509631428Z	kafka-001	209	42.5	761.245	44.39	597.534	15.97	89.56
43.1	15.97	2018-08-20T00:16:55.521022414Z	kafka-001	209	44.39	761.378	44.74	911.046	15.97	89.56
43.25	15.97	2018-08-20T00:17:02.536035199Z	kafka-001	210	44.74	751.355	38.77	592.448	15.97	89.57
42.27	15.97	2018-08-20T00:17:09.550215495Z	kafka-001	211	38.77	753.655	42.03	590.786	15.97	89.57
42.31	15.97	2018-08-20T00:17:16.561338045Z	kafka-001	212	42.03	764.686	43.1	912.582	15.97	89.58
42.59	15.97	2018-08-20T00:17:23.576601675Z	kafka-001	212	43.1	758.177	42.29	597.67	15.97	89.58
42.55	15.97	2018-08-20T00:17:30.587217819Z	kafka-001	213	42.29	757.572	44.32	909.484	15.97	89.59
42.54	15.97	2018-08-20T00:17:37.599079946Z	kafka-001	214	44.32	757.929	42.99	595.696	15.97	89.59
42.25	15.97	2018-08-20T00:17:44.611984387Z	kafka-001	214	42.99	742.695	42.25	589.973	15.97	89.6
42.83	15.97	2018-08-20T00:17:51.621514052Z	kafka-001	215	42.25	750.8	42.96	906.787	15.97	89.6
42.98	15.97	2018-08-20T00:17:58.633966324Z	kafka-001	216	42.96	752.825	41.69	596.316	15.97	89.61
42.75	15.97	2018-08-20T00:18:05.643977436Z	kafka-001	216	41.69	758.802	42.22	909.141	15.97	89.61
42.74	15.97	2018-08-20T00:18:12.654835746Z	kafka-001	217	42.22	754.721	40.81	596.113	15.97	89.62
42.15	15.97	2018-08-20T00:18:19.662972007Z	kafka-001	218	40.81	754.899	42.23	587.7	15.97	89.62
42.03	15.97	2018-08-20T00:18:26.675128384Z	kafka-001	219	42.23	755.354	42.6	909.786	15.97	89.63
42.08	15.97	2018-08-20T00:18:33.686325988Z	kafka-001	219	42.6	756.076	42.64	595.497	15.97	89.63
42.03	15.97	2018-08-20T00:18:40.699928039Z	kafka-001	220	42.64	759.524	42.08	907.476	15.97	89.64
42.1	15.97	2018-08-20T00:18:47.710490433Z	kafka-001	221	42.08	752.381	43.33	596.895	15.97	89.64
42.28	15.97	2018-08-20T00:18:54.72267187Z	kafka-001	221	43.33	756.864	39.4	597.55	15.97	89.65
42.05	15.97	2018-08-20T00:19:01.734877109Z	kafka-001	222	39.4	749.522	41.99	907.581	15.97	89.65
42.01	15.97	2018-08-20T00:19:08.748160262Z	kafka-001	223	41.99	755.239	43.91	597.762	15.97	89.66
42.22	15.97	2018-08-20T00:19:15.759266428Z	kafka-001	223	43.91	759.676	44.33	914.789	15.97	89.67
42.51	15.97	2018-08-20T00:19:22.770005849Z	kafka-001	224	44.33	738.261	40.82	585.492	15.97	89.67
42.3	15.97	2018-08-20T00:19:29.783003585Z	kafka-001	225	40.82	757.2	43.22	594.228	15.97	89.67
42.28	15.97	2018-08-20T00:19:36.794419625Z	kafka-001	225	43.22	754.679	43.85	905.79	15.97	89.68
43.02	15.97	2018-08-20T00:19:43.807186029Z	kafka-001	226	43.85	752.209	42.9	594.46	15.97	89.69
43.17	15.97	2018-08-20T00:19:50.820937286Z	kafka-001	227	42.9	757.276	42.42	912.473	15.97	89.69
42.92	15.97	2018-08-20T00:19:57.8335887Z	kafka-001	227	42.42	753.789	41.8	597.62	15.97	89.7
42.5	15.97	2018-08-20T00:20:04.844926289Z	kafka-001	228	41.8	748.835	34.74	593.13	15.97	89.7
41.49	15.97	2018-08-20T00:20:11.857452622Z	kafka-001	229	34.74	754.492	43.56	906.361	15.97	89.71
41.55	15.97	2018-08-20T00:20:18.868429092Z	kafka-001	229	43.56	749.195	44.14	592.046	15.97	89.71
41.59	15.97	2018-08-20T00:20:25.881897228Z	kafka-001	230	44.14	756.486	44.71	912.837	15.97	89.72
41.9	15.97	2018-08-20T00:20:32.894430418Z	kafka-001	231	44.71	752.382	39.61	593.058	15.97	89.72
41.43	15.97	2018-08-20T00:20:39.905916271Z	kafka-001	231	39.61	745.994	43.14	594.304	15.97	89.73
41.65	15.97	2018-08-20T00:20:46.917544501Z	kafka-001	232	43.14	756.812	42.89	910.532	15.97	89.73
43.01	15.97	2018-08-20T00:20:53.928161973Z	kafka-001	233	42.89	753.459	43.87	591.534	15.97	89.74
43.06	15.97	2018-08-20T00:21:00.943149353Z	kafka-001	233	43.87	755.118	38.73	909.743	15.97	89.74
42.16	15.97	2018-08-20T00:21:07.954338666Z	kafka-001	234	38.73	743.616	42.68	591.513	15.97	89.75
41.82	15.97	2018-08-20T00:21:14.964449906Z	kafka-001	235	42.68	753.257	43.04	590.36	15.97	89.75
42.39	15.97	2018-08-20T00:21:21.975215085Z	kafka-001	235	43.04	759.485	43.15	909.431	15.97	89.76
42.39	15.97	2018-08-20T00:21:28.985575318Z	kafka-001	236	43.15	759.333	42.34	596.869	15.97	89.76
42.3	15.97	2018-08-20T00:21:35.997575719Z	kafka-001	236	42.34	762.296	42.43	912.076	15.97	89.77
42.06	15.97	2018-08-20T00:21:43.009512041Z	kafka-001	237	42.43	751.097	41.72	594.933	15.97	89.77
42.56	15.97	2018-08-20T00:21:50.020497345Z	kafka-001	238	41.72	753.086	43.48	592.377	15.97	89.78
42.69	15.97	2018-08-20T00:21:57.034206564Z	kafka-001	238	43.48	757.699	41.81	907.87	15.97	89.79
42.49	15.97	2018-08-20T00:22:04.045546923Z	kafka-001	239	41.81	755.255	44.58	592.436	15.97	89.79
42.73	15.97	2018-08-20T00:22:11.058122994Z	kafka-001	240	44.58	762.452	41.09	912.959	15.97	89.8
42.52	15.97	2018-08-20T00:22:18.070764464Z	kafka-001	240	41.09	757.575	44.23	594.93	15.97	89.8
42.82	15.97	2018-08-20T00:22:25.083096467Z	kafka-001	241	44.23	759.564	40.89	911.064	15.97	89.81
42.68	15.97	2018-08-20T00:22:32.095242247Z	kafka-001	241	40.89	758.139	48.13	596.777	15.97	89.81
43.46	15.97	2018-08-20T00:22:39.106130808Z	kafka-001	242	48.13	758.009	44.0	595.571	15.97	89.82
43.82	15.97	2018-08-20T00:22:46.117748489Z	kafka-001	243	44.0	763.104	43.14	909.617	15.97	89.82
43.58	15.97	2018-08-20T00:22:53.128732443Z	kafka-001	243	43.14	754.121	42.43	595.706	15.97	89.83
43.8	15.97	2018-08-20T00:23:00.140877656Z	kafka-001	244	42.43	762.084	44.4	911.098	15.97	89.55
43.83	15.97	2018-08-20T00:23:07.151612101Z	kafka-001	244	44.4	760.845	39.63	596.946	15.97	89.56
43.62	15.97	2018-08-20T00:23:14.166331261Z	kafka-001	245	39.63	761.267	44.0	595.822	15.97	89.56
42.93	15.97	2018-08-20T00:23:21.182530814Z	kafka-001	246	44.0	765.098	43.33	909.535	15.97	89.57
42.82	15.97	2018-08-20T00:23:28.196243109Z	kafka-001	246	43.33	757.414	44.3	594.94	15.97	89.57
43.02	15.97	2018-08-20T00:23:35.208341149Z	kafka-001	247	44.3	758.555	41.63	909.977	15.97	89.58
42.88	15.97	2018-08-20T00:23:42.221143289Z	kafka-001	247	41.63	758.653	42.87	595.977	15.97	89.59
42.63	15.97	2018-08-20T00:23:49.233714738Z	kafka-001	248	42.87	758.027	39.42	595.157	15.97	89.59
42.59	15.97	2018-08-20T00:23:56.246639273Z	kafka-001	249	39.42	761.922	43.33	909.69	15.97	89.6
42.48	15.97	2018-08-20T00:24:03.257433057Z	kafka-001	249	43.33	759.649	44.43	597.118	15.97	89.6
42.66	15.97	2018-08-20T00:24:10.270590967Z	kafka-001	250	44.43	753.879	43.27	904.877	15.97	89.61
42.49	15.97	2018-08-20T00:24:17.281226532Z	kafka-001	250	43.27	754.372	44.34	593.602	15.97	89.61
42.94	15.97	2018-08-20T00:24:24.292876982Z	kafka-001	251	44.34	746.349	41.84	589.383	15.97	89.62
42.77	15.97	2018-08-20T00:24:31.304068855Z	kafka-001	251	41.84	761.312	40.88	906.878	15.97	89.62
43.01	15.97	2018-08-20T00:24:38.315828121Z	kafka-001	252	40.88	760.359	44.15	598.099	15.97	89.63
43.15	15.97	2018-08-20T00:24:45.328347582Z	kafka-001	253	44.15	757.878	40.31	911.746	15.97	89.63
42.46	15.97	2018-08-20T00:24:52.341275047Z	kafka-001	253	40.31	756.161	42.91	595.31	15.97	89.64
42.4	15.97	2018-08-20T00:24:59.351688504Z	kafka-001	254	42.91	748.017	42.35	591.804	15.97	89.64
42.07	15.97	2018-08-20T00:25:06.366604705Z	kafka-001	254	42.35	761.033	29.46	911.135	15.97	89.65
40.01	15.97	2018-08-20T00:25:13.377364253Z	kafka-001	255	29.46	757.026	43.37	594.985	15.97	89.65
40.42	15.97	2018-08-20T00:25:20.389271591Z	kafka-001	255	43.37	758.704	43.65	906.027	15.97	89.66
40.34	15.97	2018-08-20T00:25:27.401113281Z	kafka-001	256	43.65	758.997	44.1	594.068	15.97	89.66
40.97	15.97	2018-08-20T00:25:34.413031013Z	kafka-001	256	44.1	762.275	44.13	596.09	15.97	89.67
41.18	15.97	2018-08-20T00:25:41.426374794Z	kafka-001	257	44.13	764.526	40.51	906.644	15.97	89.68
40.87	15.97	2018-08-20T00:25:48.438092726Z	kafka-001	258	40.51	759.693	43.43	594.971	15.97	89.68
43.2	15.97	2018-08-20T00:25:55.451569838Z	kafka-001	258	43.43	756.534	36.09	911.552	15.97	89.69
41.98	15.97	2018-08-20T00:26:02.461069034Z	kafka-001	259	36.09	754.259	43.81	592.053	15.97	89.69
42.01	15.97	2018-08-20T00:26:09.471715667Z	kafka-001	259	43.81	755.293	43.66	595.244	15.97	89.7
41.94	15.97	2018-08-20T00:26:16.489423509Z	kafka-001	260	43.66	746.4	43.3	909.324	15.97	89.7
41.8	15.97	2018-08-20T00:26:23.500235871Z	kafka-001	260	43.3	755.151	44.25	594.874	15.97	89.71
42.42	15.97	2018-08-20T00:26:30.510578594Z	kafka-001	261	44.25	753.174	43.97	906.627	15.97	89.71
42.51	15.97	2018-08-20T00:26:37.523305031Z	kafka-001	261	43.97	758.118	37.7	596.437	15.97	89.72
42.78	15.97	2018-08-20T00:26:44.536762697Z	kafka-001	262	37.7	755.654	42.41	590.854	15.97	89.72
42.55	15.97	2018-08-20T00:26:51.548419848Z	kafka-001	262	42.41	755.086	42.57	911.199	15.97	89.73
42.37	15.97	2018-08-20T00:26:58.564249459Z	kafka-001	263	42.57	748.121	43.48	593.773	15.97	89.73
42.4	15.97	2018-08-20T00:27:05.575500419Z	kafka-001	263	43.48	755.78	44.0	909.361	15.97	89.74
42.35	15.97	2018-08-20T00:27:12.588023348Z	kafka-001	264	44.0	758.076	43.08	596.214	15.97	89.74
42.21	15.97	2018-08-20T00:27:19.598985629Z	kafka-001	264	43.08	758.778	40.85	593.108	15.97	89.75
42.73	15.97	2018-08-20T00:27:26.615519569Z	kafka-001	265	40.85	763.192	43.7	914.01	15.97	89.75
42.95	15.97	2018-08-20T00:27:33.625943791Z	kafka-001	265	43.7	751.675	44.24	592.8	15.97	89.76
43.22	15.97	2018-08-20T00:27:40.636907017Z	kafka-001	266	44.24	760.76	44.2	912.774	15.97	89.76
43.34	15.97	2018-08-20T00:27:47.649718936Z	kafka-001	266	44.2	758.653	40.37	596.317	15.97	89.77
42.74	15.97	2018-08-20T00:27:54.66282935Z	kafka-001	267	40.37	755.139	42.69	594.081	15.97	89.78
42.67	15.97	2018-08-20T00:28:01.674920964Z	kafka-001	267	42.69	754.524	41.88	907.657	15.97	89.78
42.85	15.97	2018-08-20T00:28:08.685815911Z	kafka-001	268	41.88	753.005	44.01	595.48	15.97	89.78
42.9	15.97	2018-08-20T00:28:15.699026723Z	kafka-001	268	44.01	753.766	43.17	907.173	15.97	89.79
42.72	15.97	2018-08-20T00:28:22.709488541Z	kafka-001	269	43.17	752.315	42.42	596.527	15.97	89.8
42.42	15.97	2018-08-20T00:28:29.721581127Z	kafka-001	269	42.42	755.565	36.97	596.511	15.97	89.8
41.86	15.97	2018-08-20T00:28:36.736419292Z	kafka-001	269	36.97	753.72	42.62	901.944	15.97	89.81
41.84	15.97	2018-08-20T00:28:43.748583885Z	kafka-001	269	42.62	755.883	43.89	596.197	15.97	89.81
42.18	15.97	2018-08-20T00:28:50.760736102Z	kafka-001	269	43.89	760.276	43.4	910.751	15.97	89.82
42.08	15.97	2018-08-20T00:28:57.770767996Z	kafka-001	269	43.4	753.491	41.92	593.25	15.97	89.82
41.87	15.97	2018-08-20T00:29:04.782667391Z	kafka-001	269	41.92	739.291	42.78	590.61	15.97	89.83
41.93	15.97	2018-08-20T00:29:11.794000252Z	kafka-001	269	42.78	758.58	43.92	905.807	15.97	89.83
43.09	15.97	2018-08-20T00:29:18.806050887Z	kafka-001	269	43.92	753.283	42.57	590.799	15.97	89.84
43.08	15.97	2018-08-20T00:29:25.818590104Z	kafka-001	269	42.57	757.554	43.44	911.494	15.97	89.56
43.0	15.97	2018-08-20T00:29:32.831998511Z	kafka-001	269	43.44	748.628	42.82	596.036	15.97	89.57
42.91	15.97	2018-08-20T00:29:39.841112029Z	kafka-001	269	42.82	749.492	41.55	597.431	15.97	89.57
42.85	15.97	2018-08-20T00:29:46.853600045Z	kafka-001	269	41.55	752.499	41.17	910.396	15.97	89.58
