host_moving_avg_cpu	memory_rss%	timestamp	name	sensor_count	host_cpu	net_receive	container_cpu%	net_send	memory_active_anon%	memory%
nan	15.97	2018-08-20T01:03:17.815697115Z	kafka-001	2	0	20874035.879	2.18	21271256.65	15.97	89.8
nan	15.97	2018-08-20T01:03:24.828459399Z	kafka-001	7	2.18	27.302	2.72	15.097	15.97	89.8
nan	15.97	2018-08-20T01:03:31.844417145Z	kafka-001	12	2.72	48.946	4.18	46.266	15.97	89.8
nan	15.97	2018-08-20T01:03:38.859769885Z	kafka-001	16	4.18	66.885	5.98	47.659	15.97	89.8
nan	15.97	2018-08-20T01:03:45.881338267Z	kafka-001	19	5.98	85.102	6.63	90.226	15.97	89.8
3.62	15.97	2018-08-20T01:03:52.890819406Z	kafka-001	22	6.63	97.139	6.16	71.559	15.97	89.8
4.64	15.97	2018-08-20T01:03:59.901769678Z	kafka-001	26	6.16	110.717	6.7	80.916	15.97	89.8
5.4	15.97	2018-08-20T01:04:06.915325392Z	kafka-001	29	6.7	125.162	7.8	139.87	15.97	89.81
6.24	15.97	2018-08-20T01:04:13.92756276Z	kafka-001	32	7.8	133.713	9.53	101.354	15.97	89.81
7.13	15.97	2018-08-20T01:04:20.938836764Z	kafka-001	34	9.53	147.56	9.76	169.754	15.97	89.81
7.76	15.97	2018-08-20T01:04:27.950975962Z	kafka-001	37	9.76	157.647	9.99	120.638	15.97	89.81
8.32	15.97	2018-08-20T01:04:34.963022149Z	kafka-001	39	9.99	160.681	9.53	126.428	15.97	89.81
8.88	15.97	2018-08-20T01:04:41.976163775Z	kafka-001	42	9.53	178.032	10.57	205.286	15.97	89.81
9.53	15.97	2018-08-20T01:04:48.987823917Z	kafka-001	44	10.57	184.248	10.83	143.866	15.97	89.81
10.04	15.97	2018-08-20T01:04:55.999047544Z	kafka-001	46	10.83	196.747	12.7	233.408	15.97	89.81
10.56	15.97	2018-08-20T01:05:03.008013724Z	kafka-001	49	12.7	195.723	7.33	157.675	15.97	89.81
10.16	15.97	2018-08-20T01:05:10.017798734Z	kafka-001	51	7.33	210.55	11.17	162.352	15.97	89.81
10.36	15.97	2018-08-20T01:05:17.031956284Z	kafka-001	53	11.17	217.829	13.03	262.463	15.97	89.82
10.94	15.97	2018-08-20T01:05:24.048721954Z	kafka-001	55	13.03	228.261	14.13	178.841	15.97	89.82
11.53	15.97	2018-08-20T01:05:31.063600608Z	kafka-001	57	14.13	238.782	14.39	286.369	15.97	89.82
12.12	15.97	2018-08-20T01:05:38.07714489Z	kafka-001	59	14.39	245.643	15.21	196.118	15.97	89.82
12.54	15.97	2018-08-20T01:05:45.090723905Z	kafka-001	61	15.21	253.168	15.75	305.728	15.97	89.82
13.95	15.97	2018-08-20T01:05:52.104164866Z	kafka-001	63	15.75	253.848	15.94	206.63	15.97	89.83
14.74	15.97	2018-08-20T01:05:59.121295439Z	kafka-001	65	15.94	256.529	13.67	200.578	15.97	89.83
14.85	15.97	2018-08-20T01:06:06.134321212Z	kafka-001	67	13.67	274.349	16.58	334.262	15.97	89.83
15.26	15.97	2018-08-20T01:06:13.145972026Z	kafka-001	68	16.58	283.605	17.23	225.284	15.97	89.83
15.73	15.97	2018-08-20T01:06:20.156898901Z	kafka-001	70	17.23	292.322	17.65	356.604	15.97	89.83
16.14	15.97	2018-08-20T01:06:27.167619554Z	kafka-001	72	17.65	296.743	17.94	238.128	15.97	89.84
16.5	15.97	2018-08-20T01:06:34.182013115Z	kafka-001	74	17.94	302.269	18.81	242.452	15.97	89.84
16.98	15.97	2018-08-20T01:06:41.194187879Z	kafka-001	75	18.81	315.958	18.42	379.642	15.97	89.84
17.77	15.97	2018-08-20T01:06:48.205887238Z	kafka-001	77	18.42	311.073	18.81	240.45	15.97	89.84
18.14	15.97	2018-08-20T01:06:55.218713918Z	kafka-001	78	18.81	318.48	20.88	392.448	15.97	89.84
18.75	15.97	2018-08-20T01:07:02.230628948Z	kafka-001	80	20.88	326.028	19.16	264.236	15.97	89.85
19.0	15.97	2018-08-20T01:07:09.241742685Z	kafka-001	82	19.16	334.3	20.01	267.358	15.97	89.85
19.35	15.97	2018-08-20T01:07:16.253918379Z	kafka-001	83	20.01	345.408	20.11	412.916	15.97	89.85
19.56	15.97	2018-08-20T01:07:23.263742792Z	kafka-001	84	20.11	329.716	19.67	272.074	15.97	89.85
19.77	15.97	2018-08-20T01:07:30.276725698Z	kafka-001	86	19.67	356.237	21.21	435.782	15.97	89.86
20.17	15.97	2018-08-20T01:07:37.288623132Z	kafka-001	87	21.21	358.525	21.27	287.004	15.97	89.86
20.24	15.97	2018-08-20T01:07:44.300633767Z	kafka-001	89	21.27	364.755	21.2	294.556	15.97	89.86
20.58	15.97	2018-08-20T01:07:51.314320316Z	kafka-001	90	21.2	367.232	20.74	448.034	15.97	89.86
20.7	15.97	2018-08-20T01:07:58.325368435Z	kafka-001	92	20.74	373.559	23.01	305.462	15.97	89.87
21.18	15.97	2018-08-20T01:08:05.335926082Z	kafka-001	93	23.01	367.862	23.29	458.586	15.97	89.87
21.79	15.97	2018-08-20T01:08:12.347209004Z	kafka-001	94	23.29	379.617	22.65	311.86	15.97	89.59
22.03	15.97	2018-08-20T01:08:19.359332277Z	kafka-001	96	22.65	390.323	23.38	315.356	15.97	89.59
22.38	15.97	2018-08-20T01:08:26.371187624Z	kafka-001	97	23.38	389.363	21.51	486.913	15.97	89.6
22.43	15.97	2018-08-20T01:08:33.384278919Z	kafka-001	98	21.51	404.22	24.95	322.636	15.97	89.6
23.13	15.97	2018-08-20T01:08:40.395542023Z	kafka-001	100	24.95	415.822	24.79	497.318	15.97	89.6
23.43	15.97	2018-08-20T01:08:47.40797553Z	kafka-001	101	24.79	415.497	22.7	334.566	15.97	89.61
23.33	15.97	2018-08-20T01:08:54.418454146Z	kafka-001	102	22.7	412.729	23.06	332.502	15.97	89.61
23.4	15.97	2018-08-20T01:09:01.431001686Z	kafka-001	104	23.06	430.308	24.15	523.5	15.97	89.61
23.53	15.97	2018-08-20T01:09:08.441908793Z	kafka-001	105	24.15	435.635	23.47	348.172	15.97	89.61
23.85	15.97	2018-08-20T01:09:15.453302399Z	kafka-001	106	23.47	443.056	26.89	537.19	15.97	89.62
24.18	15.97	2018-08-20T01:09:22.466751691Z	kafka-001	107	26.89	429.225	25.87	351.985	15.97	89.62
24.36	15.97	2018-08-20T01:09:29.477416736Z	kafka-001	109	25.87	449.883	26.28	359.436	15.97	89.62
24.95	15.97	2018-08-20T01:09:36.490462857Z	kafka-001	110	26.28	455.38	26.27	551.964	15.97	89.63
25.49	15.97	2018-08-20T01:09:43.501198815Z	kafka-001	111	26.27	454.689	27.03	366.454	15.97	89.63
25.97	15.97	2018-08-20T01:09:50.511793946Z	kafka-001	112	27.03	472.304	27.86	557.632	15.97	89.64
26.7	15.97	2018-08-20T01:09:57.521820773Z	kafka-001	114	27.86	472.157	27.7	377.652	15.97	89.64
26.83	15.97	2018-08-20T01:10:04.531240072Z	kafka-001	115	27.7	480.872	17.63	380.998	15.97	89.64
25.46	15.97	2018-08-20T01:10:11.541043073Z	kafka-001	116	17.63	481.443	28.03	585.62	15.97	89.64
25.75	15.97	2018-08-20T01:10:18.551985361Z	kafka-001	117	28.03	480.623	26.82	383.994	15.97	89.65
25.84	15.97	2018-08-20T01:10:25.561998143Z	kafka-001	118	26.82	489.496	23.9	599.353	15.97	89.65
25.32	15.97	2018-08-20T01:10:32.572756343Z	kafka-001	119	23.9	487.449	28.95	394.018	15.97	89.65
25.5	15.97	2018-08-20T01:10:39.5843557Z	kafka-001	121	28.95	501.451	28.28	399.319	15.97	89.66
25.6	15.97	2018-08-20T01:10:46.600726976Z	kafka-001	122	28.28	506.546	26.08	611.494	15.97	89.66
27.01	15.97	2018-08-20T01:10:53.611225079Z	kafka-001	123	26.08	499.723	31.13	405.036	15.97	89.67
27.53	15.97	2018-08-20T01:11:00.622286633Z	kafka-001	124	31.13	519.596	29.42	622.545	15.97	89.67
27.96	15.97	2018-08-20T01:11:07.63328832Z	kafka-001	125	29.42	519.425	30.39	415.108	15.97	89.68
29.04	15.97	2018-08-20T01:11:14.64395446Z	kafka-001	126	30.39	521.651	30.15	418.012	15.97	89.68
29.24	15.97	2018-08-20T01:11:21.656189737Z	kafka-001	127	30.15	537.506	31.05	646.271	15.97	89.68
29.7	15.97	2018-08-20T01:11:28.667353596Z	kafka-001	129	31.05	533.003	31.08	424.238	15.97	89.68
30.54	15.97	2018-08-20T01:11:35.678251494Z	kafka-001	130	31.08	545.068	32.56	656.522	15.97	89.69
30.78	15.97	2018-08-20T01:11:42.68983806Z	kafka-001	131	32.56	547.427	31.3	429.846	15.97	89.69
31.09	15.97	2018-08-20T01:11:49.701551216Z	kafka-001	132	31.3	548.191	31.21	436.022	15.97	89.7
31.23	15.97	2018-08-20T01:11:56.714985117Z	kafka-001	133	31.21	552.672	32.91	670.865	15.97	89.7
31.68	15.97	2018-08-20T01:12:03.726565987Z	kafka-001	134	32.91	560.881	33.61	444.162	15.97	89.71
32.11	15.97	2018-08-20T01:12:10.738788137Z	kafka-001	135	33.61	563.46	31.5	680.056	15.97	89.71
32.18	15.97	2018-08-20T01:12:17.750596037Z	kafka-001	136	31.5	567.703	32.34	450.948	15.97	89.71
32.15	15.97	2018-08-20T01:12:24.761372799Z	kafka-001	137	32.34	569.903	32.55	447.598	15.97	89.72
32.35	15.97	2018-08-20T01:12:31.776429434Z	kafka-001	138	32.55	587.338	34.07	700.342	15.97	89.72
32.83	15.97	2018-08-20T01:12:38.788075294Z	kafka-001	139	34.07	579.131	33.23	461.225	15.97	89.72
32.88	15.97	2018-08-20T01:12:45.799890533Z	kafka-001	140	33.23	587.444	34.82	706.611	15.97	89.73
33.08	15.97	2018-08-20T01:12:52.81015466Z	kafka-001	141	34.82	576.811	32.87	464.768	15.97	89.73
33.31	15.97	2018-08-20T01:12:59.823264003Z	kafka-001	142	32.87	589.925	33.73	472.976	15.97	89.74
33.54	15.97	2018-08-20T01:13:06.837145341Z	kafka-001	143	33.73	588.659	31.73	718.433	15.97	89.74
33.41	15.97	2018-08-20T01:13:13.850508618Z	kafka-001	144	31.73	597.008	35.05	476.74	15.97	89.74
33.57	15.97	2018-08-20T01:13:20.86190726Z	kafka-001	145	35.05	608.302	32.78	735.289	15.97	89.75
33.5	15.97	2018-08-20T01:13:27.873870456Z	kafka-001	146	32.78	598.575	34.3	477.99	15.97	89.75
33.41	15.97	2018-08-20T01:13:34.886724185Z	kafka-001	147	34.3	607.703	31.88	489.62	15.97	89.76
33.25	15.97	2018-08-20T01:13:41.899611231Z	kafka-001	148	31.88	617.31	35.37	746.779	15.97	89.76
33.52	15.97	2018-08-20T01:13:48.910248954Z	kafka-001	149	35.37	614.887	31.02	495.35	15.97	89.77
33.4	15.97	2018-08-20T01:13:55.921558283Z	kafka-001	150	31.02	620.924	35.99	760.197	15.97	89.77
33.56	15.97	2018-08-20T01:14:02.935479296Z	kafka-001	151	35.99	614.243	35.55	499.175	15.97	89.77
34.02	15.97	2018-08-20T01:14:09.947146492Z	kafka-001	152	35.55	626.719	36.17	503.685	15.97	89.78
34.33	15.97	2018-08-20T01:14:16.96220914Z	kafka-001	153	36.17	630.512	32.21	768.95	15.97	89.78
34.39	15.97	2018-08-20T01:14:23.972994206Z	kafka-001	154	32.21	611.825	37.61	502.599	15.97	89.79
34.76	15.97	2018-08-20T01:14:30.983950505Z	kafka-001	155	37.61	642.1	35.97	772.61	15.97	89.79
35.58	15.97	2018-08-20T01:14:37.995168563Z	kafka-001	156	35.97	648.073	38.47	516.208	15.97	89.8
36.0	15.97	2018-08-20T01:14:45.006559796Z	kafka-001	157	38.47	660.578	37.11	520.786	15.97	89.8
36.26	15.97	2018-08-20T01:14:52.018506241Z	kafka-001	158	37.11	662.384	37.76	800.246	15.97	89.81
36.52	15.97	2018-08-20T01:14:59.03052573Z	kafka-001	159	37.76	667.177	36.6	526.524	15.97	89.81
37.25	15.97	2018-08-20T01:15:06.041270784Z	kafka-001	159	36.6	679.123	28.21	812.094	15.97	89.81
35.69	15.97	2018-08-20T01:15:13.051630536Z	kafka-001	160	28.21	665.671	36.77	527.117	15.97	89.82
35.82	15.97	2018-08-20T01:15:20.063067423Z	kafka-001	161	36.77	677.178	39.75	818.197	15.97	89.82
36.03	15.97	2018-08-20T01:15:27.076414254Z	kafka-001	162	39.75	675.45	34.59	535.432	15.97	89.83
35.61	15.97	2018-08-20T01:15:34.087713558Z	kafka-001	163	34.59	681.564	39.14	542.018	15.97	89.84
35.84	15.97	2018-08-20T01:15:41.100156387Z	kafka-001	164	39.14	683.714	36.16	832.888	15.97	89.84
35.77	15.97	2018-08-20T01:15:48.112634829Z	kafka-001	165	36.16	685.897	38.73	546.875	15.97	89.84
37.52	15.97	2018-08-20T01:15:55.123663221Z	kafka-001	166	38.73	685.486	37.48	834.751	15.97	89.85
37.64	15.97	2018-08-20T01:16:02.141200343Z	kafka-001	167	37.48	683.525	38.64	536.373	15.97	89.85
37.46	15.97	2018-08-20T01:16:09.154409865Z	kafka-001	168	38.64	680.853	37.27	551.414	15.97	89.86
37.9	15.97	2018-08-20T01:16:16.168404586Z	kafka-001	168	37.27	704.098	41.12	854.824	15.97	89.86
38.23	15.97	2018-08-20T01:16:23.180223178Z	kafka-001	169	41.12	705.741	42.18	564.076	15.97	89.87
39.24	15.97	2018-08-20T01:16:30.191895004Z	kafka-001	170	42.18	710.176	41.96	865.079	15.97	89.87
39.78	15.97	2018-08-20T01:16:37.207076161Z	kafka-001	171	41.96	716.516	39.46	563.491	15.97	89.88
40.11	15.97	2018-08-20T01:16:44.219492532Z	kafka-001	172	39.46	697.242	41.46	565.119	15.97	89.6
40.58	15.97	2018-08-20T01:16:51.231869208Z	kafka-001	173	41.46	724.21	38.41	876.204	15.97	89.61
40.76	15.97	2018-08-20T01:16:58.242660782Z	kafka-001	174	38.41	724.149	42.83	576.686	15.97	89.61
41.05	15.97	2018-08-20T01:17:05.25476144Z	kafka-001	174	42.83	741.636	42.64	884.725	15.97	89.62
41.13	15.97	2018-08-20T01:17:12.270753295Z	kafka-001	175	42.64	728.851	37.58	577.88	15.97	89.62
40.4	15.97	2018-08-20T01:17:19.280636871Z	kafka-001	176	37.58	723.825	41.25	582.264	15.97	89.63
40.7	15.97	2018-08-20T01:17:26.291191624Z	kafka-001	177	41.25	728.624	41.75	895.012	15.97	89.63
40.74	15.97	2018-08-20T01:17:33.301892112Z	kafka-001	178	41.75	738.833	40.65	582.608	15.97	89.64
41.12	15.97	2018-08-20T01:17:40.324343855Z	kafka-001	178	40.65	747.972	41.77	904.048	15.97	89.64
40.94	15.97	2018-08-20T01:17:47.334848456Z	kafka-001	179	41.77	736.203	37.07	589.138	15.97	89.65
40.01	15.97	2018-08-20T01:17:54.348766849Z	kafka-001	180	37.07	738.903	40.69	593.56	15.97	89.65
40.53	15.97	2018-08-20T01:18:01.359830575Z	kafka-001	181	40.69	750.29	39.57	908.082	15.97	89.66
40.25	15.97	2018-08-20T01:18:08.370613865Z	kafka-001	182	39.57	749.357	42.86	595.5	15.97	89.67
40.44	15.97	2018-08-20T01:18:15.379972839Z	kafka-001	183	42.86	754.346	44.02	912.818	15.97	89.67
41.0	15.97	2018-08-20T01:18:22.394790444Z	kafka-001	183	44.02	751.113	41.42	595.399	15.97	89.68
40.94	15.97	2018-08-20T01:18:29.406997864Z	kafka-001	184	41.42	751.335	43.37	592.763	15.97	89.68
41.99	15.97	2018-08-20T01:18:36.418395581Z	kafka-001	185	43.37	759.714	42.93	909.462	15.97	89.69
42.36	15.97	2018-08-20T01:18:43.429014067Z	kafka-001	186	42.93	753.949	42.58	593.794	15.97	89.69
42.86	15.97	2018-08-20T01:18:50.438890146Z	kafka-001	187	42.58	758.926	44.32	908.184	15.97	89.69
43.11	15.97	2018-08-20T01:18:57.44997183Z	kafka-001	187	44.32	747.337	41.71	595.855	15.97	89.7
42.72	15.97	2018-08-20T01:19:04.461658652Z	kafka-001	188	41.71	751.123	42.78	593.423	15.97	89.71
42.95	15.97	2018-08-20T01:19:11.472837111Z	kafka-001	189	42.78	758.582	42.79	906.213	15.97	89.71
42.85	15.97	2018-08-20T01:19:18.483850672Z	kafka-001	190	42.79	753.877	41.63	596.515	15.97	89.72
42.63	15.97	2018-08-20T01:19:25.49638434Z	kafka-001	191	41.63	749.682	49.05	906.478	15.97	89.72
43.71	15.97	2018-08-20T01:19:32.507966457Z	kafka-001	191	49.05	754.271	41.44	595.764	15.97	89.73
43.23	15.97	2018-08-20T01:19:39.524633917Z	kafka-001	192	41.44	756.531	43.92	595.886	15.97	89.73
43.6	15.97	2018-08-20T01:19:46.536629945Z	kafka-001	193	43.92	759.49	43.34	907.11	15.97	89.74
43.69	15.97	2018-08-20T01:19:53.546272971Z	kafka-001	194	43.34	751.503	41.22	596.113	15.97	89.74
43.43	15.97	2018-08-20T01:20:00.557426473Z	kafka-001	194	41.22	753.514	43.42	911.156	15.97	89.75
43.73	15.97	2018-08-20T01:20:07.567844953Z	kafka-001	195	43.42	756.91	37.35	593.98	15.97	89.76
41.78	15.97	2018-08-20T01:20:14.583666554Z	kafka-001	196	37.35	734.964	42.49	589.202	15.97	89.76
41.96	15.97	2018-08-20T01:20:21.593345578Z	kafka-001	196	42.49	755.15	41.6	910.266	15.97	89.76
41.57	15.97	2018-08-20T01:20:28.60504965Z	kafka-001	197	41.6	759.593	41.67	597.756	15.97	89.77
41.29	15.97	2018-08-20T01:20:35.614136854Z	kafka-001	198	41.67	756.75	42.41	908.995	15.97	89.77
41.49	15.97	2018-08-20T01:20:42.62671792Z	kafka-001	199	42.41	748.843	38.97	586.427	15.97	89.78
40.75	15.97	2018-08-20T01:20:49.635586865Z	kafka-001	199	38.97	755.437	39.87	596.707	15.97	89.79
41.17	15.97	2018-08-20T01:20:56.648353466Z	kafka-001	200	39.87	748.948	42.68	908.937	15.97	89.79
41.2	15.97	2018-08-20T01:21:03.65924412Z	kafka-001	201	42.68	754.835	44.15	590.4	15.97	89.8
41.62	15.97	2018-08-20T01:21:10.669550173Z	kafka-001	202	44.15	761.374	44.22	912.626	15.97	89.8
42.05	15.97	2018-08-20T01:21:17.679911824Z	kafka-001	202	44.22	755.866	43.16	598.022	15.97	89.81
42.17	15.97	2018-08-20T01:21:24.69238181Z	kafka-001	203	43.16	757.544	41.33	594.112	15.97	89.81
42.57	15.97	2018-08-20T01:21:31.703372613Z	kafka-001	204	41.33	747.046	41.62	913.296	15.97	89.82
42.86	15.97	2018-08-20T01:21:38.715006124Z	kafka-001	205	41.62	755.236	39.83	587.826	15.97	89.82
42.38	15.97	2018-08-20T01:21:45.726714712Z	kafka-001	205	39.83	761.069	43.97	909.977	15.97	89.83
42.35	15.97	2018-08-20T01:21:52.737988748Z	kafka-001	206	43.97	758.578	38.82	594.915	15.97	89.83
41.45	15.97	2018-08-20T01:21:59.753878868Z	kafka-001	207	38.82	755.184	41.99	596.436	15.97	89.84
41.26	15.97	2018-08-20T01:22:06.765292444Z	kafka-001	208	41.99	760.624	43.34	915.066	15.97	89.84
41.59	15.97	2018-08-20T01:22:13.776764677Z	kafka-001	208	43.34	751.827	45.3	591.651	15.97	89.85
42.21	15.97	2018-08-20T01:22:20.789288497Z	kafka-001	209	45.3	748.48	45.08	908.095	15.97	89.85
43.08	15.97	2018-08-20T01:22:27.799818339Z	kafka-001	210	45.08	755.853	42.02	593.469	15.97	89.86
42.76	15.97	2018-08-20T01:22:34.817765808Z	kafka-001	210	42.02	755.703	41.66	593.032	15.97	89.86
43.23	15.97	2018-08-20T01:22:41.832795901Z	kafka-001	211	41.66	759.618	44.18	908.765	15.97	89.87
43.6	15.97	2018-08-20T01:22:48.845747137Z	kafka-001	212	44.18	753.485	43.32	595.694	15.97	89.87
43.59	15.97	2018-08-20T01:22:55.859623836Z	kafka-001	212	43.32	760.364	42.35	910.736	15.97	89.88
43.1	15.97	2018-08-20T01:23:02.871945096Z	kafka-001	213	42.35	758.273	43.17	595.759	15.97	89.89
42.78	15.97	2018-08-20T01:23:09.884794914Z	kafka-001	214	43.17	759.617	44.16	596.294	15.97	89.89
43.14	15.97	2018-08-20T01:23:16.89653962Z	kafka-001	215	44.16	765.226	41.8	909.745	15.97	89.62
43.16	15.97	2018-08-20T01:23:23.907252342Z	kafka-001	215	41.8	764.451	44.99	597.432	15.97	89.62
43.3	15.97	2018-08-20T01:23:30.91771497Z	kafka-001	216	44.99	766.342	40.26	911.231	15.97	89.63
42.79	15.97	2018-08-20T01:23:37.929382113Z	kafka-001	217	40.26	761.487	44.08	595.231	15.97	89.63
43.08	15.97	2018-08-20T01:23:44.941223385Z	kafka-001	217	44.08	759.292	40.59	595.638	15.97	89.64
42.65	15.97	2018-08-20T01:23:51.952184491Z	kafka-001	218	40.59	760.879	43.84	912.166	15.97	89.64
42.59	15.97	2018-08-20T01:23:58.963238541Z	kafka-001	219	43.84	753.595	44.19	592.498	15.97	89.65
42.99	15.97	2018-08-20T01:24:05.974468393Z	kafka-001	220	44.19	759.284	42.42	906.32	15.97	89.65
42.56	15.97	2018-08-20T01:24:12.986365984Z	kafka-001	220	42.42	761.203	41.19	594.864	15.97	89.66
42.72	15.97	2018-08-20T01:24:20.004832137Z	kafka-001	221	41.19	765.5	43.0	596.031	15.97	89.66
42.54	15.97	2018-08-20T01:24:27.015135362Z	kafka-001	222	43.0	758.428	34.13	909.267	15.97	89.67
41.46	15.97	2018-08-20T01:24:34.026769832Z	kafka-001	222	34.13	759.236	43.81	594.008	15.97	89.67
41.46	15.97	2018-08-20T01:24:41.03875368Z	kafka-001	223	43.81	759.428	42.72	908.882	15.97	89.68
41.21	15.97	2018-08-20T01:24:48.050133162Z	kafka-001	224	42.72	755.333	43.7	595.229	15.97	89.69
41.42	15.97	2018-08-20T01:24:55.065380794Z	kafka-001	224	43.7	763.52	43.73	912.785	15.97	89.69
41.85	15.97	2018-08-20T01:25:02.075243245Z	kafka-001	225	43.73	759.439	33.16	595.972	15.97	89.69
40.21	15.97	2018-08-20T01:25:09.086571012Z	kafka-001	226	33.16	759.131	44.92	597.517	15.97	89.7
42.01	15.97	2018-08-20T01:25:16.097451851Z	kafka-001	226	44.92	756.822	41.9	905.712	15.97	89.71
41.69	15.97	2018-08-20T01:25:23.108130379Z	kafka-001	227	41.9	750.291	41.27	591.882	15.97	89.71
41.45	15.97	2018-08-20T01:25:30.124873584Z	kafka-001	228	41.27	755.852	44.39	911.422	15.97	89.71
41.56	15.97	2018-08-20T01:25:37.135710875Z	kafka-001	228	44.39	759.267	41.44	596.828	15.97	89.72
41.18	15.97	2018-08-20T01:25:44.14704457Z	kafka-001	229	41.44	761.745	45.02	594.445	15.97	89.73
43.16	15.97	2018-08-20T01:25:51.158699497Z	kafka-001	230	45.02	763.45	40.44	910.154	15.97	89.73
42.41	15.97	2018-08-20T01:25:58.16866846Z	kafka-001	230	40.44	760.653	43.4	596.16	15.97	89.74
42.66	15.97	2018-08-20T01:26:05.180442939Z	kafka-001	231	43.4	761.602	43.4	906.831	15.97	89.74
43.01	15.97	2018-08-20T01:26:12.191542055Z	kafka-001	232	43.4	759.151	42.28	595.469	15.97	89.75
42.66	15.97	2018-08-20T01:26:19.20431626Z	kafka-001	232	42.28	751.063	43.12	592.941	15.97	89.75
42.94	15.97	2018-08-20T01:26:26.216008038Z	kafka-001	233	43.12	760.078	42.93	910.732	15.97	89.76
42.59	15.97	2018-08-20T01:26:33.228394271Z	kafka-001	233	42.93	754.557	43.04	595.545	15.97	89.76
43.03	15.97	2018-08-20T01:26:40.241646663Z	kafka-001	234	43.04	748.574	43.63	907.253	15.97	89.77
43.07	15.97	2018-08-20T01:26:47.255101017Z	kafka-001	235	43.63	756.175	42.9	595.98	15.97	89.77
42.98	15.97	2018-08-20T01:26:54.26543745Z	kafka-001	235	42.9	753.087	43.55	596.562	15.97	89.78
43.19	15.97	2018-08-20T01:27:01.276394332Z	kafka-001	236	43.55	755.1	42.73	909.877	15.97	89.78
43.13	15.97	2018-08-20T01:27:08.287066464Z	kafka-001	237	42.73	752.477	43.32	592.803	15.97	89.79
43.19	15.97	2018-08-20T01:27:15.298309279Z	kafka-001	237	43.32	760.942	40.2	911.497	15.97	89.79
42.72	15.97	2018-08-20T01:27:22.308545899Z	kafka-001	238	40.2	753.561	42.94	594.55	15.97	89.8
42.61	15.97	2018-08-20T01:27:29.320621948Z	kafka-001	239	42.94	753.894	42.48	592.227	15.97	89.8
42.54	15.97	2018-08-20T01:27:36.333572579Z	kafka-001	239	42.48	759.703	42.87	908.644	15.97	89.81
42.42	15.97	2018-08-20T01:27:43.344048414Z	kafka-001	240	42.87	760.211	44.72	595.318	15.97	89.81
42.75	15.97	2018-08-20T01:27:50.356641163Z	kafka-001	240	44.72	763.17	43.77	912.716	15.97	89.82
42.83	15.97	2018-08-20T01:27:57.368547476Z	kafka-001	241	43.77	758.581	39.34	594.45	15.97	89.83
42.69	15.97	2018-08-20T01:28:04.380045367Z	kafka-001	242	39.34	757.747	42.49	594.774	15.97	89.83
42.61	15.97	2018-08-20T01:28:11.394006543Z	kafka-001	242	42.49	764.892	40.1	911.483	15.97	89.84
42.21	15.97	2018-08-20T01:28:18.408503135Z	kafka-001	243	40.1	759.857	44.78	596.692	15.97	89.84
42.53	15.97	2018-08-20T01:28:25.42279137Z	kafka-001	243	44.78	766.879	39.25	908.339	15.97	89.85
41.62	15.97	2018-08-20T01:28:32.435699179Z	kafka-001	244	39.25	762.918	41.86	594.568	15.97	89.85
41.3	15.97	2018-08-20T01:28:39.447686256Z	kafka-001	245	41.86	760.483	42.83	596.503	15.97	89.86
41.88	15.97	2018-08-20T01:28:46.458536584Z	kafka-001	245	42.83	764.866	42.54	910.334	15.97	89.86
41.89	15.97	2018-08-20T01:28:53.468732185Z	kafka-001	246	42.54	759.223	44.03	595.782	15.97	89.87
42.55	15.97	2018-08-20T01:29:00.483458424Z	kafka-001	246	44.03	762.844	42.6	905.95	15.97	89.87
42.18	15.97	2018-08-20T01:29:07.494388122Z	kafka-001	247	42.6	751.971	38.43	595.084	15.97	89.88
42.05	15.97	2018-08-20T01:29:14.504317512Z	kafka-001	247	38.43	756.134	42.91	594.687	15.97	89.88
42.22	15.97	2018-08-20T01:29:21.517451491Z	kafka-001	248	42.91	764.941	42.23	911.574	15.97	89.89
42.12	15.97	2018-08-20T01:29:28.528961356Z	kafka-001	248	42.23	756.479	36.88	594.88	15.97	89.89
41.18	15.97	2018-08-20T01:29:35.546262965Z	kafka-001	249	36.88	763.674	45.27	908.856	15.97	89.9
41.39	15.97	2018-08-20T01:29:42.559317674Z	kafka-001	249	45.27	764.448	43.79	595.606	15.97	89.9
41.58	15.97	2018-08-20T01:29:49.571957306Z	kafka-001	250	43.79	766.35	43.77	597.077	15.97	89.63
42.47	15.97	2018-08-20T01:29:56.583240236Z	kafka-001	251	43.77	762.876	43.56	908.223	15.97	89.64
42.58	15.97	2018-08-20T01:30:03.595100812Z	kafka-001	251	43.56	763.625	39.32	595.252	15.97	89.64
42.1	15.97	2018-08-20T01:30:10.606450873Z	kafka-001	252	39.32	765.93	43.35	913.05	15.97	89.65
43.18	15.97	2018-08-20T01:30:17.617219052Z	kafka-001	252	43.35	762.288	40.95	596.429	15.97	89.65
42.46	15.97	2018-08-20T01:30:24.629574195Z	kafka-001	253	40.95	761.454	42.46	595.054	15.97	89.66
42.23	15.97	2018-08-20T01:30:31.643242539Z	kafka-001	253	42.46	767.838	40.42	911.765	15.97	89.66
41.68	15.97	2018-08-20T01:30:38.656688656Z	kafka-001	254	40.42	761.605	43.56	601.666	15.97	89.67
41.68	15.97	2018-08-20T01:30:45.669143328Z	kafka-001	254	43.56	759.994	43.39	901.144	15.97	89.67
42.35	15.97	2018-08-20T01:30:52.681703701Z	kafka-001	255	43.39	757.665	44.3	592.015	15.97	89.68
42.51	15.97	2018-08-20T01:30:59.694126602Z	kafka-001	255	44.3	763.761	43.44	597.836	15.97	89.69
42.93	15.97	2018-08-20T01:31:06.704216686Z	kafka-001	256	43.44	761.81	42.36	909.735	15.97	89.69
42.91	15.97	2018-08-20T01:31:13.717412814Z	kafka-001	256	42.36	760.288	43.59	593.666	15.97	89.69
43.44	15.97	2018-08-20T01:31:20.730322437Z	kafka-001	257	43.59	767.271	43.4	914.62	15.97	89.7
43.41	15.97	2018-08-20T01:31:27.739516409Z	kafka-001	257	43.4	763.245	42.81	593.579	15.97	89.7
43.32	15.97	2018-08-20T01:31:34.749924439Z	kafka-001	258	42.81	765.039	43.07	597.387	15.97	89.71
43.11	15.97	2018-08-20T01:31:41.773232354Z	kafka-001	258	43.07	767.896	44.3	909.95	15.97	89.71
43.25	15.97	2018-08-20T01:31:48.785180859Z	kafka-001	259	44.3	764.623	44.95	597.025	15.97	89.72
43.69	15.97	2018-08-20T01:31:55.797848365Z	kafka-001	259	44.95	764.22	39.77	909.503	15.97	89.72
43.05	15.97	2018-08-20T01:32:02.810198345Z	kafka-001	260	39.77	760.653	43.38	595.328	15.97	89.73
43.05	15.97	2018-08-20T01:32:09.821921854Z	kafka-001	260	43.38	756.669	41.03	592.401	15.97	89.74
42.75	15.97	2018-08-20T01:32:16.833974362Z	kafka-001	261	41.03	756.719	41.65	910.011	15.97	89.74
42.51	15.97	2018-08-20T01:32:23.847811311Z	kafka-001	261	41.65	757.833	45.74	595.382	15.97	89.75
42.75	15.97	2018-08-20T01:32:30.860072621Z	kafka-001	262	45.74	765.675	43.47	911.25	15.97	89.75
42.51	15.97	2018-08-20T01:32:37.872698446Z	kafka-001	262	43.47	757.291	42.88	595.578	15.97	89.76
43.02	15.97	2018-08-20T01:32:44.884003596Z	kafka-001	263	42.88	761.485	43.53	596.047	15.97	89.76
43.05	15.97	2018-08-20T01:32:51.895673808Z	kafka-001	263	43.53	762.726	43.82	908.322	15.97	89.77
43.51	15.97	2018-08-20T01:32:58.907881415Z	kafka-001	264	43.82	756.791	41.82	597.601	15.97	89.77
43.54	15.97	2018-08-20T01:33:05.920609696Z	kafka-001	264	41.82	766.118	45.31	910.06	15.97	89.78
43.47	15.97	2018-08-20T01:33:12.932675596Z	kafka-001	265	45.31	762.322	43.22	597.692	15.97	89.78
43.43	15.97	2018-08-20T01:33:19.943382256Z	kafka-001	265	43.22	762.028	43.28	596.174	15.97	89.79
43.5	15.97	2018-08-20T01:33:26.954584485Z	kafka-001	266	43.28	757.018	41.49	908.964	15.97	89.79
43.16	15.97	2018-08-20T01:33:33.962421078Z	kafka-001	266	41.49	748.571	42.83	592.116	15.97	89.8
42.99	15.97	2018-08-20T01:33:40.973441516Z	kafka-001	267	42.83	761.224	42.77	906.622	15.97	89.8
43.15	15.97	2018-08-20T01:33:47.984597735Z	kafka-001	267	42.77	762.165	43.09	593.145	15.97	89.81
42.78	15.97	2018-08-20T01:33:54.995920692Z	kafka-001	268	43.09	761.957	43.79	595.758	15.97	89.81
42.87	15.97	2018-08-20T01:34:02.008144257Z	kafka-001	268	43.79	765.138	43.66	913.543	15.97	89.82
42.94	15.97	2018-08-20T01:34:09.020615097Z	kafka-001	269	43.66	758.061	42.02	596.732	15.97	89.82
43.03	15.97	2018-08-20T01:34:16.034172197Z	kafka-001	269	42.02	764.73	44.82	911.193	15.97	89.83
43.36	15.97	2018-08-20T01:34:23.044244554Z	kafka-001	269	44.82	755.129	39.74	594.245	15.97	89.83
42.85	15.97	2018-08-20T01:34:30.054474857Z	kafka-001	269	39.74	762.762	44.15	908.701	15.97	89.84
43.03	15.97	2018-08-20T01:34:37.065125733Z	kafka-001	269	44.15	759.583	41.52	595.46	15.97	89.84
42.65	15.97	2018-08-20T01:34:44.078416564Z	kafka-001	269	41.52	760.225	43.86	596.26	15.97	89.85
42.68	15.97	2018-08-20T01:34:51.094533373Z	kafka-001	269	43.86	764.468	43.35	911.412	15.97	89.85
42.91	15.97	2018-08-20T01:34:58.10655319Z	kafka-001	269	43.35	754.922	43.82	596.457	15.97	89.86
42.74	15.97	2018-08-20T01:35:05.115731934Z	kafka-001	269	43.82	765.965	27.14	910.238	15.97	89.87
40.64	15.97	2018-08-20T01:35:12.125665943Z	kafka-001	269	27.14	763.679	44.18	597.19	15.97	89.87
40.64	15.97	2018-08-20T01:35:19.136236612Z	kafka-001	269	44.18	757.156	41.84	596.507	15.97	89.88
40.7	15.97	2018-08-20T01:35:26.14904219Z	kafka-001	269	41.84	755.962	43.25	906.456	15.97	89.88
40.6	15.97	2018-08-20T01:35:33.159904162Z	kafka-001	269	43.25	756.098	41.71	594.823	15.97	89.89
