memory_active_anon%	memory%	sensor_count	net_send	host_cpu	name	timestamp	container_cpu%	host_moving_avg_cpu	memory_rss%	net_receive
38.03	64.89	0	1253.609	0	cassandra-001	2018-08-18T23:30:20.95203603Z	1.2	nan	38.03	663.21
38.03	64.89	3	0.0	1.2	cassandra-001	2018-08-18T23:30:27.960276922Z	1.26	nan	38.03	0.0
38.03	64.89	6	0.342	1.26	cassandra-001	2018-08-18T23:30:34.967565133Z	1.3	nan	38.03	0.282
38.03	64.89	9	0.0	1.3	cassandra-001	2018-08-18T23:30:41.974234263Z	1.28	nan	38.03	0.0
38.04	64.94	11	0.0	1.28	cassandra-001	2018-08-18T23:30:48.98030065Z	18.0	nan	38.04	0.0
38.0	64.97	14	0.0	18.0	cassandra-001	2018-08-18T23:30:55.986939046Z	15.35	3.84	38.0	0.0
38.0	65.05	17	0.342	15.35	cassandra-001	2018-08-18T23:31:02.997462435Z	25.44	6.4	38.0	0.282
38.02	65.17	20	0.0	25.44	cassandra-001	2018-08-18T23:31:10.004230696Z	33.33	10.44	38.02	0.0
37.99	65.26	23	0.0	33.33	cassandra-001	2018-08-18T23:31:17.0107257Z	34.81	15.78	37.99	0.0
37.98	65.37	26	0.0	34.81	cassandra-001	2018-08-18T23:31:24.017182343Z	25.63	21.37	37.98	0.0
38.03	65.56	29	0.0	25.63	cassandra-001	2018-08-18T23:31:31.024590873Z	33.63	25.43	38.03	0.0
38.08	65.78	31	0.342	33.63	cassandra-001	2018-08-18T23:31:38.030640629Z	37.34	28.03	38.08	0.282
38.09	65.95	34	0.0	37.34	cassandra-001	2018-08-18T23:31:45.038256063Z	34.65	31.7	38.09	0.0
38.09	66.14	37	0.0	34.65	cassandra-001	2018-08-18T23:31:52.045174902Z	38.28	33.23	38.09	0.0
38.08	66.32	39	0.0	38.28	cassandra-001	2018-08-18T23:31:59.051490133Z	44.09	34.06	38.08	0.0
38.09	66.54	41	0.342	44.09	cassandra-001	2018-08-18T23:32:06.058478864Z	40.28	35.6	38.09	0.282
38.09	66.76	43	0.0	40.28	cassandra-001	2018-08-18T23:32:13.064728651Z	53.28	38.04	38.09	0.0
38.09	67.52	45	0.0	53.28	cassandra-001	2018-08-18T23:32:20.071247037Z	44.09	41.32	38.09	0.0
38.17	67.84	47	0.0	44.09	cassandra-001	2018-08-18T23:32:27.079532138Z	45.9	42.44	38.17	0.0
38.17	68.08	49	0.342	45.9	cassandra-001	2018-08-18T23:32:34.08635807Z	44.6	44.32	38.17	0.282
38.21	68.37	51	0.0	44.6	cassandra-001	2018-08-18T23:32:41.09298607Z	53.46	45.37	38.21	0.0
38.18	68.62	53	0.0	53.46	cassandra-001	2018-08-18T23:32:48.099724965Z	50.73	46.94	38.18	0.0
38.18	68.9	55	0.0	50.73	cassandra-001	2018-08-18T23:32:55.106516148Z	55.53	48.68	38.18	0.0
38.19	69.2	56	0.342	55.53	cassandra-001	2018-08-18T23:33:02.113920729Z	61.79	49.05	38.19	0.282
38.18	69.48	57	0.0	61.79	cassandra-001	2018-08-18T23:33:09.124773073Z	66.54	52.0	38.18	0.0
38.23	69.53	59	0.0	66.54	cassandra-001	2018-08-18T23:33:16.131663956Z	52.58	55.44	38.23	0.0
38.23	69.84	61	0.0	52.58	cassandra-001	2018-08-18T23:33:23.138680672Z	60.6	56.77	38.23	0.0
38.23	70.16	62	0.0	60.6	cassandra-001	2018-08-18T23:33:30.145106302Z	57.79	57.96	38.23	0.0
38.24	70.49	64	0.342	57.79	cassandra-001	2018-08-18T23:33:37.151312607Z	70.73	59.14	38.24	0.282
38.23	70.82	65	0.0	70.73	cassandra-001	2018-08-18T23:33:44.158385489Z	62.1	61.67	38.23	0.0
38.23	71.15	67	0.0	62.1	cassandra-001	2018-08-18T23:33:51.164818116Z	65.16	61.72	38.23	0.0
38.24	72.01	69	0.0	65.16	cassandra-001	2018-08-18T23:33:58.173314458Z	72.04	61.49	38.24	0.0
38.24	72.36	70	0.342	72.04	cassandra-001	2018-08-18T23:34:05.180642488Z	67.65	64.74	38.24	0.282
38.24	72.73	72	0.0	67.65	cassandra-001	2018-08-18T23:34:12.186478624Z	74.02	65.91	38.24	0.0
38.24	73.1	73	0.0	74.02	cassandra-001	2018-08-18T23:34:19.192936546Z	77.13	68.62	38.24	0.0
38.24	73.49	75	0.0	77.13	cassandra-001	2018-08-18T23:34:26.199662562Z	71.9	69.68	38.24	0.0
38.24	75.18	76	0.342	71.9	cassandra-001	2018-08-18T23:34:33.209500674Z	143.6	71.32	38.24	0.282
38.25	75.74	77	0.0	143.6	cassandra-001	2018-08-18T23:34:40.216824185Z	109.1	84.39	38.25	0.0
38.23	77.53	79	0.0	109.1	cassandra-001	2018-08-18T23:34:47.224791186Z	102.82	90.57	38.23	0.0
38.18	79.29	80	0.0	102.82	cassandra-001	2018-08-18T23:34:54.232493147Z	97.02	96.43	38.18	0.0
38.18	80.75	81	0.0	97.02	cassandra-001	2018-08-18T23:35:01.240033235Z	81.02	100.26	38.18	0.0
38.18	77.23	83	0.342	81.02	cassandra-001	2018-08-18T23:35:08.246928274Z	136.35	100.91	38.18	0.282
38.18	76.45	84	0.0	136.35	cassandra-001	2018-08-18T23:35:15.255780233Z	76.16	111.65	38.18	0.0
38.17	76.88	85	0.0	76.16	cassandra-001	2018-08-18T23:35:22.264229349Z	81.66	100.41	38.17	0.0
38.18	77.31	86	0.0	81.66	cassandra-001	2018-08-18T23:35:29.271437535Z	70.95	95.84	38.18	0.0
38.17	77.75	88	0.342	70.95	cassandra-001	2018-08-18T23:35:36.278019251Z	81.91	90.53	38.17	0.282
38.17	78.31	89	0.0	81.91	cassandra-001	2018-08-18T23:35:43.284562084Z	100.07	88.01	38.17	0.0
38.17	78.76	90	0.0	100.07	cassandra-001	2018-08-18T23:35:50.291370132Z	79.21	91.18	38.17	0.0
38.17	79.22	92	0.0	79.21	cassandra-001	2018-08-18T23:35:57.302820146Z	92.23	81.66	38.17	0.0
38.17	79.69	93	0.342	92.23	cassandra-001	2018-08-18T23:36:04.310296627Z	77.26	84.34	38.17	0.282
38.18	81.46	94	0.0	77.26	cassandra-001	2018-08-18T23:36:11.319555367Z	169.68	83.61	38.18	0.0
38.17	79.94	95	0.0	169.68	cassandra-001	2018-08-18T23:36:18.326266746Z	84.97	100.06	38.17	0.0
38.17	80.43	97	0.0	84.97	cassandra-001	2018-08-18T23:36:25.333854351Z	84.87	100.57	38.17	0.0
38.17	80.92	98	0.342	84.87	cassandra-001	2018-08-18T23:36:32.340021737Z	84.01	98.04	38.17	0.282
38.17	82.04	99	0.0	84.01	cassandra-001	2018-08-18T23:36:39.351161918Z	158.04	98.84	38.17	0.0
38.17	82.89	100	0.0	158.04	cassandra-001	2018-08-18T23:36:46.358676613Z	132.59	109.81	38.17	0.0
38.17	84.8	101	0.0	132.59	cassandra-001	2018-08-18T23:36:53.381482874Z	113.83	119.03	38.17	0.0
38.17	86.71	102	0.0	113.83	cassandra-001	2018-08-18T23:37:00.389531295Z	120.86	109.72	38.17	0.0
38.17	88.38	104	0.342	120.86	cassandra-001	2018-08-18T23:37:07.396426068Z	85.64	115.7	38.17	0.282
38.18	83.81	105	0.0	85.64	cassandra-001	2018-08-18T23:37:14.403821911Z	79.47	115.83	38.18	0.0
38.18	84.3	106	0.0	79.47	cassandra-001	2018-08-18T23:37:21.41084421Z	73.93	115.07	38.18	0.0
38.18	84.8	107	0.0	73.93	cassandra-001	2018-08-18T23:37:28.417226644Z	62.05	101.05	38.18	0.0
38.18	86.5	108	0.342	62.05	cassandra-001	2018-08-18T23:37:35.425388618Z	171.03	89.3	38.18	0.282
38.18	86.38	109	0.0	171.03	cassandra-001	2018-08-18T23:37:42.432754752Z	83.67	98.83	38.18	0.0
38.17	86.9	111	0.0	83.67	cassandra-001	2018-08-18T23:37:49.439698703Z	69.13	92.63	38.17	0.0
38.17	87.47	112	0.0	69.13	cassandra-001	2018-08-18T23:37:56.44592569Z	87.84	89.88	38.17	0.0
38.18	87.76	113	0.342	87.84	cassandra-001	2018-08-18T23:38:03.453426197Z	92.54	91.28	38.18	0.282
38.17	88.32	114	0.0	92.54	cassandra-001	2018-08-18T23:38:10.460945258Z	91.35	94.38	38.17	0.0
38.18	88.85	115	0.0	91.35	cassandra-001	2018-08-18T23:38:17.468263907Z	51.34	99.26	38.18	0.0
38.17	89.23	116	0.0	51.34	cassandra-001	2018-08-18T23:38:24.47565044Z	68.95	79.31	38.17	0.0
38.18	90.27	117	0.0	68.95	cassandra-001	2018-08-18T23:38:31.482332846Z	103.51	76.86	38.18	0.0
38.18	92.27	119	0.342	103.51	cassandra-001	2018-08-18T23:38:38.488942221Z	120.37	82.59	38.18	0.282
38.18	91.99	120	0.0	120.37	cassandra-001	2018-08-18T23:38:45.496830173Z	134.22	88.01	38.18	0.0
38.18	92.23	121	0.0	134.22	cassandra-001	2018-08-18T23:38:52.504436271Z	133.51	94.96	38.18	0.0
38.18	92.07	122	0.0	133.51	cassandra-001	2018-08-18T23:38:59.511857454Z	94.58	101.98	38.18	0.0
38.17	87.94	123	0.342	94.58	cassandra-001	2018-08-18T23:39:06.518987357Z	128.54	109.19	38.17	0.282
38.17	90.38	124	0.0	128.54	cassandra-001	2018-08-18T23:39:13.526275954Z	131.95	119.12	38.17	0.0
38.17	92.01	125	0.0	131.95	cassandra-001	2018-08-18T23:39:20.53327061Z	145.33	123.86	38.17	0.0
38.17	92.11	126	0.0	145.33	cassandra-001	2018-08-18T23:39:27.541168139Z	125.68	128.02	38.17	0.0
38.17	92.24	127	0.342	125.68	cassandra-001	2018-08-18T23:39:34.547424141Z	109.72	126.6	38.17	0.282
38.18	91.11	128	0.0	109.72	cassandra-001	2018-08-18T23:39:41.553689093Z	143.5	122.63	38.18	0.0
38.18	92.21	129	0.0	143.5	cassandra-001	2018-08-18T23:39:48.560111721Z	128.51	130.79	38.18	0.0
38.18	92.24	130	0.0	128.51	cassandra-001	2018-08-18T23:39:55.566514532Z	131.14	130.78	38.18	0.0
38.18	91.91	131	0.342	131.14	cassandra-001	2018-08-18T23:40:02.573063144Z	119.7	130.65	38.18	0.282
38.18	91.91	132	0.0	119.7	cassandra-001	2018-08-18T23:40:09.579765225Z	159.54	126.38	38.18	0.0
38.18	92.12	133	0.0	159.54	cassandra-001	2018-08-18T23:40:16.588692614Z	129.47	132.02	38.18	0.0
38.18	91.96	134	0.0	129.47	cassandra-001	2018-08-18T23:40:23.596296113Z	136.71	135.31	38.18	0.0
38.18	91.84	135	0.0	136.71	cassandra-001	2018-08-18T23:40:30.602701616Z	105.29	134.18	38.18	0.0
38.18	92.18	136	0.342	105.29	cassandra-001	2018-08-18T23:40:37.609527237Z	97.22	130.31	38.18	0.282
38.18	92.2	137	0.0	97.22	cassandra-001	2018-08-18T23:40:44.616649294Z	114.78	124.66	38.18	0.0
38.19	89.33	138	0.0	114.78	cassandra-001	2018-08-18T23:40:51.625642729Z	135.26	123.84	38.19	0.0
38.19	92.2	139	0.0	135.26	cassandra-001	2018-08-18T23:40:58.632058921Z	137.8	119.79	38.19	0.0
38.19	90.99	140	0.342	137.8	cassandra-001	2018-08-18T23:41:05.641486129Z	118.02	121.18	38.19	0.282
38.19	92.17	141	0.0	118.02	cassandra-001	2018-08-18T23:41:12.648550146Z	164.65	118.06	38.19	0.0
38.19	92.06	142	0.0	164.65	cassandra-001	2018-08-18T23:41:19.656918016Z	150.28	127.96	38.19	0.0
38.17	92.27	143	0.0	150.28	cassandra-001	2018-08-18T23:41:26.663717314Z	137.99	136.8	38.17	0.0
38.18	92.22	144	0.342	137.99	cassandra-001	2018-08-18T23:41:33.675529012Z	148.33	140.67	38.18	0.282
38.18	92.3	145	0.0	148.33	cassandra-001	2018-08-18T23:41:40.682350928Z	122.12	142.85	38.18	0.0
38.18	92.01	146	0.0	122.12	cassandra-001	2018-08-18T23:41:47.691703124Z	142.21	140.23	38.18	0.0
38.18	92.2	146	0.0	142.21	cassandra-001	2018-08-18T23:41:54.698868754Z	88.01	144.26	38.18	0.0
38.18	67.79	147	0.0	88.01	cassandra-001	2018-08-18T23:42:01.705795997Z	164.93	131.49	38.18	0.0
38.18	67.98	148	0.342	164.93	cassandra-001	2018-08-18T23:42:08.713818671Z	106.79	133.93	38.18	0.282
38.18	68.72	149	0.0	106.79	cassandra-001	2018-08-18T23:42:15.725326253Z	102.88	128.73	38.18	0.0
38.18	70.79	150	0.0	102.88	cassandra-001	2018-08-18T23:42:22.732278348Z	117.78	121.16	38.18	0.0
38.18	70.29	151	0.0	117.78	cassandra-001	2018-08-18T23:42:29.738779646Z	102.59	120.43	38.18	0.0
38.18	71.04	152	0.342	102.59	cassandra-001	2018-08-18T23:42:36.744704999Z	121.95	113.83	38.18	0.282
38.18	71.94	152	0.0	121.95	cassandra-001	2018-08-18T23:42:43.751284943Z	137.54	119.49	38.18	0.0
38.18	74.11	152	0.0	137.54	cassandra-001	2018-08-18T23:42:50.757316734Z	150.73	114.92	38.18	0.0
38.18	76.53	152	0.0	150.73	cassandra-001	2018-08-18T23:42:57.763272123Z	167.36	122.25	38.18	0.0
38.18	78.13	152	0.342	167.36	cassandra-001	2018-08-18T23:43:04.77005983Z	144.97	132.99	38.18	0.282
38.18	79.38	152	0.0	144.97	cassandra-001	2018-08-18T23:43:11.777025696Z	105.16	137.52	38.18	0.0
38.18	76.19	152	0.0	105.16	cassandra-001	2018-08-18T23:43:18.784526159Z	136.56	137.95	38.18	0.0
38.18	76.5	152	0.0	136.56	cassandra-001	2018-08-18T23:43:25.791652169Z	115.52	140.39	38.18	0.0
38.18	77.23	152	0.342	115.52	cassandra-001	2018-08-18T23:43:32.797847661Z	120.01	136.72	38.18	0.282
38.18	79.21	152	0.0	120.01	cassandra-001	2018-08-18T23:43:39.804963596Z	115.99	131.6	38.18	0.0
38.18	77.86	152	0.0	115.99	cassandra-001	2018-08-18T23:43:46.814305143Z	119.78	123.04	38.18	0.0
38.18	78.58	152	0.0	119.78	cassandra-001	2018-08-18T23:43:53.821730216Z	112.11	118.84	38.18	0.0
38.18	79.77	152	0.0	112.11	cassandra-001	2018-08-18T23:44:00.828286466Z	106.12	120.0	38.18	0.0
