container_cpu%	net_send	sensor_count	memory_rss%	net_receive	host_cpu	host_moving_avg_cpu	name	memory_active_anon%	timestamp	memory%
1.21	21391.989	2	38.55	195871.24	0	nan	cassandra-001	38.55	2018-08-19T04:27:01.547540492Z	61.74
1.23	0.988	7	38.55	5.036	1.21	nan	cassandra-001	38.55	2018-08-19T04:27:08.555161982Z	61.74
5.76	2.791	10	38.55	20.54	1.23	nan	cassandra-001	38.55	2018-08-19T04:27:15.563716946Z	61.75
1.2	2.12	14	38.55	15.763	5.76	nan	cassandra-001	38.55	2018-08-19T04:27:22.570466272Z	61.75
1.2	2.436	18	38.55	18.689	1.2	nan	cassandra-001	38.55	2018-08-19T04:27:29.577617892Z	61.75
1.13	4.288	20	38.55	44.105	1.2	1.77	cassandra-001	38.55	2018-08-19T04:27:36.584462976Z	61.75
2.14	2.987	24	38.55	27.025	1.13	1.95	cassandra-001	38.55	2018-08-19T04:27:43.594153214Z	61.75
5.24	7.002	27	38.55	62.823	2.14	2.11	cassandra-001	38.55	2018-08-19T04:27:50.600277077Z	61.75
1.18	3.592	30	38.55	35.477	5.24	2.78	cassandra-001	38.55	2018-08-19T04:27:57.608393396Z	61.75
1.11	4.04	32	38.55	38.188	1.18	2.01	cassandra-001	38.55	2018-08-19T04:28:04.616834042Z	61.75
1.2	8.698	35	38.55	82.77	1.11	2.0	cassandra-001	38.55	2018-08-19T04:28:11.623647394Z	61.75
1.11	4.631	38	38.55	45.262	1.2	2.0	cassandra-001	38.55	2018-08-19T04:28:18.631106963Z	61.75
8.61	9.948	40	38.55	97.689	1.11	2.0	cassandra-001	38.55	2018-08-19T04:28:25.638383905Z	61.75
1.26	4.59	42	38.55	51.915	8.61	3.07	cassandra-001	38.55	2018-08-19T04:28:32.645585786Z	61.75
1.29	5.474	45	38.55	53.352	1.26	2.41	cassandra-001	38.55	2018-08-19T04:28:39.652712269Z	61.75
1.37	10.879	47	38.55	114.304	1.29	2.43	cassandra-001	38.55	2018-08-19T04:28:46.659580618Z	61.75
1.18	7.716	49	38.59	58.898	1.37	2.47	cassandra-001	38.59	2018-08-19T04:28:53.666004443Z	62.66
8.14	12.46	51	38.54	122.651	1.18	2.47	cassandra-001	38.54	2018-08-19T04:29:00.673042407Z	62.61
1.28	6.064	53	38.54	65.786	8.14	3.64	cassandra-001	38.54	2018-08-19T04:29:07.684295217Z	62.61
1.34	6.459	55	38.54	67.628	1.28	2.42	cassandra-001	38.54	2018-08-19T04:29:14.690976091Z	62.61
1.39	13.498	57	38.54	140.416	1.34	2.43	cassandra-001	38.54	2018-08-19T04:29:21.698006221Z	62.61
1.28	6.326	59	38.54	71.932	1.39	2.45	cassandra-001	38.54	2018-08-19T04:29:28.705230842Z	62.61
7.99	16.61	61	38.54	149.356	1.28	2.44	cassandra-001	38.54	2018-08-19T04:29:35.711547912Z	62.61
1.23	6.72	63	38.54	77.565	7.99	3.57	cassandra-001	38.54	2018-08-19T04:29:42.718444229Z	62.61
1.3	7.115	64	38.54	79.243	1.23	2.42	cassandra-001	38.54	2018-08-19T04:29:49.725635137Z	62.61
1.22	18.19	66	38.53	160.974	1.3	2.42	cassandra-001	38.53	2018-08-19T04:29:56.733240712Z	62.61
1.23	8.408	68	38.53	81.941	1.22	2.4	cassandra-001	38.53	2018-08-19T04:30:03.740369326Z	62.61
8.52	17.342	69	38.53	171.624	1.23	2.38	cassandra-001	38.53	2018-08-19T04:30:10.748640305Z	62.61
1.32	9.013	71	38.53	88.337	8.52	3.58	cassandra-001	38.53	2018-08-19T04:30:17.755360952Z	62.61
1.19	10.254	73	38.53	89.748	1.32	2.47	cassandra-001	38.53	2018-08-19T04:30:24.761857261Z	62.61
1.31	20.388	74	38.53	183.778	1.19	2.46	cassandra-001	38.53	2018-08-19T04:30:31.768954298Z	62.61
1.19	7.956	76	38.53	92.659	1.31	2.46	cassandra-001	38.53	2018-08-19T04:30:38.777440496Z	62.61
10.05	14.299	77	38.53	189.328	1.19	2.46	cassandra-001	38.53	2018-08-19T04:30:45.783768551Z	62.61
1.33	8.984	79	38.53	98.158	10.05	3.93	cassandra-001	38.53	2018-08-19T04:30:52.790902496Z	62.61
1.24	8.152	80	38.53	97.555	1.33	2.73	cassandra-001	38.53	2018-08-19T04:30:59.798071182Z	62.61
1.31	19.946	82	38.53	196.917	1.24	2.72	cassandra-001	38.53	2018-08-19T04:31:06.805207142Z	62.61
2.21	11.503	83	38.56	104.055	1.31	2.74	cassandra-001	38.56	2018-08-19T04:31:13.813653461Z	62.67
10.29	20.498	85	38.53	211.51	2.21	2.89	cassandra-001	38.53	2018-08-19T04:31:20.820760897Z	62.65
1.18	11.806	86	38.53	107.993	10.29	4.4	cassandra-001	38.53	2018-08-19T04:31:27.828045353Z	62.65
1.76	12.162	88	38.53	108.702	1.18	2.93	cassandra-001	38.53	2018-08-19T04:31:34.834347988Z	62.65
1.24	20.376	89	38.53	217.254	1.76	3.0	cassandra-001	38.53	2018-08-19T04:31:41.842796135Z	62.65
1.2	9.269	91	38.53	109.581	1.24	3.0	cassandra-001	38.53	2018-08-19T04:31:48.849077835Z	62.65
13.23	23.752	92	38.53	227.427	1.2	2.98	cassandra-001	38.53	2018-08-19T04:31:55.855504984Z	62.65
1.23	13.268	94	38.53	116.262	13.23	4.82	cassandra-001	38.53	2018-08-19T04:32:02.862865017Z	62.65
1.23	13.096	95	38.53	118.226	1.23	3.31	cassandra-001	38.53	2018-08-19T04:32:09.870176891Z	62.65
1.19	25.887	96	38.52	242.172	1.23	3.31	cassandra-001	38.52	2018-08-19T04:32:16.876708065Z	62.64
1.29	11.696	98	38.52	121.072	1.19	3.22	cassandra-001	38.52	2018-08-19T04:32:23.884205173Z	62.64
22.45	26.638	99	38.52	248.393	1.29	3.23	cassandra-001	38.52	2018-08-19T04:32:30.892188358Z	62.64
1.31	12.764	100	38.52	125.552	22.45	6.77	cassandra-001	38.52	2018-08-19T04:32:37.901014724Z	62.64
1.22	13.159	101	38.52	123.639	1.31	4.78	cassandra-001	38.52	2018-08-19T04:32:44.908957186Z	62.65
1.29	26.912	103	38.52	252.749	1.22	4.78	cassandra-001	38.52	2018-08-19T04:32:51.916783414Z	62.65
1.21	13.396	104	38.52	131.293	1.29	4.79	cassandra-001	38.52	2018-08-19T04:32:58.924502826Z	62.64
11.53	32.348	105	38.52	265.666	1.21	4.79	cassandra-001	38.52	2018-08-19T04:33:05.931240007Z	62.65
1.23	15.626	106	38.52	135.181	11.53	6.5	cassandra-001	38.52	2018-08-19T04:33:12.938639284Z	62.65
1.25	17.077	108	38.52	136.034	1.23	2.96	cassandra-001	38.52	2018-08-19T04:33:19.949701031Z	62.65
1.21	28.478	109	38.52	272.028	1.25	2.95	cassandra-001	38.52	2018-08-19T04:33:26.956517086Z	62.65
1.18	16.06	110	38.52	137.848	1.21	2.95	cassandra-001	38.52	2018-08-19T04:33:33.963560609Z	62.65
12.79	32.726	111	38.52	281.026	1.18	2.93	cassandra-001	38.52	2018-08-19T04:33:40.969809214Z	62.65
1.27	14.131	113	38.52	136.546	12.79	4.86	cassandra-001	38.52	2018-08-19T04:33:47.976285138Z	62.65
1.25	15.61	114	38.52	135.448	1.27	3.15	cassandra-001	38.52	2018-08-19T04:33:54.982744631Z	62.65
1.29	31.826	115	38.52	288.548	1.25	3.16	cassandra-001	38.52	2018-08-19T04:34:01.990062781Z	62.65
1.24	18.394	116	38.52	147.96	1.29	3.16	cassandra-001	38.52	2018-08-19T04:34:08.996580522Z	62.65
13.44	25.553	117	38.52	289.59	1.24	3.17	cassandra-001	38.52	2018-08-19T04:34:16.002740178Z	62.65
1.15	11.846	118	38.52	146.581	13.44	5.21	cassandra-001	38.52	2018-08-19T04:34:23.009537127Z	62.66
1.25	16.558	120	38.52	151.322	1.15	3.27	cassandra-001	38.52	2018-08-19T04:34:30.016346337Z	62.65
1.29	26.594	121	38.52	300.684	1.25	3.27	cassandra-001	38.52	2018-08-19T04:34:37.023089927Z	62.66
2.21	13.969	122	38.52	150.291	1.29	3.28	cassandra-001	38.52	2018-08-19T04:34:44.033121948Z	62.66
14.86	27.186	123	38.52	303.719	2.21	3.43	cassandra-001	38.52	2018-08-19T04:34:51.04054589Z	62.66
1.16	16.028	124	38.52	155.815	14.86	5.7	cassandra-001	38.52	2018-08-19T04:34:58.047314074Z	62.66
3.28	17.866	125	38.52	186.217	1.16	3.65	cassandra-001	38.52	2018-08-19T04:35:05.053850554Z	62.66
1.3	30.612	126	38.52	277.429	3.28	4.01	cassandra-001	38.52	2018-08-19T04:35:12.061077984Z	62.66
1.2	17.267	127	38.52	159.261	1.3	4.02	cassandra-001	38.52	2018-08-19T04:35:19.067298861Z	62.66
9.91	29.98	128	38.52	318.106	1.2	4.0	cassandra-001	38.52	2018-08-19T04:35:26.079060877Z	62.66
1.23	13.544	129	38.52	160.716	9.91	5.28	cassandra-001	38.52	2018-08-19T04:35:33.086207688Z	62.66
9.86	32.47	131	38.52	301.495	1.23	3.01	cassandra-001	38.52	2018-08-19T04:35:40.095244743Z	62.67
1.17	16.859	132	38.52	195.134	9.86	4.46	cassandra-001	38.52	2018-08-19T04:35:47.10082201Z	62.66
1.15	20.75	133	38.52	168.71	1.17	4.11	cassandra-001	38.52	2018-08-19T04:35:54.107186411Z	62.67
1.6	41.526	134	38.52	339.462	1.15	4.09	cassandra-001	38.52	2018-08-19T04:36:01.113541761Z	62.67
1.3	19.746	135	38.52	168.816	1.6	4.15	cassandra-001	38.52	2018-08-19T04:36:08.122646673Z	62.67
15.41	41.167	136	38.52	345.038	1.3	2.72	cassandra-001	38.52	2018-08-19T04:36:15.129197624Z	62.67
1.26	18.676	137	38.52	168.357	15.41	5.08	cassandra-001	38.52	2018-08-19T04:36:22.136453245Z	62.67
1.23	19.494	138	38.52	172.733	1.26	3.65	cassandra-001	38.52	2018-08-19T04:36:29.142658651Z	62.67
1.22	36.902	139	38.52	346.979	1.23	3.66	cassandra-001	38.52	2018-08-19T04:36:36.149675582Z	62.67
1.23	19.678	140	38.52	176.741	1.22	3.67	cassandra-001	38.52	2018-08-19T04:36:43.156954932Z	62.67
15.18	36.385	141	38.52	354.759	1.23	3.61	cassandra-001	38.52	2018-08-19T04:36:50.166007359Z	62.68
1.09	21.314	142	38.52	178.238	15.18	5.92	cassandra-001	38.52	2018-08-19T04:36:57.174337184Z	62.68
1.23	19.004	143	38.52	175.403	1.09	3.53	cassandra-001	38.52	2018-08-19T04:37:04.184021375Z	62.68
1.26	42.838	143	38.52	362.531	1.23	3.53	cassandra-001	38.52	2018-08-19T04:37:11.190504891Z	62.68
1.18	18.791	144	38.52	181.259	1.26	3.53	cassandra-001	38.52	2018-08-19T04:37:18.197248034Z	62.68
15.81	33.834	145	38.52	361.408	1.18	3.53	cassandra-001	38.52	2018-08-19T04:37:25.203351538Z	62.68
1.19	18.342	146	38.52	182.674	15.81	5.96	cassandra-001	38.52	2018-08-19T04:37:32.21109926Z	62.68
1.26	17.418	147	38.52	181.139	1.19	3.63	cassandra-001	38.52	2018-08-19T04:37:39.218047309Z	62.68
1.39	38.755	148	38.52	371.775	1.26	3.65	cassandra-001	38.52	2018-08-19T04:37:46.22461891Z	62.68
1.23	18.196	149	38.52	188.221	1.39	3.68	cassandra-001	38.52	2018-08-19T04:37:53.231770132Z	62.69
23.27	40.866	150	38.52	378.67	1.23	3.68	cassandra-001	38.52	2018-08-19T04:38:00.238490503Z	62.69
6.97	20.004	151	38.52	190.177	23.27	7.36	cassandra-001	38.52	2018-08-19T04:38:07.245408144Z	62.7
5.21	18.459	152	38.52	188.653	6.97	5.88	cassandra-001	38.52	2018-08-19T04:38:14.253564497Z	62.71
5.94	37.962	153	38.52	374.064	5.21	6.55	cassandra-001	38.52	2018-08-19T04:38:21.261016733Z	62.72
7.65	19.608	154	38.52	186.126	5.94	7.33	cassandra-001	38.52	2018-08-19T04:38:28.271266886Z	62.74
22.99	39.018	155	38.52	379.644	7.65	8.38	cassandra-001	38.52	2018-08-19T04:38:35.278583739Z	62.77
10.25	16.968	156	38.52	187.823	22.99	12.0	cassandra-001	38.52	2018-08-19T04:38:42.286627261Z	62.81
9.84	16.083	157	38.52	185.76	10.25	9.83	cassandra-001	38.52	2018-08-19T04:38:49.294590132Z	62.84
14.56	32.682	158	38.52	375.353	9.84	10.31	cassandra-001	38.52	2018-08-19T04:38:56.301337358Z	62.88
13.71	18.684	158	38.52	186.952	14.56	11.87	cassandra-001	38.52	2018-08-19T04:39:03.309092338Z	62.93
55.22	35.058	159	38.53	376.051	13.71	13.17	cassandra-001	38.53	2018-08-19T04:39:10.315772361Z	62.98
19.88	22.353	160	38.53	188.385	55.22	21.1	cassandra-001	38.53	2018-08-19T04:39:17.321659525Z	63.04
18.08	18.354	161	38.53	187.488	19.88	20.58	cassandra-001	38.53	2018-08-19T04:39:24.329997814Z	63.1
23.09	42.582	162	38.52	374.777	18.08	21.88	cassandra-001	38.52	2018-08-19T04:39:31.336742486Z	63.16
18.18	20.532	163	38.52	187.83	23.09	24.09	cassandra-001	38.52	2018-08-19T04:39:38.343079621Z	63.22
36.71	35.361	164	38.52	374.778	18.18	24.69	cassandra-001	38.52	2018-08-19T04:39:45.352967703Z	63.3
20.62	19.806	165	38.53	188.518	36.71	28.53	cassandra-001	38.53	2018-08-19T04:39:52.362744704Z	63.38
24.39	16.044	165	38.53	186.443	20.62	22.76	cassandra-001	38.53	2018-08-19T04:39:59.372415624Z	63.46
25.94	42.186	166	38.53	377.203	24.39	23.51	cassandra-001	38.53	2018-08-19T04:40:06.380151556Z	63.55
65.79	20.136	167	38.57	190.796	25.94	24.82	cassandra-001	38.57	2018-08-19T04:40:13.387192566Z	63.72
43.66	37.869	168	38.54	375.359	65.79	31.94	cassandra-001	38.54	2018-08-19T04:40:20.39563301Z	63.79
40.61	19.608	169	38.54	190.336	43.66	36.18	cassandra-001	38.54	2018-08-19T04:40:27.403109759Z	63.89
27.62	16.902	170	38.54	186.379	40.61	36.84	cassandra-001	38.54	2018-08-19T04:40:34.409605523Z	63.99
34.55	42.582	170	38.53	378.99	27.62	38.0	cassandra-001	38.53	2018-08-19T04:40:41.416667148Z	64.08
30.27	21.099	171	38.53	185.455	34.55	39.7	cassandra-001	38.53	2018-08-19T04:40:48.424127513Z	64.19
42.77	40.602	172	38.53	376.552	30.27	40.42	cassandra-001	38.53	2018-08-19T04:40:55.430640839Z	64.31
28.62	15.726	173	38.53	183.838	42.77	36.58	cassandra-001	38.53	2018-08-19T04:41:02.439034236Z	64.43
26.27	20.796	174	38.53	188.713	28.62	34.07	cassandra-001	38.53	2018-08-19T04:41:09.445051584Z	64.55
39.29	42.225	175	38.52	377.539	26.27	31.68	cassandra-001	38.52	2018-08-19T04:41:16.452648916Z	64.67
35.22	22.446	175	38.52	190.206	39.29	33.63	cassandra-001	38.52	2018-08-19T04:41:23.461756089Z	66.08
48.93	40.8	176	38.52	378.449	35.22	33.74	cassandra-001	38.52	2018-08-19T04:41:30.470124343Z	66.22
31.21	19.608	177	38.54	186.732	48.93	36.85	cassandra-001	38.54	2018-08-19T04:41:37.478202009Z	66.37
43.94	19.515	178	38.54	187.412	31.21	34.92	cassandra-001	38.54	2018-08-19T04:41:44.484797313Z	66.52
32.12	38.49	179	38.53	378.729	43.94	37.48	cassandra-001	38.53	2018-08-19T04:41:51.493129056Z	66.66
32.29	22.578	180	38.53	186.701	32.12	38.45	cassandra-001	38.53	2018-08-19T04:41:58.502724079Z	66.81
50.18	40.404	180	38.53	377.684	32.29	37.28	cassandra-001	38.53	2018-08-19T04:42:05.513471569Z	66.97
40.05	18.882	181	38.53	188.07	50.18	39.78	cassandra-001	38.53	2018-08-19T04:42:12.522021964Z	67.13
33.64	16.215	182	38.53	185.579	40.05	38.3	cassandra-001	38.53	2018-08-19T04:42:19.528454765Z	67.3
40.2	37.368	183	38.52	378.289	33.64	38.7	cassandra-001	38.52	2018-08-19T04:42:26.53513247Z	67.46
41.87	16.308	183	38.52	185.929	40.2	38.08	cassandra-001	38.52	2018-08-19T04:42:33.546636648Z	67.64
49.82	38.556	184	38.52	377.188	41.87	39.7	cassandra-001	38.52	2018-08-19T04:42:40.553617606Z	67.82
40.15	13.971	185	38.53	183.875	49.82	42.63	cassandra-001	38.53	2018-08-19T04:42:47.560674556Z	69.21
44.96	17.1	186	38.53	188.131	40.15	40.95	cassandra-001	38.53	2018-08-19T04:42:54.569532588Z	69.4
44.33	33.21	186	38.53	373.344	44.96	41.77	cassandra-001	38.53	2018-08-19T04:43:01.577002659Z	69.59
51.04	16.704	187	38.53	188.449	44.33	43.55	cassandra-001	38.53	2018-08-19T04:43:08.584692866Z	69.78
64.18	30.015	188	38.53	371.186	51.04	45.36	cassandra-001	38.53	2018-08-19T04:43:15.592766734Z	69.98
56.93	14.328	189	38.53	183.442	64.18	49.08	cassandra-001	38.53	2018-08-19T04:43:22.602260923Z	70.18
50.59	18.684	189	38.52	190.074	56.93	50.26	cassandra-001	38.52	2018-08-19T04:43:29.60922035Z	70.38
56.58	40.272	190	38.52	380.401	50.59	52.0	cassandra-001	38.52	2018-08-19T04:43:36.617252171Z	70.59
43.31	21.126	191	38.53	190.919	56.58	53.94	cassandra-001	38.52	2018-08-19T04:43:43.625101553Z	70.8
118.23	32.853	192	38.53	374.55	43.31	53.77	cassandra-001	38.53	2018-08-19T04:43:50.634404974Z	72.57
84.73	20.466	192	38.53	191.34	118.23	64.97	cassandra-001	38.53	2018-08-19T04:43:57.643972628Z	74.21
84.84	17.166	193	38.53	185.039	84.73	68.39	cassandra-001	38.53	2018-08-19T04:44:04.652519271Z	75.84
75.04	31.428	194	38.53	374.377	84.84	73.05	cassandra-001	38.53	2018-08-19T04:44:11.65925171Z	77.38
54.17	16.281	194	38.53	187.866	75.04	77.12	cassandra-001	38.53	2018-08-19T04:44:18.66563396Z	73.09
61.9	31.758	195	38.53	368.352	54.17	76.72	cassandra-001	38.53	2018-08-19T04:44:25.672997769Z	73.32
50.31	18.684	196	38.53	187.834	61.9	79.82	cassandra-001	38.53	2018-08-19T04:44:32.680065479Z	73.55
51.64	19.608	197	38.53	188.6	50.31	68.5	cassandra-001	38.53	2018-08-19T04:44:39.691922792Z	73.8
54.65	32.391	197	38.54	374.705	51.64	62.98	cassandra-001	38.53	2018-08-19T04:44:46.69976976Z	75.19
51.27	18.222	198	38.53	188.883	54.65	57.95	cassandra-001	38.53	2018-08-19T04:44:53.706733359Z	75.44
74.86	39.084	199	38.53	374.632	51.27	53.99	cassandra-001	38.53	2018-08-19T04:45:00.713992876Z	75.69
48.45	24.096	200	38.48	193.677	74.86	57.44	cassandra-001	38.48	2018-08-19T04:45:07.720396219Z	75.9
55.46	21.231	200	38.47	191.061	48.45	55.2	cassandra-001	38.47	2018-08-19T04:45:14.727231692Z	76.14
51.62	37.302	201	38.47	378.659	55.46	56.05	cassandra-001	38.47	2018-08-19T04:45:21.735801498Z	76.41
66.41	19.938	202	38.48	189.588	51.62	56.05	cassandra-001	38.48	2018-08-19T04:45:28.742723242Z	76.78
69.8	41.605	202	38.48	379.717	66.41	58.01	cassandra-001	38.48	2018-08-19T04:45:35.759089736Z	78.07
56.02	20.07	203	38.48	189.184	69.8	61.1	cassandra-001	38.48	2018-08-19T04:45:42.766867731Z	78.34
52.27	18.591	204	38.48	189.974	56.02	57.96	cassandra-001	38.48	2018-08-19T04:45:49.77589947Z	78.62
55.28	33.672	204	38.48	374.539	52.27	58.6	cassandra-001	38.48	2018-08-19T04:45:56.783602645Z	78.91
52.18	21.06	205	38.48	184.994	55.28	58.57	cassandra-001	38.48	2018-08-19T04:46:03.790337571Z	79.19
74.57	33.804	206	38.48	374.555	52.18	58.66	cassandra-001	38.48	2018-08-19T04:46:10.798321721Z	79.47
81.44	19.977	207	38.48	189.818	74.57	60.02	cassandra-001	38.48	2018-08-19T04:46:17.807877855Z	80.86
55.91	18.684	207	38.48	186.658	81.44	61.96	cassandra-001	38.48	2018-08-19T04:46:24.81456879Z	81.16
56.34	40.879	208	38.48	378.496	55.91	61.94	cassandra-001	38.48	2018-08-19T04:46:31.822021247Z	81.45
58.36	18.222	209	38.47	188.983	56.34	62.62	cassandra-001	38.47	2018-08-19T04:46:38.829009901Z	81.75
70.96	34.107	209	38.48	371.049	58.36	63.13	cassandra-001	38.48	2018-08-19T04:46:45.83634027Z	82.06
99.1	21.654	210	38.47	188.127	70.96	66.26	cassandra-001	38.47	2018-08-19T04:46:52.843135487Z	83.55
102.55	21.403	211	38.48	187.908	99.1	70.35	cassandra-001	38.48	2018-08-19T04:46:59.85201387Z	85.41
106.76	41.684	211	38.48	375.334	102.55	73.87	cassandra-001	38.48	2018-08-19T04:47:06.859111641Z	87.12
85.57	17.047	212	38.48	186.95	106.76	82.34	cassandra-001	38.48	2018-08-19T04:47:13.865713569Z	88.81
80.39	40.931	213	38.48	379.907	85.57	87.22	cassandra-001	38.48	2018-08-19T04:47:20.872880397Z	84.72
64.06	18.024	213	38.48	187.402	80.39	90.89	cassandra-001	38.48	2018-08-19T04:47:27.879740794Z	86.08
56.21	16.374	214	38.48	188.451	64.06	89.74	cassandra-001	38.48	2018-08-19T04:47:34.885948597Z	86.42
66.63	36.708	215	38.48	377.512	56.21	82.59	cassandra-001	38.48	2018-08-19T04:47:41.893521127Z	86.75
69.5	15.555	215	38.48	185.382	66.63	76.6	cassandra-001	38.46	2018-08-19T04:47:48.903409078Z	87.09
81.37	38.226	216	38.48	378.091	69.5	70.39	cassandra-001	38.48	2018-08-19T04:47:55.911215732Z	87.41
73.1	17.958	217	38.48	187.171	81.37	69.69	cassandra-001	38.48	2018-08-19T04:48:02.924065575Z	88.79
68.22	21.456	218	38.48	189.31	73.1	68.48	cassandra-001	38.48	2018-08-19T04:48:09.933595183Z	89.13
65.31	33.921	218	38.48	372.579	68.22	69.17	cassandra-001	38.48	2018-08-19T04:48:16.943480703Z	89.48
64.43	21.126	219	38.49	190.385	65.31	70.69	cassandra-001	38.49	2018-08-19T04:48:23.949938147Z	89.73
140.87	35.19	220	38.5	374.611	64.43	70.32	cassandra-001	38.5	2018-08-19T04:48:30.958567629Z	90.56
80.33	20.994	220	38.51	190.168	140.87	82.22	cassandra-001	38.51	2018-08-19T04:48:37.965386189Z	91.29
74.98	17.535	221	38.51	186.568	80.33	82.04	cassandra-001	38.51	2018-08-19T04:48:44.976603988Z	91.66
81.58	38.424	222	38.51	377.987	74.98	82.36	cassandra-001	38.51	2018-08-19T04:48:51.983540425Z	91.72
72.19	21.126	222	38.51	188.061	81.58	84.58	cassandra-001	38.51	2018-08-19T04:48:58.991667507Z	91.77
117.87	37.17	223	38.51	377.915	72.19	85.73	cassandra-001	38.51	2018-08-19T04:49:05.997594464Z	91.81
124.65	21.06	224	38.51	191.025	117.87	94.64	cassandra-001	38.51	2018-08-19T04:49:13.00513462Z	91.72
120.02	21.165	224	38.51	190.289	124.65	91.93	cassandra-001	38.51	2018-08-19T04:49:20.011219244Z	91.64
108.95	37.896	225	38.51	378.06	120.02	98.55	cassandra-001	38.51	2018-08-19T04:49:27.017224294Z	88.02
100.24	17.298	225	38.53	188.398	108.95	104.21	cassandra-001	38.53	2018-08-19T04:49:34.023122035Z	91.08
126.36	35.058	225	38.53	375.455	100.24	107.32	cassandra-001	38.53	2018-08-19T04:49:41.030039708Z	91.83
109.56	19.119	225	38.54	189.588	126.36	116.35	cassandra-001	38.54	2018-08-19T04:49:48.036879546Z	91.85
92.58	20.334	225	38.54	190.214	109.56	114.96	cassandra-001	38.54	2018-08-19T04:49:55.043645954Z	91.78
183.82	34.596	225	38.54	376.051	92.58	109.62	cassandra-001	38.54	2018-08-19T04:50:02.050352319Z	91.55
118.18	22.974	225	38.54	189.957	183.82	120.25	cassandra-001	38.54	2018-08-19T04:50:09.070817674Z	91.88
121.63	32.721	225	38.54	371.729	118.18	121.79	cassandra-001	38.54	2018-08-19T04:50:16.076931784Z	91.37
122.07	14.724	225	38.54	186.64	121.63	125.36	cassandra-001	38.54	2018-08-19T04:50:23.083277577Z	91.69
62.15	17.298	225	38.54	192.053	122.07	124.64	cassandra-001	38.54	2018-08-19T04:50:30.091180372Z	91.65
123.5	41.592	225	38.54	376.451	62.15	116.74	cassandra-001	38.54	2018-08-19T04:50:37.09665873Z	91.86
103.19	22.353	225	38.54	188.433	123.5	121.89	cassandra-001	38.54	2018-08-19T04:50:44.105587022Z	90.93
