host_moving_avg_cpu	name	memory_active_anon%	net_send	timestamp	memory%	net_receive	host_cpu	container_cpu%	sensor_count	memory_rss%
nan	cassandra-001	38.14	737033.073	2018-08-18T00:00:01.521908609Z	78.33	4698968.691	0	9.17	2	38.14
nan	cassandra-001	38.14	0.0	2018-08-18T00:00:08.529612856Z	78.35	0.0	9.17	12.21	6	38.14
nan	cassandra-001	38.14	0.0	2018-08-18T00:00:15.536007969Z	78.4	0.0	12.21	28.83	10	38.14
nan	cassandra-001	38.14	0.171	2018-08-18T00:00:22.542374771Z	78.46	0.141	28.83	28.32	14	38.14
nan	cassandra-001	38.14	0.0	2018-08-18T00:00:29.551707297Z	78.54	0.0	28.32	40.82	18	38.14
19.89	cassandra-001	38.12	0.171	2018-08-18T00:00:36.561690723Z	78.64	0.141	40.82	34.14	21	38.12
25.58	cassandra-001	38.12	0.0	2018-08-18T00:00:43.575098436Z	78.75	0.0	34.14	43.69	24	38.12
31.34	cassandra-001	38.13	0.171	2018-08-18T00:00:50.585700107Z	78.89	0.141	43.69	37.85	27	38.13
35.61	cassandra-001	38.13	0.0	2018-08-18T00:00:57.592702355Z	79.04	0.0	37.85	40.67	30	38.13
37.58	cassandra-001	38.13	0.171	2018-08-18T00:01:04.598759185Z	79.2	0.141	40.67	52.29	32	38.13
41.58	cassandra-001	38.13	0.0	2018-08-18T00:01:11.605611116Z	79.38	0.0	52.29	45.33	35	38.13
42.33	cassandra-001	38.13	0.0	2018-08-18T00:01:18.611904698Z	79.57	0.0	45.33	49.17	37	38.13
44.83	cassandra-001	38.13	0.171	2018-08-18T00:01:25.618563186Z	79.77	0.141	49.17	45.07	40	38.13
45.06	cassandra-001	38.13	0.171	2018-08-18T00:01:32.633611957Z	79.98	0.141	45.07	52.23	42	38.13
47.46	cassandra-001	38.13	0.0	2018-08-18T00:01:39.642333008Z	81.1	0.0	52.23	35.65	44	38.13
46.62	cassandra-001	38.13	0.0	2018-08-18T00:01:46.651218276Z	81.32	0.0	35.65	42.23	46	38.13
44.95	cassandra-001	38.13	0.171	2018-08-18T00:01:53.660634044Z	81.58	0.141	42.23	54.92	48	38.13
46.55	cassandra-001	38.13	0.0	2018-08-18T00:02:00.666860602Z	81.83	0.0	54.92	48.29	50	38.13
46.4	cassandra-001	38.13	0.171	2018-08-18T00:02:07.673080834Z	82.09	0.141	48.29	60.27	52	38.13
48.93	cassandra-001	38.13	0.0	2018-08-18T00:02:14.682796683Z	82.36	0.0	60.27	54.16	54	38.13
49.25	cassandra-001	38.12	0.171	2018-08-18T00:02:21.693274388Z	82.64	0.141	54.16	76.68	55	38.12
56.09	cassandra-001	38.13	0.0	2018-08-18T00:02:28.701809439Z	83.22	0.0	76.68	94.84	57	38.13
64.86	cassandra-001	38.12	0.171	2018-08-18T00:02:35.710427307Z	82.52	0.141	94.84	59.65	59	38.12
65.65	cassandra-001	38.12	0.0	2018-08-18T00:02:42.719081773Z	82.83	0.0	59.65	77.18	61	38.12
70.46	cassandra-001	38.12	0.171	2018-08-18T00:02:49.726878284Z	83.15	0.141	77.18	70.92	63	38.12
72.24	cassandra-001	38.12	0.0	2018-08-18T00:02:56.733734359Z	83.47	0.0	70.92	65.25	64	38.12
74.09	cassandra-001	38.0	0.171	2018-08-18T00:03:03.741815687Z	83.69	0.141	65.25	59.87	66	38.0
71.28	cassandra-001	38.01	0.0	2018-08-18T00:03:10.749324667Z	84.01	0.0	59.87	54.85	67	38.01
64.62	cassandra-001	38.01	0.0	2018-08-18T00:03:17.759335229Z	84.06	0.0	54.85	65.88	69	38.01
65.66	cassandra-001	38.01	0.171	2018-08-18T00:03:24.770355946Z	84.41	0.141	65.88	63.16	70	38.01
63.32	cassandra-001	38.0	0.171	2018-08-18T00:03:31.776976715Z	84.76	0.141	63.16	63.72	72	38.0
62.12	cassandra-001	38.0	0.0	2018-08-18T00:03:38.78629027Z	85.14	0.0	63.72	69.65	73	38.0
62.86	cassandra-001	38.0	0.0	2018-08-18T00:03:45.795496671Z	85.52	0.0	69.65	71.21	75	38.0
64.74	cassandra-001	38.01	0.171	2018-08-18T00:03:52.803466732Z	87.2	0.141	71.21	147.76	76	38.01
80.23	cassandra-001	38.01	0.0	2018-08-18T00:03:59.810470282Z	87.38	0.0	147.76	118.53	78	38.01
89.0	cassandra-001	38.01	0.171	2018-08-18T00:04:06.818182295Z	89.18	0.141	118.53	108.81	79	38.01
96.61	cassandra-001	38.23	0.0	2018-08-18T00:04:13.824647809Z	55.73	0.0	108.81	107.79	80	38.23
103.96	cassandra-001	38.23	0.171	2018-08-18T00:04:20.830506304Z	57.16	0.141	107.79	68.42	82	38.23
103.75	cassandra-001	38.23	0.0	2018-08-18T00:04:27.837207839Z	53.62	0.0	68.42	170.65	83	38.23
120.33	cassandra-001	38.23	0.171	2018-08-18T00:04:34.843096315Z	52.89	0.141	170.65	74.31	84	38.23
108.08	cassandra-001	38.23	0.0	2018-08-18T00:04:41.849563541Z	53.32	0.0	74.31	74.16	86	38.23
100.69	cassandra-001	38.23	0.0	2018-08-18T00:04:48.857453266Z	53.77	0.0	74.16	91.53	87	38.23
97.81	cassandra-001	38.22	0.171	2018-08-18T00:04:55.86479805Z	54.2	0.141	91.53	79.24	88	38.22
93.05	cassandra-001	38.23	0.171	2018-08-18T00:05:02.876738127Z	54.75	0.141	79.24	85.73	90	38.23
95.94	cassandra-001	38.23	0.0	2018-08-18T00:05:09.885333146Z	55.22	0.0	85.73	92.41	91	38.23
82.9	cassandra-001	38.23	0.0	2018-08-18T00:05:16.892942948Z	55.68	0.0	92.41	90.75	92	38.23
85.64	cassandra-001	38.23	0.171	2018-08-18T00:05:23.902541169Z	56.15	0.141	90.75	81.61	93	38.23
86.88	cassandra-001	38.23	0.0	2018-08-18T00:05:30.908948434Z	57.92	0.0	81.61	141.64	94	38.23
95.23	cassandra-001	38.23	0.171	2018-08-18T00:05:37.9150492Z	57.21	0.141	141.64	95.35	96	38.23
97.91	cassandra-001	38.23	0.0	2018-08-18T00:05:44.920942794Z	57.69	0.0	95.35	88.65	97	38.23
98.4	cassandra-001	38.23	0.171	2018-08-18T00:05:51.927097091Z	58.18	0.141	88.65	93.55	98	38.23
98.59	cassandra-001	38.23	0.0	2018-08-18T00:05:58.933269978Z	59.47	0.0	93.55	160.6	99	38.23
110.23	cassandra-001	38.23	0.171	2018-08-18T00:06:05.941651682Z	60.97	0.141	160.6	122.84	100	38.23
117.1	cassandra-001	38.23	0.0	2018-08-18T00:06:12.949681224Z	62.88	0.0	122.84	134.69	102	38.23
115.95	cassandra-001	38.23	0.171	2018-08-18T00:06:19.957078617Z	64.81	0.141	134.69	126.55	103	38.23
121.15	cassandra-001	38.24	0.0	2018-08-18T00:06:26.965246239Z	67.72	0.0	126.55	164.15	104	38.24
133.73	cassandra-001	38.24	0.171	2018-08-18T00:06:33.971385902Z	61.77	0.141	164.15	70.47	105	38.24
129.88	cassandra-001	38.24	0.0	2018-08-18T00:06:40.978447763Z	62.32	0.0	70.47	88.82	107	38.24
117.92	cassandra-001	38.24	0.0	2018-08-18T00:06:47.985752071Z	62.86	0.0	88.82	85.78	108	38.24
111.74	cassandra-001	38.24	0.171	2018-08-18T00:06:54.99252904Z	63.11	0.141	85.78	83.52	109	38.24
103.21	cassandra-001	38.24	0.171	2018-08-18T00:07:02.000798637Z	63.67	0.141	83.52	99.56	110	38.24
98.72	cassandra-001	38.24	0.0	2018-08-18T00:07:09.011847424Z	64.24	0.0	99.56	92.32	111	38.24
86.74	cassandra-001	38.24	0.0	2018-08-18T00:07:16.018869204Z	64.81	0.0	92.32	92.41	113	38.24
90.4	cassandra-001	38.24	0.171	2018-08-18T00:07:23.025829129Z	65.09	0.141	92.41	93.92	114	38.24
91.25	cassandra-001	38.24	0.0	2018-08-18T00:07:30.031782164Z	65.66	0.0	93.92	83.17	115	38.24
90.82	cassandra-001	38.24	0.171	2018-08-18T00:07:37.041290772Z	66.23	0.141	83.17	86.42	116	38.24
91.3	cassandra-001	38.24	0.0	2018-08-18T00:07:44.047851401Z	68.13	0.0	86.42	88.62	117	38.24
89.48	cassandra-001	38.24	0.171	2018-08-18T00:07:51.056738845Z	68.41	0.141	88.62	126.73	118	38.24
95.21	cassandra-001	38.24	0.0	2018-08-18T00:07:58.06831517Z	70.42	0.0	126.73	141.91	119	38.24
103.46	cassandra-001	38.24	0.171	2018-08-18T00:08:05.076416575Z	72.44	0.141	141.91	141.55	120	38.24
111.4	cassandra-001	38.24	0.0	2018-08-18T00:08:12.083835774Z	73.83	0.0	141.55	98.25	121	38.24
113.91	cassandra-001	38.24	0.171	2018-08-18T00:08:19.092112571Z	69.25	0.141	98.25	101.7	123	38.24
116.46	cassandra-001	38.24	0.0	2018-08-18T00:08:26.09982378Z	69.87	0.0	101.7	103.98	124	38.24
119.02	cassandra-001	38.24	0.171	2018-08-18T00:08:33.107292275Z	70.09	0.141	103.98	68.67	125	38.24
109.34	cassandra-001	38.24	0.0	2018-08-18T00:08:40.116483329Z	70.73	0.0	68.67	103.02	126	38.24
102.86	cassandra-001	38.24	0.0	2018-08-18T00:08:47.126048826Z	71.28	0.0	103.02	34.79	127	38.24
85.07	cassandra-001	38.26	0.171	2018-08-18T00:08:54.132556224Z	73.23	0.141	34.79	142.77	128	38.26
92.49	cassandra-001	38.26	0.0	2018-08-18T00:09:01.139908271Z	72.27	0.0	142.77	87.26	129	38.26
90.08	cassandra-001	38.26	0.171	2018-08-18T00:09:08.148693589Z	72.91	0.141	87.26	94.92	129	38.26
88.57	cassandra-001	38.26	0.0	2018-08-18T00:09:15.155842619Z	74.49	0.0	94.92	179.39	129	38.26
107.02	cassandra-001	38.26	0.171	2018-08-18T00:09:22.162699558Z	75.1	0.141	179.39	139.83	129	38.26
113.16	cassandra-001	38.26	0.0	2018-08-18T00:09:29.169594389Z	77.14	0.0	139.83	162.95	129	38.26
134.52	cassandra-001	38.26	0.171	2018-08-18T00:09:36.177030329Z	79.49	0.141	162.95	188.23	129	38.26
142.1	cassandra-001	38.26	0.0	2018-08-18T00:09:43.183750319Z	80.71	0.0	188.23	102.67	129	38.26
144.66	cassandra-001	38.25	0.171	2018-08-18T00:09:50.18975726Z	77.1	0.141	102.67	136.47	129	38.25
151.59	cassandra-001	38.25	0.0	2018-08-18T00:09:57.197187537Z	79.18	0.0	136.47	127.24	129	38.25
142.9	cassandra-001	38.26	0.171	2018-08-18T00:10:04.203494265Z	81.72	0.141	127.24	134.43	129	38.26
142.0	cassandra-001	38.25	0.0	2018-08-18T00:10:11.209224131Z	83.77	0.0	134.43	168.63	129	38.25
142.94	cassandra-001	38.15	0.0	2018-08-18T00:10:18.215497496Z	85.72	0.0	168.63	146.97	129	38.15
136.07	cassandra-001	38.15	0.171	2018-08-18T00:10:25.222263412Z	88.27	0.141	146.97	118.76	129	38.15
