host_moving_avg_cpu	name	memory_active_anon%	net_send	timestamp	memory%	net_receive	host_cpu	container_cpu%	sensor_count	memory_rss%
nan	cassandra-001	38.3	737229.249	2018-08-18T01:51:09.268593328Z	57.82	4699037.483	0	1.06	2	38.3
nan	cassandra-001	38.32	0.342	2018-08-18T01:51:16.276588789Z	57.85	0.282	1.06	11.9	5	38.32
nan	cassandra-001	38.32	0.0	2018-08-18T01:51:23.28408687Z	58.29	0.0	11.9	54.45	10	38.32
nan	cassandra-001	38.33	0.0	2018-08-18T01:51:30.29049002Z	59.25	0.0	54.45	16.72	13	38.33
nan	cassandra-001	38.33	0.0	2018-08-18T01:51:37.299263311Z	59.33	0.0	16.72	20.76	17	38.33
17.48	cassandra-001	38.32	0.342	2018-08-18T01:51:44.306021822Z	59.43	0.282	20.76	24.37	20	38.32
21.54	cassandra-001	38.32	0.0	2018-08-18T01:51:51.312424844Z	59.54	0.0	24.37	36.17	24	38.32
27.4	cassandra-001	38.32	0.0	2018-08-18T01:51:58.318857856Z	59.68	0.0	36.17	31.46	26	38.32
30.66	cassandra-001	38.32	0.0	2018-08-18T01:52:05.325373737Z	59.82	0.0	31.46	33.99	29	38.32
27.25	cassandra-001	38.33	0.342	2018-08-18T01:52:12.333463193Z	59.99	0.282	33.99	35.02	32	38.33
30.3	cassandra-001	38.34	0.0	2018-08-18T01:52:19.343998573Z	60.17	0.0	35.02	40.66	35	38.34
33.61	cassandra-001	38.34	0.0	2018-08-18T01:52:26.350194117Z	60.35	0.0	40.66	37.73	37	38.34
35.84	cassandra-001	38.34	0.0	2018-08-18T01:52:33.357261424Z	60.55	0.0	37.73	42.93	40	38.34
36.97	cassandra-001	38.34	0.0	2018-08-18T01:52:40.364865422Z	60.77	0.0	42.93	44.55	42	38.34
39.15	cassandra-001	38.34	0.342	2018-08-18T01:52:47.371768558Z	61.0	0.282	44.55	44.04	44	38.34
40.82	cassandra-001	38.34	0.0	2018-08-18T01:52:54.379165339Z	61.26	0.0	44.04	53.63	46	38.34
43.92	cassandra-001	38.34	0.0	2018-08-18T01:53:01.389279145Z	63.47	0.0	53.63	92.65	48	38.34
52.59	cassandra-001	38.34	0.0	2018-08-18T01:53:08.398434077Z	65.68	0.0	92.65	71.87	50	38.34
58.28	cassandra-001	38.37	0.342	2018-08-18T01:53:15.404221288Z	68.07	0.282	71.87	79.85	52	38.37
64.43	cassandra-001	38.37	0.0	2018-08-18T01:53:22.412176394Z	70.3	0.0	79.85	85.9	54	38.37
71.32	cassandra-001	38.37	59.961	2018-08-18T01:53:29.420593501Z	65.4	3.031	85.9	49.73	56	38.37
72.27	cassandra-001	38.37	0.0	2018-08-18T01:53:36.428012422Z	65.68	0.0	49.73	52.11	58	38.37
72.02	cassandra-001	38.38	0.0	2018-08-18T01:53:43.436266122Z	66.0	0.0	52.11	58.27	60	38.38
66.29	cassandra-001	38.39	0.0	2018-08-18T01:53:50.442604285Z	66.02	0.0	58.27	62.67	61	38.39
64.76	cassandra-001	38.39	0.342	2018-08-18T01:53:57.449345281Z	66.34	0.282	62.67	72.36	63	38.39
63.51	cassandra-001	38.43	0.0	2018-08-18T01:54:04.456424981Z	66.7	0.0	72.36	65.71	65	38.43
60.14	cassandra-001	38.43	0.0	2018-08-18T01:54:11.462334751Z	67.04	0.0	65.71	65.77	67	38.43
62.82	cassandra-001	38.43	0.0	2018-08-18T01:54:18.468638125Z	67.39	0.0	65.77	58.7	68	38.43
63.91	cassandra-001	38.43	0.171	2018-08-18T01:54:25.475399101Z	67.74	0.141	58.7	69.13	70	38.43
65.72	cassandra-001	38.43	0.171	2018-08-18T01:54:32.482288999Z	67.8	0.141	69.13	69.04	72	38.43
66.79	cassandra-001	38.43	0.0	2018-08-18T01:54:39.489235579Z	68.17	0.0	69.04	64.02	73	38.43
65.4	cassandra-001	38.43	0.0	2018-08-18T01:54:46.4959032Z	68.56	0.0	64.02	63.54	75	38.43
65.03	cassandra-001	38.48	0.0	2018-08-18T01:54:53.503777844Z	68.98	0.0	63.54	67.94	76	38.48
65.4	cassandra-001	38.48	0.342	2018-08-18T01:55:00.512084105Z	69.37	0.282	67.94	85.4	77	38.48
69.85	cassandra-001	38.48	0.0	2018-08-18T01:55:07.519512614Z	71.08	0.0	85.4	87.59	79	38.48
72.92	cassandra-001	38.47	0.0	2018-08-18T01:55:14.527523887Z	70.26	0.0	87.59	70.06	80	38.47
73.09	cassandra-001	38.47	0.0	2018-08-18T01:55:21.534164761Z	70.69	0.0	70.06	82.29	82	38.47
76.14	cassandra-001	38.47	0.342	2018-08-18T01:55:28.542350528Z	71.1	0.282	82.29	77.89	84	38.47
78.53	cassandra-001	38.47	0.0	2018-08-18T01:55:35.552916719Z	71.53	0.0	77.89	72.5	85	38.47
79.29	cassandra-001	38.47	0.0	2018-08-18T01:55:42.559533703Z	72.8	0.0	72.5	123.71	87	38.47
85.67	cassandra-001	38.47	0.0	2018-08-18T01:55:49.565489009Z	74.65	0.0	123.71	95.8	88	38.47
87.04	cassandra-001	38.47	0.342	2018-08-18T01:55:56.571963814Z	76.5	0.282	95.8	104.88	89	38.47
92.84	cassandra-001	38.47	0.0	2018-08-18T01:56:03.578558141Z	78.36	0.0	104.88	108.74	91	38.47
97.25	cassandra-001	38.47	0.0	2018-08-18T01:56:10.585198666Z	79.47	0.0	108.74	78.64	92	38.47
97.38	cassandra-001	38.47	0.0	2018-08-18T01:56:17.591467288Z	74.84	0.0	78.64	93.5	93	38.47
100.88	cassandra-001	38.47	0.0	2018-08-18T01:56:24.597530411Z	75.32	0.0	93.5	76.27	95	38.47
92.97	cassandra-001	38.47	0.342	2018-08-18T01:56:31.608311038Z	75.8	0.282	76.27	75.57	96	38.47
89.6	cassandra-001	38.47	0.0	2018-08-18T01:56:38.614097668Z	76.29	0.0	75.57	77.14	97	38.47
84.98	cassandra-001	38.47	0.0	2018-08-18T01:56:45.620752951Z	76.49	0.0	77.14	95.42	99	38.47
82.76	cassandra-001	38.47	0.0	2018-08-18T01:56:52.628100154Z	76.98	0.0	95.42	88.18	100	38.47
84.35	cassandra-001	38.47	0.342	2018-08-18T01:56:59.635878497Z	77.5	0.282	88.18	91.41	101	38.47
84.0	cassandra-001	38.47	0.0	2018-08-18T01:57:06.64199039Z	78.01	0.0	91.41	76.06	102	38.47
83.96	cassandra-001	38.47	0.0	2018-08-18T01:57:13.649132946Z	78.24	0.0	76.06	92.82	104	38.47
86.84	cassandra-001	38.47	0.0	2018-08-18T01:57:20.658412392Z	78.77	0.0	92.82	82.11	105	38.47
87.67	cassandra-001	38.47	0.342	2018-08-18T01:57:27.666521309Z	79.3	0.282	82.11	92.45	106	38.47
87.17	cassandra-001	38.47	0.0	2018-08-18T01:57:34.672804696Z	80.59	0.0	92.45	159.46	107	38.47
99.05	cassandra-001	38.47	0.0	2018-08-18T01:57:41.680489938Z	81.71	0.0	159.46	107.04	108	38.47
101.66	cassandra-001	38.23	0.0	2018-08-18T01:57:48.689478961Z	83.43	0.0	107.04	132.71	110	38.23
111.1	cassandra-001	38.22	0.171	2018-08-18T01:57:55.695463724Z	85.38	0.141	132.71	119.16	111	38.22
115.49	cassandra-001	38.21	0.171	2018-08-18T01:58:02.70178049Z	88.41	0.141	119.16	88.77	112	38.21
116.6	cassandra-001	38.24	0.0	2018-08-18T01:58:09.729429827Z	82.63	0.0	88.77	102.23	113	38.24
118.23	cassandra-001	38.24	0.0	2018-08-18T01:58:16.73680053Z	83.2	0.0	102.23	90.36	114	38.24
106.71	cassandra-001	38.24	0.0	2018-08-18T01:58:23.744331521Z	83.97	0.0	90.36	105.99	115	38.24
106.54	cassandra-001	38.24	0.342	2018-08-18T01:58:30.756969516Z	84.08	0.282	105.99	106.27	117	38.24
102.13	cassandra-001	38.24	0.0	2018-08-18T01:58:37.764091444Z	84.68	0.0	106.27	106.99	118	38.24
100.1	cassandra-001	38.24	0.0	2018-08-18T01:58:44.773463635Z	85.28	0.0	106.99	89.04	119	38.24
100.15	cassandra-001	38.24	0.0	2018-08-18T01:58:51.780069882Z	85.6	0.0	89.04	93.14	120	38.24
98.63	cassandra-001	38.24	0.342	2018-08-18T01:58:58.786472336Z	86.21	0.282	93.14	88.8	121	38.24
98.37	cassandra-001	38.24	0.0	2018-08-18T01:59:05.793343681Z	86.83	0.0	88.8	109.64	122	38.24
98.98	cassandra-001	38.24	0.0	2018-08-18T01:59:12.803886351Z	87.17	0.0	109.64	108.52	123	38.24
99.35	cassandra-001	38.24	0.0	2018-08-18T01:59:19.81244795Z	89.4	0.0	108.52	132.12	124	38.24
103.54	cassandra-001	38.24	0.342	2018-08-18T01:59:26.818755443Z	91.44	0.282	132.12	125.82	125	38.24
109.67	cassandra-001	38.24	0.0	2018-08-18T01:59:33.824970765Z	92.55	0.0	125.82	208.24	126	38.24
128.86	cassandra-001	38.24	0.0	2018-08-18T01:59:40.832576724Z	92.46	0.0	208.24	95.58	127	38.24
129.99	cassandra-001	38.24	0.0	2018-08-18T01:59:47.839871893Z	89.37	0.0	95.58	133.25	128	38.24
133.92	cassandra-001	38.24	0.0	2018-08-18T01:59:54.84580671Z	92.27	0.0	133.25	212.02	129	38.24
151.17	cassandra-001	38.24	0.342	2018-08-18T02:00:01.851909017Z	92.54	0.282	212.02	126.52	129	38.24
150.24	cassandra-001	38.24	0.0	2018-08-18T02:00:08.857926989Z	92.63	0.0	126.52	126.15	129	38.24
150.29	cassandra-001	38.24	0.0	2018-08-18T02:00:15.864513836Z	92.64	0.0	126.15	166.78	129	38.24
143.38	cassandra-001	38.25	0.0	2018-08-18T02:00:22.871250986Z	92.07	0.0	166.78	135.98	129	38.25
150.12	cassandra-001	38.25	0.342	2018-08-18T02:00:29.877785038Z	92.43	0.282	135.98	134.77	129	38.25
150.37	cassandra-001	38.25	0.0	2018-08-18T02:00:36.890431564Z	92.79	0.0	134.77	125.49	129	38.25
135.95	cassandra-001	38.25	0.0	2018-08-18T02:00:43.896816886Z	91.98	0.0	125.49	132.05	129	38.25
136.87	cassandra-001	38.24	0.0	2018-08-18T02:00:50.903196957Z	92.24	0.0	132.05	122.74	129	38.24
136.3	cassandra-001	38.24	0.342	2018-08-18T02:00:57.90995771Z	92.71	0.282	122.74	137.74	129	38.24
131.46	cassandra-001	38.24	0.0	2018-08-18T02:01:04.918022318Z	92.38	0.0	137.74	128.66	129	38.24
130.24	cassandra-001	38.24	0.0	2018-08-18T02:01:11.924499501Z	92.66	0.0	128.66	115.96	129	38.24
