host_moving_avg_cpu	name	memory_active_anon%	net_send	timestamp	memory%	net_receive	host_cpu	container_cpu%	sensor_count	memory_rss%
nan	kafka-001	15.93	18679257.712	2018-08-18T01:24:01.776124173Z	89.1	18154921.225	0	1.69	1	15.93
nan	kafka-001	15.93	1.232	2018-08-18T01:24:08.78783994Z	89.1	2.065	1.69	2.11	5	15.93
nan	kafka-001	15.93	1.424	2018-08-18T01:24:15.801639656Z	89.1	2.49	2.11	1.79	8	15.93
nan	kafka-001	15.93	1.31	2018-08-18T01:24:22.815525329Z	89.1	2.297	1.79	1.28	12	15.93
nan	kafka-001	15.93	1.36	2018-08-18T01:24:29.826979907Z	89.1	2.251	1.28	1.49	16	15.93
1.39	kafka-001	15.93	1.338	2018-08-18T01:24:36.838168693Z	89.1	2.346	1.49	1.65	19	15.93
1.67	kafka-001	15.93	1.838	2018-08-18T01:24:43.855052885Z	89.1	2.825	1.65	2.32	22	15.93
1.77	kafka-001	15.93	2.058	2018-08-18T01:24:50.868451951Z	89.1	3.24	2.32	1.88	25	15.93
1.74	kafka-001	15.93	1.254	2018-08-18T01:24:57.882492504Z	89.1	2.029	1.88	1.9	28	15.93
1.75	kafka-001	15.93	1.404	2018-08-18T01:25:04.892375447Z	89.1	2.353	1.9	1.06	31	15.93
1.72	kafka-001	15.93	2.214	2018-08-18T01:25:11.903974297Z	89.1	3.664	1.06	1.74	34	15.93
1.76	kafka-001	15.93	1.56	2018-08-18T01:25:18.923807487Z	89.1	2.649	1.74	2.51	36	15.93
1.9	kafka-001	15.93	1.424	2018-08-18T01:25:25.935055847Z	89.1	2.49	2.51	1.98	39	15.93
1.84	kafka-001	15.93	1.31	2018-08-18T01:25:32.946597971Z	89.1	2.297	1.98	1.55	41	15.93
1.79	kafka-001	15.93	1.384	2018-08-18T01:25:39.957344075Z	89.1	2.275	1.55	1.67	43	15.93
1.75	kafka-001	15.93	1.446	2018-08-18T01:25:46.968406537Z	89.1	2.454	1.67	1.55	45	15.93
1.83	kafka-001	15.93	1.508	2018-08-18T01:25:53.980535697Z	89.1	2.495	1.55	2.3	48	15.93
1.93	kafka-001	15.93	2.058	2018-08-18T01:26:00.991966543Z	89.1	3.24	2.3	1.98	50	15.93
1.84	kafka-001	15.93	1.542	2018-08-18T01:26:08.003552949Z	89.1	2.317	1.98	1.68	52	15.93
1.79	kafka-001	15.93	1.99	2018-08-18T01:26:15.015409832Z	89.1	3.362	1.68	2.09	53	15.93
1.88	kafka-001	15.93	1.31	2018-08-18T01:26:22.027541503Z	89.1	2.297	2.09	1.6	55	15.93
1.87	kafka-001	15.93	1.232	2018-08-18T01:26:29.039481273Z	89.1	2.065	1.6	2.34	57	15.93
2.0	kafka-001	15.93	2.062	2018-08-18T01:26:36.050841133Z	89.1	3.816	2.34	1.6	59	15.93
1.88	kafka-001	15.93	1.31	2018-08-18T01:26:43.061858037Z	89.1	2.297	1.6	1.71	61	15.93
1.84	kafka-001	15.93	1.51	2018-08-18T01:26:50.07463346Z	89.1	2.634	1.71	1.85	63	15.93
1.86	kafka-001	15.93	1.146	2018-08-18T01:26:57.08645803Z	89.1	1.921	1.85	1.59	64	15.93
1.78	kafka-001	15.93	1.352	2018-08-18T01:27:04.102604111Z	89.1	2.339	1.59	1.95	66	15.93
1.84	kafka-001	15.93	1.86	2018-08-18T01:27:11.115502325Z	89.1	3.042	1.95	1.64	68	15.93
1.72	kafka-001	15.93	1.674	2018-08-18T01:27:18.127670078Z	89.1	2.449	1.64	1.9	69	15.93
1.77	kafka-001	15.93	1.86	2018-08-18T01:27:25.138266266Z	89.1	3.042	1.9	1.86	71	15.93
1.8	kafka-001	15.93	1.352	2018-08-18T01:27:32.146735318Z	89.1	2.339	1.86	1.69	73	15.93
1.77	kafka-001	15.93	1.232	2018-08-18T01:27:39.162554059Z	89.1	2.065	1.69	2.1	74	15.93
1.86	kafka-001	15.93	1.424	2018-08-18T01:27:46.17823332Z	89.1	2.49	2.1	1.67	76	15.93
1.81	kafka-001	15.93	1.31	2018-08-18T01:27:53.19062179Z	89.1	2.297	1.67	1.93	77	15.93
1.86	kafka-001	15.93	1.709	2018-08-18T01:28:00.201222869Z	89.1	2.852	1.93	1.98	79	15.93
1.87	kafka-001	15.93	1.31	2018-08-18T01:28:07.212625945Z	89.1	2.065	1.98	1.59	80	15.93
1.83	kafka-001	15.93	1.224	2018-08-18T01:28:14.221884263Z	89.1	2.153	1.59	1.74	82	15.93
1.84	kafka-001	15.93	1.682	2018-08-18T01:28:21.233784101Z	89.1	2.922	1.74	1.69	83	15.93
1.77	kafka-001	15.93	1.65	2018-08-18T01:28:28.247773948Z	89.1	2.425	1.69	2.54	84	15.93
1.91	kafka-001	15.93	1.972	2018-08-18T01:28:35.260818639Z	89.1	3.096	2.54	1.83	86	15.93
1.9	kafka-001	15.93	1.442	2018-08-18T01:28:42.269819801Z	89.1	2.429	1.83	1.65	87	15.93
1.84	kafka-001	15.93	1.274	2018-08-18T01:28:49.281855765Z	89.1	2.107	1.65	1.51	88	15.93
1.83	kafka-001	15.93	1.424	2018-08-18T01:28:56.293395799Z	89.1	2.49	1.51	1.65	90	15.93
1.81	kafka-001	15.93	1.31	2018-08-18T01:29:03.305444832Z	89.1	2.297	1.65	2.24	91	15.93
1.9	kafka-001	15.93	1.718	2018-08-18T01:29:10.315723848Z	89.1	3.176	2.24	1.79	92	15.93
1.78	kafka-001	15.93	1.482	2018-08-18T01:29:17.32828833Z	89.1	2.649	1.79	1.53	94	15.93
1.73	kafka-001	15.93	1.224	2018-08-18T01:29:24.341936131Z	89.1	2.153	1.53	1.54	95	15.93
1.71	kafka-001	15.93	2.07	2018-08-18T01:29:31.355557164Z	89.1	3.664	1.54	1.66	96	15.93
1.74	kafka-001	15.93	1.42	2018-08-18T01:29:38.369091283Z	89.1	2.529	1.66	2.69	97	15.93
1.91	kafka-001	15.93	2.08	2018-08-18T01:29:45.382137725Z	89.1	3.204	2.69	1.81	98	15.93
1.84	kafka-001	15.93	1.772	2018-08-18T01:29:52.395095901Z	89.1	2.759	1.81	1.48	100	15.93
1.78	kafka-001	15.93	1.232	2018-08-18T01:29:59.405949363Z	89.1	2.065	1.48	1.49	101	15.93
1.78	kafka-001	15.93	1.424	2018-08-18T01:30:06.415700289Z	89.1	2.49	1.49	1.6	102	15.93
1.79	kafka-001	15.93	1.352	2018-08-18T01:30:13.427434163Z	89.1	2.339	1.6	2.5	103	15.93
1.93	kafka-001	15.93	1.51	2018-08-18T01:30:20.437367407Z	89.1	2.634	2.5	2.01	105	15.93
1.82	kafka-001	15.93	1.232	2018-08-18T01:30:27.447538087Z	89.1	2.065	2.01	1.43	106	15.93
1.75	kafka-001	15.93	1.224	2018-08-18T01:30:34.457165503Z	89.1	2.153	1.43	1.52	107	15.93
1.76	kafka-001	15.93	1.724	2018-08-18T01:30:41.468257175Z	89.1	2.964	1.52	1.6	108	15.93
1.78	kafka-001	15.93	1.146	2018-08-18T01:30:48.479049798Z	89.1	1.921	1.6	2.51	109	15.93
1.93	kafka-001	15.93	1.708	2018-08-18T01:30:55.489878681Z	89.1	2.832	2.51	1.99	111	15.93
1.84	kafka-001	15.93	1.772	2018-08-18T01:31:02.500275744Z	89.1	2.759	1.99	1.52	112	15.93
1.76	kafka-001	15.93	1.67	2018-08-18T01:31:09.513190787Z	89.1	2.503	1.52	1.59	113	15.93
1.79	kafka-001	15.93	1.424	2018-08-18T01:31:16.528702491Z	89.1	2.49	1.59	1.82	114	15.93
1.84	kafka-001	15.93	1.31	2018-08-18T01:31:23.539802088Z	89.1	2.297	1.82	2.33	115	15.93
1.96	kafka-001	15.93	1.596	2018-08-18T01:31:30.549759604Z	89.1	2.778	2.33	1.96	116	15.93
1.87	kafka-001	15.93	1.266	2018-08-18T01:31:37.561553457Z	89.1	1.963	1.96	1.49	117	15.93
1.78	kafka-001	15.93	1.224	2018-08-18T01:31:44.571501889Z	89.1	2.153	1.49	1.59	119	15.93
1.8	kafka-001	15.93	1.682	2018-08-18T01:31:51.587979602Z	89.1	2.922	1.59	1.57	120	15.93
1.79	kafka-001	15.93	1.232	2018-08-18T01:31:58.60149213Z	89.1	2.065	1.57	2.67	121	15.93
1.93	kafka-001	15.93	1.466	2018-08-18T01:32:05.613528244Z	89.1	2.532	2.67	1.97	122	15.93
1.88	kafka-001	15.93	1.64	2018-08-18T01:32:12.627808911Z	89.1	2.627	1.97	1.67	123	15.93
1.83	kafka-001	15.93	1.78	2018-08-18T01:32:19.640234338Z	89.1	2.671	1.67	1.45	124	15.93
1.82	kafka-001	15.93	1.73	2018-08-18T01:32:26.655665411Z	89.1	2.796	1.45	1.78	125	15.93
1.85	kafka-001	15.93	1.224	2018-08-18T01:32:33.66708992Z	89.1	2.153	1.78	2.61	126	15.93
2.02	kafka-001	15.93	1.596	2018-08-18T01:32:40.680560938Z	89.1	2.778	2.61	2.01	127	15.93
1.91	kafka-001	15.93	1.232	2018-08-18T01:32:47.692385716Z	89.1	2.065	2.01	1.53	128	15.93
1.84	kafka-001	15.93	1.18	2018-08-18T01:32:54.705348377Z	89.1	2.051	1.53	1.64	129	15.93
1.84	kafka-001	15.93	2.435	2018-08-18T01:33:01.715724958Z	89.1	4.382	1.64	1.57	129	15.93
1.86	kafka-001	15.93	1.44	2018-08-18T01:33:08.731867477Z	89.1	2.607	1.57	2.45	129	15.93
1.97	kafka-001	15.93	1.632	2018-08-18T01:33:15.74370554Z	89.1	3.032	2.45	2.26	129	15.93
1.91	kafka-001	15.93	1.352	2018-08-18T01:33:22.755680362Z	89.1	2.339	2.26	1.65	129	15.93
1.85	kafka-001	15.93	1.78	2018-08-18T01:33:29.770776507Z	89.1	2.671	1.65	1.58	129	15.93
1.86	kafka-001	15.93	1.886	2018-08-18T01:33:36.784699533Z	89.1	2.952	1.58	1.8	129	15.93
1.89	kafka-001	15.93	1.356	2018-08-18T01:33:43.798706592Z	89.1	2.285	1.8	2.35	129	15.93
2.02	kafka-001	15.93	1.638	2018-08-18T01:33:50.811471877Z	89.1	2.82	2.35	2.05	129	15.93
1.95	kafka-001	15.93	1.232	2018-08-18T01:33:57.822974217Z	89.1	2.065	2.05	1.78	129	15.93
1.87	kafka-001	15.93	1.138	2018-08-18T01:34:04.835444117Z	89.1	2.009	1.78	1.65	129	15.93
1.87	kafka-001	15.93	1.682	2018-08-18T01:34:11.847826036Z	89.1	2.922	1.65	1.64	129	15.93
