memory_rss%	host_moving_avg_cpu	container_cpu%	net_send	net_receive	memory_active_anon%	sensor_count	timestamp	host_cpu	name	memory%
15.92	nan	3.2	12533225.302	11825834.518	15.92	3	2018-08-17T10:36:21.183232309Z	0	kafka-001	60.61
15.92	nan	3.77	40.209	42.745	15.92	7	2018-08-17T10:36:28.193979906Z	3.2	kafka-001	60.62
15.92	nan	5.43	75.106	65.188	15.92	12	2018-08-17T10:36:35.205808249Z	3.77	kafka-001	60.62
15.92	nan	5.4	70.121	81.549	15.92	16	2018-08-17T10:36:42.219141913Z	5.43	kafka-001	60.62
15.92	nan	6.68	83.582	98.973	15.92	19	2018-08-17T10:36:49.231002007Z	5.4	kafka-001	60.62
15.92	4.08	7.33	130.672	113.686	15.92	23	2018-08-17T10:36:56.242534294Z	6.68	kafka-001	60.62
15.92	5.3	8.91	107.354	127.139	15.92	26	2018-08-17T10:37:03.254112051Z	7.33	kafka-001	60.62
15.92	6.25	20.28	163.033	137.578	15.92	29	2018-08-17T10:37:10.265566266Z	8.91	kafka-001	60.62
15.92	9.0	9.34	128.309	151.711	15.92	32	2018-08-17T10:37:17.27627455Z	20.28	kafka-001	60.62
15.92	9.66	10.05	134.65	162.889	15.92	35	2018-08-17T10:37:24.287594283Z	9.34	kafka-001	60.62
15.92	10.43	11.04	205.987	171.454	15.92	37	2018-08-17T10:37:31.299131868Z	10.05	kafka-001	60.62
15.92	11.16	11.62	153.281	180.761	15.92	40	2018-08-17T10:37:38.310723356Z	11.04	kafka-001	60.62
15.92	11.87	12.13	233.698	193.076	15.92	42	2018-08-17T10:37:45.324293999Z	11.62	kafka-001	60.62
15.92	12.41	12.05	171.232	202.645	15.92	45	2018-08-17T10:37:52.335222358Z	12.13	kafka-001	60.62
15.92	11.04	12.64	176.022	209.637	15.92	47	2018-08-17T10:37:59.347675112Z	12.05	kafka-001	60.63
15.92	11.59	12.79	269.86	219.81	15.92	49	2018-08-17T10:38:06.359034797Z	12.64	kafka-001	60.63
15.92	12.04	14.12	187.004	228.917	15.92	51	2018-08-17T10:38:13.370678034Z	12.79	kafka-001	60.63
15.92	12.56	15.42	296.246	240.954	15.92	53	2018-08-17T10:38:20.382843014Z	14.12	kafka-001	60.63
15.92	13.19	15.1	211.596	242.947	15.92	55	2018-08-17T10:38:27.394484647Z	15.42	kafka-001	60.63
15.92	13.69	11.78	211.248	243.997	15.92	57	2018-08-17T10:38:34.405343843Z	15.1	kafka-001	60.63
15.92	13.64	14.85	328.322	265.755	15.92	59	2018-08-17T10:38:41.428394468Z	11.78	kafka-001	60.64
15.92	14.01	14.78	228.492	271.512	15.92	61	2018-08-17T10:38:48.440176009Z	14.85	kafka-001	60.64
15.92	14.34	17.76	350.094	284.456	15.92	63	2018-08-17T10:38:55.451642016Z	14.78	kafka-001	60.64
15.92	14.95	16.87	239.164	287.629	15.92	65	2018-08-17T10:39:02.46198554Z	17.76	kafka-001	60.64
15.92	15.19	17.16	247.133	295.151	15.92	67	2018-08-17T10:39:09.474183701Z	16.87	kafka-001	60.64
15.92	15.53	17.73	370.72	305.08	15.92	69	2018-08-17T10:39:16.483510747Z	17.16	kafka-001	60.65
15.92	16.52	19.25	260.094	309.701	15.92	70	2018-08-17T10:39:23.49415403Z	17.73	kafka-001	60.65
15.92	17.26	19.44	389.492	310.034	15.92	72	2018-08-17T10:39:30.504515255Z	19.25	kafka-001	60.65
15.92	18.04	19.56	267.66	323.445	15.92	74	2018-08-17T10:39:37.515540828Z	19.44	kafka-001	60.65
15.92	18.33	19.53	273.234	335.067	15.92	75	2018-08-17T10:39:44.528356891Z	19.56	kafka-001	60.65
15.92	18.78	18.95	412.9	341.718	15.92	77	2018-08-17T10:39:51.538665143Z	19.53	kafka-001	60.66
15.92	19.08	20.51	276.018	340.161	15.92	79	2018-08-17T10:39:58.547800651Z	18.95	kafka-001	60.66
15.92	19.54	15.87	425.386	354.12	15.92	80	2018-08-17T10:40:05.560444093Z	20.51	kafka-001	60.66
15.92	18.98	20.99	291.764	357.071	15.92	82	2018-08-17T10:40:12.571951627Z	15.87	kafka-001	60.66
15.92	19.23	19.6	297.284	360.943	15.92	83	2018-08-17T10:40:19.583556357Z	20.99	kafka-001	60.67
15.92	19.24	21.32	456.95	368.034	15.92	85	2018-08-17T10:40:26.59662193Z	19.6	kafka-001	60.67
15.92	19.54	21.66	306.996	365.033	15.92	86	2018-08-17T10:40:33.609787917Z	21.32	kafka-001	60.67
15.92	19.99	20.53	475.284	383.624	15.92	88	2018-08-17T10:40:40.631933017Z	21.66	kafka-001	60.67
15.92	19.99	21.94	323.594	379.878	15.92	89	2018-08-17T10:40:47.64325583Z	20.53	kafka-001	60.68
15.92	21.01	23.1	324.618	395.404	15.92	91	2018-08-17T10:40:54.655507392Z	21.94	kafka-001	60.68
15.92	21.36	23.83	497.465	402.092	15.92	92	2018-08-17T10:41:01.666423941Z	23.1	kafka-001	60.68
15.92	22.06	23.8	326.206	402.623	15.92	94	2018-08-17T10:41:08.678220176Z	23.83	kafka-001	60.68
15.92	22.48	33.82	512.992	412.376	15.92	95	2018-08-17T10:41:15.691071963Z	23.8	kafka-001	60.69
15.92	24.5	23.32	342.463	409.715	15.92	96	2018-08-17T10:41:22.700447732Z	33.82	kafka-001	60.69
15.92	24.97	23.89	349.418	417.126	15.92	98	2018-08-17T10:41:29.711261355Z	23.32	kafka-001	60.69
15.92	25.29	23.68	530.195	430.681	15.92	99	2018-08-17T10:41:36.721632099Z	23.89	kafka-001	60.69
15.92	25.39	23.21	351.496	420.427	15.92	100	2018-08-17T10:41:43.731835255Z	23.68	kafka-001	60.7
15.92	25.29	24.13	543.528	438.366	15.92	101	2018-08-17T10:41:50.741393369Z	23.21	kafka-001	60.7
15.92	25.34	16.06	360.08	442.645	15.92	103	2018-08-17T10:41:57.756204259Z	24.13	kafka-001	60.7
15.92	22.38	24.33	361.198	442.629	15.92	104	2018-08-17T10:42:04.766283147Z	16.06	kafka-001	60.71
15.92	22.55	26.19	554.781	451.532	15.92	105	2018-08-17T10:42:11.776569083Z	24.33	kafka-001	60.71
15.92	22.93	27.96	375.328	461.241	15.92	106	2018-08-17T10:42:18.787863637Z	26.19	kafka-001	60.71
15.92	23.65	27.96	569.495	464.464	15.92	108	2018-08-17T10:42:25.799693959Z	27.96	kafka-001	60.72
15.92	24.44	27.98	385.366	469.963	15.92	109	2018-08-17T10:42:32.814304858Z	27.96	kafka-001	60.72
15.92	25.08	27.66	384.724	469.998	15.92	110	2018-08-17T10:42:39.827159569Z	27.98	kafka-001	60.72
15.92	27.01	26.96	581.97	474.157	15.92	111	2018-08-17T10:42:46.837430696Z	27.66	kafka-001	60.73
15.92	27.45	28.63	394.222	479.483	15.92	112	2018-08-17T10:42:53.851454446Z	26.96	kafka-001	60.73
15.92	27.86	29.41	600.204	491.13	15.92	113	2018-08-17T10:43:00.864214442Z	28.63	kafka-001	60.73
15.92	28.1	27.43	398.561	492.303	15.92	115	2018-08-17T10:43:07.881179305Z	29.41	kafka-001	60.74
15.92	28.01	28.58	400.588	496.613	15.92	116	2018-08-17T10:43:14.894696109Z	27.43	kafka-001	60.74
15.92	28.11	29.48	613.856	511.558	15.92	117	2018-08-17T10:43:21.907222337Z	28.58	kafka-001	60.74
15.92	28.42	29.63	415.3	511.295	15.92	118	2018-08-17T10:43:28.921914067Z	29.48	kafka-001	60.74
15.92	28.86	29.71	629.181	517.672	15.92	119	2018-08-17T10:43:35.933375482Z	29.63	kafka-001	60.75
15.92	29.04	30.76	423.35	519.873	15.92	120	2018-08-17T10:43:42.944966207Z	29.71	kafka-001	60.75
15.92	29.27	30.93	426.206	524.303	15.92	122	2018-08-17T10:43:49.957108441Z	30.76	kafka-001	60.76
15.92	29.85	31.12	643.547	526.696	15.92	123	2018-08-17T10:43:56.968414322Z	30.93	kafka-001	60.76
15.92	30.27	30.46	433.63	534.777	15.92	124	2018-08-17T10:44:03.980616936Z	31.12	kafka-001	60.76
15.92	30.44	31.92	657.183	545.29	15.92	125	2018-08-17T10:44:10.99453726Z	30.46	kafka-001	60.77
15.93	30.82	31.49	443.059	541.057	15.9	126	2018-08-17T10:44:18.00595762Z	31.92	kafka-001	60.78
15.93	31.11	32.24	442.696	544.896	15.93	127	2018-08-17T10:44:25.021947686Z	31.49	kafka-001	60.79
15.93	31.36	29.91	677.098	559.743	15.93	128	2018-08-17T10:44:32.033654542Z	32.24	kafka-001	60.79
15.93	31.19	33.02	457.165	559.021	15.93	129	2018-08-17T10:44:39.044930979Z	29.91	kafka-001	60.79
15.93	31.51	32.4	693.134	567.478	15.93	130	2018-08-17T10:44:46.057336703Z	33.02	kafka-001	60.8
15.93	31.83	38.58	456.596	561.793	15.93	132	2018-08-17T10:44:53.068398598Z	32.4	kafka-001	60.8
15.93	32.94	31.99	702.276	572.582	15.93	133	2018-08-17T10:45:00.080115317Z	38.58	kafka-001	60.8
15.93	33.02	32.97	471.575	575.525	15.93	134	2018-08-17T10:45:07.094243787Z	31.99	kafka-001	60.81
15.93	33.15	31.07	475.096	576.619	15.93	135	2018-08-17T10:45:14.105819581Z	32.97	kafka-001	60.81
15.93	33.34	34.11	711.999	585.321	15.93	136	2018-08-17T10:45:21.116816925Z	31.07	kafka-001	60.82
15.93	33.52	33.91	480.385	571.58	15.9	137	2018-08-17T10:45:28.127564158Z	34.11	kafka-001	60.82
15.93	33.77	34.6	709.632	588.514	15.93	138	2018-08-17T10:45:35.138826324Z	33.91	kafka-001	60.83
15.93	33.11	33.74	480.86	585.043	15.93	139	2018-08-17T10:45:42.14927855Z	34.6	kafka-001	60.83
15.93	33.4	35.53	490.299	596.093	15.93	140	2018-08-17T10:45:49.159298643Z	33.74	kafka-001	60.83
15.93	33.83	33.11	738.931	598.095	15.93	141	2018-08-17T10:45:56.17263374Z	35.53	kafka-001	60.84
15.93	34.17	34.7	489.123	600.424	15.93	142	2018-08-17T10:46:03.185709614Z	33.11	kafka-001	60.84
15.93	34.27	34.39	748.337	600.912	15.93	143	2018-08-17T10:46:10.197198364Z	34.7	kafka-001	60.84
15.93	34.35	35.71	496.858	612.351	15.93	144	2018-08-17T10:46:17.208874114Z	34.39	kafka-001	60.85
15.93	34.53	30.28	498.524	594.371	15.93	145	2018-08-17T10:46:24.219493399Z	35.71	kafka-001	60.85
15.93	33.95	35.56	763.609	614.29	15.93	146	2018-08-17T10:46:31.230539237Z	30.28	kafka-001	60.86
15.93	33.96	35.43	515.399	612.075	15.93	147	2018-08-17T10:46:38.242474143Z	35.56	kafka-001	60.86
15.93	34.35	35.07	753.592	601.876	15.93	148	2018-08-17T10:46:45.253520972Z	35.43	kafka-001	60.87
15.93	34.41	34.91	500.388	613.653	15.93	149	2018-08-17T10:46:52.264126787Z	35.07	kafka-001	60.87
15.93	34.49	34.15	511.58	607.011	15.93	150	2018-08-17T10:46:59.276654107Z	34.91	kafka-001	60.88
15.93	34.23	34.84	786.815	625.167	15.93	151	2018-08-17T10:47:06.289693375Z	34.15	kafka-001	60.88
15.93	34.99	42.14	524.703	628.45	15.93	152	2018-08-17T10:47:13.301778971Z	34.84	kafka-001	60.89
15.93	36.09	37.74	795.895	647.4	15.93	153	2018-08-17T10:47:20.313164079Z	42.14	kafka-001	60.89
15.93	36.48	37.38	536.633	646.061	15.93	154	2018-08-17T10:47:27.324725469Z	37.74	kafka-001	60.89
15.93	36.86	38.53	533.397	638.739	15.93	155	2018-08-17T10:47:34.335306641Z	37.38	kafka-001	60.9
15.93	37.46	42.61	814.039	659.754	15.93	156	2018-08-17T10:47:41.34657581Z	38.53	kafka-001	60.9
15.93	38.87	39.37	543.681	659.695	15.93	157	2018-08-17T10:47:48.35742528Z	42.61	kafka-001	60.91
15.93	39.63	38.23	812.316	667.838	15.93	158	2018-08-17T10:47:55.368733865Z	39.37	kafka-001	60.91
15.93	38.98	36.96	550.582	668.691	15.93	159	2018-08-17T10:48:02.382533264Z	38.23	kafka-001	60.92
15.93	38.85	38.93	554.74	674.669	15.93	160	2018-08-17T10:48:09.39410209Z	36.96	kafka-001	60.92
15.93	39.1	35.03	829.908	673.624	15.93	160	2018-08-17T10:48:16.405354775Z	38.93	kafka-001	60.92
15.93	38.52	39.12	554.068	670.977	15.93	161	2018-08-17T10:48:23.419533536Z	35.03	kafka-001	60.93
15.93	37.94	38.78	841.015	686.79	15.93	162	2018-08-17T10:48:30.429615378Z	39.12	kafka-001	60.93
15.93	37.84	39.29	559.291	689.042	15.93	163	2018-08-17T10:48:37.440243379Z	38.78	kafka-001	60.94
15.93	38.02	39.75	567.846	689.654	15.93	164	2018-08-17T10:48:44.452587401Z	39.29	kafka-001	60.94
15.93	38.48	39.13	856.277	689.73	15.93	165	2018-08-17T10:48:51.464935969Z	39.75	kafka-001	60.95
15.93	38.52	41.55	569.207	700.051	15.93	166	2018-08-17T10:48:58.475433603Z	39.13	kafka-001	60.95
15.93	39.6	42.68	872.995	711.946	15.93	167	2018-08-17T10:49:05.486678604Z	41.55	kafka-001	60.96
15.93	40.2	40.52	572.664	699.127	15.93	168	2018-08-17T10:49:12.498478664Z	42.68	kafka-001	60.96
15.93	40.49	42.62	576.648	693.199	15.93	168	2018-08-17T10:49:19.511251354Z	40.52	kafka-001	60.97
15.93	41.04	38.72	880.892	725.18	15.93	169	2018-08-17T10:49:26.524418784Z	42.62	kafka-001	60.97
15.93	40.87	41.93	593.018	727.697	15.93	170	2018-08-17T10:49:33.536787369Z	38.72	kafka-001	60.98
15.93	41.34	48.16	898.714	733.254	15.93	171	2018-08-17T10:49:40.549442936Z	41.93	kafka-001	60.98
15.93	42.44	42.31	595.671	729.752	15.93	172	2018-08-17T10:49:47.564820472Z	48.16	kafka-001	60.99
15.93	42.38	39.31	599.398	731.874	15.93	173	2018-08-17T10:49:54.575746578Z	42.31	kafka-001	60.99
15.93	42.17	41.62	899.246	740.573	15.93	174	2018-08-17T10:50:01.587929809Z	39.31	kafka-001	61.0
15.93	42.01	41.49	600.718	731.704	15.93	175	2018-08-17T10:50:08.599741185Z	41.62	kafka-001	61.0
15.93	42.47	44.58	925.957	750.072	15.93	175	2018-08-17T10:50:15.61066423Z	41.49	kafka-001	61.01
15.93	42.91	40.65	611.734	749.954	15.93	176	2018-08-17T10:50:22.621167362Z	44.58	kafka-001	61.01
15.93	41.66	42.76	611.405	748.612	15.93	177	2018-08-17T10:50:29.634405941Z	40.65	kafka-001	61.02
15.93	41.73	43.42	924.908	753.878	15.93	178	2018-08-17T10:50:36.645893014Z	42.76	kafka-001	61.02
15.93	42.42	45.2	617.932	747.477	15.93	179	2018-08-17T10:50:43.657117648Z	43.42	kafka-001	61.03
15.93	43.02	38.06	938.338	770.722	15.93	179	2018-08-17T10:50:50.667128203Z	45.2	kafka-001	61.04
15.93	42.44	36.77	621.506	772.191	15.93	180	2018-08-17T10:50:57.682719975Z	38.06	kafka-001	61.04
15.93	41.14	37.8	619.133	765.266	15.93	181	2018-08-17T10:51:04.692452065Z	36.77	kafka-001	61.04
15.93	40.67	44.33	934.059	765.065	15.93	182	2018-08-17T10:51:11.703323539Z	37.8	kafka-001	61.05
15.93	40.93	43.08	627.648	779.503	15.93	183	2018-08-17T10:51:18.716160219Z	44.33	kafka-001	61.06
15.93	40.87	46.03	952.097	778.402	15.93	184	2018-08-17T10:51:25.728361746Z	43.08	kafka-001	61.06
15.93	41.01	39.35	635.534	786.397	15.93	184	2018-08-17T10:51:32.740636461Z	46.03	kafka-001	61.07
15.93	41.23	44.94	634.466	788.565	15.93	185	2018-08-17T10:51:39.752984986Z	39.35	kafka-001	61.07
15.93	42.59	45.09	968.158	788.26	15.93	186	2018-08-17T10:51:46.764468515Z	44.94	kafka-001	61.08
15.93	43.8	43.84	641.502	791.833	15.93	187	2018-08-17T10:51:53.774458024Z	45.09	kafka-001	61.08
15.93	43.72	46.07	974.877	799.752	15.93	187	2018-08-17T10:52:00.787209661Z	43.84	kafka-001	61.09
15.93	44.22	46.22	652.164	802.485	15.93	188	2018-08-17T10:52:07.801406163Z	46.07	kafka-001	61.09
15.93	44.25	46.32	648.844	800.065	15.93	189	2018-08-17T10:52:14.813001286Z	46.22	kafka-001	61.1
15.93	45.41	45.64	986.925	810.731	15.93	190	2018-08-17T10:52:21.824054479Z	46.32	kafka-001	61.1
15.93	45.53	46.22	654.984	806.992	15.93	191	2018-08-17T10:52:28.834754715Z	45.64	kafka-001	61.11
15.93	45.72	54.2	994.953	811.112	15.93	191	2018-08-17T10:52:35.846596594Z	46.22	kafka-001	61.12
15.93	47.44	46.73	668.346	821.607	15.93	192	2018-08-17T10:52:42.870528483Z	54.2	kafka-001	61.12
15.93	47.55	47.99	652.985	825.625	15.93	193	2018-08-17T10:52:49.882885142Z	46.73	kafka-001	61.13
15.93	47.85	46.3	1006.422	828.116	15.93	194	2018-08-17T10:52:56.894955555Z	47.99	kafka-001	61.13
15.93	47.85	46.97	667.713	826.547	15.93	195	2018-08-17T10:53:03.908031668Z	46.3	kafka-001	61.14
15.93	48.07	48.63	1019.001	838.956	15.93	195	2018-08-17T10:53:10.919519938Z	46.97	kafka-001	61.14
15.93	48.47	47.01	668.92	837.821	15.93	196	2018-08-17T10:53:17.931059462Z	48.63	kafka-001	61.15
15.93	47.27	46.68	676.688	837.674	15.93	197	2018-08-17T10:53:24.945304096Z	47.01	kafka-001	61.15
15.93	47.26	51.07	1027.416	851.419	15.93	198	2018-08-17T10:53:31.957908164Z	46.68	kafka-001	61.16
15.93	47.78	49.36	685.64	846.543	15.93	198	2018-08-17T10:53:38.96926286Z	51.07	kafka-001	61.17
15.93	48.29	50.27	1036.699	856.582	15.93	199	2018-08-17T10:53:45.981978203Z	49.36	kafka-001	61.17
15.93	48.84	47.25	688.186	858.871	15.93	200	2018-08-17T10:53:52.99350678Z	50.27	kafka-001	61.18
15.93	48.61	47.19	689.06	850.634	15.93	201	2018-08-17T10:54:00.003873119Z	47.25	kafka-001	61.18
15.93	48.64	46.96	1046.136	859.619	15.93	201	2018-08-17T10:54:07.011423976Z	47.19	kafka-001	61.19
15.93	48.68	48.44	692.439	861.505	15.93	202	2018-08-17T10:54:14.022911262Z	46.96	kafka-001	61.2
15.93	48.24	48.39	1050.15	865.198	15.93	203	2018-08-17T10:54:21.034154943Z	48.44	kafka-001	61.2
15.93	48.08	48.33	699.358	869.107	15.93	204	2018-08-17T10:54:28.045710581Z	48.39	kafka-001	61.21
15.93	47.76	47.49	1063.953	876.632	15.93	204	2018-08-17T10:54:35.057522393Z	48.33	kafka-001	61.21
15.93	47.8	49.34	709.374	878.671	15.93	205	2018-08-17T10:54:42.069168333Z	47.49	kafka-001	61.22
15.93	48.16	48.64	706.641	872.879	15.93	206	2018-08-17T10:54:49.080304101Z	49.34	kafka-001	61.22
15.93	48.44	49.55	1064.687	873.07	15.93	207	2018-08-17T10:54:56.091305937Z	48.64	kafka-001	61.23
15.93	48.62	30.78	711.119	881.125	15.93	207	2018-08-17T10:55:03.103711969Z	49.55	kafka-001	61.24
15.93	45.69	49.19	1090.882	896.882	15.93	208	2018-08-17T10:55:10.11485348Z	30.78	kafka-001	61.24
15.93	45.83	46.58	719.134	891.467	15.93	209	2018-08-17T10:55:17.126667219Z	49.19	kafka-001	61.25
15.93	45.68	48.76	720.677	898.025	15.93	210	2018-08-17T10:55:24.138237466Z	46.58	kafka-001	61.25
15.93	45.58	50.83	1097.332	903.62	15.93	210	2018-08-17T10:55:31.150211665Z	48.76	kafka-001	61.26
15.93	45.95	51.09	722.457	892.299	15.93	211	2018-08-17T10:55:38.164000268Z	50.83	kafka-001	61.27
15.93	46.2	49.71	1098.455	908.63	15.93	212	2018-08-17T10:55:45.174837269Z	51.09	kafka-001	61.27
15.93	49.36	45.12	730.282	910.169	15.93	212	2018-08-17T10:55:52.189859656Z	49.71	kafka-001	61.28
15.93	48.68	47.58	719.707	902.16	15.93	213	2018-08-17T10:55:59.199187971Z	45.12	kafka-001	61.29
15.93	48.85	50.88	1109.116	918.337	15.93	214	2018-08-17T10:56:06.210236837Z	47.58	kafka-001	61.29
15.93	49.2	48.01	732.789	899.449	15.93	215	2018-08-17T10:56:13.220300596Z	50.88	kafka-001	61.3
15.93	48.73	51.88	1111.982	919.776	15.93	215	2018-08-17T10:56:20.233240975Z	48.01	kafka-001	61.31
15.93	48.86	48.87	735.165	905.323	15.93	216	2018-08-17T10:56:27.245024278Z	51.88	kafka-001	61.31
15.93	48.72	48.91	739.12	924.923	15.93	217	2018-08-17T10:56:34.255325095Z	48.87	kafka-001	61.32
15.93	49.35	51.37	1131.399	932.281	15.93	217	2018-08-17T10:56:41.26673491Z	48.91	kafka-001	61.32
15.93	49.99	51.49	746.778	930.128	15.93	218	2018-08-17T10:56:48.279756265Z	51.37	kafka-001	61.33
15.93	50.09	52.04	1133.066	932.608	15.93	219	2018-08-17T10:56:55.291926602Z	51.49	kafka-001	61.34
15.93	50.76	48.92	754.52	935.826	15.93	220	2018-08-17T10:57:02.308384592Z	52.04	kafka-001	61.34
15.93	50.27	51.71	758.469	936.892	15.93	220	2018-08-17T10:57:09.322682407Z	48.92	kafka-001	61.35
15.93	50.74	50.45	1145.131	939.302	15.93	221	2018-08-17T10:57:16.334804716Z	51.71	kafka-001	61.36
15.93	51.0	54.78	765.565	934.941	15.93	222	2018-08-17T10:57:23.34618287Z	50.45	kafka-001	61.36
15.93	51.56	53.89	1149.118	948.18	15.93	222	2018-08-17T10:57:30.357041376Z	54.78	kafka-001	61.37
15.93	51.96	50.71	769.776	943.219	15.93	223	2018-08-17T10:57:37.37031222Z	53.89	kafka-001	61.38
15.93	51.74	48.66	758.602	935.736	15.93	224	2018-08-17T10:57:44.380639801Z	50.71	kafka-001	61.38
15.93	51.7	53.23	1161.177	958.815	15.93	224	2018-08-17T10:57:51.393274672Z	48.66	kafka-001	61.39
15.93	51.95	54.6	773.29	958.263	15.93	225	2018-08-17T10:57:58.404777351Z	53.23	kafka-001	61.39
15.93	52.64	54.5	1177.45	964.426	15.93	226	2018-08-17T10:58:05.416268808Z	54.6	kafka-001	61.4
15.93	52.6	54.23	773.868	953.367	15.93	226	2018-08-17T10:58:12.428389607Z	54.5	kafka-001	61.41
15.93	52.65	53.79	779.909	955.884	15.93	227	2018-08-17T10:58:19.440792434Z	54.23	kafka-001	61.42
15.93	53.17	48.54	1174.993	959.687	15.93	228	2018-08-17T10:58:26.453091653Z	53.79	kafka-001	61.42
15.93	53.15	54.87	786.384	975.019	15.93	228	2018-08-17T10:58:33.465648156Z	48.54	kafka-001	61.43
15.93	53.42	54.27	1191.181	979.02	15.93	229	2018-08-17T10:58:40.477226315Z	54.87	kafka-001	61.44
15.93	53.37	54.18	795.017	986.764	15.93	230	2018-08-17T10:58:47.487687774Z	54.27	kafka-001	61.44
15.93	53.31	53.26	787.189	980.936	15.93	231	2018-08-17T10:58:54.500297735Z	54.18	kafka-001	61.45
15.93	53.15	54.34	1207.284	995.002	15.93	231	2018-08-17T10:59:01.512572689Z	53.26	kafka-001	61.46
15.93	53.24	55.5	794.58	987.927	15.93	232	2018-08-17T10:59:08.5234429Z	54.34	kafka-001	61.47
15.93	54.4	56.8	1213.426	999.034	15.93	232	2018-08-17T10:59:15.534867214Z	55.5	kafka-001	61.47
15.93	54.72	53.05	796.617	980.779	15.93	233	2018-08-17T10:59:22.547262191Z	56.8	kafka-001	61.48
15.93	54.52	55.15	806.607	998.037	15.93	234	2018-08-17T10:59:29.562681564Z	53.05	kafka-001	61.49
15.93	54.68	51.79	1205.775	993.264	15.93	234	2018-08-17T10:59:36.573179639Z	55.15	kafka-001	61.49
15.93	54.44	57.16	809.272	1002.845	15.93	235	2018-08-17T10:59:43.585105417Z	51.79	kafka-001	61.5
15.93	54.91	59.07	1226.233	1015.214	15.93	236	2018-08-17T10:59:50.596852374Z	57.16	kafka-001	61.51
15.93	55.5	56.83	810.251	1009.933	15.93	236	2018-08-17T10:59:57.608742215Z	59.07	kafka-001	61.51
15.93	55.51	34.33	815.98	1011.609	15.93	237	2018-08-17T11:00:04.617918846Z	56.83	kafka-001	61.52
15.93	52.39	56.42	1225.99	1015.544	15.93	238	2018-08-17T11:00:11.62853276Z	34.33	kafka-001	61.53
15.93	52.6	55.51	818.738	1014.617	15.93	238	2018-08-17T11:00:18.642671911Z	56.42	kafka-001	61.53
15.93	53.22	57.54	1236.132	1016.72	15.93	239	2018-08-17T11:00:25.65563418Z	55.51	kafka-001	61.54
15.93	53.28	55.73	818.106	1012.003	15.93	240	2018-08-17T11:00:32.66734408Z	57.54	kafka-001	61.55
15.93	52.73	57.36	817.529	1013.983	15.93	240	2018-08-17T11:00:39.680013428Z	55.73	kafka-001	61.55
15.93	52.81	56.16	1247.927	1029.44	15.93	241	2018-08-17T11:00:46.694563339Z	57.36	kafka-001	61.56
15.93	56.45	57.23	818.296	1011.437	15.93	242	2018-08-17T11:00:53.705780266Z	56.16	kafka-001	61.57
15.93	56.59	57.14	1251.948	1020.826	15.93	242	2018-08-17T11:01:00.719269049Z	57.23	kafka-001	61.58
15.93	56.86	55.45	825.925	1022.131	15.93	243	2018-08-17T11:01:07.7321835Z	57.14	kafka-001	61.58
15.93	56.51	56.48	825.171	1018.525	15.93	243	2018-08-17T11:01:14.744274435Z	55.45	kafka-001	61.59
15.93	56.64	57.55	1259.596	1039.864	15.93	244	2018-08-17T11:01:21.755733013Z	56.48	kafka-001	61.6
15.93	56.67	55.89	836.99	1039.338	15.93	245	2018-08-17T11:01:28.766895196Z	57.55	kafka-001	61.6
15.93	56.62	56.42	1270.504	1042.189	15.93	245	2018-08-17T11:01:35.778334323Z	55.89	kafka-001	61.61
15.93	56.49	51.54	841.006	1042.356	15.93	246	2018-08-17T11:01:42.789520001Z	56.42	kafka-001	61.62
15.93	55.55	59.4	837.427	1033.619	15.93	247	2018-08-17T11:01:49.800469167Z	51.54	kafka-001	61.62
15.93	56.21	56.19	1286.361	1051.439	15.93	247	2018-08-17T11:01:56.813396953Z	59.4	kafka-001	61.63
15.93	56.16	59.55	847.132	1037.915	15.93	248	2018-08-17T11:02:03.824729244Z	56.19	kafka-001	61.64
15.93	56.5	56.0	1286.053	1043.658	15.93	248	2018-08-17T11:02:10.837189713Z	59.55	kafka-001	61.65
15.93	56.52	57.3	845.593	1036.537	15.93	249	2018-08-17T11:02:17.849464705Z	56.0	kafka-001	61.65
15.93	56.66	56.03	859.37	1054.481	15.93	250	2018-08-17T11:02:24.861017073Z	57.3	kafka-001	61.66
15.93	57.41	58.72	1287.328	1045.635	15.93	250	2018-08-17T11:02:31.874619651Z	56.03	kafka-001	61.67
15.93	57.3	52.89	852.611	1042.006	15.93	251	2018-08-17T11:02:38.886112684Z	58.72	kafka-001	61.68
15.93	56.75	57.75	1304.222	1064.296	15.93	251	2018-08-17T11:02:45.89842295Z	52.89	kafka-001	61.68
15.93	56.45	51.52	862.912	1064.111	15.93	252	2018-08-17T11:02:52.909654162Z	57.75	kafka-001	61.69
15.93	55.7	59.45	863.939	1063.054	15.93	253	2018-08-17T11:02:59.921995238Z	51.52	kafka-001	61.7
15.93	56.06	58.74	1306.723	1069.081	15.93	253	2018-08-17T11:03:06.933019621Z	59.45	kafka-001	61.7
15.93	56.51	60.3	867.1	1071.223	15.93	254	2018-08-17T11:03:13.945723514Z	58.74	kafka-001	61.71
15.93	56.77	60.69	1315.924	1077.81	15.93	255	2018-08-17T11:03:20.958373629Z	60.3	kafka-001	61.72
15.93	58.07	63.08	868.759	1074.768	15.93	255	2018-08-17T11:03:27.975286739Z	60.69	kafka-001	61.73
15.93	58.96	58.79	870.656	1085.747	15.93	256	2018-08-17T11:03:34.985788776Z	63.08	kafka-001	61.73
15.93	60.17	62.01	1332.385	1097.877	15.93	256	2018-08-17T11:03:41.997153962Z	58.79	kafka-001	61.74
15.93	60.6	57.41	877.57	1074.17	15.93	257	2018-08-17T11:03:49.008078502Z	62.01	kafka-001	61.75
15.93	60.38	59.61	1326.856	1098.935	15.93	258	2018-08-17T11:03:56.01966677Z	57.41	kafka-001	61.76
15.93	60.26	56.58	887.193	1093.141	15.93	258	2018-08-17T11:04:03.031895922Z	59.61	kafka-001	61.76
15.93	59.58	62.75	1331.518	1094.666	15.93	259	2018-08-17T11:04:10.042837885Z	56.58	kafka-001	61.77
15.93	59.52	54.83	884.544	1099.331	15.93	259	2018-08-17T11:04:17.05461616Z	62.75	kafka-001	61.78
15.93	58.86	63.27	896.791	1110.439	15.93	260	2018-08-17T11:04:24.066666943Z	54.83	kafka-001	61.79
15.93	59.07	61.84	1352.342	1113.57	15.93	260	2018-08-17T11:04:31.080200405Z	63.27	kafka-001	61.8
15.93	59.81	57.27	897.658	1115.431	15.93	261	2018-08-17T11:04:38.097122662Z	61.84	kafka-001	61.8
15.93	59.42	60.88	1361.87	1122.047	15.93	262	2018-08-17T11:04:45.108610332Z	57.27	kafka-001	61.81
15.93	60.14	61.04	888.078	1102.728	15.93	262	2018-08-17T11:04:52.11999884Z	60.88	kafka-001	61.82
15.93	59.85	62.5	896.01	1110.862	15.93	263	2018-08-17T11:04:59.130701875Z	61.04	kafka-001	61.83
15.93	61.13	56.16	1362.138	1125.57	15.93	263	2018-08-17T11:05:06.139575154Z	62.5	kafka-001	61.83
15.93	59.95	54.32	894.626	1108.819	15.93	264	2018-08-17T11:05:13.150483772Z	56.16	kafka-001	61.84
15.93	58.69	65.55	1372.066	1124.926	15.93	265	2018-08-17T11:05:20.162960286Z	54.32	kafka-001	61.85
15.93	60.07	60.11	901.276	1112.175	15.93	265	2018-08-17T11:05:27.175247974Z	65.55	kafka-001	61.86
15.93	59.95	63.11	913.728	1134.717	15.93	266	2018-08-17T11:05:34.189289566Z	60.11	kafka-001	61.87
15.93	60.29	63.69	1379.803	1134.768	15.93	266	2018-08-17T11:05:41.202253719Z	63.11	kafka-001	61.87
15.93	60.49	62.86	918.078	1134.392	15.93	267	2018-08-17T11:05:48.215851099Z	63.69	kafka-001	61.88
15.93	61.61	50.74	1374.754	1142.161	15.93	268	2018-08-17T11:05:55.226519577Z	62.86	kafka-001	61.89
15.93	61.01	63.56	922.382	1139.737	15.93	268	2018-08-17T11:06:02.238802549Z	50.74	kafka-001	61.9
15.93	60.68	64.59	906.786	1136.335	15.93	269	2018-08-17T11:06:09.251289481Z	63.56	kafka-001	61.9
15.93	61.42	63.07	1392.923	1139.646	15.93	269	2018-08-17T11:06:16.262805079Z	64.59	kafka-001	61.91
15.93	61.42	65.44	925.202	1146.523	15.93	270	2018-08-17T11:06:23.277364204Z	63.07	kafka-001	61.92
15.93	61.71	63.7	1404.478	1156.8	15.93	270	2018-08-17T11:06:30.287938071Z	65.44	kafka-001	61.93
15.93	61.85	64.83	926.412	1153.485	15.93	271	2018-08-17T11:06:37.300851977Z	63.7	kafka-001	61.94
15.93	64.2	62.77	929.246	1152.641	15.93	272	2018-08-17T11:06:44.313965333Z	64.83	kafka-001	61.94
15.93	64.07	64.97	1412.725	1163.374	15.93	272	2018-08-17T11:06:51.324852549Z	62.77	kafka-001	61.95
15.93	64.13	64.87	932.474	1152.789	15.93	273	2018-08-17T11:06:58.336440571Z	64.97	kafka-001	61.96
15.93	64.43	60.32	1410.244	1159.94	15.93	273	2018-08-17T11:07:05.348326226Z	64.87	kafka-001	61.97
15.93	63.58	62.85	929.408	1148.369	15.93	274	2018-08-17T11:07:12.360719232Z	60.32	kafka-001	61.98
15.93	63.43	57.91	932.021	1157.784	15.93	274	2018-08-17T11:07:19.372158359Z	62.85	kafka-001	61.98
15.93	62.28	61.85	1423.494	1160.647	15.93	275	2018-08-17T11:07:26.383338168Z	57.91	kafka-001	61.99
15.93	62.13	61.42	938.122	1154.965	15.93	276	2018-08-17T11:07:33.395224252Z	61.85	kafka-001	62.0
15.93	61.54	64.79	1424.644	1170.062	15.93	276	2018-08-17T11:07:40.408539952Z	61.42	kafka-001	62.01
15.93	61.52	63.78	943.74	1172.436	15.93	277	2018-08-17T11:07:47.419020082Z	64.79	kafka-001	62.01
15.93	62.1	66.19	942.08	1173.564	15.93	277	2018-08-17T11:07:54.429142048Z	63.78	kafka-001	62.02
15.93	62.66	62.96	1438.923	1184.918	15.93	278	2018-08-17T11:08:01.438444829Z	66.19	kafka-001	62.03
15.93	63.5	64.99	947.275	1183.553	15.93	278	2018-08-17T11:08:08.449852658Z	62.96	kafka-001	62.04
15.93	64.02	61.5	1446.716	1186.17	15.93	279	2018-08-17T11:08:15.4586644Z	64.99	kafka-001	62.05
15.93	64.03	64.86	949.627	1178.597	15.93	279	2018-08-17T11:08:22.469648649Z	61.5	kafka-001	62.06
15.93	64.05	65.58	953.696	1177.443	15.93	280	2018-08-17T11:08:29.479673632Z	64.86	kafka-001	62.06
15.93	64.35	62.45	1459.695	1198.44	15.93	281	2018-08-17T11:08:36.489646193Z	65.58	kafka-001	62.07
15.93	63.72	64.51	963.47	1193.527	15.93	281	2018-08-17T11:08:43.500180175Z	62.45	kafka-001	62.08
15.93	63.98	66.74	1454.638	1191.662	15.93	282	2018-08-17T11:08:50.511687429Z	64.51	kafka-001	62.09
15.93	64.27	66.07	961.059	1185.005	15.93	282	2018-08-17T11:08:57.524881212Z	66.74	kafka-001	62.1
15.93	65.03	63.05	954.417	1183.787	15.93	283	2018-08-17T11:09:04.535705871Z	66.07	kafka-001	62.11
15.93	64.73	64.65	1455.807	1193.782	15.93	283	2018-08-17T11:09:11.545676083Z	63.05	kafka-001	62.11
15.93	64.58	66.89	963.551	1187.599	15.93	284	2018-08-17T11:09:18.563884347Z	64.65	kafka-001	62.12
15.93	65.32	70.65	1464.682	1188.141	15.93	284	2018-08-17T11:09:25.573951364Z	66.89	kafka-001	62.13
15.93	66.34	69.46	962.993	1195.077	15.93	285	2018-08-17T11:09:32.584130051Z	70.65	kafka-001	62.14
15.93	66.79	66.47	964.659	1196.584	15.93	285	2018-08-17T11:09:39.596015841Z	69.46	kafka-001	62.15
15.93	66.86	67.17	1472.404	1198.934	15.93	286	2018-08-17T11:09:46.60598246Z	66.47	kafka-001	62.15
15.93	67.55	64.7	972.578	1202.993	15.93	286	2018-08-17T11:09:53.614561189Z	67.17	kafka-001	62.16
15.93	67.56	60.53	1474.08	1210.016	15.93	287	2018-08-17T11:10:00.626558087Z	64.7	kafka-001	62.17
15.93	66.5	65.4	977.484	1212.569	15.93	288	2018-08-17T11:10:07.635938375Z	60.53	kafka-001	62.18
15.93	65.62	67.74	977.385	1212.861	15.93	288	2018-08-17T11:10:14.646346366Z	65.4	kafka-001	62.19
15.93	65.33	64.85	1486.732	1218.274	15.93	289	2018-08-17T11:10:21.655556833Z	67.74	kafka-001	62.2
15.93	65.06	67.75	983.012	1220.753	15.93	289	2018-08-17T11:10:28.667635425Z	64.85	kafka-001	62.2
15.93	65.16	62.68	1485.05	1219.548	15.93	290	2018-08-17T11:10:35.67660445Z	67.75	kafka-001	62.21
15.93	64.82	63.12	988.382	1219.949	15.93	290	2018-08-17T11:10:42.688230578Z	62.68	kafka-001	62.22
15.93	65.26	65.64	980.762	1207.309	15.93	291	2018-08-17T11:10:49.697960135Z	63.12	kafka-001	62.23
15.93	65.3	69.33	1500.026	1229.414	15.93	291	2018-08-17T11:10:56.709270949Z	65.64	kafka-001	62.24
15.93	65.56	67.55	989.043	1229.089	15.93	292	2018-08-17T11:11:03.720054432Z	69.33	kafka-001	62.25
15.93	66.01	68.27	1501.578	1241.428	15.93	292	2018-08-17T11:11:10.730841992Z	67.55	kafka-001	62.26
15.93	66.1	67.85	993.768	1240.253	15.93	293	2018-08-17T11:11:17.742437742Z	68.27	kafka-001	62.27
15.93	66.96	60.95	992.439	1243.353	15.93	294	2018-08-17T11:11:24.754171945Z	67.85	kafka-001	62.27
15.93	66.6	69.76	1512.989	1244.809	15.93	294	2018-08-17T11:11:31.76392597Z	60.95	kafka-001	62.28
15.93	67.28	65.0	999.266	1250.476	15.93	295	2018-08-17T11:11:38.776602815Z	69.76	kafka-001	62.29
15.93	66.56	66.23	1521.145	1256.444	15.93	295	2018-08-17T11:11:45.78781175Z	65.0	kafka-001	62.3
15.93	66.34	71.73	1006.667	1254.503	15.93	296	2018-08-17T11:11:52.79901389Z	66.23	kafka-001	62.31
15.93	66.92	75.52	1006.098	1250.809	15.93	296	2018-08-17T11:11:59.810321963Z	71.73	kafka-001	62.32
15.93	68.2	64.45	1533.404	1270.57	15.93	297	2018-08-17T11:12:06.820889793Z	75.52	kafka-001	62.33
15.93	68.78	68.89	1013.53	1266.814	15.93	297	2018-08-17T11:12:13.833146478Z	64.45	kafka-001	62.33
15.93	68.64	68.38	1532.383	1264.631	15.93	298	2018-08-17T11:12:20.844807918Z	68.89	kafka-001	62.34
15.93	69.2	71.23	1007.515	1252.759	15.93	298	2018-08-17T11:12:27.862164605Z	68.38	kafka-001	62.35
15.93	70.03	64.92	1015.997	1266.671	15.93	299	2018-08-17T11:12:34.875637931Z	71.23	kafka-001	62.36
15.93	68.9	72.27	1556.348	1269.666	15.93	299	2018-08-17T11:12:41.886764366Z	64.92	kafka-001	62.37
15.93	68.36	71.03	1006.88	1262.957	15.93	300	2018-08-17T11:12:48.897281714Z	72.27	kafka-001	62.38
15.93	69.45	71.55	1545.811	1274.681	15.93	300	2018-08-17T11:12:55.910018144Z	71.03	kafka-001	62.39
15.93	69.9	69.66	1033.15	1275.292	15.93	301	2018-08-17T11:13:02.922374183Z	71.55	kafka-001	62.4
15.93	70.11	76.81	1029.975	1280.913	15.93	301	2018-08-17T11:13:09.93287978Z	69.66	kafka-001	62.4
15.93	71.04	68.01	1560.563	1288.855	15.93	302	2018-08-17T11:13:16.944231391Z	76.81	kafka-001	62.41
15.93	71.55	69.96	1024.29	1282.703	15.93	302	2018-08-17T11:13:23.956574044Z	68.01	kafka-001	62.42
15.93	71.17	77.72	1572.108	1281.754	15.93	303	2018-08-17T11:13:30.967250156Z	69.96	kafka-001	62.43
15.93	72.28	72.95	1023.26	1291.125	15.93	303	2018-08-17T11:13:37.977323492Z	77.72	kafka-001	62.44
15.93	72.52	71.48	1041.631	1294.271	15.93	304	2018-08-17T11:13:44.989395847Z	72.95	kafka-001	62.45
15.93	72.82	72.49	1566.432	1292.718	15.93	304	2018-08-17T11:13:51.999786166Z	71.48	kafka-001	62.46
15.93	72.1	69.67	1031.914	1295.542	15.93	305	2018-08-17T11:13:59.011686927Z	72.49	kafka-001	62.47
15.93	72.38	70.94	1580.232	1310.677	15.93	305	2018-08-17T11:14:06.024901076Z	69.67	kafka-001	62.48
15.93	72.54	72.06	1044.688	1303.701	15.93	306	2018-08-17T11:14:13.035508196Z	70.94	kafka-001	62.48
15.93	71.6	72.47	1580.665	1308.052	15.93	306	2018-08-17T11:14:20.046937057Z	72.06	kafka-001	62.49
15.93	71.52	65.09	1044.828	1303.939	15.93	307	2018-08-17T11:14:27.057792145Z	72.47	kafka-001	62.5
15.93	70.45	66.89	1043.184	1307.489	15.93	307	2018-08-17T11:14:34.068694281Z	65.09	kafka-001	62.51
15.93	69.52	77.76	1592.221	1305.114	15.93	308	2018-08-17T11:14:41.08227809Z	66.89	kafka-001	62.52
15.93	70.87	71.94	1046.331	1297.113	15.93	308	2018-08-17T11:14:48.095634577Z	77.76	kafka-001	62.53
15.93	71.03	70.88	1594.433	1311.658	15.93	309	2018-08-17T11:14:55.106933497Z	71.94	kafka-001	62.54
15.93	70.84	67.95	1058.059	1308.529	15.93	309	2018-08-17T11:15:02.117908214Z	70.88	kafka-001	62.55
15.93	70.08	74.84	1052.131	1308.943	15.93	310	2018-08-17T11:15:09.128472867Z	67.95	kafka-001	62.56
15.93	71.71	72.28	1609.119	1322.474	15.93	310	2018-08-17T11:15:16.139261154Z	74.84	kafka-001	62.56
15.93	72.61	66.9	1051.633	1313.987	15.93	311	2018-08-17T11:15:23.156128586Z	72.28	kafka-001	62.58
15.93	70.8	71.33	1609.594	1326.206	15.93	311	2018-08-17T11:15:30.1665272Z	66.9	kafka-001	62.58
15.93	70.7	69.4	1061.981	1322.961	15.93	312	2018-08-17T11:15:37.177577644Z	71.33	kafka-001	62.59
15.93	70.45	71.98	1059.353	1324.553	15.93	312	2018-08-17T11:15:44.189435298Z	69.4	kafka-001	62.6
15.93	71.12	69.32	1609.301	1331.802	15.93	313	2018-08-17T11:15:51.201482284Z	71.98	kafka-001	62.61
15.93	70.2	73.76	1064.898	1323.027	15.93	313	2018-08-17T11:15:58.21301278Z	69.32	kafka-001	62.62
15.93	70.45	61.25	1612.183	1322.184	15.93	314	2018-08-17T11:16:05.224475164Z	73.76	kafka-001	62.63
15.93	69.51	71.98	1063.965	1333.195	15.93	314	2018-08-17T11:16:12.236858745Z	61.25	kafka-001	62.64
15.93	69.61	73.95	1069.837	1333.007	15.93	315	2018-08-17T11:16:19.248378546Z	71.98	kafka-001	62.65
15.93	70.37	73.33	1618.621	1337.894	15.93	315	2018-08-17T11:16:26.259181929Z	73.95	kafka-001	62.66
15.93	70.6	74.78	1076.085	1344.285	15.93	316	2018-08-17T11:16:33.273554348Z	73.33	kafka-001	62.67
15.93	71.51	72.97	1625.734	1342.01	15.93	316	2018-08-17T11:16:40.2848862Z	74.78	kafka-001	62.68
15.93	71.38	71.24	1072.331	1344.485	15.93	317	2018-08-17T11:16:47.295964282Z	72.97	kafka-001	62.68
15.93	73.04	74.72	1066.046	1342.097	15.93	317	2018-08-17T11:16:54.307716403Z	71.24	kafka-001	62.69
15.93	73.5	73.03	1641.047	1353.392	15.93	318	2018-08-17T11:17:01.320942385Z	74.72	kafka-001	62.7
15.93	73.34	73.71	1072.356	1333.185	15.93	318	2018-08-17T11:17:08.332052075Z	73.03	kafka-001	62.71
15.93	73.41	65.64	1638.761	1347.672	15.93	319	2018-08-17T11:17:15.343644683Z	73.71	kafka-001	62.72
15.93	71.88	74.3	1079.855	1339.411	15.93	319	2018-08-17T11:17:22.355117726Z	65.64	kafka-001	62.73
15.93	72.11	69.8	1075.069	1343.511	15.93	320	2018-08-17T11:17:29.366874868Z	74.3	kafka-001	62.74
15.93	71.87	78.73	1656.263	1351.01	15.93	320	2018-08-17T11:17:36.377944451Z	69.8	kafka-001	62.75
15.93	72.53	71.87	1084.207	1339.508	15.93	321	2018-08-17T11:17:43.389558571Z	78.73	kafka-001	62.76
15.93	72.34	75.74	1659.605	1360.987	15.93	321	2018-08-17T11:17:50.401461734Z	71.87	kafka-001	62.77
15.93	72.68	64.25	1096.026	1355.166	15.93	322	2018-08-17T11:17:57.414718017Z	75.74	kafka-001	62.78
15.93	72.45	74.1	1096.878	1352.356	15.93	322	2018-08-17T11:18:04.428858639Z	64.25	kafka-001	62.79
15.93	72.41	68.39	1655.131	1366.27	15.93	323	2018-08-17T11:18:11.441467912Z	74.1	kafka-001	62.8
15.93	72.18	83.75	1093.362	1366.549	15.93	323	2018-08-17T11:18:18.458806636Z	68.39	kafka-001	62.81
15.93	73.02	76.17	1667.202	1361.295	15.93	324	2018-08-17T11:18:25.470710232Z	83.75	kafka-001	62.82
15.93	73.73	75.3	1099.57	1376.812	15.93	324	2018-08-17T11:18:32.482723041Z	76.17	kafka-001	62.83
15.93	73.66	72.08	1098.205	1372.037	15.93	325	2018-08-17T11:18:39.494175138Z	75.3	kafka-001	62.84
15.93	74.96	75.88	1669.596	1379.26	15.93	325	2018-08-17T11:18:46.504991412Z	72.08	kafka-001	62.84
15.93	75.26	69.65	1102.863	1375.571	15.93	326	2018-08-17T11:18:53.515806825Z	75.88	kafka-001	62.85
15.93	75.47	73.55	1671.691	1378.492	15.93	326	2018-08-17T11:19:00.527453751Z	69.65	kafka-001	62.86
15.93	73.77	73.24	1103.846	1370.952	15.93	327	2018-08-17T11:19:07.538301797Z	73.55	kafka-001	62.87
15.93	73.28	70.47	1108.826	1373.824	15.93	327	2018-08-17T11:19:14.548689337Z	73.24	kafka-001	62.88
15.93	72.48	69.87	1679.868	1389.602	15.93	327	2018-08-17T11:19:21.561055106Z	70.47	kafka-001	62.89
15.93	72.11	76.87	1110.707	1386.997	15.93	328	2018-08-17T11:19:28.57469429Z	69.87	kafka-001	62.9
15.93	72.27	75.58	1689.121	1394.07	15.93	328	2018-08-17T11:19:35.588015595Z	76.87	kafka-001	62.91
15.93	73.26	77.42	1115.767	1391.901	15.93	329	2018-08-17T11:19:42.602375438Z	75.58	kafka-001	62.92
15.93	73.91	76.09	1113.565	1388.317	15.93	329	2018-08-17T11:19:49.613677544Z	77.42	kafka-001	62.93
15.93	74.38	74.25	1701.003	1400.66	15.93	330	2018-08-17T11:19:56.625242247Z	76.09	kafka-001	62.94
15.93	75.01	55.04	1119.559	1400.339	15.93	330	2018-08-17T11:20:03.636309815Z	74.25	kafka-001	62.95
15.93	72.54	75.72	1699.28	1411.428	15.93	331	2018-08-17T11:20:10.647033954Z	55.04	kafka-001	62.96
15.93	72.35	70.81	1115.734	1403.097	15.93	331	2018-08-17T11:20:17.658672511Z	75.72	kafka-001	62.97
15.93	71.55	73.32	1119.541	1391.704	15.93	332	2018-08-17T11:20:24.668596349Z	70.81	kafka-001	62.98
15.93	70.87	67.79	1710.843	1413.339	15.93	332	2018-08-17T11:20:31.683095899Z	73.32	kafka-001	62.99
15.93	69.49	75.64	1127.696	1410.799	15.93	333	2018-08-17T11:20:38.695012635Z	67.79	kafka-001	63.0
15.93	69.72	71.76	1715.066	1414.946	15.93	333	2018-08-17T11:20:45.717244759Z	75.64	kafka-001	63.01
15.93	72.51	78.78	1131.909	1420.929	15.93	334	2018-08-17T11:20:52.730844753Z	71.76	kafka-001	63.02
15.93	73.02	73.2	1128.858	1417.873	15.93	334	2018-08-17T11:20:59.740236753Z	78.78	kafka-001	63.03
15.93	73.41	76.05	1728.282	1429.616	15.93	335	2018-08-17T11:21:06.752079847Z	73.2	kafka-001	63.04
15.93	73.87	74.27	1134.579	1424.143	15.93	335	2018-08-17T11:21:13.764764287Z	76.05	kafka-001	63.05
15.93	74.95	76.6	1725.293	1426.91	15.93	335	2018-08-17T11:21:20.779748226Z	74.27	kafka-001	63.06
15.93	75.11	75.75	1137.618	1419.455	15.93	336	2018-08-17T11:21:27.791447892Z	76.6	kafka-001	63.07
15.93	75.77	77.77	1141.652	1417.635	15.93	336	2018-08-17T11:21:34.802689071Z	75.75	kafka-001	63.08
15.93	75.61	67.96	1734.931	1418.552	15.93	337	2018-08-17T11:21:41.811816895Z	77.77	kafka-001	63.09
15.93	74.73	76.44	1150.854	1419.589	15.93	337	2018-08-17T11:21:48.823469903Z	67.96	kafka-001	63.1
15.93	74.8	75.43	1724.67	1430.089	15.93	338	2018-08-17T11:21:55.832622182Z	76.44	kafka-001	63.11
15.93	74.99	74.47	1142.714	1433.41	15.93	338	2018-08-17T11:22:02.852291952Z	75.43	kafka-001	63.12
15.93	74.64	77.7	1151.049	1431.88	15.93	339	2018-08-17T11:22:09.8626599Z	74.47	kafka-001	63.13
15.93	74.96	79.68	1745.784	1434.061	15.93	339	2018-08-17T11:22:16.875458128Z	77.7	kafka-001	63.14
15.93	75.28	76.21	1151.918	1440.761	15.93	340	2018-08-17T11:22:23.887035819Z	79.68	kafka-001	63.15
15.93	76.65	77.54	1756.727	1450.164	15.93	340	2018-08-17T11:22:30.899913602Z	76.21	kafka-001	63.16
15.93	76.84	76.25	1155.196	1440.469	15.93	341	2018-08-17T11:22:37.91213048Z	77.54	kafka-001	63.17
15.93	76.97	78.9	1159.194	1440.861	15.93	341	2018-08-17T11:22:44.92295603Z	76.25	kafka-001	63.18
15.93	77.71	75.47	1760.763	1461.41	15.93	341	2018-08-17T11:22:51.932893748Z	78.9	kafka-001	63.19
15.93	77.34	78.46	1159.361	1445.803	15.93	342	2018-08-17T11:22:58.943224177Z	75.47	kafka-001	63.2
15.93	77.14	79.44	1769.382	1455.428	15.93	342	2018-08-17T11:23:05.953619594Z	78.46	kafka-001	63.21
15.93	77.68	79.28	1160.348	1446.584	15.93	343	2018-08-17T11:23:12.964997536Z	79.44	kafka-001	63.22
15.93	77.97	78.53	1161.532	1448.746	15.93	343	2018-08-17T11:23:19.976311474Z	79.28	kafka-001	63.23
15.93	78.35	78.3	1766.187	1451.826	15.93	344	2018-08-17T11:23:26.987091222Z	78.53	kafka-001	63.24
15.93	78.25	80.18	1164.281	1463.889	15.93	344	2018-08-17T11:23:33.998456193Z	78.3	kafka-001	63.25
15.93	79.03	78.34	1784.431	1474.4	15.93	345	2018-08-17T11:23:41.008494562Z	80.18	kafka-001	63.26
15.93	79.01	73.3	1168.101	1453.119	15.93	345	2018-08-17T11:23:48.019766523Z	78.34	kafka-001	63.27
15.93	77.99	80.06	1782.242	1474.3	15.93	346	2018-08-17T11:23:55.03053007Z	73.3	kafka-001	63.28
15.93	78.12	81.97	1170.669	1463.023	15.93	346	2018-08-17T11:24:02.042787258Z	80.06	kafka-001	63.29
15.93	78.69	77.87	1179.33	1475.845	15.93	346	2018-08-17T11:24:09.055718703Z	81.97	kafka-001	63.3
15.93	78.62	72.49	1781.81	1470.59	15.93	347	2018-08-17T11:24:16.065531256Z	77.87	kafka-001	63.31
15.93	77.34	81.46	1168.812	1460.715	15.93	347	2018-08-17T11:24:23.07711141Z	72.49	kafka-001	63.32
15.93	77.86	75.17	1782.939	1472.001	15.93	348	2018-08-17T11:24:30.086811431Z	81.46	kafka-001	63.33
15.93	78.17	80.47	1178.536	1468.58	15.93	348	2018-08-17T11:24:37.102625341Z	75.17	kafka-001	63.34
15.93	78.24	80.53	1173.574	1472.479	15.93	349	2018-08-17T11:24:44.117625745Z	80.47	kafka-001	63.35
15.93	78.0	78.67	1797.076	1476.658	15.93	349	2018-08-17T11:24:51.130340276Z	80.53	kafka-001	63.36
15.93	78.13	80.87	1183.602	1477.327	15.93	350	2018-08-17T11:24:58.143431196Z	78.67	kafka-001	63.37
15.93	79.53	77.17	1789.699	1478.406	15.93	350	2018-08-17T11:25:05.156832162Z	80.87	kafka-001	63.38
15.93	78.81	78.54	1183.713	1482.531	15.93	350	2018-08-17T11:25:12.166515085Z	77.17	kafka-001	63.39
15.93	79.37	83.66	1186.722	1480.609	15.93	351	2018-08-17T11:25:19.179271726Z	78.54	kafka-001	63.4
15.93	79.91	78.48	1811.766	1487.741	15.93	351	2018-08-17T11:25:26.188013848Z	83.66	kafka-001	63.41
15.93	79.56	78.09	1183.084	1473.548	15.93	352	2018-08-17T11:25:33.199556489Z	78.48	kafka-001	63.42
15.93	79.47	74.88	1804.566	1497.802	15.93	352	2018-08-17T11:25:40.21260972Z	78.09	kafka-001	63.43
15.93	78.47	78.89	1190.526	1477.699	15.93	352	2018-08-17T11:25:47.223434565Z	74.88	kafka-001	63.44
15.93	78.76	81.44	1193.288	1481.175	15.93	352	2018-08-17T11:25:54.236188579Z	78.89	kafka-001	63.45
15.93	79.24	80.14	1813.431	1489.302	15.93	352	2018-08-17T11:26:01.250683856Z	81.44	kafka-001	63.46
15.93	78.65	79.94	1188.101	1478.237	15.93	352	2018-08-17T11:26:08.265088305Z	80.14	kafka-001	63.47
15.93	78.9	81.44	1811.672	1489.912	15.93	352	2018-08-17T11:26:15.276666753Z	79.94	kafka-001	63.48
15.93	79.45	82.85	1187.266	1484.097	15.93	352	2018-08-17T11:26:22.288110893Z	81.44	kafka-001	63.49
15.93	80.78	81.15	1193.411	1490.309	15.93	352	2018-08-17T11:26:29.300000441Z	82.85	kafka-001	63.5
15.93	81.16	79.69	1799.068	1483.762	15.93	352	2018-08-17T11:26:36.313111222Z	81.15	kafka-001	63.51
15.93	80.87	80.9	1189.383	1489.622	15.93	352	2018-08-17T11:26:43.32475562Z	79.69	kafka-001	63.52
15.93	80.99	78.58	1802.675	1498.449	15.93	352	2018-08-17T11:26:50.343234542Z	80.9	kafka-001	63.53
15.93	80.77	72.91	1188.463	1491.631	15.93	352	2018-08-17T11:26:57.355041813Z	78.58	kafka-001	63.54
