memory_rss%	host_moving_avg_cpu	container_cpu%	net_send	net_receive	memory_active_anon%	sensor_count	timestamp	host_cpu	name	memory%
15.93	nan	3.19	10488745.985	9733657.038	15.93	2	2018-08-17T05:56:05.889118265Z	0	kafka-001	46.22
15.93	nan	3.59	32.924	39.658	15.93	7	2018-08-17T05:56:12.901969814Z	3.19	kafka-001	46.22
15.93	nan	4.64	38.674	61.35	15.93	11	2018-08-17T05:56:19.918977063Z	3.59	kafka-001	46.22
15.93	nan	6.71	46.129	77.471	15.93	15	2018-08-17T05:56:26.931575864Z	4.64	kafka-001	46.22
15.93	nan	6.9	138.122	89.649	15.93	18	2018-08-17T05:56:33.943083414Z	6.71	kafka-001	46.22
15.93	4.17	7.45	221.192	112.065	15.93	21	2018-08-17T05:56:40.95376773Z	6.9	kafka-001	46.22
15.93	5.41	7.15	107.838	123.683	15.93	24	2018-08-17T05:56:47.96585621Z	7.45	kafka-001	46.22
15.93	6.07	7.65	115.776	132.949	15.93	27	2018-08-17T05:56:54.979140146Z	7.15	kafka-001	46.22
15.93	6.75	16.44	176.849	147.282	15.93	30	2018-08-17T05:57:01.990736515Z	7.65	kafka-001	46.22
15.93	8.72	9.68	133.679	158.449	15.93	33	2018-08-17T05:57:09.001961767Z	16.44	kafka-001	46.22
15.93	9.21	10.79	210.958	168.324	15.93	35	2018-08-17T05:57:16.013347479Z	9.68	kafka-001	46.23
15.93	9.86	10.04	148.197	166.225	15.93	38	2018-08-17T05:57:23.025540194Z	10.79	kafka-001	46.23
15.93	10.29	11.75	155.058	181.17	15.93	40	2018-08-17T05:57:30.037402598Z	10.04	kafka-001	46.23
15.93	11.06	11.75	236.351	193.997	15.93	42	2018-08-17T05:57:37.04831825Z	11.75	kafka-001	46.23
15.93	11.74	13.22	174.215	200.649	15.93	45	2018-08-17T05:57:44.059973885Z	11.75	kafka-001	46.23
15.93	11.2	10.73	267.802	212.658	15.93	47	2018-08-17T05:57:51.070516296Z	13.22	kafka-001	46.23
15.93	11.38	12.06	188.192	216.209	15.93	49	2018-08-17T05:57:58.081758029Z	10.73	kafka-001	46.23
15.93	11.59	13.82	272.954	214.738	15.93	51	2018-08-17T05:58:05.094198914Z	12.06	kafka-001	46.23
15.93	12.22	13.73	194.22	225.599	15.93	53	2018-08-17T05:58:12.105460216Z	13.82	kafka-001	46.24
15.93	12.55	14.13	202.012	239.917	15.93	55	2018-08-17T05:58:19.117596214Z	13.73	kafka-001	46.24
15.93	12.95	14.63	314.272	253.746	15.93	57	2018-08-17T05:58:26.129596489Z	14.13	kafka-001	46.24
15.93	13.18	13.15	218.812	259.961	15.93	59	2018-08-17T05:58:33.141320381Z	14.63	kafka-001	46.24
15.93	13.59	16.64	332.774	270.55	15.93	61	2018-08-17T05:58:40.152568331Z	13.15	kafka-001	46.24
15.93	14.35	16.62	232.312	278.223	15.93	62	2018-08-17T05:58:47.165105751Z	16.64	kafka-001	46.24
15.93	14.82	16.02	218.118	269.165	15.93	64	2018-08-17T05:58:54.181411526Z	16.62	kafka-001	46.25
15.93	15.2	15.29	357.505	288.502	15.93	66	2018-08-17T05:59:01.192102826Z	16.02	kafka-001	46.25
15.93	15.39	18.34	245.032	298.333	15.93	68	2018-08-17T05:59:08.206587879Z	15.29	kafka-001	46.25
15.93	16.01	16.07	372.276	306.728	15.93	69	2018-08-17T05:59:15.226278152Z	18.34	kafka-001	46.25
15.93	16.5	18.99	260.326	309.449	15.93	71	2018-08-17T05:59:22.241890839Z	16.07	kafka-001	46.25
15.93	16.89	18.01	258.904	318.049	15.93	73	2018-08-17T05:59:29.254915264Z	18.99	kafka-001	46.26
15.93	17.12	19.93	394.616	310.466	15.93	74	2018-08-17T05:59:36.268507311Z	18.01	kafka-001	46.26
15.93	17.77	19.88	269.982	330.959	15.93	76	2018-08-17T05:59:43.281680616Z	19.93	kafka-001	46.26
15.93	18.54	26.95	426.22	339.611	15.93	77	2018-08-17T05:59:50.299239469Z	19.88	kafka-001	46.26
15.93	19.97	19.7	286.698	331.702	15.93	78	2018-08-17T05:59:57.312343825Z	26.95	kafka-001	46.26
15.93	20.58	13.2	286.618	344.993	15.93	79	2018-08-17T06:00:04.323408179Z	19.7	kafka-001	46.27
15.93	19.61	19.25	437.376	355.941	15.93	81	2018-08-17T06:00:11.335085068Z	13.2	kafka-001	46.27
15.93	19.82	21.94	301.794	358.436	15.93	82	2018-08-17T06:00:18.346791472Z	19.25	kafka-001	46.27
15.93	20.15	22.17	451.796	368.22	15.93	84	2018-08-17T06:00:25.360627571Z	21.94	kafka-001	46.27
15.93	20.53	21.58	308.318	362.429	15.93	85	2018-08-17T06:00:32.372634564Z	22.17	kafka-001	46.28
15.93	19.64	20.86	308.07	374.107	15.93	87	2018-08-17T06:00:39.384153345Z	21.58	kafka-001	46.28
15.93	19.83	27.99	479.622	390.998	15.93	88	2018-08-17T06:00:46.395601272Z	20.86	kafka-001	46.28
15.93	22.3	23.88	320.25	380.141	15.93	89	2018-08-17T06:00:53.406304196Z	27.99	kafka-001	46.28
15.93	23.07	25.07	492.638	401.704	15.93	91	2018-08-17T06:01:00.418453711Z	23.88	kafka-001	46.29
15.93	23.59	22.67	328.174	402.093	15.93	92	2018-08-17T06:01:07.430377729Z	25.07	kafka-001	46.29
15.93	23.67	23.54	336.868	403.631	15.93	93	2018-08-17T06:01:14.441681161Z	22.67	kafka-001	46.29
15.93	24.0	23.85	502.702	411.632	15.93	94	2018-08-17T06:01:21.45310778Z	23.54	kafka-001	46.3
15.93	24.5	24.98	340.116	413.349	15.93	96	2018-08-17T06:01:28.464431936Z	23.85	kafka-001	46.3
15.93	24.0	24.96	523.079	425.678	15.93	97	2018-08-17T06:01:35.47525512Z	24.98	kafka-001	46.3
15.93	24.18	25.28	351.225	422.739	15.93	98	2018-08-17T06:01:42.488212797Z	24.96	kafka-001	46.3
15.93	24.21	24.24	354.882	432.841	15.93	100	2018-08-17T06:01:49.502327264Z	25.28	kafka-001	46.31
15.93	24.47	25.56	540.728	442.59	15.93	101	2018-08-17T06:01:56.517365575Z	24.24	kafka-001	46.31
15.93	24.81	25.81	365.735	442.619	15.93	102	2018-08-17T06:02:03.529192555Z	25.56	kafka-001	46.31
15.93	25.14	28.11	550.351	450.578	15.93	103	2018-08-17T06:02:10.54044723Z	25.81	kafka-001	46.31
15.93	25.66	23.7	369.156	451.802	15.93	104	2018-08-17T06:02:17.555150969Z	28.11	kafka-001	46.32
15.93	25.45	32.56	378.414	458.508	15.93	106	2018-08-17T06:02:24.566153458Z	23.7	kafka-001	46.32
15.93	26.66	25.17	569.109	462.472	15.93	107	2018-08-17T06:02:31.576604226Z	32.56	kafka-001	46.33
15.93	26.82	27.97	379.667	463.661	15.93	108	2018-08-17T06:02:38.589132831Z	25.17	kafka-001	46.33
15.93	27.22	28.35	568.622	463.071	15.93	109	2018-08-17T06:02:45.600918263Z	27.97	kafka-001	46.33
15.93	27.64	28.32	390.424	474.112	15.93	111	2018-08-17T06:02:52.613657729Z	28.35	kafka-001	46.33
15.93	27.68	27.84	395.49	482.467	15.93	112	2018-08-17T06:02:59.625701277Z	28.32	kafka-001	46.34
15.93	28.37	27.31	588.162	476.788	15.93	113	2018-08-17T06:03:06.636675787Z	27.84	kafka-001	46.34
15.93	27.49	28.44	397.634	485.14	15.93	114	2018-08-17T06:03:13.647086277Z	27.31	kafka-001	46.34
15.93	28.04	28.13	601.925	491.465	15.93	115	2018-08-17T06:03:20.657975837Z	28.44	kafka-001	46.35
15.93	28.06	28.56	410.934	492.147	15.93	117	2018-08-17T06:03:27.669582158Z	28.13	kafka-001	46.35
15.93	28.1	26.24	417.271	495.927	15.93	118	2018-08-17T06:03:34.681003288Z	28.56	kafka-001	46.35
15.93	27.75	28.74	630.548	504.752	15.93	119	2018-08-17T06:03:41.692730221Z	26.24	kafka-001	46.36
15.93	27.9	29.99	419.01	497.767	15.93	120	2018-08-17T06:03:48.705776009Z	28.74	kafka-001	46.36
15.93	28.35	30.36	624.954	513.066	15.93	121	2018-08-17T06:03:55.716365073Z	29.99	kafka-001	46.37
15.93	28.67	30.23	431.402	517.611	15.93	122	2018-08-17T06:04:02.728986179Z	30.36	kafka-001	46.37
15.93	29.02	30.14	430.216	523.196	15.93	123	2018-08-17T06:04:09.739663974Z	30.23	kafka-001	46.37
15.93	29.28	31.37	650.948	534.309	15.93	124	2018-08-17T06:04:16.751997559Z	30.14	kafka-001	46.38
15.93	30.14	28.29	438.688	533.601	15.93	126	2018-08-17T06:04:23.765071794Z	31.37	kafka-001	46.38
15.93	30.06	30.12	662.037	537.256	15.93	127	2018-08-17T06:04:30.776266854Z	28.29	kafka-001	46.38
15.93	30.08	29.07	445.356	535.527	15.93	128	2018-08-17T06:04:37.79227432Z	30.12	kafka-001	46.39
15.93	29.87	31.97	451.359	548.075	15.93	129	2018-08-17T06:04:44.805062932Z	29.07	kafka-001	46.39
15.93	30.16	31.63	677.081	554.159	15.93	130	2018-08-17T06:04:51.817638851Z	31.97	kafka-001	46.39
15.93	30.41	33.92	455.744	560.528	15.93	131	2018-08-17T06:04:58.829654516Z	31.63	kafka-001	46.4
15.93	30.83	27.34	690.022	566.736	15.93	132	2018-08-17T06:05:05.841272631Z	33.92	kafka-001	46.4
15.93	30.68	32.04	461.782	572.235	15.93	133	2018-08-17T06:05:12.852284381Z	27.34	kafka-001	46.41
15.93	31.0	30.27	467.504	570.173	15.93	134	2018-08-17T06:05:19.86254488Z	32.04	kafka-001	46.41
15.93	31.2	33.82	701.68	569.93	15.93	135	2018-08-17T06:05:26.87353962Z	30.27	kafka-001	46.41
15.93	31.5	31.61	471.751	580.493	15.93	136	2018-08-17T06:05:33.884195645Z	33.82	kafka-001	46.42
15.93	31.5	33.29	716.305	585.812	15.93	137	2018-08-17T06:05:40.894495621Z	31.61	kafka-001	46.42
15.93	31.4	33.08	482.222	589.001	15.93	138	2018-08-17T06:05:47.905258332Z	33.29	kafka-001	46.42
15.93	32.35	34.27	486.47	589.126	15.93	139	2018-08-17T06:05:54.918519988Z	33.08	kafka-001	46.43
15.93	32.72	34.67	736.329	592.411	15.93	140	2018-08-17T06:06:01.927575926Z	34.27	kafka-001	46.43
15.93	33.46	31.54	490.754	591.169	15.93	141	2018-08-17T06:06:08.938296896Z	34.67	kafka-001	46.44
15.93	33.08	32.26	737.649	597.312	15.93	142	2018-08-17T06:06:15.946515762Z	31.54	kafka-001	46.44
15.93	33.18	35.45	489.999	604.993	15.93	143	2018-08-17T06:06:22.957246486Z	32.26	kafka-001	46.45
15.93	33.54	34.49	502.006	600.063	15.93	144	2018-08-17T06:06:29.967787017Z	35.45	kafka-001	46.45
15.93	33.78	34.79	753.48	610.28	15.93	145	2018-08-17T06:06:36.978983931Z	34.49	kafka-001	46.45
15.93	33.87	37.15	506.329	606.861	15.93	146	2018-08-17T06:06:43.990974371Z	34.79	kafka-001	46.46
15.93	34.28	35.88	763.994	619.066	15.93	147	2018-08-17T06:06:51.001461991Z	37.15	kafka-001	46.46
15.93	35.0	34.21	506.276	610.293	15.93	148	2018-08-17T06:06:58.014789979Z	35.88	kafka-001	46.47
15.93	35.33	36.23	514.6	609.634	15.93	149	2018-08-17T06:07:05.02731188Z	34.21	kafka-001	46.47
15.93	35.46	36.96	772.055	626.821	15.93	150	2018-08-17T06:07:12.038218961Z	36.23	kafka-001	46.48
15.93	35.87	36.83	523.808	635.667	15.93	151	2018-08-17T06:07:19.049252113Z	36.96	kafka-001	46.48
15.93	36.21	36.58	801.677	645.63	15.93	152	2018-08-17T06:07:26.060858108Z	36.83	kafka-001	46.48
15.93	36.11	36.35	535.136	647.255	15.93	153	2018-08-17T06:07:33.074499614Z	36.58	kafka-001	46.49
15.93	36.19	37.31	808.778	653.334	15.93	154	2018-08-17T06:07:40.085081992Z	36.35	kafka-001	46.49
15.93	36.71	36.22	525.334	644.727	15.93	155	2018-08-17T06:07:47.094862884Z	37.31	kafka-001	46.5
15.93	36.71	38.41	543.206	659.645	15.93	155	2018-08-17T06:07:54.104802611Z	36.22	kafka-001	46.5
15.93	36.95	35.54	820.296	673.596	15.93	156	2018-08-17T06:08:01.116507025Z	38.41	kafka-001	46.51
15.93	36.73	36.3	541.521	660.557	15.93	157	2018-08-17T06:08:08.126861902Z	35.54	kafka-001	46.51
15.93	36.69	40.36	833.457	673.316	15.93	158	2018-08-17T06:08:15.138340065Z	36.3	kafka-001	46.51
15.93	37.36	37.49	558.208	671.681	15.93	159	2018-08-17T06:08:22.158655198Z	40.36	kafka-001	46.52
15.93	37.39	38.57	552.736	679.507	15.93	160	2018-08-17T06:08:29.169346339Z	37.49	kafka-001	46.53
15.93	37.78	37.9	828.396	677.512	15.93	161	2018-08-17T06:08:36.181347206Z	38.57	kafka-001	46.53
15.93	37.69	39.18	554.23	664.207	15.93	162	2018-08-17T06:08:43.195953691Z	37.9	kafka-001	46.53
15.93	38.3	39.59	849.727	690.418	15.93	163	2018-08-17T06:08:50.206956298Z	39.18	kafka-001	46.54
15.93	38.85	38.52	563.508	689.507	15.93	164	2018-08-17T06:08:57.219549214Z	39.59	kafka-001	46.54
15.93	38.54	40.16	569.272	697.569	15.93	165	2018-08-17T06:09:04.232601119Z	38.52	kafka-001	46.55
15.93	38.99	39.59	853.129	696.222	15.93	166	2018-08-17T06:09:11.244483426Z	40.16	kafka-001	46.55
15.93	39.16	38.56	569.95	693.154	15.93	166	2018-08-17T06:09:18.256620927Z	39.59	kafka-001	46.56
15.93	39.27	39.77	867.034	699.381	15.93	167	2018-08-17T06:09:25.269440368Z	38.56	kafka-001	46.56
15.93	39.36	47.96	587.776	714.713	15.93	168	2018-08-17T06:09:32.28048998Z	39.77	kafka-001	46.57
15.93	40.76	40.21	585.358	708.471	15.93	169	2018-08-17T06:09:39.292769625Z	47.96	kafka-001	46.57
15.93	41.04	42.02	894.894	727.582	15.93	170	2018-08-17T06:09:46.304384813Z	40.21	kafka-001	46.58
15.93	41.35	40.8	595.452	722.699	15.93	171	2018-08-17T06:09:53.322506513Z	42.02	kafka-001	46.58
15.93	41.55	42.32	903.098	729.198	15.93	172	2018-08-17T06:10:00.334927286Z	40.8	kafka-001	46.59
15.93	42.18	35.22	599.626	742.641	15.93	173	2018-08-17T06:10:07.344731104Z	42.32	kafka-001	46.59
15.93	41.42	42.07	599.2	739.444	15.93	174	2018-08-17T06:10:14.357465109Z	35.22	kafka-001	46.6
15.93	40.44	34.85	918.819	747.749	15.93	174	2018-08-17T06:10:21.370870741Z	42.07	kafka-001	46.6
15.93	39.55	43.53	592.163	746.255	15.93	175	2018-08-17T06:10:28.38569704Z	34.85	kafka-001	46.61
15.93	39.8	40.39	923.728	759.112	15.93	176	2018-08-17T06:10:35.398291423Z	43.53	kafka-001	46.61
15.93	39.73	49.27	639.727	755.037	15.93	177	2018-08-17T06:10:42.412918619Z	40.39	kafka-001	46.62
15.93	40.89	38.93	616.644	759.937	15.93	178	2018-08-17T06:10:49.425940492Z	49.27	kafka-001	46.62
15.93	41.51	44.28	921.011	751.496	15.93	178	2018-08-17T06:10:56.437842335Z	38.93	kafka-001	46.63
15.93	41.87	42.85	622.308	756.829	15.93	179	2018-08-17T06:11:03.44938714Z	44.28	kafka-001	46.63
15.93	43.21	44.72	932.763	765.412	15.93	180	2018-08-17T06:11:10.461099175Z	42.85	kafka-001	46.64
15.93	43.41	43.88	631.145	767.446	15.93	181	2018-08-17T06:11:17.472566614Z	44.72	kafka-001	46.64
15.93	43.99	43.62	628.229	773.574	15.93	182	2018-08-17T06:11:24.483988303Z	43.88	kafka-001	46.65
15.93	43.05	44.58	951.708	778.54	15.93	183	2018-08-17T06:11:31.49453122Z	43.62	kafka-001	46.66
15.93	43.99	45.33	630.715	787.539	15.93	183	2018-08-17T06:11:38.505388037Z	44.58	kafka-001	46.66
15.93	44.16	46.32	954.535	792.332	15.93	184	2018-08-17T06:11:45.515644001Z	45.33	kafka-001	46.67
15.93	44.74	43.73	640.161	792.307	15.93	185	2018-08-17T06:11:52.526616172Z	46.32	kafka-001	46.67
15.93	44.58	43.88	641.936	787.634	15.93	186	2018-08-17T06:11:59.537700421Z	43.73	kafka-001	46.68
15.93	44.58	45.39	966.342	786.265	15.93	187	2018-08-17T06:12:06.54811388Z	43.88	kafka-001	46.68
15.93	44.87	42.16	645.466	797.161	15.93	187	2018-08-17T06:12:13.560905838Z	45.39	kafka-001	46.69
15.93	44.47	46.12	981.783	804.698	15.93	188	2018-08-17T06:12:20.5724078Z	42.16	kafka-001	46.69
15.93	44.6	43.64	656.259	806.476	15.93	189	2018-08-17T06:12:27.584109265Z	46.12	kafka-001	46.7
15.93	44.15	44.72	653.079	807.582	15.93	190	2018-08-17T06:12:34.596043282Z	43.64	kafka-001	46.7
15.93	44.32	41.63	994.714	822.046	15.93	191	2018-08-17T06:12:41.608736582Z	44.72	kafka-001	46.71
15.93	43.94	46.65	663.162	819.921	15.93	191	2018-08-17T06:12:48.622460272Z	41.63	kafka-001	46.72
15.93	44.15	45.81	1008.048	826.734	15.93	192	2018-08-17T06:12:55.635945926Z	46.65	kafka-001	46.72
15.93	44.76	45.6	666.554	827.407	15.93	193	2018-08-17T06:13:02.647362107Z	45.81	kafka-001	46.73
15.93	44.67	43.74	668.7	833.407	15.93	194	2018-08-17T06:13:09.660097621Z	45.6	kafka-001	46.73
15.93	44.69	46.21	1020.52	842.964	15.93	194	2018-08-17T06:13:16.671695505Z	43.74	kafka-001	46.74
15.93	44.94	49.23	674.484	834.101	15.93	195	2018-08-17T06:13:23.684069617Z	46.21	kafka-001	46.74
15.93	46.21	47.12	1023.132	837.262	15.93	196	2018-08-17T06:13:30.696526755Z	49.23	kafka-001	46.75
15.93	46.28	45.09	675.075	833.745	15.93	197	2018-08-17T06:13:37.70734923Z	47.12	kafka-001	46.75
15.93	46.16	45.32	680.0	836.679	15.93	197	2018-08-17T06:13:44.719048317Z	45.09	kafka-001	46.76
15.93	46.12	44.33	1031.07	830.569	15.93	198	2018-08-17T06:13:51.731208072Z	45.32	kafka-001	46.77
15.93	46.22	45.67	688.833	837.484	15.93	199	2018-08-17T06:13:58.743327128Z	44.33	kafka-001	46.77
15.93	46.13	45.66	1033.406	836.72	15.93	200	2018-08-17T06:14:05.756199387Z	45.67	kafka-001	46.78
15.93	45.53	46.85	687.785	849.113	15.93	200	2018-08-17T06:14:12.771885034Z	45.66	kafka-001	46.78
15.93	45.49	45.82	696.969	844.161	15.93	201	2018-08-17T06:14:19.786667279Z	46.85	kafka-001	46.79
15.93	45.61	47.18	1044.067	848.093	15.93	202	2018-08-17T06:14:26.799348693Z	45.82	kafka-001	46.79
15.93	45.92	49.27	698.266	857.47	15.93	203	2018-08-17T06:14:33.81234686Z	47.18	kafka-001	46.8
15.93	46.74	45.84	1058.122	852.524	15.93	203	2018-08-17T06:14:40.823253522Z	49.27	kafka-001	46.81
15.93	46.77	48.51	709.839	862.621	15.93	204	2018-08-17T06:14:47.835449741Z	45.84	kafka-001	46.81
15.93	47.24	48.86	688.878	853.951	15.93	205	2018-08-17T06:14:54.845902879Z	48.51	kafka-001	46.82
15.93	47.58	34.59	1074.991	875.032	15.93	206	2018-08-17T06:15:01.85672034Z	48.86	kafka-001	46.82
15.93	45.71	49.97	704.555	871.85	15.93	206	2018-08-17T06:15:08.867824434Z	34.59	kafka-001	46.83
15.93	46.17	49.67	1077.255	877.03	15.93	207	2018-08-17T06:15:15.879058225Z	49.97	kafka-001	46.84
15.93	46.24	49.27	711.169	873.245	15.93	208	2018-08-17T06:15:22.891411803Z	49.67	kafka-001	46.84
15.93	46.81	48.28	719.95	884.21	15.93	208	2018-08-17T06:15:29.905505741Z	49.27	kafka-001	46.85
15.93	46.77	49.81	1087.609	882.435	15.93	209	2018-08-17T06:15:36.91611492Z	48.28	kafka-001	46.85
15.93	46.93	49.27	716.682	883.762	15.93	210	2018-08-17T06:15:43.927630984Z	49.81	kafka-001	46.86
15.93	49.38	50.33	1095.119	888.752	15.93	211	2018-08-17T06:15:50.939169738Z	49.27	kafka-001	46.87
15.93	49.44	48.65	730.874	892.129	15.93	211	2018-08-17T06:15:57.950328152Z	50.33	kafka-001	46.87
15.93	49.27	50.93	731.862	895.883	15.93	212	2018-08-17T06:16:04.961361336Z	48.65	kafka-001	46.88
15.93	49.54	49.65	1105.481	900.119	15.93	213	2018-08-17T06:16:11.972436645Z	50.93	kafka-001	46.89
15.93	49.77	51.08	730.867	887.11	15.93	213	2018-08-17T06:16:18.984683452Z	49.65	kafka-001	46.89
15.93	49.98	45.18	1103.007	899.899	15.93	214	2018-08-17T06:16:25.997654693Z	51.08	kafka-001	46.9
15.93	49.3	50.0	730.708	883.32	15.93	215	2018-08-17T06:16:33.008674888Z	45.18	kafka-001	46.9
15.93	49.25	51.69	731.311	906.766	15.93	216	2018-08-17T06:16:40.020204593Z	50.0	kafka-001	46.91
15.93	49.75	49.67	1120.518	908.413	15.93	216	2018-08-17T06:16:47.032910794Z	51.69	kafka-001	46.92
15.93	49.54	43.69	747.726	908.981	15.93	217	2018-08-17T06:16:54.04909837Z	49.67	kafka-001	46.93
15.93	48.55	50.82	1129.262	917.966	15.93	218	2018-08-17T06:17:01.062238367Z	43.69	kafka-001	46.93
15.93	48.51	47.34	734.082	897.537	15.93	218	2018-08-17T06:17:08.073239817Z	50.82	kafka-001	46.94
15.93	48.87	42.55	1139.554	928.662	15.93	219	2018-08-17T06:17:15.084974784Z	47.34	kafka-001	46.94
15.93	47.63	52.45	754.797	918.632	15.93	220	2018-08-17T06:17:22.096474432Z	42.55	kafka-001	46.95
15.93	47.75	51.6	761.35	929.558	15.93	220	2018-08-17T06:17:29.107733041Z	52.45	kafka-001	46.96
15.93	48.08	48.96	1156.121	940.1	15.93	221	2018-08-17T06:17:36.120617774Z	51.6	kafka-001	46.96
15.93	48.95	52.56	765.244	936.061	15.93	222	2018-08-17T06:17:43.131515817Z	48.96	kafka-001	46.97
15.93	49.24	55.01	1140.607	940.332	15.93	222	2018-08-17T06:17:50.142282681Z	52.56	kafka-001	46.97
15.93	50.52	48.64	763.263	930.873	15.93	223	2018-08-17T06:17:57.153045897Z	55.01	kafka-001	46.98
15.93	51.54	51.5	768.418	936.531	15.93	224	2018-08-17T06:18:04.165241028Z	48.64	kafka-001	46.99
15.93	51.38	51.82	1176.86	957.9	15.93	225	2018-08-17T06:18:11.177988818Z	51.5	kafka-001	46.99
15.93	51.41	55.86	772.068	955.745	15.93	225	2018-08-17T06:18:18.188727172Z	51.82	kafka-001	47.0
15.93	52.56	54.25	1176.037	961.81	15.93	226	2018-08-17T06:18:25.200104301Z	55.86	kafka-001	47.01
15.93	52.85	52.0	775.573	947.653	15.93	227	2018-08-17T06:18:32.211331304Z	54.25	kafka-001	47.01
15.93	52.34	54.42	774.29	966.441	15.93	227	2018-08-17T06:18:39.222998368Z	52.0	kafka-001	47.02
15.93	53.31	51.57	1179.05	963.146	15.93	228	2018-08-17T06:18:46.234242488Z	54.42	kafka-001	47.03
15.93	53.32	54.11	784.192	963.615	15.93	229	2018-08-17T06:18:53.247175025Z	51.57	kafka-001	47.04
15.93	53.7	55.36	1189.401	970.472	15.93	229	2018-08-17T06:19:00.258352814Z	54.11	kafka-001	47.04
15.93	53.62	53.49	786.637	964.764	15.93	230	2018-08-17T06:19:07.270180433Z	55.36	kafka-001	47.05
15.93	53.49	55.51	783.798	969.883	15.93	231	2018-08-17T06:19:14.280703948Z	53.49	kafka-001	47.05
15.93	54.08	55.22	1198.091	982.711	15.93	231	2018-08-17T06:19:21.291765331Z	55.51	kafka-001	47.06
15.93	54.21	53.79	795.065	986.109	15.93	232	2018-08-17T06:19:28.304228611Z	55.22	kafka-001	47.07
15.93	54.58	56.81	1206.795	987.994	15.93	233	2018-08-17T06:19:35.316001816Z	53.79	kafka-001	47.07
15.93	55.03	50.41	798.608	980.248	15.93	233	2018-08-17T06:19:42.326066864Z	56.81	kafka-001	47.08
15.93	54.21	52.47	799.891	990.95	15.93	234	2018-08-17T06:19:49.338503631Z	50.41	kafka-001	47.09
15.93	54.04	56.22	1221.127	1002.032	15.93	235	2018-08-17T06:19:56.349734463Z	52.47	kafka-001	47.1
15.93	54.15	34.14	801.835	990.469	15.93	235	2018-08-17T06:20:03.358872736Z	56.22	kafka-001	47.1
15.93	50.64	52.49	1222.763	993.202	15.93	236	2018-08-17T06:20:10.366860516Z	34.14	kafka-001	47.11
15.93	50.42	56.93	813.665	998.523	15.93	236	2018-08-17T06:20:17.376839928Z	52.49	kafka-001	47.12
15.93	50.44	58.12	812.117	1005.054	15.93	237	2018-08-17T06:20:24.401298165Z	56.93	kafka-001	47.12
15.93	51.73	53.05	1232.188	1012.823	15.93	238	2018-08-17T06:20:31.412243377Z	58.12	kafka-001	47.13
15.93	51.83	57.46	817.561	1004.873	15.93	238	2018-08-17T06:20:38.420241938Z	53.05	kafka-001	47.14
15.93	52.03	58.63	1240.276	1008.682	15.93	239	2018-08-17T06:20:45.431118365Z	57.46	kafka-001	47.14
15.93	56.11	56.44	822.272	1012.971	15.93	240	2018-08-17T06:20:52.441230637Z	58.63	kafka-001	47.15
15.93	56.77	57.19	823.542	1018.685	15.93	240	2018-08-17T06:20:59.451672988Z	56.44	kafka-001	47.16
15.93	56.82	57.11	1246.584	1018.77	15.93	241	2018-08-17T06:21:06.465142788Z	57.19	kafka-001	47.16
15.93	56.65	57.09	825.27	1012.776	15.93	242	2018-08-17T06:21:13.475683418Z	57.11	kafka-001	47.17
15.93	57.32	58.54	1266.223	1029.735	15.93	242	2018-08-17T06:21:20.487772792Z	57.09	kafka-001	47.18
15.93	57.5	55.47	832.569	1029.717	15.93	243	2018-08-17T06:21:27.499705371Z	58.54	kafka-001	47.19
15.93	56.97	56.56	826.772	1021.259	15.93	244	2018-08-17T06:21:34.513660857Z	55.47	kafka-001	47.19
15.93	56.99	58.36	1268.011	1032.638	15.93	244	2018-08-17T06:21:41.531141234Z	56.56	kafka-001	47.2
15.93	57.19	58.26	830.116	1023.946	15.93	245	2018-08-17T06:21:48.543054615Z	58.36	kafka-001	47.21
15.93	57.38	52.43	1271.052	1026.797	15.93	245	2018-08-17T06:21:55.55393132Z	58.26	kafka-001	47.21
15.93	56.6	56.79	836.146	1016.349	15.93	246	2018-08-17T06:22:02.567563256Z	52.43	kafka-001	47.22
15.93	56.31	57.12	842.722	1025.827	15.93	247	2018-08-17T06:22:09.579891311Z	56.79	kafka-001	47.23
15.93	56.59	56.09	1285.673	1036.162	15.93	247	2018-08-17T06:22:16.588897956Z	57.12	kafka-001	47.24
15.93	56.51	55.88	845.244	1031.405	15.93	248	2018-08-17T06:22:23.602363109Z	56.09	kafka-001	47.24
15.93	56.1	58.77	1290.861	1039.456	15.93	248	2018-08-17T06:22:30.610297868Z	55.88	kafka-001	47.25
15.93	56.18	53.99	846.287	1038.013	15.93	249	2018-08-17T06:22:37.621905505Z	58.77	kafka-001	47.26
15.93	56.44	56.85	849.41	1041.979	15.93	250	2018-08-17T06:22:44.63369021Z	53.99	kafka-001	47.26
15.93	56.45	58.34	1282.545	1045.396	15.93	250	2018-08-17T06:22:51.644935493Z	56.85	kafka-001	47.27
15.93	56.65	60.24	859.738	1054.857	15.93	251	2018-08-17T06:22:58.658741324Z	58.34	kafka-001	47.28
15.93	57.34	59.06	1310.037	1063.536	15.93	251	2018-08-17T06:23:05.670496009Z	60.24	kafka-001	47.29
15.93	57.87	57.54	858.817	1047.291	15.93	252	2018-08-17T06:23:12.68263279Z	59.06	kafka-001	47.29
15.93	57.67	57.51	857.744	1052.675	15.93	253	2018-08-17T06:23:19.695832909Z	57.54	kafka-001	47.3
15.93	58.26	56.41	1316.99	1066.508	15.93	253	2018-08-17T06:23:26.707721425Z	57.51	kafka-001	47.31
15.93	58.18	60.56	871.08	1068.145	15.93	254	2018-08-17T06:23:33.718685177Z	56.41	kafka-001	47.32
15.93	58.55	62.12	1314.41	1076.08	15.93	254	2018-08-17T06:23:40.729383002Z	60.56	kafka-001	47.32
15.93	58.87	58.07	868.378	1057.0	15.93	255	2018-08-17T06:23:47.740670836Z	62.12	kafka-001	47.33
15.93	58.7	58.88	879.635	1073.946	15.93	256	2018-08-17T06:23:54.753426572Z	58.07	kafka-001	47.34
15.93	58.92	54.29	1322.484	1076.542	15.93	256	2018-08-17T06:24:01.764349238Z	58.88	kafka-001	47.35
15.93	58.39	61.3	876.073	1080.766	15.93	257	2018-08-17T06:24:08.779400418Z	54.29	kafka-001	47.35
15.93	59.2	54.16	1326.847	1089.183	15.93	257	2018-08-17T06:24:15.791403885Z	61.3	kafka-001	47.36
15.93	58.14	56.24	878.565	1071.447	15.93	258	2018-08-17T06:24:22.806018661Z	54.16	kafka-001	47.37
15.93	57.16	57.12	882.993	1084.456	15.93	259	2018-08-17T06:24:29.817915759Z	56.24	kafka-001	47.38
15.93	57.0	61.12	1333.478	1092.001	15.93	259	2018-08-17T06:24:36.831152228Z	57.12	kafka-001	47.38
15.93	57.37	55.44	892.742	1094.571	15.93	260	2018-08-17T06:24:43.844471166Z	61.12	kafka-001	47.39
15.93	57.56	60.54	1354.983	1107.91	15.93	260	2018-08-17T06:24:50.855890968Z	55.44	kafka-001	47.4
15.93	57.44	59.63	889.548	1101.101	15.93	261	2018-08-17T06:24:57.868544222Z	60.54	kafka-001	47.41
15.93	58.35	39.08	891.696	1114.349	15.93	262	2018-08-17T06:25:04.877865642Z	59.63	kafka-001	47.41
15.93	55.49	57.13	1358.764	1116.83	15.93	262	2018-08-17T06:25:11.89204882Z	39.08	kafka-001	47.42
15.93	55.49	62.13	895.183	1110.055	15.93	263	2018-08-17T06:25:18.905422442Z	57.13	kafka-001	47.43
15.93	55.66	60.85	1363.313	1117.438	15.93	263	2018-08-17T06:25:25.917377141Z	62.13	kafka-001	47.44
15.93	56.56	61.86	897.68	1109.543	15.93	264	2018-08-17T06:25:32.928769698Z	60.85	kafka-001	47.44
15.93	56.78	58.61	906.043	1125.393	15.93	265	2018-08-17T06:25:39.93894162Z	61.86	kafka-001	47.45
15.93	56.61	60.16	1363.373	1113.468	15.93	265	2018-08-17T06:25:46.948959451Z	58.61	kafka-001	47.46
15.93	60.12	63.14	904.483	1118.0	15.93	266	2018-08-17T06:25:53.964404553Z	60.16	kafka-001	47.47
15.93	61.12	63.11	1380.597	1125.049	15.93	266	2018-08-17T06:26:00.976056656Z	63.14	kafka-001	47.48
15.93	61.29	56.72	912.204	1118.129	15.93	267	2018-08-17T06:26:07.986889373Z	63.11	kafka-001	47.48
15.93	60.6	62.13	912.945	1130.719	15.93	268	2018-08-17T06:26:14.997238227Z	56.72	kafka-001	47.49
15.93	60.64	66.99	1379.536	1119.206	15.93	268	2018-08-17T06:26:22.008014491Z	62.13	kafka-001	47.5
15.93	62.04	64.24	922.22	1136.087	15.93	269	2018-08-17T06:26:29.018731463Z	66.99	kafka-001	47.51
15.93	62.72	60.46	1389.765	1143.246	15.93	269	2018-08-17T06:26:36.032273464Z	64.24	kafka-001	47.52
15.93	62.27	62.69	915.466	1128.389	15.93	270	2018-08-17T06:26:43.044047138Z	60.46	kafka-001	47.52
15.93	62.2	67.71	1194.716	1138.87	15.93	270	2018-08-17T06:26:50.055178825Z	62.69	kafka-001	47.53
15.93	64.04	63.25	1123.145	1136.287	15.93	271	2018-08-17T06:26:57.065767285Z	67.71	kafka-001	47.54
15.93	64.22	62.69	914.418	1133.887	15.93	272	2018-08-17T06:27:04.077536163Z	63.25	kafka-001	47.55
15.93	63.51	63.54	1415.035	1152.296	15.93	272	2018-08-17T06:27:11.092618341Z	62.69	kafka-001	47.55
15.93	63.39	60.28	926.492	1147.315	15.93	273	2018-08-17T06:27:18.104260615Z	63.54	kafka-001	47.56
15.93	63.36	63.31	1407.686	1148.292	15.93	273	2018-08-17T06:27:25.115933707Z	60.28	kafka-001	47.57
15.93	63.46	64.48	933.085	1148.179	15.93	274	2018-08-17T06:27:32.127391907Z	63.31	kafka-001	47.58
15.93	62.92	62.56	927.953	1147.073	15.93	274	2018-08-17T06:27:39.142391293Z	64.48	kafka-001	47.59
15.93	62.81	61.16	1418.909	1151.732	15.93	275	2018-08-17T06:27:46.159337244Z	62.56	kafka-001	47.59
15.93	62.56	60.46	927.667	1145.739	15.93	276	2018-08-17T06:27:53.17293317Z	61.16	kafka-001	47.6
15.93	62.04	59.9	1430.952	1166.364	15.93	276	2018-08-17T06:28:00.183052455Z	60.46	kafka-001	47.61
15.93	61.98	64.92	946.459	1170.545	15.93	277	2018-08-17T06:28:07.195073062Z	59.9	kafka-001	47.62
15.93	62.25	65.85	934.835	1166.531	15.93	277	2018-08-17T06:28:14.20544403Z	64.92	kafka-001	47.63
15.93	62.47	65.83	1431.271	1165.511	15.93	278	2018-08-17T06:28:21.216549558Z	65.85	kafka-001	47.63
15.93	63.02	61.29	940.381	1165.044	15.93	278	2018-08-17T06:28:28.231406271Z	65.83	kafka-001	47.64
15.93	63.04	65.53	1431.706	1165.986	15.93	279	2018-08-17T06:28:35.245744393Z	61.29	kafka-001	47.65
15.93	63.89	57.82	950.222	1169.311	15.93	279	2018-08-17T06:28:42.257669017Z	65.53	kafka-001	47.66
15.93	63.54	64.13	953.941	1178.433	15.93	280	2018-08-17T06:28:49.270474101Z	57.82	kafka-001	47.67
15.93	63.41	66.23	1447.948	1163.542	15.93	281	2018-08-17T06:28:56.281462155Z	64.13	kafka-001	47.68
15.93	63.47	66.26	954.534	1171.069	15.93	281	2018-08-17T06:29:03.293421059Z	66.23	kafka-001	47.68
15.93	63.54	63.5	1455.681	1182.62	15.93	282	2018-08-17T06:29:10.30692873Z	66.26	kafka-001	47.69
15.93	63.91	64.19	957.072	1164.223	15.93	282	2018-08-17T06:29:17.317517387Z	63.5	kafka-001	47.7
15.93	63.69	63.7	955.733	1178.971	15.93	283	2018-08-17T06:29:24.328285552Z	64.19	kafka-001	47.71
15.93	64.67	66.4	1458.204	1189.67	15.93	283	2018-08-17T06:29:31.338917297Z	63.7	kafka-001	47.72
15.93	65.05	62.42	962.069	1178.837	15.93	284	2018-08-17T06:29:38.348773154Z	66.4	kafka-001	47.72
15.93	64.41	63.96	1460.493	1185.036	15.93	284	2018-08-17T06:29:45.360193483Z	62.42	kafka-001	47.74
15.93	64.03	60.82	973.382	1201.701	15.93	285	2018-08-17T06:29:52.371714191Z	63.96	kafka-001	47.74
15.93	63.58	65.17	962.218	1179.793	15.93	285	2018-08-17T06:29:59.383424636Z	60.82	kafka-001	47.75
15.93	63.74	45.92	1488.609	1217.568	15.93	286	2018-08-17T06:30:06.393057716Z	65.17	kafka-001	47.76
15.93	60.78	65.86	978.382	1209.863	15.93	287	2018-08-17T06:30:13.403631412Z	45.92	kafka-001	47.77
15.93	60.69	63.75	1489.865	1219.418	15.93	287	2018-08-17T06:30:20.419812233Z	65.86	kafka-001	47.78
15.93	60.91	65.63	985.672	1219.107	15.93	288	2018-08-17T06:30:27.430878011Z	63.75	kafka-001	47.78
15.93	61.19	67.23	986.096	1219.857	15.93	288	2018-08-17T06:30:34.442502893Z	65.63	kafka-001	47.79
15.93	62.26	67.24	1490.588	1232.254	15.93	289	2018-08-17T06:30:41.454464246Z	67.23	kafka-001	47.8
15.93	62.6	68.39	988.283	1227.511	15.93	289	2018-08-17T06:30:48.465106612Z	67.24	kafka-001	47.81
15.93	66.35	70.29	1495.753	1237.788	15.93	290	2018-08-17T06:30:55.482638223Z	68.39	kafka-001	47.82
15.93	67.09	61.6	986.275	1217.171	15.93	290	2018-08-17T06:31:02.494631138Z	70.29	kafka-001	47.83
15.93	66.73	69.26	994.81	1230.049	15.93	291	2018-08-17T06:31:09.506975245Z	61.6	kafka-001	47.83
15.93	67.33	61.5	1500.219	1225.786	15.93	291	2018-08-17T06:31:16.518990333Z	69.26	kafka-001	47.84
15.93	66.38	68.01	989.693	1233.941	15.93	292	2018-08-17T06:31:23.530290781Z	61.5	kafka-001	47.85
15.93	66.51	66.61	1509.481	1236.491	15.93	292	2018-08-17T06:31:30.544199129Z	68.01	kafka-001	47.86
15.93	66.21	68.26	998.175	1229.135	15.93	293	2018-08-17T06:31:37.557882592Z	66.61	kafka-001	47.87
15.93	65.87	73.75	997.775	1238.618	15.93	293	2018-08-17T06:31:44.571200086Z	68.26	kafka-001	47.88
15.93	67.9	67.37	1525.482	1253.002	15.93	294	2018-08-17T06:31:51.581369118Z	73.75	kafka-001	47.89
15.93	67.58	62.52	1002.969	1231.218	15.93	295	2018-08-17T06:31:58.591208185Z	67.37	kafka-001	47.89
15.93	67.75	71.09	1522.685	1247.437	15.93	295	2018-08-17T06:32:05.603313956Z	62.52	kafka-001	47.9
15.93	68.27	63.48	1007.799	1251.573	15.93	296	2018-08-17T06:32:12.614800635Z	71.09	kafka-001	47.91
15.93	67.74	68.79	1009.99	1248.886	15.93	296	2018-08-17T06:32:19.625685861Z	63.48	kafka-001	47.92
15.93	67.83	64.55	1525.996	1251.789	15.93	297	2018-08-17T06:32:26.636108717Z	68.79	kafka-001	47.93
15.93	66.3	70.85	1011.297	1239.125	15.93	297	2018-08-17T06:32:33.646317883Z	64.55	kafka-001	47.94
15.93	66.88	70.37	1536.722	1251.84	15.93	298	2018-08-17T06:32:40.656671092Z	70.85	kafka-001	47.95
15.93	68.19	67.41	1009.408	1228.605	15.93	298	2018-08-17T06:32:47.66856539Z	70.37	kafka-001	47.95
15.93	67.57	63.72	1016.048	1244.511	15.93	299	2018-08-17T06:32:54.678301175Z	67.41	kafka-001	47.96
15.93	67.61	69.51	1547.287	1261.726	15.93	299	2018-08-17T06:33:01.689940511Z	63.72	kafka-001	47.97
15.93	67.73	68.07	1008.728	1246.635	15.93	300	2018-08-17T06:33:08.700990247Z	69.51	kafka-001	47.98
15.93	68.32	72.94	1543.062	1251.742	15.93	300	2018-08-17T06:33:15.715599471Z	68.07	kafka-001	47.99
15.93	68.67	71.7	1024.364	1262.519	15.93	301	2018-08-17T06:33:22.727332317Z	72.94	kafka-001	48.0
15.93	68.89	70.64	1031.437	1263.769	15.93	301	2018-08-17T06:33:29.740719463Z	71.7	kafka-001	48.01
15.93	69.43	61.92	1553.548	1266.074	15.93	302	2018-08-17T06:33:36.750702188Z	70.64	kafka-001	48.02
15.93	69.13	71.9	1025.116	1255.881	15.93	302	2018-08-17T06:33:43.761281057Z	61.92	kafka-001	48.02
15.93	69.53	65.02	1555.284	1283.812	15.93	303	2018-08-17T06:33:50.771800132Z	71.9	kafka-001	48.03
15.93	69.02	67.07	1034.232	1285.731	15.93	303	2018-08-17T06:33:57.783817005Z	65.02	kafka-001	48.04
15.93	68.04	68.53	1028.808	1276.011	15.93	304	2018-08-17T06:34:04.795126846Z	67.07	kafka-001	48.05
15.93	67.51	68.35	1583.604	1288.004	15.93	304	2018-08-17T06:34:11.806750318Z	68.53	kafka-001	48.06
15.93	67.13	69.9	1035.91	1275.066	15.93	305	2018-08-17T06:34:18.817178942Z	68.35	kafka-001	48.07
15.93	68.46	65.26	1573.53	1279.945	15.93	305	2018-08-17T06:34:25.838414979Z	69.9	kafka-001	48.08
15.93	67.35	67.11	1030.749	1285.553	15.93	306	2018-08-17T06:34:32.850508655Z	65.26	kafka-001	48.09
15.93	67.7	66.38	1038.412	1283.969	15.93	306	2018-08-17T06:34:39.861684752Z	67.11	kafka-001	48.1
15.93	67.59	72.86	1582.466	1301.816	15.93	307	2018-08-17T06:34:46.873515959Z	66.38	kafka-001	48.11
15.93	68.31	73.83	1049.117	1296.465	15.93	307	2018-08-17T06:34:53.884471617Z	72.86	kafka-001	48.12
15.93	69.22	70.72	1587.246	1305.396	15.93	308	2018-08-17T06:35:00.898353054Z	73.83	kafka-001	48.12
15.93	69.36	74.39	1043.475	1305.325	15.93	308	2018-08-17T06:35:07.909167344Z	70.72	kafka-001	48.13
15.93	70.88	69.61	1049.782	1303.963	15.93	309	2018-08-17T06:35:14.917734938Z	74.39	kafka-001	48.14
15.93	71.3	69.93	1602.705	1320.0	15.93	310	2018-08-17T06:35:21.928388984Z	69.61	kafka-001	48.15
15.93	71.89	70.92	1058.024	1311.717	15.93	310	2018-08-17T06:35:28.936649557Z	69.93	kafka-001	48.16
15.93	71.57	66.55	1613.401	1324.9	15.93	310	2018-08-17T06:35:35.949559958Z	70.92	kafka-001	48.17
15.93	70.35	72.57	1057.687	1310.105	15.93	311	2018-08-17T06:35:42.958689906Z	66.55	kafka-001	48.18
15.93	70.66	69.79	1058.188	1309.241	15.93	312	2018-08-17T06:35:49.969550628Z	72.57	kafka-001	48.19
15.93	69.89	70.36	1604.698	1313.618	15.93	312	2018-08-17T06:35:56.980582201Z	69.79	kafka-001	48.2
15.93	70.02	67.49	1058.581	1315.095	15.93	312	2018-08-17T06:36:03.992207151Z	70.36	kafka-001	48.2
15.93	69.61	73.18	1614.068	1325.374	15.93	313	2018-08-17T06:36:11.001880513Z	67.49	kafka-001	48.21
15.93	69.99	68.96	1065.756	1330.089	15.93	313	2018-08-17T06:36:18.014731248Z	73.18	kafka-001	48.22
15.93	70.39	72.55	1075.561	1335.592	15.93	314	2018-08-17T06:36:25.028503568Z	68.96	kafka-001	48.23
15.93	70.39	73.51	1620.664	1329.385	15.93	314	2018-08-17T06:36:32.0415209Z	72.55	kafka-001	48.24
15.93	71.01	74.35	1069.824	1329.415	15.93	315	2018-08-17T06:36:39.0553544Z	73.51	kafka-001	48.25
15.93	71.67	72.54	1616.39	1328.148	15.93	315	2018-08-17T06:36:46.069897231Z	74.35	kafka-001	48.26
15.93	72.51	71.33	1069.661	1332.727	15.93	316	2018-08-17T06:36:53.080221834Z	72.54	kafka-001	48.27
15.93	72.21	72.85	1642.357	1350.436	15.93	316	2018-08-17T06:37:00.090657085Z	71.33	kafka-001	48.28
15.93	72.85	83.41	1078.455	1345.483	15.93	317	2018-08-17T06:37:07.101055136Z	72.85	kafka-001	48.29
15.93	74.66	70.01	1080.11	1345.307	15.93	317	2018-08-17T06:37:14.111132447Z	83.41	kafka-001	48.3
15.93	74.08	70.65	1645.758	1352.072	15.93	318	2018-08-17T06:37:21.122530237Z	70.01	kafka-001	48.31
15.93	73.46	67.46	1084.744	1353.963	15.93	318	2018-08-17T06:37:28.134626139Z	70.65	kafka-001	48.32
15.93	72.62	76.89	1651.521	1367.49	15.93	319	2018-08-17T06:37:35.148149051Z	67.46	kafka-001	48.32
15.93	73.54	72.03	1080.452	1356.545	15.93	319	2018-08-17T06:37:42.159903516Z	76.89	kafka-001	48.33
15.93	73.41	77.02	1078.687	1348.196	15.93	320	2018-08-17T06:37:49.171269654Z	72.03	kafka-001	48.35
15.93	72.34	70.37	1653.178	1358.175	15.93	320	2018-08-17T06:37:56.183799589Z	77.02	kafka-001	48.35
15.93	72.4	74.55	1090.747	1346.359	15.93	321	2018-08-17T06:38:03.196320896Z	70.37	kafka-001	48.36
15.93	73.05	74.51	1658.816	1356.7	15.93	321	2018-08-17T06:38:10.207035214Z	74.55	kafka-001	48.37
15.93	74.23	74.44	1096.102	1359.839	15.93	322	2018-08-17T06:38:17.219815566Z	74.51	kafka-001	48.38
15.93	73.82	67.58	1094.884	1358.447	15.93	322	2018-08-17T06:38:24.23301016Z	74.44	kafka-001	48.39
15.93	73.08	71.35	1671.755	1369.242	15.93	323	2018-08-17T06:38:31.247022194Z	67.58	kafka-001	48.4
15.93	72.13	73.21	1097.247	1354.155	15.93	323	2018-08-17T06:38:38.258908723Z	71.35	kafka-001	48.41
15.93	72.61	73.56	1667.615	1373.298	15.93	324	2018-08-17T06:38:45.27016118Z	73.21	kafka-001	48.42
15.93	72.44	71.44	1098.952	1360.137	15.93	324	2018-08-17T06:38:52.281842432Z	73.56	kafka-001	48.43
15.93	71.93	77.06	1097.138	1363.734	15.93	325	2018-08-17T06:38:59.292972852Z	71.44	kafka-001	48.44
15.93	72.37	72.3	1673.983	1369.606	15.93	325	2018-08-17T06:39:06.306584012Z	77.06	kafka-001	48.45
15.93	73.15	73.43	1107.04	1364.36	15.93	326	2018-08-17T06:39:13.320983726Z	72.3	kafka-001	48.46
15.93	73.5	70.67	1673.825	1363.636	15.93	326	2018-08-17T06:39:20.334963134Z	73.43	kafka-001	48.47
15.93	73.08	76.37	1111.554	1376.085	15.93	327	2018-08-17T06:39:27.347136019Z	70.67	kafka-001	48.48
15.93	73.54	74.0	1110.911	1367.481	15.93	327	2018-08-17T06:39:34.361323151Z	76.37	kafka-001	48.49
15.93	73.97	78.37	1693.662	1388.77	15.93	328	2018-08-17T06:39:41.376437693Z	74.0	kafka-001	48.49
15.93	74.19	74.93	1105.08	1382.445	15.93	328	2018-08-17T06:39:48.387987257Z	78.37	kafka-001	48.5
15.93	74.63	76.27	1686.55	1393.266	15.93	329	2018-08-17T06:39:55.401305712Z	74.93	kafka-001	48.51
15.93	75.1	70.39	1127.85	1399.625	15.93	329	2018-08-17T06:40:02.413486398Z	76.27	kafka-001	48.52
15.93	75.05	76.85	1109.184	1388.135	15.93	330	2018-08-17T06:40:09.424949339Z	70.39	kafka-001	48.53
15.93	75.13	75.77	1685.509	1391.014	15.93	330	2018-08-17T06:40:16.436483626Z	76.85	kafka-001	48.54
15.93	75.43	75.63	1114.663	1388.227	15.93	331	2018-08-17T06:40:23.448026913Z	75.77	kafka-001	48.55
15.93	74.97	76.94	1696.547	1377.214	15.93	331	2018-08-17T06:40:30.458285598Z	75.63	kafka-001	48.56
15.93	75.31	78.46	1122.278	1398.841	15.93	331	2018-08-17T06:40:37.471400484Z	76.94	kafka-001	48.57
15.93	75.67	74.82	1130.974	1408.261	15.93	332	2018-08-17T06:40:44.483943718Z	78.46	kafka-001	48.58
15.93	76.41	75.84	1714.739	1414.434	15.93	332	2018-08-17T06:40:51.496741836Z	74.82	kafka-001	48.59
15.93	76.24	75.62	1113.715	1414.855	15.93	333	2018-08-17T06:40:58.509736287Z	75.84	kafka-001	48.6
15.93	76.22	78.31	1712.006	1415.587	15.93	333	2018-08-17T06:41:05.521546473Z	75.62	kafka-001	48.61
15.93	76.66	72.42	1138.515	1424.344	15.93	334	2018-08-17T06:41:12.533827304Z	78.31	kafka-001	48.62
15.93	75.91	74.35	1140.846	1426.837	15.93	334	2018-08-17T06:41:19.544763159Z	72.42	kafka-001	48.63
15.93	75.23	78.0	1729.294	1429.241	15.93	335	2018-08-17T06:41:26.555153738Z	74.35	kafka-001	48.64
15.93	75.76	75.71	1133.845	1412.474	15.93	335	2018-08-17T06:41:33.568447674Z	78.0	kafka-001	48.65
15.93	75.73	75.93	1735.655	1428.722	15.93	336	2018-08-17T06:41:40.58034654Z	75.71	kafka-001	48.66
15.93	75.79	77.5	1142.524	1429.996	15.93	336	2018-08-17T06:41:47.591096971Z	75.93	kafka-001	48.67
15.93	75.65	78.01	1139.948	1424.881	15.93	337	2018-08-17T06:41:54.6042451Z	77.5	kafka-001	48.68
15.93	76.58	77.35	1754.993	1444.868	15.93	337	2018-08-17T06:42:01.620502144Z	78.01	kafka-001	48.69
15.93	77.08	75.94	1130.554	1432.33	15.93	338	2018-08-17T06:42:08.631450258Z	77.35	kafka-001	48.7
15.93	76.74	81.05	1745.801	1447.901	15.93	338	2018-08-17T06:42:15.642351602Z	75.94	kafka-001	48.71
15.93	77.63	76.51	1146.183	1441.674	15.93	338	2018-08-17T06:42:22.653039231Z	81.05	kafka-001	48.72
15.93	77.73	79.67	1154.499	1447.299	15.93	339	2018-08-17T06:42:29.665674289Z	76.51	kafka-001	48.73
15.93	78.09	77.24	1750.98	1441.94	15.93	339	2018-08-17T06:42:36.676593806Z	79.67	kafka-001	48.74
15.93	77.96	78.96	1151.16	1437.961	15.93	340	2018-08-17T06:42:43.688293051Z	77.24	kafka-001	48.75
15.93	78.23	81.28	1756.301	1448.587	15.93	340	2018-08-17T06:42:50.701006453Z	78.96	kafka-001	48.76
15.93	79.12	76.81	1161.304	1451.394	15.93	341	2018-08-17T06:42:57.71134849Z	81.28	kafka-001	48.77
15.93	78.41	75.93	1156.672	1441.981	15.93	341	2018-08-17T06:43:04.729442693Z	76.81	kafka-001	48.78
15.93	78.31	77.55	1761.8	1464.624	15.93	342	2018-08-17T06:43:11.742819782Z	75.93	kafka-001	48.79
15.93	77.96	79.66	1146.158	1437.375	15.93	342	2018-08-17T06:43:18.754695323Z	77.55	kafka-001	48.8
15.93	78.36	75.44	1773.184	1460.01	15.93	343	2018-08-17T06:43:25.767201981Z	79.66	kafka-001	48.81
15.93	77.78	79.22	1158.84	1457.213	15.93	343	2018-08-17T06:43:32.780004465Z	75.44	kafka-001	48.82
15.93	77.43	79.48	1161.752	1450.223	15.93	344	2018-08-17T06:43:39.791182307Z	79.22	kafka-001	48.83
15.93	77.88	79.46	1783.559	1458.474	15.93	344	2018-08-17T06:43:46.805349066Z	79.48	kafka-001	48.84
15.93	78.47	79.44	1170.976	1447.849	15.93	344	2018-08-17T06:43:53.818003939Z	79.46	kafka-001	48.85
15.93	78.78	86.91	1779.613	1459.0	15.93	345	2018-08-17T06:44:00.830674145Z	79.44	kafka-001	48.86
15.93	79.99	79.45	1170.477	1451.311	15.93	345	2018-08-17T06:44:07.840946823Z	86.91	kafka-001	48.87
15.93	80.66	74.87	1155.512	1428.782	15.93	346	2018-08-17T06:44:14.851925697Z	79.45	kafka-001	48.88
15.93	79.93	80.9	1790.233	1459.45	15.93	346	2018-08-17T06:44:21.864822835Z	74.87	kafka-001	48.89
15.93	80.17	83.99	1167.306	1460.542	15.93	347	2018-08-17T06:44:28.877651649Z	80.9	kafka-001	48.9
15.93	80.93	80.92	1789.994	1464.778	15.93	347	2018-08-17T06:44:35.889072162Z	83.99	kafka-001	48.91
15.93	81.17	80.83	1180.422	1467.907	15.93	348	2018-08-17T06:44:42.900313429Z	80.92	kafka-001	48.92
15.93	80.16	80.48	1178.843	1468.267	15.93	348	2018-08-17T06:44:49.911925667Z	80.83	kafka-001	48.93
15.93	80.33	80.38	1794.639	1472.679	15.93	348	2018-08-17T06:44:56.922459831Z	80.48	kafka-001	48.94
15.93	81.25	66.63	1184.246	1479.391	15.93	349	2018-08-17T06:45:03.933271605Z	80.38	kafka-001	48.95
15.93	78.87	71.41	1798.768	1486.265	15.93	349	2018-08-17T06:45:10.942983364Z	66.63	kafka-001	48.96
15.93	76.77	78.9	1187.465	1471.617	15.93	350	2018-08-17T06:45:17.952460734Z	71.41	kafka-001	48.97
15.93	76.44	80.13	1184.548	1464.053	15.93	350	2018-08-17T06:45:24.965107233Z	78.9	kafka-001	48.98
15.93	76.32	82.08	1807.298	1483.166	15.93	351	2018-08-17T06:45:31.976025923Z	80.13	kafka-001	48.99
15.93	76.59	71.57	1185.666	1483.849	15.93	351	2018-08-17T06:45:38.988337247Z	82.08	kafka-001	49.0
15.93	75.12	85.82	1814.731	1494.361	15.93	352	2018-08-17T06:45:46.000106031Z	71.57	kafka-001	49.01
15.93	78.32	83.02	1197.233	1489.694	15.93	352	2018-08-17T06:45:53.01485136Z	85.82	kafka-001	49.02
15.93	80.25	80.46	1196.682	1491.342	15.93	352	2018-08-17T06:46:00.027729768Z	83.02	kafka-001	49.03
15.93	80.51	77.03	1812.085	1496.375	15.93	352	2018-08-17T06:46:07.037334783Z	80.46	kafka-001	49.04
15.93	80.0	83.54	1185.942	1477.714	15.93	352	2018-08-17T06:46:14.047595935Z	77.03	kafka-001	49.05
15.93	80.24	82.26	1809.309	1492.939	15.93	352	2018-08-17T06:46:21.059924949Z	83.54	kafka-001	49.06
15.93	82.02	78.97	1194.8	1484.189	15.93	352	2018-08-17T06:46:28.071167069Z	82.26	kafka-001	49.07
15.93	80.88	82.18	1804.137	1482.15	15.93	352	2018-08-17T06:46:35.082114417Z	78.97	kafka-001	49.08
15.93	80.74	81.57	1193.282	1476.931	15.93	352	2018-08-17T06:46:42.093998142Z	82.18	kafka-001	49.09
15.93	80.92	76.94	1191.332	1480.761	15.93	352	2018-08-17T06:46:49.106424811Z	81.57	kafka-001	49.11
15.93	80.91	79.17	1822.337	1494.292	15.93	352	2018-08-17T06:46:56.118829932Z	76.94	kafka-001	49.11
15.93	80.18	79.1	1191.194	1478.835	15.93	352	2018-08-17T06:47:03.130862508Z	79.17	kafka-001	49.12
15.93	79.65	80.74	1814.522	1490.904	15.93	352	2018-08-17T06:47:10.141228731Z	79.1	kafka-001	49.14
