memory_rss%	host_moving_avg_cpu	container_cpu%	net_send	net_receive	memory_active_anon%	sensor_count	timestamp	host_cpu	name	memory%
15.93	nan	3.51	11172281.688	10430798.321	15.93	2	2018-08-17T07:29:50.33211718Z	0	kafka-001	51.03
15.93	nan	3.98	40.007	38.957	15.93	7	2018-08-17T07:29:57.344160976Z	3.51	kafka-001	51.03
15.93	nan	4.14	51.977	60.539	15.93	11	2018-08-17T07:30:04.356302771Z	3.98	kafka-001	51.03
15.93	nan	6.13	92.378	81.926	15.93	15	2018-08-17T07:30:11.367947426Z	4.14	kafka-001	51.03
15.93	nan	7.07	80.489	94.097	15.93	19	2018-08-17T07:30:18.379487869Z	6.13	kafka-001	51.03
15.93	4.14	7.6	132.678	112.472	15.93	23	2018-08-17T07:30:25.395818802Z	7.07	kafka-001	51.03
15.93	5.4	7.78	114.654	128.653	15.93	26	2018-08-17T07:30:32.409753277Z	7.6	kafka-001	51.03
15.93	6.12	8.79	118.69	139.424	15.93	29	2018-08-17T07:30:39.420561062Z	7.78	kafka-001	51.03
15.93	6.92	9.83	184.769	155.551	15.93	32	2018-08-17T07:30:46.430869553Z	8.79	kafka-001	51.03
15.93	7.87	10.75	139.008	165.633	15.93	35	2018-08-17T07:30:53.441116465Z	9.83	kafka-001	51.04
15.93	8.64	10.86	210.03	177.554	15.93	37	2018-08-17T07:31:00.453409441Z	10.75	kafka-001	51.04
15.93	9.27	10.11	154.023	182.933	15.93	40	2018-08-17T07:31:07.466178476Z	10.86	kafka-001	51.04
15.93	9.69	11.65	161.685	194.057	15.93	42	2018-08-17T07:31:14.477237708Z	10.11	kafka-001	51.04
15.93	10.33	11.85	250.374	204.308	15.93	44	2018-08-17T07:31:21.488118599Z	11.65	kafka-001	51.04
15.93	10.84	12.05	174.51	205.987	15.93	47	2018-08-17T07:31:28.500906197Z	11.85	kafka-001	51.04
15.93	11.21	20.87	269.202	220.354	15.93	49	2018-08-17T07:31:35.517510686Z	12.05	kafka-001	51.04
15.93	12.9	11.79	187.979	224.549	15.93	51	2018-08-17T07:31:42.528300595Z	20.87	kafka-001	51.04
15.93	13.05	13.52	197.334	230.951	15.93	53	2018-08-17T07:31:49.541252909Z	11.79	kafka-001	51.04
15.93	13.62	13.88	299.339	244.832	15.93	55	2018-08-17T07:31:56.55090499Z	13.52	kafka-001	51.04
15.93	13.99	16.04	207.201	249.997	15.93	57	2018-08-17T07:32:03.562461639Z	13.88	kafka-001	51.05
15.93	14.69	16.57	321.316	261.656	15.93	59	2018-08-17T07:32:10.573862241Z	16.04	kafka-001	51.05
15.93	15.44	15.4	217.404	266.217	15.93	61	2018-08-17T07:32:17.5853808Z	16.57	kafka-001	51.05
15.93	14.53	15.98	226.808	271.303	15.93	62	2018-08-17T07:32:24.59480332Z	15.4	kafka-001	51.05
15.93	15.23	16.84	345.306	282.176	15.93	64	2018-08-17T07:32:31.606839984Z	15.98	kafka-001	51.06
15.93	15.78	16.01	240.418	284.893	15.93	66	2018-08-17T07:32:38.61750804Z	16.84	kafka-001	51.06
15.93	16.14	18.29	362.148	294.644	15.93	67	2018-08-17T07:32:45.62797711Z	16.01	kafka-001	51.06
15.93	16.52	17.15	251.258	296.505	15.93	69	2018-08-17T07:32:52.639776809Z	18.29	kafka-001	51.06
15.93	16.61	17.59	258.826	310.323	15.93	71	2018-08-17T07:32:59.650785004Z	17.15	kafka-001	51.06
15.93	16.98	19.07	391.006	321.556	15.93	73	2018-08-17T07:33:06.662352338Z	17.59	kafka-001	51.07
15.93	17.49	19.86	271.356	325.695	15.93	74	2018-08-17T07:33:13.673506697Z	19.07	kafka-001	51.07
15.93	18.0	22.61	414.426	340.108	15.93	76	2018-08-17T07:33:20.684254999Z	19.86	kafka-001	51.07
15.93	19.09	19.15	282.75	337.283	15.93	77	2018-08-17T07:33:27.695355139Z	22.61	kafka-001	51.07
15.93	19.24	20.6	279.644	342.433	15.93	79	2018-08-17T07:33:34.704188211Z	19.15	kafka-001	51.07
15.93	19.81	19.99	440.34	355.534	15.93	81	2018-08-17T07:33:41.716769936Z	20.6	kafka-001	51.08
15.93	20.21	22.08	297.266	355.303	15.93	82	2018-08-17T07:33:48.731385602Z	19.99	kafka-001	51.08
15.93	20.71	22.12	447.664	364.794	15.93	84	2018-08-17T07:33:55.751869775Z	22.08	kafka-001	51.08
15.93	21.09	22.01	313.046	374.641	15.93	85	2018-08-17T07:34:02.763193498Z	22.12	kafka-001	51.08
15.93	20.99	22.26	312.058	378.117	15.93	87	2018-08-17T07:34:09.774885429Z	22.01	kafka-001	51.09
15.93	21.51	21.88	471.038	380.194	15.93	88	2018-08-17T07:34:16.787128089Z	22.26	kafka-001	51.09
15.93	21.72	23.68	324.936	394.349	15.93	90	2018-08-17T07:34:23.799011711Z	21.88	kafka-001	51.09
15.93	22.34	31.85	482.276	397.118	15.93	91	2018-08-17T07:34:30.813297765Z	23.68	kafka-001	51.1
15.93	23.97	23.25	335.77	403.531	15.93	92	2018-08-17T07:34:37.824543341Z	31.85	kafka-001	51.1
15.93	24.15	31.4	335.414	401.471	15.93	94	2018-08-17T07:34:44.835870605Z	23.25	kafka-001	51.1
15.93	25.72	22.88	509.273	412.736	15.93	95	2018-08-17T07:34:51.846580962Z	31.4	kafka-001	51.1
15.93	25.82	24.91	346.952	416.532	15.93	97	2018-08-17T07:34:58.858123742Z	22.88	kafka-001	51.1
15.93	26.33	23.92	525.266	428.753	15.93	98	2018-08-17T07:35:05.871424093Z	24.91	kafka-001	51.11
15.93	26.37	25.41	347.992	419.087	15.93	99	2018-08-17T07:35:12.881397595Z	23.92	kafka-001	51.11
15.93	25.3	22.63	354.088	424.531	15.93	101	2018-08-17T07:35:19.892940373Z	25.41	kafka-001	51.11
15.93	25.19	26.21	527.922	440.666	15.93	102	2018-08-17T07:35:26.90456636Z	22.63	kafka-001	51.12
15.93	24.33	25.3	365.886	445.481	15.93	103	2018-08-17T07:35:33.915107458Z	26.21	kafka-001	51.12
15.93	24.73	26.39	552.445	449.122	15.93	104	2018-08-17T07:35:40.924280725Z	25.3	kafka-001	51.12
15.93	24.98	23.98	371.645	453.697	15.93	106	2018-08-17T07:35:47.936133824Z	26.39	kafka-001	51.12
15.93	24.99	26.74	376.456	455.057	15.93	107	2018-08-17T07:35:54.946875601Z	23.98	kafka-001	51.13
15.93	25.21	24.72	568.314	455.678	15.93	108	2018-08-17T07:36:01.959020906Z	26.74	kafka-001	51.13
15.93	25.56	27.7	380.359	467.853	15.93	110	2018-08-17T07:36:08.97115698Z	24.72	kafka-001	51.14
15.93	25.8	25.69	582.066	467.79	15.93	111	2018-08-17T07:36:15.983308865Z	27.7	kafka-001	51.14
15.93	25.87	27.26	389.484	473.434	15.93	112	2018-08-17T07:36:22.994841966Z	25.69	kafka-001	51.14
15.93	26.01	28.04	397.818	486.745	15.93	113	2018-08-17T07:36:30.0067348Z	27.26	kafka-001	51.15
15.93	26.69	28.66	602.978	495.319	15.93	114	2018-08-17T07:36:37.017759753Z	28.04	kafka-001	51.15
15.93	27.01	28.92	407.696	499.393	15.93	115	2018-08-17T07:36:44.028539008Z	28.66	kafka-001	51.15
15.93	27.71	29.4	615.702	501.812	15.93	117	2018-08-17T07:36:51.040177022Z	28.92	kafka-001	51.16
15.93	27.99	29.42	415.444	506.911	15.93	118	2018-08-17T07:36:58.051030094Z	29.4	kafka-001	51.16
15.93	28.62	30.8	623.997	516.522	15.93	119	2018-08-17T07:37:05.061290765Z	29.42	kafka-001	51.16
15.93	29.21	29.05	428.296	520.963	15.93	120	2018-08-17T07:37:12.072488554Z	30.8	kafka-001	51.17
15.93	29.37	30.27	430.518	528.929	15.93	121	2018-08-17T07:37:19.086391914Z	29.05	kafka-001	51.17
15.93	29.64	32.64	654.907	534.596	15.93	123	2018-08-17T07:37:26.10090644Z	30.27	kafka-001	51.17
15.93	30.26	30.47	431.68	532.839	15.93	124	2018-08-17T07:37:33.114588791Z	32.64	kafka-001	51.17
15.93	30.44	32.06	649.299	530.002	15.93	125	2018-08-17T07:37:40.125783117Z	30.47	kafka-001	51.18
15.93	30.88	31.38	441.779	540.359	15.93	126	2018-08-17T07:37:47.139822436Z	32.06	kafka-001	51.18
15.93	30.98	27.12	445.02	543.921	15.93	127	2018-08-17T07:37:54.151875418Z	31.38	kafka-001	51.19
15.93	30.66	31.95	671.937	547.906	15.93	128	2018-08-17T07:38:01.164712837Z	27.12	kafka-001	51.19
15.93	30.94	32.62	452.722	554.319	15.93	129	2018-08-17T07:38:08.176710912Z	31.95	kafka-001	51.19
15.93	30.93	33.43	676.082	562.056	15.93	130	2018-08-17T07:38:15.187961295Z	32.62	kafka-001	51.2
15.93	31.43	32.86	460.913	564.473	15.93	131	2018-08-17T07:38:22.200321774Z	33.43	kafka-001	51.2
15.93	31.56	32.96	460.592	562.355	15.93	133	2018-08-17T07:38:29.216701786Z	32.86	kafka-001	51.21
15.93	31.82	31.78	696.14	571.38	15.93	134	2018-08-17T07:38:36.229093948Z	32.96	kafka-001	51.21
15.93	32.6	34.83	464.944	568.788	15.93	135	2018-08-17T07:38:43.24058463Z	31.78	kafka-001	51.21
15.93	33.08	32.7	713.079	581.009	15.93	136	2018-08-17T07:38:50.251885858Z	34.83	kafka-001	51.22
15.93	33.09	34.46	481.697	584.537	15.93	137	2018-08-17T07:38:57.26263723Z	32.7	kafka-001	51.22
15.93	33.26	34.38	475.258	585.647	15.93	138	2018-08-17T07:39:04.273701106Z	34.46	kafka-001	51.22
15.93	33.52	34.09	729.519	593.146	15.93	139	2018-08-17T07:39:11.286439149Z	34.38	kafka-001	51.23
15.93	33.71	35.02	486.157	595.967	15.93	140	2018-08-17T07:39:18.299298679Z	34.09	kafka-001	51.23
15.93	34.25	35.2	736.79	605.362	15.93	141	2018-08-17T07:39:25.311700271Z	35.02	kafka-001	51.24
15.93	34.31	33.87	492.044	602.975	15.93	142	2018-08-17T07:39:32.323072283Z	35.2	kafka-001	51.24
15.93	34.5	34.29	490.648	600.387	15.93	143	2018-08-17T07:39:39.334748246Z	33.87	kafka-001	51.24
15.93	34.47	29.26	753.779	618.082	15.93	144	2018-08-17T07:39:46.349796623Z	34.29	kafka-001	51.25
15.93	33.62	29.74	510.529	622.553	15.93	145	2018-08-17T07:39:53.361347034Z	29.26	kafka-001	51.25
15.93	32.9	28.21	767.635	613.191	15.93	146	2018-08-17T07:40:00.372828727Z	29.74	kafka-001	51.26
15.93	31.76	33.37	514.101	618.857	15.93	147	2018-08-17T07:40:07.38183341Z	28.21	kafka-001	51.26
15.93	31.46	31.0	517.755	627.278	15.93	148	2018-08-17T07:40:14.393518564Z	33.37	kafka-001	51.27
15.93	30.98	35.77	771.346	624.156	15.93	149	2018-08-17T07:40:21.407525036Z	31.0	kafka-001	51.27
15.93	31.22	32.16	524.72	627.945	15.93	150	2018-08-17T07:40:28.419958403Z	35.77	kafka-001	51.28
15.93	31.71	37.2	792.925	634.936	15.93	151	2018-08-17T07:40:35.434783939Z	32.16	kafka-001	51.28
15.93	32.95	30.94	528.581	643.793	15.93	152	2018-08-17T07:40:42.445952772Z	37.2	kafka-001	51.28
15.93	33.41	36.32	536.058	646.735	15.93	153	2018-08-17T07:40:49.456911355Z	30.94	kafka-001	51.29
15.93	33.9	35.29	803.909	656.162	15.93	154	2018-08-17T07:40:56.468496729Z	36.32	kafka-001	51.29
15.93	34.61	37.89	538.346	650.635	15.93	155	2018-08-17T07:41:03.480048605Z	35.29	kafka-001	51.3
15.93	34.97	39.28	809.243	655.282	15.93	156	2018-08-17T07:41:10.492599825Z	37.89	kafka-001	51.3
15.93	36.15	38.95	540.071	659.013	15.93	157	2018-08-17T07:41:17.503321804Z	39.28	kafka-001	51.31
15.93	36.44	35.65	548.036	666.471	15.93	158	2018-08-17T07:41:24.515147601Z	38.95	kafka-001	51.31
15.93	37.23	38.72	831.822	668.776	15.93	158	2018-08-17T07:41:31.530482328Z	35.65	kafka-001	51.31
15.93	37.63	40.5	555.969	677.733	15.93	159	2018-08-17T07:41:38.542427479Z	38.72	kafka-001	51.32
15.93	38.5	40.36	838.667	676.757	15.93	160	2018-08-17T07:41:45.554912744Z	40.5	kafka-001	51.33
15.93	38.91	35.24	560.879	691.428	15.93	161	2018-08-17T07:41:52.566626479Z	40.36	kafka-001	51.33
15.93	38.24	39.52	561.298	689.755	15.93	162	2018-08-17T07:41:59.579155104Z	35.24	kafka-001	51.34
15.93	38.33	34.38	840.613	689.362	15.93	163	2018-08-17T07:42:06.598353482Z	39.52	kafka-001	51.34
15.93	38.12	41.7	565.851	696.375	15.93	164	2018-08-17T07:42:13.609933017Z	34.38	kafka-001	51.34
15.93	38.62	40.42	858.34	704.782	15.93	165	2018-08-17T07:42:20.620971249Z	41.7	kafka-001	51.35
15.93	38.6	40.05	577.756	704.781	15.93	166	2018-08-17T07:42:27.633333237Z	40.42	kafka-001	51.36
15.93	38.55	40.76	574.334	705.213	15.93	166	2018-08-17T07:42:34.644616968Z	40.05	kafka-001	51.36
15.93	39.47	41.26	867.546	709.574	15.93	167	2018-08-17T07:42:41.660403721Z	40.76	kafka-001	51.36
15.93	39.76	41.72	577.776	704.809	15.93	168	2018-08-17T07:42:48.674898708Z	41.26	kafka-001	51.37
15.93	40.98	48.43	877.418	709.336	15.93	169	2018-08-17T07:42:55.688132387Z	41.72	kafka-001	51.37
15.93	42.11	38.8	587.445	721.953	15.93	170	2018-08-17T07:43:02.700289835Z	48.43	kafka-001	51.38
15.93	41.84	41.65	588.64	721.669	15.93	171	2018-08-17T07:43:09.712813925Z	38.8	kafka-001	51.38
15.93	42.1	41.51	889.79	732.018	15.93	172	2018-08-17T07:43:16.724663751Z	41.65	kafka-001	51.39
15.93	42.23	43.0	593.65	729.571	15.93	173	2018-08-17T07:43:23.737223782Z	41.51	kafka-001	51.39
15.93	42.52	38.2	894.423	739.83	15.93	173	2018-08-17T07:43:30.751454855Z	43.0	kafka-001	51.4
15.93	41.93	43.31	600.993	741.563	15.93	174	2018-08-17T07:43:37.763971002Z	38.2	kafka-001	51.4
15.93	41.08	39.9	603.238	749.601	15.93	175	2018-08-17T07:43:44.776974627Z	43.31	kafka-001	51.41
15.93	41.26	42.8	921.95	755.182	15.93	176	2018-08-17T07:43:51.790732433Z	39.9	kafka-001	51.42
15.93	41.45	42.83	606.824	742.025	15.93	177	2018-08-17T07:43:58.804417151Z	42.8	kafka-001	51.42
15.93	41.67	43.17	922.616	753.136	15.93	178	2018-08-17T07:44:05.819928789Z	42.83	kafka-001	51.42
15.93	41.7	40.27	614.054	752.679	15.93	178	2018-08-17T07:44:12.834634296Z	43.17	kafka-001	51.43
15.93	42.05	42.45	618.499	758.477	15.93	179	2018-08-17T07:44:19.849650867Z	40.27	kafka-001	51.43
15.93	41.9	41.52	930.873	767.768	15.93	180	2018-08-17T07:44:26.8597046Z	42.45	kafka-001	51.44
15.93	42.17	38.92	621.596	769.292	15.93	181	2018-08-17T07:44:33.871866365Z	41.52	kafka-001	51.44
15.93	41.53	42.64	949.553	780.645	15.93	182	2018-08-17T07:44:40.882725383Z	38.92	kafka-001	51.45
15.93	41.49	43.75	627.757	774.725	15.93	182	2018-08-17T07:44:47.894573718Z	42.64	kafka-001	51.46
15.93	41.59	46.6	631.887	776.525	15.93	183	2018-08-17T07:44:54.906931039Z	43.75	kafka-001	51.46
15.93	42.65	43.18	949.82	778.001	15.93	184	2018-08-17T07:45:01.920749349Z	46.6	kafka-001	51.47
15.93	42.77	44.38	640.751	784.968	15.93	185	2018-08-17T07:45:08.930923548Z	43.18	kafka-001	51.47
15.93	43.24	46.73	962.09	771.442	15.93	186	2018-08-17T07:45:15.943202569Z	44.38	kafka-001	51.48
15.93	44.55	44.9	641.382	792.545	15.93	187	2018-08-17T07:45:22.956282389Z	46.73	kafka-001	51.48
15.93	44.92	44.22	646.025	793.851	15.93	187	2018-08-17T07:45:29.968910693Z	44.9	kafka-001	51.49
15.93	45.0	44.61	985.569	798.068	15.93	188	2018-08-17T07:45:36.983106181Z	44.22	kafka-001	51.49
15.93	44.67	47.7	650.998	801.555	15.93	189	2018-08-17T07:45:43.995198225Z	44.61	kafka-001	51.5
15.93	45.42	46.89	991.129	807.722	15.93	190	2018-08-17T07:45:51.010267416Z	47.7	kafka-001	51.5
15.93	45.84	45.05	650.929	800.541	15.93	191	2018-08-17T07:45:58.022665761Z	46.89	kafka-001	51.51
15.93	45.56	44.1	658.907	809.303	15.93	191	2018-08-17T07:46:05.033736319Z	45.05	kafka-001	51.51
15.93	45.43	45.6	990.179	809.084	15.93	192	2018-08-17T07:46:12.045616078Z	44.1	kafka-001	51.52
15.93	45.66	46.64	661.809	813.266	15.93	193	2018-08-17T07:46:19.056091086Z	45.6	kafka-001	51.53
15.93	46.0	44.34	1005.29	823.357	15.93	194	2018-08-17T07:46:26.067181518Z	46.64	kafka-001	51.53
15.93	45.44	44.85	660.53	815.261	15.93	194	2018-08-17T07:46:33.076183561Z	44.34	kafka-001	51.54
15.93	45.1	46.39	1018.021	831.652	15.93	195	2018-08-17T07:46:40.087919786Z	44.85	kafka-001	51.54
15.93	45.32	46.97	675.107	828.582	15.93	196	2018-08-17T07:46:47.096448058Z	46.39	kafka-001	51.55
15.93	45.8	46.99	674.464	826.674	15.93	197	2018-08-17T07:46:54.107893433Z	46.97	kafka-001	51.56
15.93	46.03	45.01	1019.282	835.36	15.93	198	2018-08-17T07:47:01.116919518Z	46.99	kafka-001	51.56
15.93	45.76	46.54	680.446	836.113	15.93	198	2018-08-17T07:47:08.127619542Z	45.01	kafka-001	51.57
15.93	46.12	47.79	1027.954	841.592	15.93	199	2018-08-17T07:47:15.140621563Z	46.54	kafka-001	51.57
15.93	46.61	47.56	680.634	828.275	15.93	200	2018-08-17T07:47:22.154874427Z	47.79	kafka-001	51.58
15.93	46.81	42.81	691.681	851.451	15.93	201	2018-08-17T07:47:29.168609367Z	47.56	kafka-001	51.58
15.93	46.12	49.21	1045.911	860.454	15.93	201	2018-08-17T07:47:36.180800879Z	42.81	kafka-001	51.59
15.93	46.49	49.81	693.095	867.281	15.93	202	2018-08-17T07:47:43.192495545Z	49.21	kafka-001	51.6
15.93	47.29	51.52	1060.495	872.832	15.93	203	2018-08-17T07:47:50.204857931Z	49.81	kafka-001	51.6
15.93	48.12	50.4	701.868	869.191	15.93	204	2018-08-17T07:47:57.219640371Z	51.52	kafka-001	51.61
15.93	48.55	50.03	719.574	874.869	15.93	204	2018-08-17T07:48:04.235345543Z	50.4	kafka-001	51.61
15.93	48.96	49.68	1048.399	877.828	15.93	205	2018-08-17T07:48:11.247628662Z	50.03	kafka-001	51.62
15.93	50.11	49.7	704.678	864.177	15.93	206	2018-08-17T07:48:18.257810767Z	49.68	kafka-001	51.63
15.93	50.19	54.61	1062.999	866.009	15.93	207	2018-08-17T07:48:25.269347327Z	49.7	kafka-001	51.63
15.93	50.99	49.14	702.838	879.408	15.93	207	2018-08-17T07:48:32.284593944Z	54.61	kafka-001	51.64
15.93	50.59	45.18	711.9	872.552	15.93	208	2018-08-17T07:48:39.293630734Z	49.14	kafka-001	51.64
15.93	49.72	49.14	1086.578	883.993	15.93	209	2018-08-17T07:48:46.306828493Z	45.18	kafka-001	51.65
15.93	49.57	49.99	721.174	887.417	15.93	210	2018-08-17T07:48:53.31809083Z	49.14	kafka-001	51.66
15.93	49.63	50.14	1089.926	890.596	15.93	210	2018-08-17T07:49:00.330208478Z	49.99	kafka-001	51.66
15.93	49.7	48.04	721.739	895.935	15.93	211	2018-08-17T07:49:07.339932111Z	50.14	kafka-001	51.67
15.93	48.6	50.48	720.143	895.397	15.93	212	2018-08-17T07:49:14.352135356Z	48.04	kafka-001	51.67
15.93	48.83	51.43	1096.619	905.016	15.93	213	2018-08-17T07:49:21.364732052Z	50.48	kafka-001	51.68
15.93	49.87	50.33	729.17	906.327	15.93	213	2018-08-17T07:49:28.3774679Z	51.43	kafka-001	51.69
15.93	50.07	52.54	1103.947	893.966	15.93	214	2018-08-17T07:49:35.389192072Z	50.33	kafka-001	51.69
15.93	50.49	49.53	737.813	907.363	15.93	215	2018-08-17T07:49:42.401601427Z	52.54	kafka-001	51.7
15.93	50.39	49.23	729.554	893.995	15.93	215	2018-08-17T07:49:49.415157811Z	49.53	kafka-001	51.7
15.93	50.59	49.43	1117.645	916.384	15.93	216	2018-08-17T07:49:56.42622648Z	49.23	kafka-001	51.71
15.93	50.41	31.94	743.724	919.437	15.93	217	2018-08-17T07:50:03.434993639Z	49.43	kafka-001	51.72
15.93	47.17	50.89	1120.319	926.226	15.93	217	2018-08-17T07:50:10.444429016Z	31.94	kafka-001	51.72
15.93	47.26	51.04	748.358	916.519	15.93	218	2018-08-17T07:50:17.455738802Z	50.89	kafka-001	51.73
15.93	47.01	45.69	745.852	921.027	15.93	219	2018-08-17T07:50:24.467021198Z	51.04	kafka-001	51.74
15.93	46.37	49.06	1133.841	933.107	15.93	220	2018-08-17T07:50:31.477537957Z	45.69	kafka-001	51.74
15.93	46.34	52.75	749.52	917.372	15.93	220	2018-08-17T07:50:38.489449643Z	49.06	kafka-001	51.75
15.93	46.89	54.28	1146.028	938.688	15.93	221	2018-08-17T07:50:45.500902043Z	52.75	kafka-001	51.76
15.93	50.62	50.25	758.256	939.001	15.93	222	2018-08-17T07:50:52.513131346Z	54.28	kafka-001	51.76
15.93	50.51	53.18	753.182	927.533	15.93	222	2018-08-17T07:50:59.527527052Z	50.25	kafka-001	51.77
15.93	50.87	50.09	1155.81	951.284	15.93	223	2018-08-17T07:51:06.539409386Z	53.18	kafka-001	51.77
15.93	51.6	54.68	759.935	950.149	15.93	224	2018-08-17T07:51:13.550676931Z	50.09	kafka-001	51.78
15.93	52.54	50.34	1165.812	955.036	15.93	224	2018-08-17T07:51:20.561789493Z	54.68	kafka-001	51.79
15.93	52.14	53.23	770.852	947.995	15.93	225	2018-08-17T07:51:27.573842511Z	50.34	kafka-001	51.8
15.93	51.96	51.0	760.996	948.866	15.93	226	2018-08-17T07:51:34.585015465Z	53.23	kafka-001	51.8
15.93	52.09	53.3	1169.399	951.109	15.93	226	2018-08-17T07:51:41.595557929Z	51.0	kafka-001	51.81
15.93	52.11	54.64	777.029	960.531	15.93	227	2018-08-17T07:51:48.607895751Z	53.3	kafka-001	51.81
15.93	52.86	55.42	1174.519	960.446	15.93	228	2018-08-17T07:51:55.619505047Z	54.64	kafka-001	51.82
15.93	52.99	53.49	780.116	956.691	15.93	228	2018-08-17T07:52:02.631757336Z	55.42	kafka-001	51.83
15.93	53.51	52.54	784.274	959.307	15.93	229	2018-08-17T07:52:09.643922067Z	53.49	kafka-001	51.84
15.93	53.4	52.15	1182.63	977.132	15.93	230	2018-08-17T07:52:16.655256657Z	52.54	kafka-001	51.84
15.93	53.59	54.26	789.014	975.173	15.93	230	2018-08-17T07:52:23.667488109Z	52.15	kafka-001	51.85
15.93	53.75	52.25	1192.58	978.807	15.93	231	2018-08-17T07:52:30.682452446Z	54.26	kafka-001	51.86
15.93	53.35	55.4	790.895	980.632	15.93	232	2018-08-17T07:52:37.694508351Z	52.25	kafka-001	51.86
15.93	53.35	55.38	799.672	986.005	15.93	232	2018-08-17T07:52:44.709343869Z	55.4	kafka-001	51.87
15.93	53.66	52.16	1208.256	987.98	15.93	233	2018-08-17T07:52:51.719674619Z	55.38	kafka-001	51.88
15.93	53.6	56.41	798.351	975.047	15.93	234	2018-08-17T07:52:58.731352977Z	52.16	kafka-001	51.88
15.93	54.31	58.94	1221.764	1002.338	15.93	234	2018-08-17T07:53:05.742867012Z	56.41	kafka-001	51.89
15.93	55.09	54.49	806.198	997.591	15.93	235	2018-08-17T07:53:12.753875796Z	58.94	kafka-001	51.9
15.93	55.46	55.32	804.406	998.089	15.93	236	2018-08-17T07:53:19.765075799Z	54.49	kafka-001	51.9
15.93	55.45	53.73	1223.895	1000.717	15.93	236	2018-08-17T07:53:26.778623704Z	55.32	kafka-001	51.91
15.93	55.17	54.6	812.166	990.32	15.93	237	2018-08-17T07:53:33.790905624Z	53.73	kafka-001	51.92
15.93	55.58	56.06	1235.448	1000.068	15.93	238	2018-08-17T07:53:40.804921991Z	54.6	kafka-001	51.93
15.93	55.52	56.49	807.724	999.871	15.93	238	2018-08-17T07:53:47.816501114Z	56.06	kafka-001	51.93
15.93	55.11	55.92	816.886	1002.972	15.93	239	2018-08-17T07:53:54.83037961Z	56.49	kafka-001	51.94
15.93	55.35	53.33	1240.468	1002.81	15.93	240	2018-08-17T07:54:01.842190884Z	55.92	kafka-001	51.95
15.93	55.02	55.79	827.407	1009.236	15.93	240	2018-08-17T07:54:08.854527631Z	53.33	kafka-001	51.95
15.93	55.36	58.04	1236.111	1018.148	15.93	241	2018-08-17T07:54:15.866862363Z	55.79	kafka-001	51.96
15.93	55.94	53.75	824.826	1025.359	15.93	242	2018-08-17T07:54:22.878837867Z	58.04	kafka-001	51.97
15.93	55.55	55.63	831.331	1025.819	15.93	242	2018-08-17T07:54:29.899958397Z	53.75	kafka-001	51.97
15.93	55.41	57.5	1255.75	1025.242	15.93	243	2018-08-17T07:54:36.910991947Z	55.63	kafka-001	51.98
15.93	55.67	58.2	836.494	1021.681	15.93	243	2018-08-17T07:54:43.922484029Z	57.5	kafka-001	51.99
15.93	56.48	57.64	1260.192	1020.046	15.93	244	2018-08-17T07:54:50.934015853Z	58.2	kafka-001	52.0
15.93	56.79	56.52	834.713	1021.973	15.93	245	2018-08-17T07:54:57.944596435Z	57.64	kafka-001	52.0
15.93	56.54	47.02	831.21	1029.229	15.93	245	2018-08-17T07:55:04.954571725Z	56.52	kafka-001	52.01
15.93	55.42	56.69	1267.649	1037.03	15.93	246	2018-08-17T07:55:11.96578926Z	47.02	kafka-001	52.02
15.93	55.59	59.74	837.103	1030.833	15.93	247	2018-08-17T07:55:18.975950103Z	56.69	kafka-001	52.02
15.93	55.97	59.05	1269.044	1031.666	15.93	247	2018-08-17T07:55:25.987700352Z	59.74	kafka-001	52.03
15.93	56.11	57.56	836.132	1030.029	15.93	248	2018-08-17T07:55:32.998926655Z	59.05	kafka-001	52.04
15.93	56.1	58.89	847.392	1044.684	15.93	248	2018-08-17T07:55:40.009691967Z	57.56	kafka-001	52.04
15.93	56.49	56.67	1281.367	1045.065	15.93	249	2018-08-17T07:55:47.023314034Z	58.89	kafka-001	52.05
15.93	58.1	60.22	852.451	1052.481	15.93	250	2018-08-17T07:55:54.035532603Z	56.67	kafka-001	52.06
15.93	58.69	58.74	1291.397	1054.842	15.93	250	2018-08-17T07:56:01.046868726Z	60.22	kafka-001	52.07
15.93	58.52	57.14	855.764	1055.167	15.93	251	2018-08-17T07:56:08.057943292Z	58.74	kafka-001	52.07
15.93	58.2	54.97	1297.465	1050.547	15.93	251	2018-08-17T07:56:15.070154489Z	57.14	kafka-001	52.08
15.93	57.77	58.21	861.976	1055.497	15.93	252	2018-08-17T07:56:22.087106945Z	54.97	kafka-001	52.09
15.93	57.66	53.92	853.178	1056.578	15.93	253	2018-08-17T07:56:29.100148137Z	58.21	kafka-001	52.1
15.93	57.2	59.77	1306.581	1073.48	15.93	253	2018-08-17T07:56:36.111518717Z	53.92	kafka-001	52.1
15.93	57.12	60.13	865.923	1060.142	15.93	254	2018-08-17T07:56:43.121541748Z	59.77	kafka-001	52.11
15.93	57.36	59.93	1312.392	1075.371	15.93	255	2018-08-17T07:56:50.132369352Z	60.13	kafka-001	52.12
15.93	57.82	60.67	862.656	1067.241	15.93	255	2018-08-17T07:56:57.145789722Z	59.93	kafka-001	52.13
15.93	58.77	59.92	869.962	1071.627	15.93	256	2018-08-17T07:57:04.15851974Z	60.67	kafka-001	52.13
15.93	59.06	61.15	1318.727	1080.665	15.93	256	2018-08-17T07:57:11.169414587Z	59.92	kafka-001	52.14
15.93	60.26	59.94	880.769	1081.988	15.93	257	2018-08-17T07:57:18.18276736Z	61.15	kafka-001	52.15
15.93	60.29	57.69	1329.651	1085.93	15.93	258	2018-08-17T07:57:25.194501783Z	59.94	kafka-001	52.15
15.93	59.88	60.71	877.902	1095.227	15.93	258	2018-08-17T07:57:32.215303561Z	57.69	kafka-001	52.16
15.93	60.01	56.76	877.266	1091.759	15.93	259	2018-08-17T07:57:39.230211647Z	60.71	kafka-001	52.17
15.93	59.36	61.49	1336.822	1096.563	15.93	259	2018-08-17T07:57:46.242479944Z	56.76	kafka-001	52.18
15.93	59.62	60.03	888.876	1094.684	15.93	260	2018-08-17T07:57:53.255948179Z	61.49	kafka-001	52.18
15.93	59.44	62.63	1337.622	1098.802	15.93	261	2018-08-17T07:58:00.266316605Z	60.03	kafka-001	52.19
15.93	59.88	58.83	893.634	1103.775	15.93	261	2018-08-17T07:58:07.279617947Z	62.63	kafka-001	52.2
15.93	60.07	60.87	889.012	1107.769	15.93	262	2018-08-17T07:58:14.292269775Z	58.83	kafka-001	52.21
15.93	60.1	56.41	1346.443	1090.152	15.93	262	2018-08-17T07:58:21.304794823Z	60.87	kafka-001	52.22
15.93	60.04	61.92	887.254	1099.801	15.93	263	2018-08-17T07:58:28.318281797Z	56.41	kafka-001	52.22
15.93	60.11	63.3	1352.474	1102.244	15.93	263	2018-08-17T07:58:35.330136658Z	61.92	kafka-001	52.23
15.93	60.66	61.65	901.038	1107.055	15.93	264	2018-08-17T07:58:42.341494903Z	63.3	kafka-001	52.24
15.93	60.5	55.15	899.253	1113.677	15.93	265	2018-08-17T07:58:49.354633936Z	61.65	kafka-001	52.25
15.93	59.88	63.23	1366.877	1121.404	15.93	265	2018-08-17T07:58:56.36834286Z	55.15	kafka-001	52.26
15.93	60.28	61.65	910.088	1127.455	15.93	266	2018-08-17T07:59:03.379581214Z	63.23	kafka-001	52.26
15.93	61.15	62.88	1380.211	1130.318	15.93	266	2018-08-17T07:59:10.391505627Z	61.65	kafka-001	52.27
15.93	61.31	60.89	902.631	1128.621	15.93	267	2018-08-17T07:59:17.406158953Z	62.88	kafka-001	52.28
15.93	60.91	65.0	909.391	1135.845	15.93	268	2018-08-17T07:59:24.418804717Z	60.89	kafka-001	52.29
15.93	61.47	64.16	1385.609	1141.374	15.93	268	2018-08-17T07:59:31.429855036Z	65.0	kafka-001	52.29
15.93	62.97	63.12	906.374	1130.171	15.93	269	2018-08-17T07:59:38.441194783Z	64.16	kafka-001	52.3
15.93	62.95	61.39	1384.2	1136.452	15.93	269	2018-08-17T07:59:45.452573762Z	63.12	kafka-001	52.31
15.93	62.91	64.68	916.936	1140.305	15.93	270	2018-08-17T07:59:52.467550068Z	61.39	kafka-001	52.32
15.93	63.21	63.0	923.575	1143.763	15.93	271	2018-08-17T07:59:59.478448705Z	64.68	kafka-001	52.33
15.93	63.56	43.96	1406.69	1153.408	15.93	271	2018-08-17T08:00:06.487717341Z	63.0	kafka-001	52.33
15.93	60.05	62.13	922.122	1135.557	15.93	272	2018-08-17T08:00:13.497494326Z	43.96	kafka-001	52.34
15.93	59.71	63.02	1412.918	1144.958	15.93	272	2018-08-17T08:00:20.511533073Z	62.13	kafka-001	52.35
15.93	59.7	64.35	927.727	1147.167	15.93	273	2018-08-17T08:00:27.521945971Z	63.02	kafka-001	52.36
15.93	60.19	62.67	931.108	1149.035	15.93	273	2018-08-17T08:00:34.534406722Z	64.35	kafka-001	52.37
15.93	59.85	62.76	1411.702	1156.576	15.93	274	2018-08-17T08:00:41.542830897Z	62.67	kafka-001	52.37
15.93	59.81	66.9	943.301	1166.039	15.93	275	2018-08-17T08:00:48.553599459Z	62.76	kafka-001	52.38
15.93	63.64	62.66	1430.446	1178.634	15.93	275	2018-08-17T08:00:55.563555599Z	66.9	kafka-001	52.39
15.93	63.73	64.42	940.715	1177.961	15.93	276	2018-08-17T08:01:02.572914738Z	62.66	kafka-001	52.4
15.93	63.96	64.58	944.998	1181.087	15.93	276	2018-08-17T08:01:09.587514044Z	64.42	kafka-001	52.41
15.93	64.0	63.61	1415.933	1174.412	15.93	277	2018-08-17T08:01:16.598099448Z	64.58	kafka-001	52.41
15.93	64.15	65.05	943.082	1179.609	15.93	277	2018-08-17T08:01:23.609163776Z	63.61	kafka-001	52.42
15.93	64.54	62.82	1432.387	1183.152	15.93	278	2018-08-17T08:01:30.621068156Z	65.05	kafka-001	52.43
15.93	63.86	64.1	951.181	1181.674	15.93	278	2018-08-17T08:01:37.631903069Z	62.82	kafka-001	52.44
15.93	64.1	64.62	946.069	1177.785	15.93	279	2018-08-17T08:01:44.642931486Z	64.1	kafka-001	52.45
15.93	64.13	61.46	1437.085	1184.329	15.93	280	2018-08-17T08:01:51.660104898Z	64.62	kafka-001	52.45
15.93	63.61	66.43	953.151	1181.475	15.93	280	2018-08-17T08:01:58.67057097Z	61.46	kafka-001	52.46
15.93	64.08	61.55	1448.986	1188.538	15.93	281	2018-08-17T08:02:05.679970121Z	66.43	kafka-001	52.47
15.93	63.5	64.53	957.747	1193.585	15.93	281	2018-08-17T08:02:12.690681898Z	61.55	kafka-001	52.48
15.93	63.78	61.92	959.218	1187.753	15.93	282	2018-08-17T08:02:19.702005049Z	64.53	kafka-001	52.49
15.93	63.42	64.4	1458.688	1191.394	15.93	282	2018-08-17T08:02:26.714104295Z	61.92	kafka-001	52.5
15.93	63.38	64.88	956.864	1194.991	15.93	283	2018-08-17T08:02:33.726204579Z	64.4	kafka-001	52.5
15.93	63.95	62.21	1458.552	1190.38	15.93	283	2018-08-17T08:02:40.736538631Z	64.88	kafka-001	52.51
15.93	63.25	65.73	960.65	1188.604	15.93	284	2018-08-17T08:02:47.747267467Z	62.21	kafka-001	52.52
15.93	63.94	64.49	966.15	1202.208	15.93	284	2018-08-17T08:02:54.758422718Z	65.73	kafka-001	52.53
15.93	63.94	71.14	1466.77	1201.464	15.93	285	2018-08-17T08:03:01.770396139Z	64.49	kafka-001	52.54
15.93	65.47	67.75	968.71	1203.763	15.93	286	2018-08-17T08:03:08.783059841Z	71.14	kafka-001	52.54
15.93	66.03	63.84	1471.249	1213.104	15.93	286	2018-08-17T08:03:15.792404932Z	67.75	kafka-001	52.55
15.93	65.86	64.66	969.596	1210.541	15.93	287	2018-08-17T08:03:22.802752708Z	63.84	kafka-001	52.56
15.93	66.27	67.03	977.899	1208.289	15.93	287	2018-08-17T08:03:29.81347533Z	64.66	kafka-001	52.57
15.93	66.48	87.52	1474.545	1214.916	15.93	288	2018-08-17T08:03:36.825499925Z	67.03	kafka-001	52.58
15.93	70.32	66.03	979.066	1218.397	15.93	288	2018-08-17T08:03:43.833749224Z	87.52	kafka-001	52.59
15.93	69.47	62.69	1487.79	1215.232	15.93	289	2018-08-17T08:03:50.84476199Z	66.03	kafka-001	52.59
15.93	68.63	75.61	979.871	1220.805	15.93	289	2018-08-17T08:03:57.856030884Z	62.69	kafka-001	52.61
15.93	70.59	68.97	984.307	1226.005	15.93	290	2018-08-17T08:04:04.868801003Z	75.61	kafka-001	52.61
15.93	71.31	64.94	1494.325	1232.204	15.93	290	2018-08-17T08:04:11.882729874Z	68.97	kafka-001	52.62
15.93	70.96	65.41	995.418	1231.771	15.93	291	2018-08-17T08:04:18.895637472Z	64.94	kafka-001	52.63
15.93	67.27	67.16	1505.115	1229.887	15.93	292	2018-08-17T08:04:25.906316652Z	65.41	kafka-001	52.64
15.93	67.46	62.98	984.778	1216.738	15.93	292	2018-08-17T08:04:32.918843258Z	67.16	kafka-001	52.65
15.93	67.51	68.34	996.558	1231.019	15.93	293	2018-08-17T08:04:39.930124341Z	62.98	kafka-001	52.66
15.93	66.3	73.12	1509.537	1234.288	15.93	293	2018-08-17T08:04:46.941894998Z	68.34	kafka-001	52.66
15.93	66.99	63.7	999.401	1237.569	15.93	294	2018-08-17T08:04:53.952452791Z	73.12	kafka-001	52.67
15.93	66.78	68.18	1524.149	1243.342	15.93	294	2018-08-17T08:05:00.962866444Z	63.7	kafka-001	52.68
15.93	67.25	67.37	1007.288	1241.921	15.93	295	2018-08-17T08:05:07.974623909Z	68.18	kafka-001	52.69
15.93	67.28	65.56	993.524	1240.531	15.93	295	2018-08-17T08:05:14.987604674Z	67.37	kafka-001	52.7
15.93	67.71	67.16	1522.92	1240.344	15.93	296	2018-08-17T08:05:21.999077464Z	65.56	kafka-001	52.71
15.93	67.51	70.35	1002.756	1240.179	15.93	296	2018-08-17T08:05:29.009745519Z	67.16	kafka-001	52.72
15.93	67.05	69.86	1526.843	1249.188	15.93	297	2018-08-17T08:05:36.020739528Z	70.35	kafka-001	52.72
15.93	68.08	69.14	1015.312	1262.121	15.93	297	2018-08-17T08:05:43.032894165Z	69.86	kafka-001	52.73
15.93	68.24	69.88	1024.229	1263.708	15.93	298	2018-08-17T08:05:50.045067202Z	69.14	kafka-001	52.74
15.93	68.66	67.73	1534.16	1260.185	15.93	298	2018-08-17T08:05:57.057508055Z	69.88	kafka-001	52.75
15.93	69.02	69.86	1016.701	1258.643	15.93	299	2018-08-17T08:06:04.068036921Z	67.73	kafka-001	52.76
15.93	69.47	65.51	1557.648	1271.05	15.93	299	2018-08-17T08:06:11.079896709Z	69.86	kafka-001	52.77
15.93	68.66	69.74	1016.852	1259.905	15.93	300	2018-08-17T08:06:18.090986324Z	65.51	kafka-001	52.78
15.93	68.64	71.16	1548.879	1276.642	15.93	300	2018-08-17T08:06:25.102607292Z	69.74	kafka-001	52.79
15.93	68.98	70.68	1022.543	1269.565	15.93	301	2018-08-17T08:06:32.117112446Z	71.16	kafka-001	52.8
15.93	69.11	70.51	1020.812	1271.617	15.93	301	2018-08-17T08:06:39.129068843Z	70.68	kafka-001	52.8
15.93	69.58	70.65	1556.964	1272.746	15.93	302	2018-08-17T08:06:46.141368001Z	70.51	kafka-001	52.81
15.93	69.71	66.78	1029.451	1274.716	15.93	302	2018-08-17T08:06:53.155332797Z	70.65	kafka-001	52.82
15.93	69.92	72.55	1572.147	1295.321	15.93	303	2018-08-17T08:07:00.167610486Z	66.78	kafka-001	52.83
15.93	70.39	65.05	1032.84	1290.423	15.93	303	2018-08-17T08:07:07.179234631Z	72.55	kafka-001	52.84
15.93	69.37	71.33	1042.997	1296.216	15.93	304	2018-08-17T08:07:14.194666145Z	65.05	kafka-001	52.85
15.93	69.48	63.95	1565.747	1287.445	15.93	304	2018-08-17T08:07:21.204948252Z	71.33	kafka-001	52.86
15.93	68.38	70.15	1037.841	1292.348	15.93	305	2018-08-17T08:07:28.216040558Z	63.95	kafka-001	52.87
15.93	68.3	71.57	1572.11	1291.043	15.93	305	2018-08-17T08:07:35.227363263Z	70.15	kafka-001	52.87
15.93	69.1	73.02	1041.341	1299.883	15.93	306	2018-08-17T08:07:42.238868854Z	71.57	kafka-001	52.88
15.93	69.18	66.42	1039.886	1293.943	15.93	307	2018-08-17T08:07:49.251460571Z	73.02	kafka-001	52.89
15.93	69.41	69.9	1577.293	1303.492	15.93	307	2018-08-17T08:07:56.263547688Z	66.42	kafka-001	52.9
15.93	69.17	72.24	1045.09	1300.579	15.93	308	2018-08-17T08:08:03.27749289Z	69.9	kafka-001	52.91
15.93	70.55	75.23	1578.685	1294.988	15.93	308	2018-08-17T08:08:10.289970856Z	72.24	kafka-001	52.92
15.93	71.4	68.49	1043.365	1306.114	15.93	309	2018-08-17T08:08:17.302912834Z	75.23	kafka-001	52.93
15.93	70.88	70.92	1045.759	1310.27	15.93	309	2018-08-17T08:08:24.315209891Z	68.49	kafka-001	52.94
15.93	70.53	71.06	1592.396	1312.96	15.93	310	2018-08-17T08:08:31.334601233Z	70.92	kafka-001	52.95
15.93	71.31	71.22	1051.288	1298.293	15.93	310	2018-08-17T08:08:38.346469879Z	71.06	kafka-001	52.96
15.93	71.53	71.94	1593.521	1316.906	15.93	311	2018-08-17T08:08:45.35749167Z	71.22	kafka-001	52.96
15.93	71.48	71.79	1057.253	1318.511	15.93	311	2018-08-17T08:08:52.369898583Z	71.94	kafka-001	52.98
15.93	70.9	73.85	1058.132	1320.603	15.93	312	2018-08-17T08:08:59.382177337Z	71.79	kafka-001	52.98
15.93	71.8	72.22	1604.739	1316.846	15.93	312	2018-08-17T08:09:06.393886227Z	73.85	kafka-001	52.99
15.93	72.01	69.44	1054.937	1328.707	15.93	313	2018-08-17T08:09:13.40645582Z	72.22	kafka-001	53.0
15.93	71.74	73.01	1613.984	1334.234	15.93	313	2018-08-17T08:09:20.417424832Z	69.44	kafka-001	53.01
15.93	72.04	68.79	1070.481	1339.378	15.93	314	2018-08-17T08:09:27.427720132Z	73.01	kafka-001	53.02
15.93	71.52	83.71	1062.249	1325.894	15.93	314	2018-08-17T08:09:34.442476528Z	68.79	kafka-001	53.03
15.93	73.5	68.41	1616.748	1340.998	15.93	315	2018-08-17T08:09:41.453657865Z	83.71	kafka-001	53.04
15.93	72.6	75.45	1069.663	1338.305	15.93	315	2018-08-17T08:09:48.46600746Z	68.41	kafka-001	53.05
15.93	73.13	72.92	1625.17	1338.202	15.93	316	2018-08-17T08:09:55.478333983Z	75.45	kafka-001	53.06
15.93	73.71	45.48	1069.204	1338.417	15.93	316	2018-08-17T08:10:02.488460803Z	72.92	kafka-001	53.07
15.93	69.13	74.12	1061.536	1338.757	15.93	317	2018-08-17T08:10:09.499114235Z	45.48	kafka-001	53.07
15.93	70.02	71.9	1629.962	1334.008	15.93	317	2018-08-17T08:10:16.512781982Z	74.12	kafka-001	53.09
15.93	68.05	74.09	1082.963	1346.783	15.93	318	2018-08-17T08:10:23.524276869Z	71.9	kafka-001	53.09
15.93	68.99	76.38	1638.667	1351.721	15.93	318	2018-08-17T08:10:30.535317261Z	74.09	kafka-001	53.1
15.93	69.15	69.49	1074.38	1352.01	15.93	318	2018-08-17T08:10:37.54643119Z	76.38	kafka-001	53.11
15.93	68.58	74.44	1084.116	1351.219	15.93	319	2018-08-17T08:10:44.563265943Z	69.49	kafka-001	53.12
15.93	73.4	72.92	1640.163	1359.172	15.93	319	2018-08-17T08:10:51.574269254Z	74.44	kafka-001	53.13
15.93	73.2	74.76	1079.001	1359.085	15.93	320	2018-08-17T08:10:58.585823202Z	72.92	kafka-001	53.14
15.93	73.68	76.5	1650.661	1366.856	15.93	320	2018-08-17T08:11:05.597924614Z	74.76	kafka-001	53.15
15.93	74.08	71.76	1088.381	1361.035	15.93	321	2018-08-17T08:11:12.610325517Z	76.5	kafka-001	53.16
15.93	73.31	67.29	1088.024	1348.563	15.93	321	2018-08-17T08:11:19.621482505Z	71.76	kafka-001	53.17
15.93	72.95	71.25	1653.329	1355.022	15.93	322	2018-08-17T08:11:26.634412387Z	67.29	kafka-001	53.18
15.93	72.41	79.33	1095.746	1364.042	15.93	322	2018-08-17T08:11:33.648361977Z	71.25	kafka-001	53.19
15.93	73.48	74.37	1657.534	1369.095	15.93	323	2018-08-17T08:11:40.658823101Z	79.33	kafka-001	53.2
15.93	73.42	72.32	1093.966	1367.347	15.93	323	2018-08-17T08:11:47.668641795Z	74.37	kafka-001	53.21
15.93	72.72	74.08	1098.643	1361.247	15.93	324	2018-08-17T08:11:54.682476163Z	72.32	kafka-001	53.22
15.93	73.11	69.87	1669.201	1366.474	15.93	324	2018-08-17T08:12:01.693710254Z	74.08	kafka-001	53.22
15.93	73.54	77.63	1104.613	1376.613	15.93	325	2018-08-17T08:12:08.70641648Z	69.87	kafka-001	53.24
15.93	74.6	72.34	1671.404	1368.648	15.93	325	2018-08-17T08:12:15.718349309Z	77.63	kafka-001	53.24
15.93	73.43	74.78	1108.962	1371.343	15.93	326	2018-08-17T08:12:22.730369869Z	72.34	kafka-001	53.25
15.93	73.5	75.99	1110.769	1373.327	15.93	326	2018-08-17T08:12:29.741450913Z	74.78	kafka-001	53.26
15.93	74.11	70.84	1667.785	1384.518	15.93	327	2018-08-17T08:12:36.757743759Z	75.99	kafka-001	53.27
15.93	73.58	71.12	1117.021	1377.931	15.93	327	2018-08-17T08:12:43.768537496Z	70.84	kafka-001	53.28
15.93	73.78	76.4	1680.511	1392.412	15.93	328	2018-08-17T08:12:50.784580273Z	71.12	kafka-001	53.29
15.93	73.58	71.19	1108.008	1378.651	15.93	328	2018-08-17T08:12:57.799651528Z	76.4	kafka-001	53.3
15.93	73.39	81.34	1108.697	1381.943	15.93	329	2018-08-17T08:13:04.814519935Z	71.19	kafka-001	53.31
15.93	74.48	76.68	1694.742	1391.922	15.93	329	2018-08-17T08:13:11.824298138Z	81.34	kafka-001	53.32
15.93	74.59	76.43	1117.33	1397.411	15.93	330	2018-08-17T08:13:18.834882346Z	76.68	kafka-001	53.33
15.93	75.53	74.89	1691.761	1393.654	15.93	330	2018-08-17T08:13:25.845220837Z	76.43	kafka-001	53.34
15.93	76.15	72.58	1114.494	1390.183	15.93	331	2018-08-17T08:13:32.855112929Z	74.89	kafka-001	53.35
15.93	75.52	75.15	1125.558	1405.573	15.93	331	2018-08-17T08:13:39.866539047Z	72.58	kafka-001	53.36
15.93	76.18	72.77	1689.87	1400.854	15.93	331	2018-08-17T08:13:46.880068644Z	75.15	kafka-001	53.37
15.93	74.75	77.46	1126.923	1404.359	15.93	332	2018-08-17T08:13:53.893322828Z	72.77	kafka-001	53.38
15.93	74.88	74.35	1709.903	1413.974	15.93	332	2018-08-17T08:14:00.903261038Z	77.46	kafka-001	53.39
15.93	74.53	73.43	1130.612	1410.987	15.93	333	2018-08-17T08:14:07.916092399Z	74.35	kafka-001	53.4
15.93	74.29	74.59	1126.867	1409.129	15.93	333	2018-08-17T08:14:14.926378372Z	73.43	kafka-001	53.41
15.93	74.63	76.27	1722.222	1420.31	15.93	334	2018-08-17T08:14:21.936024543Z	74.59	kafka-001	53.42
15.93	74.81	77.49	1133.16	1415.885	15.93	334	2018-08-17T08:14:28.947868153Z	76.27	kafka-001	53.43
15.93	75.6	74.34	1722.109	1424.692	15.93	335	2018-08-17T08:14:35.958251981Z	77.49	kafka-001	53.44
15.93	75.08	83.7	1140.697	1416.835	15.93	335	2018-08-17T08:14:42.968976293Z	74.34	kafka-001	53.45
15.93	76.64	74.84	1140.893	1428.038	15.93	336	2018-08-17T08:14:49.978617126Z	83.7	kafka-001	53.46
15.93	76.87	70.65	1732.835	1425.519	15.93	336	2018-08-17T08:14:56.992183895Z	74.84	kafka-001	53.47
15.93	76.22	70.91	1137.219	1418.65	15.93	337	2018-08-17T08:15:04.000244642Z	70.65	kafka-001	53.47
15.93	75.32	78.45	1733.725	1428.413	15.93	337	2018-08-17T08:15:11.012515429Z	70.91	kafka-001	53.49
15.93	75.48	78.34	1154.473	1433.439	15.93	338	2018-08-17T08:15:18.02484326Z	78.45	kafka-001	53.5
15.93	76.15	78.73	1738.032	1444.536	15.93	338	2018-08-17T08:15:25.038142039Z	78.34	kafka-001	53.51
15.93	75.32	80.63	1155.265	1435.591	15.93	338	2018-08-17T08:15:32.04997729Z	78.73	kafka-001	53.52
15.93	76.29	72.93	1153.64	1442.319	15.93	339	2018-08-17T08:15:39.060568294Z	80.63	kafka-001	53.53
15.93	76.67	77.91	1743.652	1447.119	15.93	339	2018-08-17T08:15:46.071951887Z	72.93	kafka-001	53.54
15.93	77.83	78.12	1160.526	1437.997	15.93	340	2018-08-17T08:15:53.084184522Z	77.91	kafka-001	53.55
15.93	77.78	81.36	1753.383	1440.925	15.93	340	2018-08-17T08:16:00.100716754Z	78.12	kafka-001	53.56
15.93	78.28	78.16	1162.038	1444.145	15.93	341	2018-08-17T08:16:07.113895717Z	81.36	kafka-001	53.57
15.93	78.18	78.75	1150.002	1432.097	15.93	341	2018-08-17T08:16:14.125787213Z	78.16	kafka-001	53.58
15.93	77.87	81.1	1766.151	1448.066	15.93	342	2018-08-17T08:16:21.138934083Z	78.75	kafka-001	53.59
15.93	79.23	76.57	1159.866	1440.999	15.93	342	2018-08-17T08:16:28.148629854Z	81.1	kafka-001	53.6
15.93	79.01	72.89	1755.113	1442.012	15.93	343	2018-08-17T08:16:35.162484337Z	76.57	kafka-001	53.61
15.93	78.14	72.43	1165.067	1440.226	15.93	343	2018-08-17T08:16:42.178486986Z	72.89	kafka-001	53.62
15.93	76.65	72.64	1154.264	1436.416	15.93	343	2018-08-17T08:16:49.190871336Z	72.43	kafka-001	53.63
15.93	75.73	79.01	1773.85	1442.788	15.93	344	2018-08-17T08:16:56.202496582Z	72.64	kafka-001	53.64
15.93	75.77	76.54	1168.49	1442.513	15.93	344	2018-08-17T08:17:03.214584173Z	79.01	kafka-001	53.65
15.93	75.01	76.85	1775.29	1449.331	15.93	345	2018-08-17T08:17:10.226273006Z	76.54	kafka-001	53.66
15.93	75.06	90.35	1170.99	1453.088	15.93	345	2018-08-17T08:17:17.237453637Z	76.85	kafka-001	53.67
15.93	77.97	76.72	1175.962	1452.875	15.93	346	2018-08-17T08:17:24.249109453Z	90.35	kafka-001	53.68
15.93	78.68	73.98	1786.0	1470.772	15.93	346	2018-08-17T08:17:31.259426177Z	76.72	kafka-001	53.69
15.93	78.91	75.45	1169.821	1459.049	15.93	347	2018-08-17T08:17:38.269342284Z	73.98	kafka-001	53.7
15.93	78.32	78.24	1777.706	1462.606	15.93	347	2018-08-17T08:17:45.280911238Z	75.45	kafka-001	53.71
15.93	78.6	79.83	1180.128	1465.023	15.93	348	2018-08-17T08:17:52.297408431Z	78.24	kafka-001	53.72
15.93	79.09	73.96	1173.231	1458.995	15.93	348	2018-08-17T08:17:59.309267762Z	79.83	kafka-001	53.73
15.93	76.36	80.39	1789.815	1465.772	15.93	348	2018-08-17T08:18:06.320957578Z	73.96	kafka-001	53.74
15.93	76.97	79.58	1176.894	1459.595	15.93	349	2018-08-17T08:18:13.332282254Z	80.39	kafka-001	53.75
15.93	77.91	81.85	1793.126	1465.616	15.93	349	2018-08-17T08:18:20.34498619Z	79.58	kafka-001	53.76
15.93	78.97	78.82	1181.533	1472.853	15.93	350	2018-08-17T08:18:27.359840617Z	81.85	kafka-001	53.77
15.93	79.07	76.28	1188.305	1471.828	15.93	350	2018-08-17T08:18:34.371905647Z	78.82	kafka-001	53.78
15.93	78.48	80.48	1803.984	1481.257	15.93	351	2018-08-17T08:18:41.382655198Z	76.28	kafka-001	53.79
15.93	79.57	81.34	1186.388	1473.639	15.93	351	2018-08-17T08:18:48.393184968Z	80.48	kafka-001	53.8
15.93	79.72	78.31	1808.718	1492.418	15.93	352	2018-08-17T08:18:55.404999466Z	81.34	kafka-001	53.81
15.93	79.51	79.37	1186.547	1482.961	15.93	352	2018-08-17T08:19:02.415736571Z	78.31	kafka-001	53.82
15.93	79.1	75.98	1183.821	1479.679	15.93	352	2018-08-17T08:19:09.430423718Z	79.37	kafka-001	53.83
15.93	78.63	77.45	1809.693	1474.154	15.93	352	2018-08-17T08:19:16.443727329Z	75.98	kafka-001	53.84
15.93	78.82	78.08	1191.293	1477.115	15.93	352	2018-08-17T08:19:23.455878055Z	77.45	kafka-001	53.85
15.93	78.42	80.11	1807.353	1486.844	15.93	352	2018-08-17T08:19:30.466629031Z	78.08	kafka-001	53.86
15.93	78.22	83.32	1190.334	1477.419	15.93	352	2018-08-17T08:19:37.478453129Z	80.11	kafka-001	53.87
15.93	79.05	79.54	1198.353	1481.959	15.93	352	2018-08-17T08:19:44.494443554Z	83.32	kafka-001	53.88
15.93	79.08	81.11	1817.279	1492.996	15.93	352	2018-08-17T08:19:51.505713477Z	79.54	kafka-001	53.89
15.93	79.93	81.57	1187.589	1486.023	15.93	352	2018-08-17T08:19:58.518753921Z	81.11	kafka-001	53.9
15.93	80.62	73.04	1815.705	1484.442	15.93	352	2018-08-17T08:20:05.529112349Z	81.57	kafka-001	53.91
15.93	79.78	80.66	1196.377	1483.645	15.93	352	2018-08-17T08:20:12.542441627Z	73.04	kafka-001	53.92
15.93	79.87	79.53	1190.38	1481.387	15.93	352	2018-08-17T08:20:19.553257669Z	80.66	kafka-001	53.93
